# timestep 350
# phase bcc
# id f1 f2 f3 f4 f5 f6 f7 f8 f9 f10 f11 f12 f13 f14
1 7.965871240164036 5.681066448541095 10.990037748165438 2.1864862645601404 9.857511173767893 25.289694278201427 2.853077824526393 0.549216337203401 5.42585886399601 13.527880428218486 30.437988470808218 0.5079308106345827 0.050336380102480247 0.42579508962463497
2 7.857391176617908 5.19108965933241 10.009889904891677 2.7987087311049876 9.54540007452011 25.532427845718484 2.8619425671112655 1.0952821320154424 4.588124580818899 12.355231252967714 32.48014699404578 0.5066468765176085 0.0583502537668835 0.42507564139901044
3 7.791599238970185 5.692223893944596 10.7554606203821 2.1473863665304886 9.082513341370948 26.655386257013777 2.405112000404029 0.86265941200015 5.133431932686263 12.991920427421658 33.88702449470932 0.5080429121511058 0.035214631117414616 0.4278431672206693
11 7.671819100160669 5.784337055731638 11.004723796574797 2.1203261603710293 9.566150731533904 25.48600059269084 2.9338335044162664 0.5214764401321832 5.728304021323905 14.287831053423467 30.88722194205582 0.5079246279496091 0.04823982056463772 0.42563256664368065
13 7.11194534309989 5.857903461846286 10.997721748012172 2.0342472982262323 9.25365245354932 25.359035074418276 3.3694338907572114 0.6624954788623256 5.4739153074172755 13.813173968219703 31.127589908676324 0.5093696569745829 0.037903934942256946 0.42732674693504763
51 8.05359832230578 5.751251090580202 11.120954863417767 1.9027533522320457 9.23856901375214 26.16367695005756 2.548713212898446 0.4038392400749059 6.1236832253985956 15.230064429768111 31.63208217639287 0.5087367779268652 0.0355309505847941 0.4274007125397278
53 7.826891270080921 5.680997125483347 11.484212515590418 1.7493478923970163 9.457544697227084 25.720062990244816 2.712219769026772 0.3509038878636978 6.115348391430675 15.513973007218251 30.807558063424572 0.5094446418026534 0.023877048626340176 0.4283768858127129
61 7.434439710656389 5.854648552118766 11.167299938118102 1.9191740813927964 9.466134419533873 26.083480696774362 2.4751408605808796 0.8040640903166211 5.081895126864151 12.9987768499922 32.95625691648516 0.5086034032185215 0.03893692181599382 0.42849765378925336
63 7.214695800139986 5.708084150696668 10.97341203368376 1.8619897736443463 8.193623194960654 26.441833826018733 3.140169893929407 0.9832866597638703 4.854913002384212 14.566966267412832 35.09316910039967 0.5086265140682186 0.039228409544881125 0.427818274233611
4 7.577238771166569 5.601344954494131 11.095798339651479 2.118173664841904 9.927567733352088 25.137816696331374 2.864851163391267 0.5202455062047563 5.237634628180494 13.9800013041066 30.273291199943984 0.5073254699572508 0.05641754268422973 0.4246349945588208
12 7.907773757576601 5.6116619851778635 11.073714201725522 2.0657032864812597 9.960245890590313 25.35974411783396 2.649923168799177 0.4278521877112054 5.553592665145465 14.062004578466992 30.46265706709857 0.5092028637247948 0.035446087870805325 0.4279088376704612
14 7.421913600927769 5.883786399632362 11.127028996008725 1.7512294035930438 8.859320041255952 26.67092688962454 2.533844316183756 0.5601494366228922 6.411381710641182 14.819193510401792 32.883818487653876 0.5087103320471884 0.03985285761793346 0.427221600324432
52 7.614542606925958 5.361995833772785 10.977437748755063 2.2569259756045903 10.037887178202913 23.984933395709565 3.653702245064283 0.8375548701825711 4.733275521276136 14.33506841123427 29.633615192143477 0.5073936838315395 0.05474917184741241 0.4253764426369993
54 7.4706935773296825 5.661990687995472 10.590251604722672 2.3182385635282436 9.391366522594177 25.97121175212339 2.6478346015806205 0.5260297649819389 5.436083510229523 13.243113364695926 32.47489910870893 0.5080770308502571 0.041068365084187736 0.42713396936921944
62 7.750828154647461 5.634396666128652 11.014442206319332 2.187724556200058 10.153214535975525 25.48690352576251 2.4836604320953737 0.5774941291208318 4.781441764874059 12.668396162122681 31.464871639515177 0.509643702656112 0.025445194017176476 0.4282301908002475
64 7.399435291564864 6.009076740752716 10.944933185920936 1.9994243801710712 9.466607403648913 25.78235965402919 2.7717584335108674 0.3520118371413036 6.59294225643859 13.975325980696615 30.739866611983842 0.508952809966591 0.039682170252534225 0.4265973477855045
5 7.262442577260044 5.638788649042023 11.407931724808488 1.7243465987414206 9.25749839849737 26.13153968143979 2.8042647625995487 0.7304662128140518 5.459723702612382 13.695265191684985 32.65649623580635 0.5092926437766505 0.0258878147937248 0.4274815926750531
15 7.547728818501171 5.641585154903487 10.84066230435386 2.1947947316905796 9.7833607182764 25.479410061666773 2.7677387905090187 0.6731603171591377 5.003618167493913 12.726983453926696 31.877732421872338 0.5090318473889961 0.03602628968724876 0.42766832628859824
55 7.467705158975944 5.201400680587213 10.243851565852934 2.5169748445230464 9.681370682360608 24.79854340126714 3.2296138543198767 1.1586474947409984 5.0064338306214555 14.116735978953564 29.712519179194373 0.5030677665449637 0.08590249072599833 0.42124225200702614
65 7.5959016837284885 5.6769629162230135 10.339391583312121 2.6084451551116943 9.802590940960146 25.24297932729326 2.8946763162298885 0.9074296483256777 5.041458337429412 12.984710860102966 30.636669409184787 0.507700655205459 0.055899416036831455 0.4243108157967122
6 7.345328309228622 5.852126116745324 11.166011446282388 1.8376986617344817 8.929265740494307 26.357389021809894 2.57585680996824 0.87821902335165 5.406055895310808 13.878057511535108 33.690420953319446 0.5082707690946306 0.04116551292952564 0.4263037853915223
7 7.478976120747649 5.742822242013695 11.041555878470497 2.1134185995745036 10.013365183592796 25.47077272394206 2.7791679389394637 0.5235995976951451 5.6142014621544964 13.857292527532206 29.59077792675246 0.5066088089479606 0.05340960695021699 0.4263575278037653
17 7.5326362575192025 5.760488834226268 10.983944076894817 2.015281731119092 9.70364249613391 25.48185807437589 2.7929483171371134 0.7954438477594964 4.53215669687983 12.786770038325132 31.75826861042731 0.5094448063908368 0.023508147028950006 0.42825545971508866
57 7.4440289843055165 5.5270818406119275 10.746366187115319 2.2310621520790486 9.718966759356055 25.741817578689556 2.6375691974694315 0.8910477848980499 5.023872541302637 12.892104127913148 31.65252237000552 0.5092980291310703 0.031704345528672455 0.42743617306467224
67 7.744882650486718 5.918007900147165 11.137527114412912 2.005741979791369 9.70152770583246 24.835977061944874 3.317349848693061 0.5521264479711009 5.663605216504616 14.104144331814926 30.37058922179407 0.5090184531926468 0.03170400213744961 0.4272636176606385
16 8.169270238283744 5.393583983232163 10.700281284325156 2.2318996530363697 9.235933999123095 25.584728568914887 3.0584075925957737 0.9523137697973848 3.8320736513210587 13.723248217652799 32.83290491699249 0.5091440805619771 0.038231220024299836 0.42745559636690533
56 7.487784191187254 5.898159681989551 10.895277498597352 2.0893404573674177 9.123905829201547 25.499004050600494 3.119487472001699 0.7285876671554443 5.426964592295632 13.767952297050847 32.538480572487316 0.5077770867594196 0.04907920718391906 0.4255265633494081
66 7.90367162782388 5.687063544659266 10.521078312425407 2.2989621830463784 8.715762325292879 25.557291908045585 3.4564172695045525 0.8136435013359344 4.8705056433785305 14.133935407599857 32.96587760676931 0.5089497291839559 0.04166063375405877 0.4259464577291436
8 7.157410450717606 5.4922253114281485 10.103309319946092 2.5465704128270796 9.791696848694514 24.897746978679415 3.112202662703475 1.0388012716868527 6.314225759808597 14.467492877344192 28.1967201226104 0.5030452613882601 0.09176814652757707 0.41907536407230456
9 7.402263512940381 5.637028909880691 11.109594620159461 2.127272786520895 9.771922376686764 25.38125069071305 2.773496150534724 0.5874593277152487 5.277773569565525 13.590944392971867 31.643307418292157 0.50805036028329 0.03996914603227359 0.42762881485850485
10 7.394139032070922 5.548402008082685 10.952612218888383 2.085268693750613 9.298287165927794 25.631081039617317 3.1063616904652545 1.2932791589302641 5.079933202201119 13.547830124664234 31.977131777528434 0.5077183758706976 0.05594189139401885 0.4245986743220025
19 7.84634155355187 5.522490732559183 10.893522877441239 2.272436769140421 9.942969511949462 25.123354071734823 2.8186354752208085 1.112954325131759 3.9103720753504536 13.050862462361415 31.559592439235754 0.5072498233969727 0.05746943024375823 0.425576113074796
59 6.824154216337183 5.676427994631119 11.026056774159748 1.9147792335704255 8.934296297400593 26.36359336980688 2.6828427726826813 0.7989905282845866 5.522944580173397 13.104854453766084 34.02550374058424 0.509696770518466 0.027980229059014275 0.4279734760215878
69 7.761573676833806 5.481074337708438 10.705161055220207 2.347279996266684 9.825295467393518 25.37939448053129 2.74317678600291 0.618615340091053 4.657917625908183 13.277919919311916 31.687537863566682 0.507023764600834 0.054301913964252095 0.4256353350093136
18 7.654930589615256 5.6175149848415655 11.161671945936146 2.0504195011680433 9.50206616297266 25.9272338172001 2.586759826571273 0.5653425064483659 5.360911557951161 13.628415144435445 32.56494254234093 0.5087671338292102 0.03404115237556585 0.42742407195066495
20 7.551574986483666 5.505484116676716 10.839546564889002 2.0479337860055313 9.139170955136315 25.966857983045614 2.75630831202802 0.7740311109997873 5.34828757093076 14.1264880613965 32.907584357188306 0.5088443234359608 0.04289909891267138 0.4261045132919652
58 8.02510682708926 5.527171724978815 11.494964602764963 1.672897740209369 8.951758395972812 25.785003159299055 3.051826465976153 0.5414302431275957 5.40743998221367 16.04133825785888 32.39600328467941 0.5098080116845003 0.018631618572567964 0.4281586373239406
60 8.069910707116712 5.201219326571584 10.916356132058176 2.2552221280778357 10.254248621671652 25.056097198583725 2.7472375125541015 0.6211425560630005 4.388159336123534 13.666269363576266 30.36260605521096 0.5079379362326034 0.049115542982201554 0.4264885274743348
68 7.800562434347577 5.755380703345975 10.680943600428073 2.177484993795022 8.88174073863657 26.40829162062764 2.685577195861586 0.7082620369044632 5.348034429691725 13.812969564056958 33.64254364748239 0.5079025865787173 0.05214883099055825 0.4255249986403042
70 7.253543222098377 5.720553717719124 10.817478639692972 2.255523378573456 9.7717611489839 25.144569095024398 2.9920025918874815 0.9827903458393646 4.6493711834212155 13.044447838620005 31.00139779457908 0.5068995425268155 0.06266706279357744 0.4237883625723115
21 7.457570219196289 5.681504088250029 10.854590293649625 1.995774077293407 8.908328274712538 26.041952890084012 2.9668297193890663 0.9900070112931003 5.404155501000989 14.560396440810472 32.35898173059236 0.5074802687356851 0.056427316361892146 0.42565127062988345
23 7.797813229988953 5.583797070078586 10.753902878829365 2.4368933242557067 10.425921816697365 24.696783104116253 2.8110219485361863 0.6777881572299387 4.205330192970761 12.42764126482321 30.371030025196276 0.5078551573643537 0.051830545921439895 0.4261495273952357
71 7.516284325912353 5.876914831108323 11.27602000602867 2.028771975436509 9.695014987013261 25.743723680535005 2.5788835538461665 0.6625624436583417 5.893036645288911 13.997690288141335 31.3597970422944 0.5083979142786528 0.04273274718981451 0.4262945535322239
73 7.91312562842134 5.466646540257528 10.660280182401886 2.4646288242306946 10.0280613110886 25.18968485209403 2.9300806449202295 0.7314725523452976 3.9302920916188033 12.61998978863654 30.837665747269458 0.5081679682856541 0.04376470701677372 0.42679793171615943
22 7.634779764814862 5.707605085230703 11.076296407881904 2.0357670117623505 9.589953252805998 25.092200870643165 3.1171340654920114 1.0004030962051602 4.526040951318247 13.452604548891054 31.803489027604257 0.5096199163568556 0.02440138433419861 0.42894443382157194
31 7.860183890778098 5.518103548994503 10.672649772952209 2.2202931948916897 9.056218458175362 25.738077492899976 3.07494186731472 0.8687587956457107 4.658272296715959 13.87909266523628 32.80280758403245 0.5079861066574832 0.050261068831998205 0.4265207425722339
33 7.309652937266233 5.737010888582399 11.175979174957309 1.9208686542887032 9.501019285102453 25.46824656659174 2.990136412189005 0.7512484458998542 5.403104608796494 13.726041246122527 31.607452479897564 0.5079043797585981 0.04436858688180332 0.42619431820662035
81 7.647784653422245 5.883195800285525 11.045489043270777 2.040527712357341 8.992420464050301 26.09878156820308 2.793020351674801 0.6694634582597365 5.809016443369149 14.408345173269876 32.791671598739406 0.5077796900561168 0.05248009739612507 0.42516835661023616
83 7.3018942675187635 5.844863078193589 10.994748938186538 2.180295853673503 9.554592794060385 25.37781994137148 2.9695729602923446 0.5159508480572682 5.805804378942351 13.725717317578507 30.876085481810215 0.5080598305444373 0.04083926067253426 0.42740082186436046
24 7.346801291069793 5.548563801191315 11.000156019457394 1.9686566738754716 8.927657164676432 26.374835963697826 2.6415937766892883 1.1529100802584304 4.620779984937613 13.867821010742317 33.97025744791288 0.50731068187941 0.04867559280500137 0.4248895941079663
72 7.865153138336021 5.388934371228288 10.650948201835075 2.244104107123782 8.905230298329034 25.63461748139364 3.331848050560606 1.0030436316927425 3.819561161628063 13.822665878668783 33.542824216169265 0.5083939701240867 0.045418131727004825 0.4260138596675788
74 7.1200483764419555 5.83545316802087 10.278550763853666 2.5874338831743704 9.360814632890111 24.653123964955828 3.6117010780302277 0.9637322892086003 5.79056320113482 14.110787917510155 29.559639066027994 0.5032258370323722 0.08774907705813599 0.42100982782680973
25 7.340093058382365 5.671527975163387 10.912976616414282 2.276484787635778 10.266551009138649 24.41564683715473 3.1606297477924454 0.7350683929062023 4.74997818973595 13.101245652804176 29.90083241760758 0.5076618251634916 0.0484779843304661 0.42678712755168935
75 7.62985599798951 5.707512610376435 10.799689867281339 2.163877515354998 9.679173793926026 25.470313185097293 2.863333910036309 0.6523072673908903 6.031267774166666 14.060210108056268 30.249514127979765 0.5080812897029585 0.050372326209136446 0.4253846653715918
27 7.471571175536122 5.528445339286155 10.70120264968789 2.5140938934112373 10.085632945697608 24.463322932998928 3.0581057207214073 0.635257467542328 4.348473212873964 12.87669644866945 31.44634447656434 0.5075308678452497 0.050661945879678795 0.42573931785209135
77 7.234325851736942 5.913682474671612 10.763316276606334 2.1991305591895567 9.212354337094808 26.133708188444004 2.717832541468707 1.2798776388662452 5.473871840481375 12.107135831543225 33.36218603841039 0.5076371852835843 0.05444694315447117 0.42634713094093474
35 7.380739787975572 5.580784528914258 10.838635720168535 2.443974894922259 10.702198046270682 24.925568903948502 2.5652604766796756 0.6782845415289231 4.229614390265295 11.835876524983867 30.011604738830588 0.5074660070091842 0.052126154121009606 0.42566085866945735
85 7.0761699386416534 5.82679563269052 11.247805845597478 1.7906941647573191 9.164803720721457 26.260404540047162 2.7006268735202674 0.44168378366046296 6.160147480215868 14.0974359659452 31.89121581051196 0.508690769833263 0.03697736074933536 0.4261139894263205
26 7.881851812214471 5.331882815891198 11.073711507564386 2.22156692976404 10.042842011891667 24.632044589051716 3.1311749143762286 0.8727014658539545 4.524170357630242 14.690310503272524 29.84662645274149 0.5042720918807572 0.07920248643426277 0.42164887965299125
37 7.640949812363957 5.317176543794893 11.125673533925445 2.0650694654893513 9.849016506798781 24.647110975923965 3.3284223004209634 0.8129867330526901 4.308550287071507 13.788067147818213 31.17491159486537 0.509098643820801 0.04146714547879444 0.42651901150888305
87 7.864086222889192 5.300547232413105 10.571996500768204 2.523114477533089 9.597790287570614 24.911449963389845 3.269243713477424 1.2226618564898042 4.868860886664691 14.218558639050686 31.094645984818047 0.5042768473416291 0.07580997563491552 0.42280399772783295
76 7.410054752375413 5.427002005883037 10.572501694053235 2.5788458113349013 9.408816856364375 24.792953557887582 3.3733838724667535 0.894025422602265 5.391587075860473 13.820199013792177 31.5848973812248 0.5059559642764518 0.06866585931358285 0.4241958262277081
29 7.375875565832381 5.678890982729739 11.257225428864448 1.7803347075976694 8.780056345829193 26.172842484240945 2.8241573732557215 0.5332734922929334 6.051836944578547 15.70578141872435 32.59411725819087 0.5092306850533939 0.031172682001511427 0.42798210697108396
79 7.583445575874324 5.7607449976202565 10.97480385931019 2.2180292876962673 9.721923683248514 25.253386442295476 2.867842640565264 0.5413622341820049 5.7045928929959135 14.091967019554312 30.73344042325806 0.508317447259237 0.04345221686567115 0.4274381000841938
28 7.382658845347314 5.873858012740779 11.506260252558334 1.7996404453721084 9.350047555117483 25.5022012301298 3.039347295519563 0.7488265864257742 5.802660802301507 14.55470266678269 31.44442454410233 0.5085265936650983 0.03812818073321962 0.4273856383604329
30 7.53604517623641 5.3773289150137344 10.456580318589847 2.494610723941889 9.465559531789447 25.415767532802832 2.998556326280757 1.0870327353080698 4.796006368635854 13.04685502743742 32.52285349202229 0.5079273421453258 0.05093630763325329 0.42532414285073805
39 7.913138224449787 5.788577613282399 11.08658022502159 1.9912270254027944 9.581861575850692 25.906717543846238 2.5762700479628906 0.62366380805419 5.583009120862212 14.051136627286189 31.444695638740647 0.5084398229385411 0.03902688725872728 0.42712910109670293
89 7.640752437501527 5.661944437650416 10.655709226303657 2.210286040960943 9.192357885063588 25.92854488484867 2.7585279849633455 0.6317593165485891 5.1689321956488214 13.977557362279267 32.041061618432096 0.5083809402928292 0.04454577801483513 0.42623928838119984
78 7.845467932398254 5.829880045587172 10.950544328059864 2.283492757322043 10.081534493326666 25.184059560424124 2.7204218748961626 0.5175317832182735 5.596894104220708 13.344661347729316 30.122292833332313 0.5101318780298313 0.01654234675859726 0.42789751274871235
80 7.529416789819553 5.732719913560757 11.125437961100046 1.995680920783534 9.039538239003331 25.11738753426945 3.4771752435011893 1.0187981887411108 5.0740447972206795 15.162953858699815 31.77546226192499 0.5080473015663276 0.04417466590966015 0.4267557419037815
32 7.487471854722263 5.833324807182888 10.737204458519257 2.1137653584135583 9.226203048475194 26.173318887986095 2.8125942492464207 0.2562801448129717 7.131050957151956 14.457300565329104 30.90197227797622 0.5089886005644576 0.037208421291645574 0.4265138265712312
34 7.744110170929559 5.613076367993097 10.86127953521794 2.076885289845774 9.507833864258357 25.842534721546503 2.8313183514429827 0.6272656345331121 5.2103872970917235 14.512927234303358 30.717158219000115 0.5072494954681339 0.06330497590506681 0.4237987221074787
41 7.401133735592275 5.811968064383852 10.627265974219078 2.1188079895833565 8.217633886781112 25.97372705786407 3.340969945890916 0.9756903937537036 5.686703861669199 14.668863142734912 34.089848964477746 0.5081921987642026 0.04126235666967447 0.42691043021412844
42 6.736253749543265 5.851116042666848 10.31909318009124 2.4627910835898668 9.00084924877417 25.975806717162698 2.952327832536869 0.8150022873528693 6.001013364734729 11.703099866042699 33.24885778140346 0.506795347436736 0.059741875678361304 0.4255269831796144
43 7.320735982271409 5.684593023253671 10.4736920953092 2.332897092440312 9.243062768626595 25.601396199796515 3.155908032055121 0.4475614660888596 5.991385731788903 14.268587200520443 30.787571166802934 0.5080188022351357 0.04192364967677377 0.42757590627011555
91 7.952726688788772 5.435635004215931 10.355650082456714 2.331891094918165 8.455791550020248 26.168519177153097 3.1701650886674084 0.995096080217493 4.699143007587012 14.776578178906288 33.133476222865 0.5059351210970563 0.06985202484691368 0.42435662899950854
93 7.880485945353823 5.553674820715933 11.055223781739091 1.9423365461564661 8.864965566843411 25.611367381499946 3.35961814468836 0.952855871672269 4.800126504252896 14.776174570159574 32.76532533090445 0.5086490568237844 0.03447644321310008 0.42760149440110484
44 7.592369386891741 5.413694220359903 10.578372093965312 2.4348047172889573 10.284682460553965 24.584246127535643 3.272350763598935 0.7395878039464994 4.588406747297995 12.899935099149255 28.884957521584393 0.506190080791355 0.06678532756889687 0.4239926010736733
82 7.676356697259061 5.62702560185253 9.883953977905795 2.732483366211713 9.665817625466971 24.486824593520932 3.6978261753020747 1.0586258997223894 5.166959111173795 13.31402104241944 28.96393225628377 0.5036582450748492 0.07761936102365338 0.4215705517269228
84 8.17943451889379 5.492645945114034 10.81782102013145 2.291152821953057 9.849736069143203 25.219429797785974 2.8655527872340314 0.6125956408749115 4.8485721704581755 13.81234006622517 31.01269772631339 0.507587913895499 0.05656534206459671 0.4246109222511876
92 7.259966022617608 5.812827940271253 10.537558402996014 2.3776600483721526 9.60592794938893 25.670618441756933 2.7245753870353373 0.6146383179602265 5.750262773877028 11.857587413142122 32.46841941656981 0.508898870337603 0.03208741727502496 0.4271748771157328
94 7.306103626372153 5.736335073182376 10.898199557457632 2.1287476874949713 9.226240252556027 25.522293520202666 3.0097593214021616 0.8166992205445153 5.0423501873002206 13.494001266664545 32.89897637786671 0.508261192316327 0.03809426735611114 0.4279854765711371
36 7.783273505114203 5.669185311144463 11.337552220755406 2.104585620580303 10.493174921021767 24.70219091425508 2.7997606980418888 0.6023555372719093 4.827707019773543 13.907405063200528 28.969677602043358 0.5075575834802338 0.05245845197900114 0.4255895773282621
45 7.291499628250142 5.554342839521628 10.843268623992472 2.1819100302296306 9.687582228998107 25.389882967269134 2.8847823410710767 1.2115144299608165 3.336532724073728 11.747331497290753 33.05510567507807 0.5094179145747156 0.03155942722063379 0.42759815993877265
95 7.387240104956352 5.554691718658295 11.000735473900953 1.989011746404003 9.329392389652464 25.83894913324709 2.9598464056550546 0.9758629956606928 5.406701198125929 13.914498546052402 31.803305863261553 0.5076998972677216 0.051200355549319246 0.42489935026572884
46 7.774912937823706 5.537112710280306 11.330142684004826 2.0679532580412174 10.704466571420081 24.715215008945986 2.5637699045019553 0.37970605273356384 5.229335357727631 13.707995162341257 28.85869199943127 0.5084906785182864 0.04324454205689678 0.42565610113082125
47 7.6482157708637475 5.422880254504748 11.04326711634983 2.3366075553540684 10.431767437186055 24.81932086614506 2.713773273446896 0.6952785600896768 4.192017796564713 12.207697919720074 31.20964501849512 0.507425896935588 0.054761859902386675 0.4248778546539074
97 7.6771114577600015 5.279870675337889 10.495005391853008 2.7118277998875544 10.491447374707572 23.779202922736857 3.537205845704128 1.257085543577467 4.5340354244775725 13.155751542852888 28.02379273119981 0.501124016253467 0.10109752474351828 0.4172630089663663
86 7.213224298572898 5.714623057013629 10.58422464949008 2.224948489508341 8.889225772763064 25.681762542109567 3.1071998799109526 0.9030646394762946 5.026035160940266 13.516585209413678 33.68948152955983 0.5055435791562876 0.06626929309147606 0.4245442701966204
96 6.9057040527446745 5.749079401257782 11.185677521514068 1.920594297991524 8.891467195188497 25.884411129704883 3.1388084210065905 0.980190151489851 5.125861924725237 13.318625463648182 33.71277701817427 0.5079940625853899 0.04479416744175392 0.4267405536820884
38 7.531846452012256 5.540599971399931 10.586004604190046 2.526722899172943 9.74273196961031 25.710868275972597 2.6104390581785637 1.4275303532945793 4.31378623277795 12.313579065695286 32.01773394015847 0.5070007861519573 0.05186500005886159 0.42641293037467015
40 7.39632874924845 5.9536687497592 11.0347337454523 2.077168577523646 9.444645504832605 25.290841446285892 3.252099780635739 0.9311585924975118 5.340247730535317 13.152464639041408 31.552760528158007 0.5089194083172714 0.031978406223417154 0.42671355553836143
48 7.827756544218815 5.285861643312112 11.2246968725402 1.9749248784940112 9.272997737316876 25.713909366015006 2.8978541047663473 1.0065585940512514 3.8131344150357274 14.259008847091351 32.90611743943979 0.5081522608987498 0.050480203264392 0.4255258279233763
49 7.311462942078548 5.801511059333996 10.914342776572493 2.2128795828068046 9.867192073300401 25.61334271706749 2.555347929076504 0.3908165662873335 6.264804138304225 13.40132395998808 30.839891832643247 0.5091990021859785 0.03630566703924658 0.42676672753371847
50 7.60481154232687 5.642842318035516 10.458178690968882 2.253305342395109 8.978234476510625 25.90618599993705 3.195327303977906 0.5970462916525792 6.108701684722937 14.922827786329457 31.0819049391785 0.5075641489026808 0.045944667748170374 0.4265097513259545
99 7.398947724541451 5.810990793293461 10.833479254563562 2.0340336265952614 9.146099995449202 24.99360536930343 3.509336654700449 0.9503052915155242 5.549119614935544 15.202224082704577 30.618158890887567 0.5041114593578168 0.07574302292488744 0.422855969309184
88 7.077076296867498 5.8746749735536605 11.117836095205442 1.990462140784226 9.329416889850318 25.176000863972746 3.259197689751371 0.5575277828922223 5.739015896007344 13.60905915872429 31.805612114878073 0.5094652413043497 0.0267665493887172 0.42854299991859574
90 7.2931246077197365 5.710763673997649 10.359658330972998 2.508642863799487 9.504345940986187 25.346068894847882 2.9216576309552336 0.42496008898158755 5.9934168139438055 13.133886787541236 31.233473791154914 0.5080765210293093 0.046364255119573525 0.42755898638709083
98 7.899619482585322 5.677856903484655 10.118570419324588 2.652268689898453 10.430865878755368 25.316063627378302 2.4463181778407055 0.5305266819743387 5.156737769968114 12.487880437445089 29.074722054123868 0.5076157829408776 0.04787219125536435 0.42683230994401966
100 7.551401008064172 5.683140578662407 10.776877851725173 2.3227867829498563 10.104954905764565 24.9916861718372 3.177884005408151 0.9765378151007325 4.904008045409001 12.226725195118247 29.97782861580744 0.5075261481753403 0.04643186034804853 0.4271306028172838
101 7.465805630983093 5.724746657375479 10.993701474141213 2.0734002715922015 9.409661618826659 25.652373479009203 2.653374734662721 0.9833958023518039 5.111575820316177 14.210040965623518 31.929049311025118 0.5079452979959319 0.05458989354195921 0.42407407332924346
103 7.630136906007799 5.454820675898904 10.99617952751853 1.9014472046004953 8.454567363184529 26.88432507877779 2.6104598673460124 0.8380747605625634 5.5441093763230205 14.744107438878986 34.948689123389855 0.5068205708403217 0.0627491340270418 0.42386959472795577
111 7.7618813758299385 5.270470184537568 10.98754800835828 2.0557199216394375 9.728534388816671 25.336873968462896 2.841835127188515 1.2522251182518762 3.5360882338660597 13.483105172693579 32.16328242836909 0.5081201228780968 0.04817795596613465 0.42563447139232935
113 7.787364013442332 5.4220891605651875 10.824131102363857 2.1353485586067444 9.158538830189109 25.57469558076046 2.9813573584785718 0.5339857126684545 5.165900930973951 14.828016627876371 32.45038856221431 0.5082840138342505 0.04803871510501128 0.42610061856422743
102 7.4678666894259385 5.553604162921431 10.518633541904203 2.5957394532975737 10.37488559508876 24.436872597668717 3.1219187802696657 0.6509790844534143 4.92125434977953 12.873550676553748 28.934651644546722 0.5072582699555458 0.06201897611524631 0.4240271750583875
151 7.803300102248545 5.479620108430024 10.97592626693968 2.0277921989922345 9.285250710590002 25.65341406831594 3.0153714488009586 0.7260861212814674 5.353188855943594 15.015500240442867 31.326534822704858 0.5074397724850277 0.057606293680470495 0.42363773706305113
153 7.678141992092684 5.607633644588184 11.233854424237355 2.0051633035934064 9.130634525041009 25.37018001372079 3.172177314429889 0.7085587584069093 5.62509306148518 14.488510325652113 32.45761571401022 0.5073180354697223 0.05715279617239689 0.4255373966083472
161 7.6590824973800595 5.558079833519299 10.430654299827783 2.4786817652049957 9.958674722978795 25.211204104657632 2.8187246373230788 0.8909084540008171 4.37786726378239 13.21187643798285 30.39276315729695 0.5065015703102915 0.06554602404695059 0.4241558905728386
163 7.561142715291186 5.696180089216306 10.75753519833443 2.253944203894726 9.76256920581211 25.10605716001402 3.2288010490992978 0.8220586295080479 5.091949272619168 12.749581803447352 30.704791246410462 0.5073996135282084 0.05320972667660902 0.42597183822273454
104 7.66696440628224 5.9254555088567225 11.026493714643898 1.9738845505430325 9.023597037418414 25.96517740604085 2.9250133298617453 0.6328723309695784 6.086743191351208 14.152413666222067 32.52480996600862 0.5082299206002172 0.04822894087184275 0.42492239884296684
112 7.345525503582471 5.873669246670496 11.106202133213088 1.9797177596721736 9.544776430201464 25.649113313863943 2.8430227021831875 1.0237607726359732 4.542237934086749 12.472454731628178 32.37539959547026 0.5076779698601452 0.04958868475164295 0.42581823754374865
114 7.764039493391377 5.487941030610185 10.106005770288316 2.537403791094776 8.555329220968607 25.940121767875834 3.1408254817445282 0.7197674384234611 5.630532444488865 14.789112479373186 33.09591794259796 0.5059071800595887 0.06676886148160512 0.42377385937349604
105 8.190028314015095 5.391641028196577 10.744315293027853 2.1656667167221157 9.308969468114476 25.74315054024065 2.9337774129810406 0.32535079857083404 5.969450940812996 15.198975694090366 31.29451732488176 0.5093910569611302 0.026373522931500012 0.4278251023716747
115 7.211130107700213 6.043461399415288 11.101225020476152 1.910934419873174 8.551445562111045 26.15217038614312 3.0854928245114808 1.1559693986435167 6.366410648534198 14.309756288772569 32.9860931221574 0.5080183616110258 0.05048644924576795 0.4257367650086334
107 7.574105916651161 5.814863732409111 10.655702993552726 2.1188129174399126 9.180243703189928 25.37585411613148 3.3306053990603264 0.7918180731310748 5.3410317957704585 13.8208040293702 31.73392615731272 0.5083869200960544 0.044802790257526044 0.4260668710691414
117 7.722264823941711 5.826388265403773 10.67363329445202 2.1712481668378887 9.040507629785106 26.10516977112625 2.746532741613269 0.3753341592484358 6.4347885140486385 14.177200202024874 32.38598208260605 0.5090111812609107 0.03541742612353521 0.42779253403746476
155 7.09245510649662 5.846434026107772 10.706326034329601 2.189565126146652 8.721182157063419 25.657322195636397 3.3674907511035252 1.1512204241614359 5.42890198314475 13.51260458598698 33.18378086984599 0.5075572661944979 0.05370734558244107 0.4241994135564737
165 7.485866445602786 5.867097576306006 10.66499614042359 2.390195172512422 9.47156606852863 25.03038943084968 3.3077066159296726 0.4462491782247548 6.173192430566441 13.897822163298652 30.568081394042846 0.5079321988552263 0.04793815929952896 0.4255078731605931
106 7.3073188290256255 5.773971444453064 10.343272484942771 2.4642354969579365 9.494583124421029 25.014295188458593 3.35686803405794 0.9787245118522468 5.9871242060728225 13.711993950096566 29.261708379921753 0.5038965136065954 0.08420532358387398 0.42073129951965615
157 7.1834809106612765 5.785555120067149 10.26369664622683 2.5840806470233533 9.326539351922294 25.26687735519136 3.114260969983368 1.1626612760917456 5.371439156831532 13.08396261409521 31.45699556305929 0.5073292687044867 0.052662886832827244 0.4259212935733883
167 7.930268228728994 5.47693892079139 10.787860995198663 2.1999467951976874 9.291171960167617 25.741678674809776 2.8814561756251496 0.7881671690918051 4.631626519933884 13.712446154923576 33.00791247185846 0.5074828249643105 0.05234280104292027 0.4256440200235393
116 7.71691317209125 5.607350895845258 10.59877121046728 2.1575619024315786 8.564853961547172 25.793950943316094 3.2509186725284787 0.6430936767160923 6.528230211535383 14.913867012234471 33.26116728089361 0.5067432643150382 0.06257680498280616 0.42446124799137097
109 7.063617704548727 5.645376203868099 10.52665685078756 2.274929046326517 9.557476261662588 25.76137887598128 2.7521757442914274 0.7098540073449879 5.361619388038973 12.800386511781221 31.46980497465036 0.5052516118027004 0.07367392170618066 0.4232343120307418
119 7.391831774572936 5.75924471824024 11.1433105850376 2.0563160097168236 10.096080102845955 25.380333741751095 2.5314269869936754 0.8789139633466488 5.272520363236859 13.436192483743346 30.27460604045697 0.5086488669240363 0.045338742161210206 0.42566924546316826
108 7.725423864816588 5.516558637513243 10.963712037946907 2.111274325936073 9.582297653059971 25.756160445960074 2.693828323939571 0.8463375002138143 4.853910954593216 13.884815770349622 31.847609360479677 0.5084253403354485 0.04162297930047975 0.4268109079308677
110 7.251872652838169 5.532101465365429 10.701207513282993 2.274201693689025 10.069163076436794 24.95134796283073 2.859854971320136 1.1635487560676943 3.9395610009086868 12.640476947013111 31.07702837272891 0.5071934056027194 0.054651769476698975 0.42498987451201237
159 7.873274621039218 5.342961476372994 11.100449112436706 2.0684964077727863 9.566731877433186 25.239789614919058 3.0397761893669877 0.6450160298858544 4.889316248323185 15.175960293213242 31.26190778486079 0.5090829725563514 0.03650937405247031 0.4274594816884468
169 7.6058269253753075 5.596306892774495 11.469352281018912 1.6889916066643849 9.802836777473253 25.907358586795898 2.505616334319132 0.6891372394685188 5.182643420928259 14.33909299750036 30.99758376955707 0.5095536181443971 0.02787030618974376 0.42809747002846316
118 7.272825846104058 5.806799517924901 11.057012790720199 2.0813712073988886 9.425338628225127 25.342310850095792 3.0448118492030565 0.7058627638352309 5.094998229452829 13.559507677763566 32.312697871646726 0.5090665052083326 0.03609690897463954 0.42756269273277514
120 7.161932003006594 5.6614036183557594 10.814568407280605 2.5380296548145314 10.868015595280585 24.625979152642124 2.6666087734476265 0.7836215123348842 4.447850394119071 11.855959229628734 29.118616443894183 0.5067771864577337 0.06415384369180761 0.42356243804509525
121 7.881319337496967 5.423694860562405 10.636872477642283 2.4211299342126225 10.179581604416967 25.107782144250812 2.7689230476247997 1.0046514985497041 4.682475104161662 13.186846601955171 30.26059081548232 0.5083152364771475 0.04836215656795812 0.42561368974561914
123 7.590251093596336 5.8405373511071375 11.185394127995018 1.9651761072807434 9.183175461615065 25.1455854329631 3.3399315215059904 0.912329972330904 5.323822304143733 14.866187800837814 31.63757737163227 0.5084529239149561 0.047145029634360146 0.42640974536016585
131 7.286533154795961 5.752611306543875 10.873554674900344 2.136202397949668 9.270789893250173 25.72191508679442 2.835194919761407 0.5639514498722336 6.748470774186731 14.274223217053384 31.897328468544103 0.5077874895308243 0.04748523477286382 0.42579082290803794
133 7.201954782114317 5.884087541412829 10.4448851846977 2.3402601846317426 9.033369362730971 25.72653652999935 3.1331679833689674 1.017467616698529 5.547297949809515 13.121452905740032 32.111456694882094 0.5070380344770495 0.06031396955559922 0.4242778759179928
171 7.673699185040869 5.53270491172614 11.380841308696624 1.8916786845044358 9.808334066823639 25.25314020236325 2.8601024093292744 1.1540046667298394 5.076456857966433 14.205523174887967 30.77127167672241 0.5085861543812564 0.044402849389332526 0.4266750636626681
173 7.339488819589017 5.867106795340645 10.931269294159033 1.9998510899014255 9.058185227341465 26.23040921390228 2.6154541285004678 0.461212367621312 6.5744661116077925 14.406452108228644 32.41227469598002 0.50860417514323 0.04028391638907878 0.4261068293894191
122 7.669341782381796 5.837651339305529 10.859022103074343 2.0768659087879793 9.438093240198807 25.63003307375141 2.8357411356015474 0.5078384271508961 5.806894968678901 14.317591813688583 31.13520173263274 0.5081205788635588 0.0411558823313719 0.4265384804068497
181 7.513146134660313 5.876274490752491 10.88501413890583 2.0076506976279758 8.872641331182388 26.458470576351452 2.5831288334334124 0.6750641634735309 6.203381698902444 14.370907073222153 32.972895461713605 0.5091952393716717 0.02988699740867008 0.427206946829221
183 7.880342294989135 5.4142117919095885 10.786213329631247 2.2061161495823813 9.102285034448045 25.110829123856522 3.6949110499024083 0.7948442612018358 4.26740811184054 14.630112723108661 31.749283582805617 0.5084902479545582 0.04295098186440871 0.42607091852299417
124 7.700307903870538 5.811958593143548 10.765188723929572 2.1613595330385946 9.173348937720638 26.12669895681715 2.6161379194131476 0.3997478554056855 6.5867068137476315 14.344564498781407 32.05764122019124 0.5084566151459692 0.0460995213079596 0.4261077520610011
125 8.072947714114502 5.497926315274141 10.493200714349268 2.280228358351779 8.41123073171126 26.118905320945295 3.1509925921487856 0.4593882049305495 6.514711559371304 15.99363189041289 33.10816090747217 0.5071341991080013 0.05361144281166483 0.42613751856567306
127 7.849028779525093 5.738082363102137 10.598918888565999 2.1513553344168224 8.622953315020425 25.903363964479016 3.2142470846397835 0.6622962503758822 5.779957123152301 14.764598193815958 32.92858733260214 0.5094356969626203 0.03291683624043784 0.4269337329801136
135 8.090442186789117 5.403284751983779 10.34255878936279 2.592618116942966 9.724116516718334 25.194317264195945 3.1278792327068325 0.9649841905716514 5.213679918643872 13.343718237320743 30.501797541239057 0.5056192383464377 0.07128623077730084 0.4228701359598431
137 8.012687944326013 5.714803169162757 10.856081921150507 1.9132896224480274 8.58421713218724 25.40733450774978 3.566403134145286 0.6311394202951582 5.6063892952221925 16.035002667520676 32.14219430568761 0.5096240981406958 0.024218949445686692 0.428085114323179
175 7.619671787135699 5.831403289900895 10.884284951318273 2.0186041912056942 8.643808887457434 25.95466782626715 3.0624027436416563 0.44287119481927384 6.395376056026018 14.775913296261196 33.40447576895254 0.5094469563364755 0.04031648371621101 0.42721718592644464
177 7.686686225659336 5.531931021007401 10.012830331082828 2.8707959084064996 9.607969945798594 24.43452068149149 3.4750606076495174 1.296833849499876 5.403545007401887 13.864363908692594 29.80187745746549 0.5061857319208705 0.06948185879047253 0.42321346311917935
185 7.483136159887917 5.731363504252995 10.396073936760683 2.3861474456007437 8.547764060236048 25.723041305118112 3.468169552620368 0.9180196937936185 5.0047077246774085 13.655269605892961 33.36223145173363 0.5089535189215764 0.03894749077489718 0.4270094546272576
126 7.548000815989591 5.932128510860436 10.792714538381976 2.0719002257739887 8.38472558460582 26.15075550999297 3.095432190966198 0.8272119923746392 6.439451232750749 14.523835197729156 33.918795622714704 0.5093201458885099 0.026964700477220445 0.4279809655818389
187 7.378473703142566 5.963547323479933 10.508237433156856 2.2562018897514484 8.483869872527523 26.462040133505685 2.913134443834254 0.727763677561759 6.493340363607874 13.592652146377073 33.95469864205457 0.5085267472137437 0.050496637146820705 0.42476992922123874
129 7.512281703948158 5.474728970367567 10.96227711990697 2.041905327572885 9.307274506108342 25.05774380721547 3.4279141282929007 1.0265786878559444 5.111783374007747 14.611977343021367 31.345671954749847 0.5071547259518712 0.054156751837927335 0.4252225485071301
139 7.44547808177438 5.726580242117001 10.856044732058736 1.9495116735063278 8.146645260209944 26.89361441708363 2.94692826832672 0.8664393357802748 5.208574622728069 14.156936015869997 35.51843587962893 0.5086796094340049 0.03955750908439842 0.4263101112210857
179 7.766116341538565 5.290583169702925 10.726520099591614 2.2003016645841167 9.384783153690789 25.674374100453896 2.9430292920740713 0.6841939159724674 4.653634054782836 14.554092488318876 31.881922322156065 0.5088791714139299 0.03913346355677151 0.42735693643039147
128 7.962199625038753 5.583208535451948 10.578286707527326 2.3586427573934188 9.302951295513008 25.903938100169995 2.673268671840614 0.45891371521445073 5.644879565894831 14.079176224548714 32.407914131354254 0.5095366893789709 0.022677629266600698 0.4285151364671641
130 7.5801735947151 5.650491692152635 10.87972146874844 2.0722238288846913 9.311694083063484 25.469416640231717 3.1164642739357498 0.6215510875776035 5.803078168527093 15.06211502830801 30.722581377366676 0.5072487827136247 0.059337588959883364 0.4253066355165972
189 7.402684884460719 5.910299056903637 11.021385723687862 2.0150228548379974 9.026905260855118 25.599646709097996 3.1159404408312015 0.49664393787762273 6.173513344212629 14.511388866641346 32.07883266431834 0.5081233360832682 0.049706065574136135 0.42649971859957503
141 7.778543163893158 5.589524403940841 10.576703454395256 2.188108482453171 9.016263089258317 25.248385137276443 3.454748209447481 0.9685072301841842 5.825958403171207 15.261905439991173 30.785726463962757 0.5039898496235812 0.08050239704095055 0.4216025624693834
143 7.4819684170885346 5.605865425276323 10.60415905632299 2.157797682312284 8.733412485686786 26.075676188523044 2.8609079846738927 0.8244112266008707 5.346719815212311 13.75218557870229 34.14216491950522 0.5075159899209898 0.05267610045352077 0.4250173152159158
132 7.052437502946592 5.805268029683496 10.728368622617237 2.2525585305145603 8.828398912250607 25.26000051336497 3.661874816294597 0.6420710585995489 5.445028534093183 14.461665689292616 31.350421485345915 0.5077797748911805 0.05133599556405042 0.42591897011054114
134 7.5413349953944655 5.925878070631148 10.81287490331894 2.1675041054758752 9.575398395570621 24.94876894551726 3.2202126444915193 0.6878175881310111 5.267720516844373 13.60080844728809 30.570417532874675 0.5074728832310686 0.05426566878376615 0.4258139408501027
142 7.733114382037384 5.565641498961853 10.471648252419929 2.4783353085342026 9.72812369775853 24.65003837336118 3.4419669359887752 0.8967310642488312 4.117025907791355 12.7876449729487 31.371319961074317 0.5075327390048286 0.04614141118499454 0.4259269151579867
191 7.745832102187598 5.778898860373478 10.093747636405576 2.5780921731437636 9.169718914646001 25.86767086884143 2.9556142874769713 1.1312453989681124 4.765522828338298 12.654918743303536 32.28387458762367 0.5067516052122226 0.0608075560481411 0.42395258668742536
193 7.988412361340573 5.455078541985794 10.667191194286422 2.2382091633901187 9.160217953527505 25.124525179185426 3.458712261432989 0.49146916923397 5.270763707363711 15.215206918584826 31.236656096655484 0.5096759372019137 0.032483686706143426 0.4268406745234154
144 7.862886604635485 5.667882999972214 11.01420250314528 1.9886622883581075 8.927486524477144 25.839015256036337 3.03477886467742 0.2874199082901521 6.399449076108501 15.987706135507432 31.762616650498003 0.5092957142453312 0.027437267476428908 0.4283209513403342
145 7.689273937831573 5.42052876033739 10.959514125114138 2.0076141911921543 9.39651812014104 25.423692831075005 3.15937715396273 0.7638472995387355 5.96554081410591 14.251780608236524 31.44274665909678 0.5067825046958891 0.06032492635042347 0.4250738854737997
147 8.229942745907831 5.490709711416031 10.686432951848872 2.163767537490288 9.187579758581409 26.364514244911415 2.5726566158924644 0.5087940251610653 5.741422028149126 14.565161928689653 32.015406555493165 0.509560770951886 0.03192994436126879 0.4276074660858596
136 8.030446374847584 5.608181691775251 10.64207216023903 2.197817239805907 8.550449391244454 25.402889672182546 3.748900601348058 0.9526676807775694 4.901777907607059 14.906449639216293 32.89707184907783 0.5082433275536432 0.039459434277676675 0.42718462622335623
195 7.300795587815261 5.505991668872732 10.265431798406167 2.377522709965154 8.581001333711953 26.09050371493466 3.0653466573707613 0.7810245175269431 5.980415196731945 13.781079072347824 33.85576094445185 0.5066774620675126 0.06426307039248648 0.4243306269111895
146 8.048477732021961 5.331198174496942 10.532232229855135 2.209211234173308 8.674561010460982 25.834744086731817 3.1882821843083176 0.7146687512016163 5.269925349105212 15.025990824395539 33.019263608403456 0.5072787591959612 0.05813750028553936 0.42534932959833327
197 7.599479875766199 5.724607657709518 10.8936501887573 2.1058225392826797 8.908112552229419 26.108379547613232 2.941325074905529 0.5684558861399345 6.788395985366389 13.851193700631645 33.20333785089355 0.5060837032231715 0.06399431300883995 0.424373050999532
149 8.158912084622017 5.452374219280902 10.87901182847332 1.9604780810447726 8.372852876590493 26.276519052963312 3.097667406857401 1.0083892041636382 4.665922963722895 15.068527047707557 34.47317357541661 0.5086317586509351 0.04255094942248131 0.42682564078712054
138 7.4522055381011745 5.867115350305712 10.223496224548182 2.3806474839116505 8.65769612018966 25.7949227086485 3.4233234955500307 0.7873598990437686 5.992501820036523 13.744823617575605 32.39611394482603 0.5071212164158551 0.05953931235104316 0.4253236037176556
140 7.669398317913461 5.815510082643807 10.552038777713715 2.4071017271537194 9.494696589260863 25.40304828869698 3.1400712772362884 0.7179603372784008 5.335597852162305 12.899296803032259 31.44117149695907 0.5081147739782912 0.04748854489828276 0.4256023850638746
148 7.506456746881628 5.802495471612549 11.000068347918441 1.9842624382555558 9.039611719425732 25.363982038759204 3.1995162014985916 0.5203922198799212 6.1142858155623845 14.643514338786849 32.2724399030154 0.5091817797067804 0.03797469460517238 0.4272142101433064
150 7.1081242255957395 5.821756489970415 10.352651679090004 2.4352766034608093 9.431792092656902 25.147936241028795 3.1874347942832677 0.5567992521257789 6.091134824466437 13.389111207141648 30.99755871037605 0.5084397641021982 0.04390421001772585 0.4265006536151715
199 8.169181091330797 5.617323167841985 10.810085515834464 1.9820206737195671 8.587390614045804 25.783073919637204 3.3010410130032732 0.5265975141414793 6.078797692941256 15.936907415615616 32.31795753093435 0.5083119504155568 0.036351135482895404 0.4271328626514888
152 7.642331238640853 5.5953888200676305 11.107365128766977 1.8988156234434925 9.028956517537438 26.135013463274138 2.78126235609256 0.7058668730693081 5.587465442564566 14.052835878667137 33.346975207749175 0.509504007224114 0.031300640022888286 0.42813726480115155
154 7.67255143301107 5.747483060833904 10.733453683327713 2.153162675395476 8.86246585008148 26.275278401625673 2.6662896870034496 0.6682489446393329 6.0684573252717975 14.474970281253722 32.746993862225565 0.5077212299995089 0.0506174790592197 0.42629304853217914
162 7.909977055114236 5.542445688145969 10.948902734678743 2.3580156637007823 10.199496929578292 24.57217122242354 3.207353377913234 0.6230023664636558 4.602628168620447 13.685300670335605 29.408024389935118 0.5064077080843985 0.06230495967965689 0.42422826590218493
164 8.033445584052316 5.454503921818479 11.033501582851894 1.8528685652536132 8.203804563478876 26.013213879063006 3.576122969851785 0.9622391885046089 4.05922715410672 15.324962150986636 34.53599565008771 0.5091936355725384 0.037495719104958455 0.42718757262967
201 7.430035739479586 5.650482745506473 10.42796408906199 2.564484541304312 9.266331903758878 24.952098407696543 3.5513803003224553 0.8231928865220524 5.167030147093211 13.664966507368366 31.13176286568732 0.5062550950572163 0.06264231184987189 0.4246158590150769
202 7.466642317855797 5.797800314815141 11.054422003624017 1.7974890330225348 8.200894383055672 26.709280787377658 2.866751402854728 0.5315520826179041 6.2917303574466885 15.482483374689995 34.38887697296443 0.5094144032600361 0.032976608708356094 0.42700266555057437
203 7.794769167675679 5.67331659753592 10.792005749468318 2.1752396555834266 9.200433114402701 26.02272722348126 2.7349867389396456 0.45900169482189096 6.287055449206093 14.456658220171676 32.01421589055708 0.5097031528219305 0.030860451257111038 0.4269270906741463
211 7.571538160391297 5.640377442116646 11.065102196519213 1.9678966892785985 8.987814055539939 26.186244339824388 2.7646134509834375 0.753138677197135 5.069771509562148 14.061680244726627 33.70813333362243 0.509435898180188 0.02450793178328569 0.42774812549460917
213 7.4365189374417655 5.696168748835031 10.448584741831917 2.5454708048911043 9.833753112954488 25.094198072966552 3.0560444574248113 0.711078780226569 4.858381701604417 12.27879824913157 31.29517368563645 0.5082530188850951 0.04579391472214914 0.4267158680140602
204 7.803523388057954 5.728806513396069 11.449759104020934 1.7475553790874405 8.955969854715772 26.277877017870132 2.633880899520598 0.6203663735784586 5.546775638735035 15.134662441061774 33.43674965447243 0.5098415077927956 0.02013199596191947 0.42838407599885164
212 7.659839390106536 5.7809437887090205 11.135551247226687 1.9683051972765768 9.366993021250142 26.19723166393414 2.5060676347722954 0.7543577374147343 5.122610544971066 13.576707455327949 32.64763809310124 0.5096294910471005 0.02601148367263052 0.4277622090397112
214 7.963165027901944 5.65038579930192 11.395319665234123 1.7716886568649983 9.134383997706452 26.270405823390938 2.592471798501771 0.9230162669344056 5.25861772752728 14.76154689916911 32.912268056182 0.5091597745528674 0.036135472318328914 0.42764383286372537
156 7.6638126573004755 5.645111751919292 10.68554164965567 2.186088952381606 9.086513093261983 26.007643381794384 2.7769783440259133 0.5794084909751857 5.433448012521847 14.540503813495452 32.22248935788725 0.5086888216825677 0.04357142312193562 0.42522343137271074
166 7.690192213545276 5.810155660417831 11.00918304064586 1.8389671102629699 8.395512846297525 26.305469130488053 3.0074831593844285 0.804880296500885 5.629678448670848 14.718880899548687 34.48192210525665 0.5090387632230019 0.03710731000953343 0.42790541696279133
205 7.696751608744429 5.561736639685555 11.1590482087169 2.0589397194440258 9.610257993630947 24.759654642304092 3.420812153240516 0.7121098722128703 5.536371876599717 15.021800904620827 30.385107308697854 0.5079341917792823 0.049142537277764006 0.42633941842346074
215 7.522146428848541 5.7655975103828805 10.87432617534441 2.1290061078506843 9.432796159394519 25.609969248016426 2.933625780732584 0.8579322282456309 5.03516628022534 12.809417960974791 32.58491042651043 0.5096024728454461 0.022210073653436458 0.4286218714566057
206 7.392383205239597 5.640834079242481 10.867154783066788 2.2194722898072 9.60668160957078 25.573387711232293 2.6655303463753652 0.8809438530853504 4.933395627523744 13.275994403936265 32.25616533587159 0.5071482631063285 0.06085289152773741 0.42384240666615364
207 7.576602073986699 5.679125093774978 11.144578543128475 2.024913956382174 9.774950336643702 25.25346900936035 2.8827901046317894 0.7752949094138887 4.46109480180814 13.185737813198466 31.64088297061145 0.5089120291111526 0.038389983072968835 0.4267970722290103
217 7.6024307364539965 5.668411213092147 10.824126400416493 2.331092039584696 9.89643793814546 24.93855212030217 3.0166565614122787 0.5458179106749091 4.9934322295364115 13.98566533032089 30.268627311887258 0.5084872556372719 0.04642942401326318 0.42618857194766774
216 7.764437188939282 5.353413513940008 11.041366583908365 1.9843943800840989 9.305145409931832 25.746479445602205 2.8633157096545054 0.758869899312409 5.345397630579696 14.621264873286664 32.210008836931046 0.5076753474365412 0.05082077045150811 0.42620492409635763
158 7.621368136708295 5.53810381342528 11.278846899847132 2.12837766015568 10.016137361642176 24.503415225418845 3.3594974295944087 1.196247412343601 3.8972070097384237 13.763450667379965 30.70456767254105 0.5081511503484827 0.04848454943890796 0.42620787679735256
160 7.368384762160631 5.737421692307784 11.36518340013531 1.8622515364598047 9.779349923290468 25.61865710859843 2.628243636497885 0.3761431247349293 6.100740232606191 14.51403832476018 30.58822387017196 0.5096366842269047 0.025547880984986695 0.42808885250583817
168 7.572461464882125 5.498546556647946 10.871478307581175 2.211223652154925 9.66464326523469 25.438870010798563 2.7928002417521576 0.7138681562463709 4.813434501849851 13.60122691098907 32.05156240820261 0.5089432239067074 0.03321423312893521 0.4280974410976135
170 7.32902021743052 5.685687863412321 11.196625010891449 2.125113693377756 10.330417679852042 24.684967265973963 2.954489006692482 0.9502015494951681 3.791831209039569 12.251282072181763 30.72947285494505 0.5087026151830272 0.04586459847121753 0.4264699936145631
208 7.751911854205336 5.500668787017855 11.170296313616356 2.041495567284631 9.904815066366838 25.729310056008288 2.4479254259298733 0.6887872406207182 4.57046420174669 12.843368979474398 32.57925771157476 0.5097904864694213 0.019181644859050797 0.42803791369606436
209 7.3879895512506355 5.756838354733311 10.980672875310697 2.0364630436708815 9.314116926581715 25.86840114652582 2.8542218230158123 1.1048096220549142 4.027315510910913 12.321433463213516 33.65467991410134 0.5091907164839591 0.029444911180415572 0.4273629576849133
210 7.667826844232179 5.605694643143627 10.675596163142284 2.2522839439357587 9.659603308851729 25.74968870379082 2.6037949852870366 0.9852824021629681 4.930946618732392 12.704540002182874 32.19853819954445 0.5073878932720662 0.05391537793640047 0.42586898119725525
219 7.504778516103767 5.687230838348558 11.321858913873267 2.004786241336396 9.93772885505435 25.67417525404585 2.446475686050732 0.6437041815253272 5.335589477808944 13.613943800308988 31.419115245025232 0.5086066717533458 0.04834779005128148 0.4266437866970346
218 7.472348754487084 5.74154254065819 10.950751947244868 2.10368680721218 9.786310094301882 25.4898671872784 2.74280490619402 1.04452319728304 4.943544842481783 13.196502610513576 30.914235077794643 0.5087137512716855 0.04101470104528816 0.42723760174054837
220 7.572537525002487 5.629028493967789 11.047419147710855 2.147555752539665 9.976577466884594 25.42914316770604 2.6628298832364345 0.6122825649852803 5.375172434720083 13.599221468870397 30.745702193629647 0.5086454437215742 0.04799226226386038 0.42615099570554654
172 7.064092536338438 5.812832259726347 11.033013583033947 2.007509155972882 9.144305186242777 25.867985272178753 2.866830329995151 0.5766617175763332 5.516667075564872 13.7894051913767 32.60128939896073 0.5084823072964657 0.045314083286963416 0.4269362057230605
174 7.526966052429271 5.7189140285450675 10.75255976155848 2.057096232698348 9.059103674181472 25.824663470307378 2.9960402283101115 0.7448571767786469 5.6446110805991605 14.561237510754475 32.01704688412801 0.5078570863243169 0.052159115121245346 0.4254084143014522
221 7.973829086569685 5.286577898011163 10.68813202092176 2.267038795958022 9.764123515379065 25.25836053247793 2.962709682308426 0.8735857986438167 4.246330830804721 13.73169089243382 31.20571596269544 0.5073491555937486 0.05521011850741199 0.42562431427039066
223 7.166429455253171 5.846664081701531 11.300353024113694 1.8953083298363145 9.51421753468623 25.55510228895585 2.8986908007803076 0.6574940777331741 5.446722213936034 13.469133240187926 31.788827992958154 0.50899028434649 0.045333464771671605 0.42606213995879
222 7.401487654037856 5.701906918567788 10.865451559662374 2.2431011020323504 9.911528879360839 25.166361342170173 2.855080893655168 0.7907569163444076 5.216227503619606 13.114427590661004 31.087486041542018 0.5064674676955867 0.057776034415418856 0.4255908566642474
231 8.122033871817655 5.354236054931509 10.46876851052263 2.3317867678643713 9.241558304168084 25.162343715262438 3.4337565405315376 0.9686944549283016 4.359627959047785 14.257588254862688 31.88676502105862 0.5072150084833537 0.058702224834480066 0.42526486619124243
233 7.526787289071433 5.537128949891043 10.487669660639675 2.4034654936715434 9.647866939971863 25.68871206101333 2.7246195681996546 1.0118217690450895 5.518305685079353 13.471102294063543 30.84111330411209 0.5060992674985275 0.06588051768764351 0.4232531307343339
224 7.687859777807922 5.46115380188029 11.137378937066977 1.9364379800489901 9.298513865363372 25.645994293450823 2.932240912222649 0.7969326798331721 4.614102628625319 14.448343938610927 32.534309615893676 0.5092139094095934 0.036988184993775104 0.4267854752908247
176 7.763015479017261 5.927888698349341 11.03481782500556 1.9627295045439566 9.115266260552584 26.408923356023983 2.6473073542014385 0.4671593832823285 6.618263657254846 14.195733541103166 31.61595152684893 0.5090429477023147 0.03886707265779163 0.42723155705567933
225 7.720677680894325 5.716424497673642 10.755929662422739 2.475667294466974 10.29774095021405 25.009664912438655 2.8339585747723053 0.6629017424760406 4.971121157282887 12.329690960381715 30.499637653817974 0.5069129554105545 0.06336565553313987 0.42441280078687543
227 7.435551922224032 5.600314586093119 10.59858904275201 2.4980698835108615 9.827246294789637 24.45863378441831 3.316836498958704 0.7585391413964481 4.925063405615985 13.35135831438114 30.629151825131206 0.5072540466685374 0.06057428781160213 0.42362528041429937
235 7.582425562427816 5.794214195180159 11.139178589645413 1.8896109466910078 9.22207947007784 25.12517278390588 3.520711102088628 0.7841664539504039 5.498001035628205 15.237862943631418 30.349642319293327 0.5091747730951064 0.03914525244555992 0.4266414536681152
226 7.495584152025772 5.643326082591083 11.104756173522887 1.8533663549991524 8.829437999465528 26.73228481331175 2.4762496008981474 1.405356577991613 4.789729506063333 13.90738720806296 34.33015229801562 0.5091188348053314 0.03356680235659394 0.4282841809182731
237 7.671497276487614 5.469618301589046 10.674537092969008 2.426298147153542 9.274676477300767 25.303387032745036 3.1799119407960177 0.9238343301025744 5.527258372205748 14.348796754008761 31.690058475648126 0.5078620427988135 0.046873915318950646 0.42630642931336593
178 7.8964942786777925 5.615915362309499 10.96634506209914 2.2465478745540723 9.701729063844908 24.32596189856411 3.6061993841218434 1.069489274174176 4.912326698915425 14.735908853009123 29.98347727310872 0.5063993042621167 0.06164105615904397 0.42425621191547885
180 7.510592486791108 5.657195463500312 10.687409613984414 2.3173061956196106 9.63077761265326 25.594174825673704 2.771093147472727 0.7881785516130816 4.248094629835639 12.426311971626731 32.78433458296711 0.508967154786756 0.04135857320828399 0.4269131285663956
229 7.607508892398566 5.501765949740179 11.237838153033392 1.939708965589449 9.55588837772518 25.940904679187273 2.479531863104182 1.0647117274642228 4.656443532042058 13.402618038466278 33.09796444107044 0.5090969380688611 0.03468899807392569 0.42651967371702865
228 7.532928682365309 5.659381237445904 10.738424219848499 2.2306683900967945 9.547410553652684 26.048910613148824 2.5106060002704322 0.533697870540326 5.619972771540658 13.66715135754718 31.45872254963358 0.5086926710194066 0.0380089426843733 0.4270058052324342
230 7.265001371499181 5.554575654935612 10.86015624447634 2.364073402357064 10.26225488854374 24.213977221747182 3.2801558695465984 0.7267075807390608 5.262926642583821 13.085012576354234 29.895443134346966 0.5058277493068309 0.07031731535818278 0.4235011937753424
239 7.6460648314780135 5.726775584369681 11.052380312381658 1.9545873533620046 8.982376275221828 26.103298166319433 2.765039284286757 0.5389065688410729 5.830805783448596 14.466492952884641 32.971429173729305 0.5082063566362336 0.047284233324445785 0.42669401492896525
182 7.742161066112768 5.7168095846736176 10.962561813182132 2.0618579522687175 9.10088027034731 25.26475206802934 3.2993151923535367 0.8111732172081458 5.023562699182853 14.231736439303788 32.577619144491806 0.5089363576497855 0.032984760082164055 0.4280963951805693
184 7.166133824127289 5.779963824785493 10.80716307931891 2.1237488779338585 9.019124493134441 26.285695715196923 2.6920817538430333 0.5322203438169716 6.101400113902465 13.677244578750328 32.94137188329624 0.5081788384954233 0.046920800398247815 0.42579707441981035
192 7.725511983236236 5.758784034008475 10.575057154073065 2.2451636471330247 8.738322731261992 26.218915026631826 2.889466158528313 0.844289773255566 4.960960857579347 13.361398733926482 34.11557601728127 0.5082468029910726 0.04735423372874998 0.4262722546658069
194 7.294718631329662 5.836709745392955 11.051158846931694 1.8421997137170607 8.429084252542246 26.466795880317207 2.9847644641169038 0.7414338056425178 6.242362010267906 14.730773621091263 33.783543697616366 0.5080949474116819 0.046263039917580004 0.4270945566311745
232 8.128294124883869 5.55283402125272 10.641093971669424 2.349978305724493 9.484839425809566 25.47951562315777 2.880555137261658 0.6382073666768067 5.352723048529467 14.291452556902856 31.38236072103103 0.507873823190007 0.05384906755228004 0.4236636503558931
234 7.374519962740432 5.748491819762805 10.679030513965937 2.133984185422794 9.551079024300465 25.097884271183272 3.3032814811736273 1.0923415399925562 4.970552659978249 13.874991655096474 29.971169577554868 0.5060458265461366 0.07230982600977358 0.42287930677168173
241 7.217757342730486 5.932509896027921 10.883205787843472 2.011818581551684 8.617407165858658 26.149980999088296 3.088577401770366 0.6035692245116878 6.342817456789254 13.190749922829328 34.475713222740204 0.5091781322061292 0.032383334736233144 0.42798281648418796
242 7.812726957982904 5.769716414782047 10.470165721297196 2.4931703869404735 9.103486233979751 24.821942203606593 3.8273914784965988 0.7835436993280933 5.358624815458542 15.050527610344437 29.89829261469671 0.5039312369310534 0.08553214378324467 0.4197538886600373
243 7.430551507726019 6.062634079730498 10.445283606482857 2.374044916033936 9.73735242154866 25.6322922382581 2.730652078552968 0.5743945882534768 6.095785683174158 12.507032476393624 30.364584681507502 0.5070275585639594 0.05521698938431582 0.42548814621486486
244 7.764837753359083 5.333548689574392 10.853025147241503 2.0860328382200937 8.943080517702318 25.624328463702078 3.129688085840277 0.8676765426153144 4.6604049055937695 14.664545395346227 33.51913251216994 0.5091689977962018 0.0351461883637461 0.4262420199972039
186 7.813720637233479 5.675409947884969 10.519038298188931 2.1843346582877663 8.800181248805934 25.6848363425931 3.2150093738272028 0.40541185144808145 6.126239651382844 15.270507434278079 31.69927866982419 0.5071620602438699 0.05377519319349682 0.42590997061750085
196 7.907207826769288 5.657868198201287 10.81143153446385 2.0128680078095096 9.229321019830142 25.888260080279572 2.8725482872950594 0.6333658593530727 5.444892578856674 14.195653624551438 31.73441823548964 0.5080127945039619 0.0375808687552886 0.4277381047344681
236 7.415131499453278 5.6499317886701546 10.93690333916153 2.1480682480008944 9.784066383511009 25.737040376974612 2.559384769250806 0.8381531856099138 4.88691593981658 12.688260368311541 32.14039587708761 0.5087272973380428 0.034744892880943554 0.4283662949802574
245 8.055726115577498 5.446133512493094 10.652634755516281 2.4721453068892236 10.036224301532307 24.821731289860313 2.9583991416880675 0.6101413987916332 4.48848211122221 13.79923529057476 30.294900019433854 0.5078834061433182 0.05027606459385004 0.4259088858561322
246 7.241586312391956 5.648225462088867 10.778129714680707 2.1914489653634512 9.526180105801414 25.69350081115623 2.845648116962478 1.153552627498349 4.761095107640442 13.061214675706852 31.880645530563903 0.507295437849696 0.06032129618914997 0.42459435603797385
247 7.689291614084229 5.459992905020054 10.40563719174965 2.705125429248307 9.876825804995315 24.555060190260104 3.256665192320533 0.8342266840098461 4.585565988955032 13.389506716085101 30.23894477102865 0.5052611660430788 0.07342313039586004 0.42305089054207207
188 7.550101570848268 5.778788932094876 10.703692504293402 2.1359362546299936 8.266795330260681 26.32952065074405 3.0509047225136974 0.8847933781301061 6.408087734660645 15.066248614276448 33.95613322367934 0.5082569840831573 0.04956394591063497 0.4264307151656203
190 7.840520280339477 5.78291155417986 10.74172654430605 2.1917586613769386 8.965852327499864 25.36009781644514 3.295641014932936 0.5737174230087725 5.8040315132092735 15.008644777263699 31.952295982353547 0.5090363254267843 0.0397672490230868 0.42636601484027453
198 7.534454943750234 5.858352642233349 10.874787591757988 2.170660742069696 9.477024457827001 25.964026843256722 2.7829973019917813 0.8811636761092766 5.318780960894851 12.849732822859758 31.833329553367804 0.5071630505666731 0.05402760242781364 0.42595478800217057
200 7.469685411146753 5.848763486709022 10.672003260097279 2.263082508339651 9.210555337504866 25.86535632720108 2.8244406775707174 0.7261948446505017 5.992084941659088 13.98379239778649 31.532143501530566 0.5067641811533465 0.059743058530335826 0.4250944557424288
238 7.419627654596708 5.642059061604434 11.070394832388953 1.9204839854613753 8.893234929241022 25.877795400764647 3.2055654831322684 0.9355407849497066 4.9897311034470535 13.962713656568255 33.13249135220613 0.509364018238993 0.03261271204656788 0.4282389361109018
240 7.891063335867089 5.430355512430318 10.902202181091377 1.9745051229075246 8.748642071290044 26.354920919955685 2.9448819157335637 0.8602638688472198 6.242415837639125 14.85748171862758 32.934743792209794 0.5078285120576866 0.05486446667835724 0.42593511922878896
248 7.569914778191058 5.555473710112533 10.785782164044834 2.0467667754267445 9.091227121874233 25.22017332949219 3.387539570719768 0.7365680254526846 5.57021943422706 15.651820196647497 31.00110164034131 0.5069412397370926 0.06130740857357387 0.42370502703518376
249 7.473652955871849 5.750895297667356 10.689435395810747 2.238798130484375 9.01236192738394 25.67699365778294 3.1692658015407473 0.56031488252707 5.755984912475595 14.192841330782507 32.17558110948102 0.5084467999677437 0.04917482771918356 0.4257448000751881
250 8.173738645129188 5.5625769072097615 10.950626332292918 1.9927215768960338 8.891014112106706 26.3652346244609 2.760198594331008 0.6640263586824223 5.196663878118658 14.666275967311304 33.000812861191484 0.5087672155735343 0.040966429440520584 0.4263419295827858
