# timestep 8350
# phase bcc
# id f1 f2 f3 f4 f5 f6 f7 f8 f9 f10 f11 f12 f13 f14
1 7.750676665037762 5.696705875947494 11.078303384830582 2.0108585317359338 9.490379912762453 26.09334667187354 2.4830619986309284 0.3707154422619927 6.041101153194534 14.446200123488586 31.594590589617574 0.5094754618570624 0.03030859401426493 0.4273686011712446
2 7.288960571284972 5.901715050160581 11.44123001768738 1.707751862432427 8.8307167831693 26.18265823673454 2.828146332816827 0.6781182832303948 5.520722341924208 14.430982853706126 33.8258550035036 0.5100412238560044 0.017624912132026573 0.4285489962186807
3 8.118858149987092 5.5125925120038834 11.10678779194625 1.9651941380275146 9.62239915023143 25.596774523166584 2.8412889539828754 0.4807125430625196 5.108072553472951 14.776571945424935 31.02623607718753 0.5100574522479541 0.021905847539782877 0.428375724166999
11 7.477500782895854 5.580499182107753 10.533367961403435 2.1860599830152814 8.530250088550673 26.763805854120076 2.646096835571698 0.5525140994151669 5.821611905157667 13.681484398597435 34.8717809243727 0.5099229887193568 0.02071751019215534 0.42858119716486315
13 7.455962722918157 5.430953756430196 10.996329873439489 2.1124773476412604 9.755656989521459 24.893118623317296 3.18250550076271 1.0207777551480228 4.2724354404660705 13.187524423080854 31.60324102359073 0.5083109683900392 0.04606053415598565 0.42686745217315203
26 7.439753589790206 5.587103402916706 11.357511590660954 1.6827684424595757 8.671385707128286 26.394053856844415 2.837476280142433 0.8058232529018323 5.381061159794912 14.88597348506228 34.06665611458828 0.5099609790637679 0.02100100023318409 0.4284190306740381
28 7.6601332918092355 5.563284512963022 11.13761302575308 1.9611174273943424 9.437594210016698 26.112098950197655 2.4692638562328173 0.44376680057740914 6.011399147302928 15.214693832384967 31.334746744599247 0.5089376518446105 0.03933805341859293 0.42733272946965034
36 7.873637948945547 5.458603635322457 10.152391689217376 2.738942656080079 9.817712907519674 24.857850127071902 3.2577755367004246 0.9109715899498967 4.921138451799209 12.829005588372551 30.378048977618533 0.5075538003079981 0.0567014946834885 0.42556966805932606
38 7.295430353454976 5.805932033182082 11.036125590547678 2.2721644438102437 10.219615138055627 24.373739558234274 3.1600581425109517 1.2567104725471716 3.821249959176747 11.761739637671202 31.03963961829712 0.5058192644544184 0.06807883761630056 0.423501203015389
4 7.332139567863404 5.664145979031243 11.291288968925612 1.8927692397028217 9.572155189824862 26.249684186238845 2.371486649700233 0.6786823660778502 5.173896181199642 13.629451466344682 32.19315720485011 0.5069642622374875 0.05233913589512095 0.4264357300246303
12 8.30143502403099 5.54975068556199 10.80811843682904 2.2682371690003613 9.980323382158053 25.26337574744324 2.9040376905070584 0.7493965570321157 4.26878756992008 12.98131839478811 30.759398013262736 0.50955843601928 0.022179096227745772 0.42871084424005923
21 7.642543300733941 5.709080385939228 10.6144697496902 2.3831370480527365 9.413707187784635 25.148548790937156 3.2653469100299057 0.6180530443299607 5.593517450013605 13.986204434421886 31.176319217347146 0.5067937294553189 0.05715796778756161 0.4254265670285046
22 7.464254085545449 5.494834312271895 10.353586226132059 2.5073995160076206 9.971526935645176 24.88727457131673 3.1388894129359746 0.8893039906222412 4.994216423441835 12.992320349458609 29.942696073175334 0.5053052483346127 0.0790255465934372 0.4211553267979538
46 7.327393678864533 5.680511902595563 10.935291681204312 1.9773806371535028 8.80707161419398 26.03559490556528 2.908497274255437 0.5966772917594146 6.030496460256696 14.477839892231303 33.163496174985546 0.5090314755571878 0.0344135956061671 0.4278532008383851
47 8.042029218583561 5.516937676568317 10.849618885480952 2.2074129683757087 9.95039034176403 25.63315769948505 2.5810800827833864 0.6646799325644717 4.151075545036937 12.417729129142762 31.908877232504196 0.509486298229833 0.02489528990154206 0.4277677552630675
14 8.068262681377613 5.540829999936182 11.12519182297786 2.078986753802328 10.136234754141201 25.17557894573566 2.7187154419356765 0.5403419253651528 4.540709977941409 13.775809633288349 30.506473085411212 0.5091585876868125 0.02326590087086454 0.42777738351767197
27 7.792159697440234 5.527646507564266 10.794217900616308 2.3000460900769846 9.982442292924167 24.72463121406992 3.1792910562447125 0.9032224493476059 4.335269320938806 13.204444955410645 30.593609906909897 0.5088673978804391 0.03961538870692728 0.42717161539251375
51 7.677910998154344 5.503292338017751 10.813046181362292 2.112366680071576 9.45459812187533 25.96548694322508 2.520482621367954 0.6205996929459382 5.975323754073859 14.397130855223875 31.9011319433738 0.5078316268165557 0.05111458916522074 0.42643864036714285
52 7.808424318353885 5.772729410729396 11.259567663919638 1.9293358258110995 9.661341271765703 25.956569364614257 2.539786562194806 0.8733107472534065 4.914242819567151 13.48735732480127 31.797546705786782 0.5090566689735249 0.040621072755570385 0.42625333651991104
56 7.806028089687305 5.638224010343123 11.251857487730952 1.933155870520777 9.113979351124659 25.428777152467013 3.239566721919069 0.8672424609869305 4.680556313892744 14.284686729658326 32.79834243495516 0.5078890059952634 0.05791073548540891 0.4247770238368134
57 7.740623302467533 5.221853598007933 10.663832977354057 2.289912017396311 9.376322135963132 25.264478952784867 3.1312217829494107 0.7383627076214555 4.743234881237455 14.316804755501508 32.06797924353554 0.506587493158464 0.06389283277259772 0.42367390251474646
29 7.381763948992381 5.821794316781537 11.332846940873523 1.8606569869377474 9.684925973231339 25.43237647388031 2.8481966822119262 0.44744109504542373 5.650590984406977 14.171618142518467 30.613174767387843 0.5086778022581414 0.03720879725483385 0.4271126323768891
37 7.7972015310456735 5.777220170368071 10.630776822013742 2.3713152099183126 9.869507760553317 24.95589421127562 3.1438848071065295 1.254284720231995 3.9617078078992414 11.935412299681305 31.51091698557294 0.5073440562471107 0.05641759393934153 0.42530755016019633
61 7.409095186529777 5.7827734045662424 11.013635198609169 1.9198455923186075 8.674718875352069 26.378908155981993 2.8418853819893077 0.6740117287762515 5.878849099316005 14.978527282784142 33.035811140989 0.5093310134446621 0.03348961069022531 0.42687913822224394
62 8.12219845059506 5.4077280762888105 10.535245228525504 2.526653616424903 10.245919311952374 24.82022406324096 2.8860155868543247 0.9266981663619266 4.50418981781659 13.449088815938497 29.778594376168453 0.5074231701508388 0.05321109759123409 0.4252966027811839
39 7.157401237808945 5.750442465291207 10.809194531582518 2.2814800041851293 9.897401732415172 25.638344544321484 2.633001537993325 0.9480491313387139 4.684950120887655 12.309149679358907 31.11848732614679 0.5077399227850445 0.048424840358859286 0.42651694703832804
126 7.0676253135672065 5.652968467091382 10.984270025323282 1.9190852792487951 8.45716607073302 26.934523805030704 2.6101896241042843 0.9452273930807388 5.235849396826934 13.645267083840775 35.295552397882844 0.5082523553008029 0.043377129711946766 0.42766022975404655
127 7.30700569676055 5.91980539704983 11.250610991450504 1.8274910683395347 9.155773891108137 26.182737040118997 2.6570065668225396 0.6218929522139085 5.5967237939895345 13.726170239599329 33.041152486064995 0.508670335363111 0.03917137690411585 0.42681981937780056
151 7.41736288794188 5.4744948498582335 11.05151560441512 2.066601331425309 9.649733820494676 24.969828931798002 3.1541591113461744 0.5481017587948314 5.9273929819904865 14.715651742767351 30.515394951272942 0.5079263117154973 0.05184520493033545 0.4257438561780726
152 7.365394122230168 5.5172124839061585 10.28248983677174 2.3924233510603337 9.492312411886326 25.323321487427055 3.043582423024403 0.8493235354550659 5.56304281128719 13.796584674140155 30.561017617751624 0.5044636961267781 0.08209226394563067 0.4211665084748355
66 7.532285932136577 5.676238441827486 10.687685407982192 2.235817019811246 9.277048146837735 25.646091708107082 2.892515999582329 0.7164043036112597 4.840774369444249 13.17345497777414 33.00006516093455 0.5084550064172144 0.04577412971137825 0.426423743516727
67 7.783111543699994 5.723474566948531 10.644094949630938 2.3087527524879903 9.847675459520195 25.556596210676602 2.6018827884197315 0.6186661534376712 5.02227162538106 13.205495346844698 31.15881846953064 0.50683085046232 0.06146518375987364 0.42419518539600504
71 7.634246893496181 5.560978877341358 10.920022838544382 2.0365249158825 9.117793975162606 26.09335646242802 2.8291471365481695 0.4090780672292505 5.70159902141039 14.408650486914834 32.54119225914775 0.5093328903775167 0.026076502540350883 0.42790614167390223
72 6.934508238714712 5.867215809467819 11.479920519605194 1.5856920415462996 8.84909660837224 25.905543051415453 3.044026994270442 0.41065038028467 6.324016095746653 15.70523291822389 31.971506591582873 0.5094928280235663 0.030616904174170307 0.4287631975853494
187 7.919981865269158 5.688420171272986 10.77197385364655 2.25315707406333 9.6908765226431 25.983375602152666 2.4577704961086253 0.8829920668419577 4.268990262025138 12.026009228195297 33.26737569905075 0.5087272957185253 0.03688058440857078 0.42602998456830754
186 7.632002822010049 5.656006060567838 11.206119253939256 1.9694968655009548 9.592821910062394 25.401175669373874 2.9207120573675867 1.0407957384064197 3.961896283618743 12.766092909089524 32.54126084210403 0.5089825107401706 0.03534591163321977 0.42763012547845297
5 7.512458486358597 5.705217003068111 11.276327097446583 1.9106478961252824 9.578060751566074 25.836287327764918 2.608819557525345 0.7606286840022439 4.545643901964141 13.068824885468105 32.968044353544805 0.509416368687585 0.03399609954070033 0.42746729465296696
15 7.20265351326055 5.5365224179518995 10.881492485383163 2.324970828641941 10.339991874964886 25.02740222916379 2.6403316999338284 0.6873752591495346 4.502429540551845 12.832695132589041 30.32850129193235 0.5071860321823382 0.05570348347490141 0.42450689044381074
30 7.289597260212766 5.569796487935146 11.180723400181934 1.8983446932453056 9.113843852924514 25.833499823871392 2.9157027483688407 0.8347921895070564 4.834007829372469 14.363600462158704 32.737954507437685 0.5074284021443985 0.053139140020203646 0.4262811370031982
40 6.923274124215419 5.78562471015389 10.953836384698425 2.3776302393575746 10.48797692116508 25.267777188128242 2.3409940112363246 0.6965893394727221 5.29214662544558 12.31573579376247 29.66148370068185 0.5059947562734627 0.06581934026044178 0.4245944442971314
6 7.8667583231352465 5.456188768969468 11.144015938512517 2.0264406785957667 9.889281845275013 25.679595078765082 2.5647199920228037 0.5686402025823292 4.497140006967508 13.78926516827952 31.496124578777042 0.5097500733732537 0.022060072493316908 0.4284545683193587
7 7.540100918349637 5.8062408871370685 11.109775019308586 1.9667698689493558 9.357817058871829 25.729078350169882 2.9416848890574014 0.7245802357180101 4.897207774425834 13.487321898225188 32.498783925347155 0.5094785357833221 0.030793285081522112 0.42796687679012857
17 7.8310969567822974 5.610647690920448 10.951284505163406 2.113194222051099 10.107582771904125 25.29182793619767 2.683675419669312 0.99196946466907 4.484040582728368 12.5504557621473 31.22870224502367 0.5097473013328796 0.02651869977990548 0.42794200476057814
32 7.732887879523171 5.559232923757951 11.179273708017437 1.864437404476307 9.186137731214163 25.267052469952638 3.366986505615783 0.8839536021595475 4.836857859612398 14.81963828592449 31.854769647439873 0.5085730944085128 0.03716442773664678 0.4270278763687937
42 7.597227418391958 5.514519990356315 10.414449133482636 2.6211046954113204 10.189108735044766 24.516983148878364 3.067514836710388 0.711817329921837 4.989501515532864 13.296870931513377 29.67726593100409 0.5072014561661236 0.06370358962666642 0.42298768085232585
23 7.26274728987678 5.851876497049788 11.071361122213103 2.145757675798734 10.208654909914978 25.49521028568307 2.4673752062788816 0.6782581029721908 4.8683500773222494 11.917924663853075 30.854112179040364 0.5088208015090162 0.04387604934311381 0.425726037096019
48 7.317120548242913 5.855865721391939 11.220234365236237 1.9135679862146842 9.803602498352905 25.118934379382427 2.956668103161021 0.40596584237748157 5.984992697916546 14.604448389271717 29.950417316787245 0.5090751951098355 0.029471152982642225 0.428210133618398
16 7.125229293991822 5.7586158070861355 11.491353567650288 1.6248287828010448 8.966310618467167 26.07123170788398 2.854092623223505 0.9209073958764562 5.206601541334798 14.388358728384787 32.93982941852042 0.5085256023331295 0.0408943204354569 0.42753145214981486
24 7.697834076877203 5.484043948917085 10.638350564542097 2.3526796499297884 9.78871366704055 24.95129040053264 3.102898036655648 0.9903065668706245 4.266875622709577 12.987015797446196 31.514013254512385 0.5076392224828955 0.04965160967868441 0.42599671892776303
49 7.898839090705223 5.303920168078468 10.490547355330522 2.5682270859023353 9.763466415290974 24.643590414886514 3.2573655325238264 0.8646428683214894 4.177172853485505 13.658547716880339 31.473803728889074 0.507871556587588 0.05138095943008365 0.4264369873508688
53 7.873295362556268 5.763152996308709 11.165988059206013 1.9072101211666912 9.165994890100977 25.470917549557726 3.1555343609444186 0.9376855694666568 4.235535510027586 13.807110223609614 32.83014987633856 0.5089682753316646 0.030419383552609414 0.42689150670735676
58 7.490682229227178 5.542347248499031 10.635261668705391 2.3309868423788087 9.84939777934474 25.49339084546139 2.6636976460383437 0.5912826454689495 5.380197265782333 13.139427065652846 31.218167488930664 0.5089506659773387 0.036608818695302726 0.42680016445814484
31 7.3939862284429685 5.797517644722973 10.745956849551774 2.341049499536638 9.794036705747757 25.257712955281814 2.8014348275395062 0.9924730394655575 5.249266402892469 13.566566942714589 30.638426547207363 0.506473319919958 0.057925107365626026 0.4252769815336689
54 8.070724401076959 5.398984622590309 10.364328318841958 2.47191331686917 9.582105909866875 26.302266524963194 2.3719600094214415 0.7569387240292715 4.388844820434262 12.743329701051305 32.45272482262247 0.508375894110304 0.042238229070594956 0.4267196617546149
59 7.547122004190552 5.793039140157475 10.915392541764104 2.004186057469582 9.533428570139996 25.297493029262398 3.1336271227876105 0.8676961158567164 5.400083443072313 13.322929268818125 31.24806351954694 0.5073432229545852 0.057644653121213904 0.4247204292802218
63 7.296184203176286 5.580720910244133 10.884706117136808 2.0803311747896642 9.376340616772179 25.540035734307263 3.120458643046296 0.8952821733336387 4.226526391529498 13.18747172890467 32.20980651512668 0.5084363227568218 0.04319380330270568 0.4265041232356865
41 7.6599692157192125 5.2884664804457975 11.067978844655794 1.972543248683497 9.331555188603437 25.655607376135798 2.8501076572081288 0.7738192595728911 4.410282536689131 14.510942907658258 32.52011651170008 0.5082098804641448 0.046421462676444154 0.42731387031712853
64 7.224054694143974 5.831760980149267 10.61406757935932 2.3659239318270187 9.429542789717368 25.372460669329964 3.02113187064114 0.9310559294399371 5.373588999665156 13.301112532887007 31.683691574991986 0.5080574263421537 0.05233882469782512 0.42542213138594487
128 7.65759203317139 5.733442194025783 10.738501017190023 2.195827305979655 9.272851453179443 26.02186231360043 2.6342742485777495 0.646961544568549 5.250744066900547 13.688286567389353 32.741447749973325 0.5083199753628359 0.046001907033914095 0.42702389030995036
153 8.060122850907687 5.321691428195005 10.944183890675193 2.0825821451534874 8.999645527194183 25.394607432071822 3.148748426296677 0.6698721932211139 5.5766840008426515 16.508459125129804 31.887332280590115 0.5080339478834541 0.04966205674286058 0.4255705286660229
68 7.979348618167191 5.711714467047502 11.016944107799775 2.211164985127406 10.038080230383523 25.143140416678197 2.8519794266223064 1.0116658136283387 5.3318795390345946 13.367376764548078 30.21093117242293 0.5064608846021638 0.06540565419513497 0.42350689953726617
73 8.109105082855505 5.463859391122238 11.100347737479593 2.048236298475093 9.844679603979717 25.511485596764242 2.692745467602513 0.628700454985429 4.426967887702907 13.617359178643854 31.544930133147894 0.5094166578232278 0.022287163525772834 0.4284249104555297
188 7.541298357673032 5.720954008853139 10.505331473191431 2.3552757203345562 9.286946972237455 25.348258668495575 3.1416721158129177 1.0244573260299674 5.751644948372264 14.708951874455524 30.336318899997746 0.5069061160030474 0.06448611427279553 0.4237557939022448
8 7.985780533407122 5.722048089451937 10.59854712849532 2.5131114228604567 10.023362764436207 24.87297230631845 3.0541028854786307 0.8189028127755997 4.277416154879623 12.658402100803212 30.616293593386963 0.5073156345293673 0.06146554716539965 0.42415515792759134
9 7.676184115395137 5.696100564787451 11.110393903089683 2.0737148937958043 9.999354376652978 25.33147177366733 2.809920774803188 0.7688308486870391 4.954085499373004 13.028564846344826 30.454348088919573 0.5089784296491381 0.03948746032666691 0.42650823427178086
10 7.632007478262304 5.809100597386513 10.82302310107089 2.5095578371857576 9.756871289016424 24.58204793622739 3.1522999934419174 0.8603460957931248 5.259475933357574 14.125796878366788 30.965835527408704 0.5050281084273074 0.07776249577589886 0.4218348481486265
19 7.364378589246808 5.639721957267599 10.979535760912842 2.069059949466636 9.087781011272508 25.903365979233595 2.822850220360259 0.5134591635433503 6.645411747557866 14.502539931078445 32.284131181813414 0.506622324081666 0.0635004954436206 0.4230308586913562
34 7.521297582142363 5.603927623512044 10.508638935439384 2.499605353007065 9.886932362245252 25.115287973018297 3.0369753267715165 0.9278192154793363 4.253582916589767 12.199839644761116 31.027597522837763 0.5055012375403918 0.07116287063476591 0.42368303425911347
44 7.894228640988923 5.66208715447697 10.93681078190522 1.9599689201766837 8.515137872195186 26.12498797602464 3.113932893625922 1.0975476117748513 5.178448585796557 14.3919331035331 34.430412990428515 0.508362963472912 0.04112213980102127 0.42689029243997045
18 7.791418786991488 5.722975277187035 11.048080545019838 1.9794637354849123 9.102782548397432 25.934531809330675 2.808555927545369 0.6178807625419778 5.394808292474242 14.03371962814469 33.275878014733316 0.5084810742284676 0.03576951192283855 0.42776302347709927
20 7.831611157479172 5.680354369355649 10.975673674952827 1.926944037246993 8.540725302414927 26.2027524812424 2.9836964999859674 0.39099798313523665 6.75178061040179 15.9347428026388 32.55684819541525 0.5087850468475208 0.03861500379498539 0.42816562515132883
25 7.504873164990227 5.865842292022651 10.699024579668361 2.298745465269619 9.381112124872063 25.425547246317993 3.0077721827318857 0.9140211083446821 5.1191507193151695 13.100218983188178 32.101102800897266 0.5066918834305932 0.05692856000059449 0.4257485273513549
50 7.733052999916849 5.907337788053423 11.192872318473208 1.842628950595386 8.54384502044198 26.168967458734905 2.990531483320603 0.4162007790892596 6.377069242479416 15.509916594599426 33.46223366188929 0.5099791985127642 0.026052519236161108 0.42795076693607903
33 7.273287967001146 5.835805598063408 10.954179606841363 2.1796832712708705 9.490450875754556 25.120068738066262 3.173818237343799 0.9374183352227758 4.744490587521306 13.213098071424199 31.617075744436008 0.5092392723795185 0.037992857892656065 0.4269071557671682
35 7.786474874244014 5.43169830564125 10.654027945753958 2.4161549835716705 9.661646149267597 24.90990374994693 3.0429442401587212 0.756818575603124 5.127015973936219 13.903746210354717 31.504130986561943 0.5078581284523469 0.04983323652426135 0.4266854169608879
55 7.2364914409393455 5.8740593735736315 11.234211605856009 1.7111524632997237 8.838685174646418 26.30278127433262 2.7706217500864128 0.46574632609935035 6.694075662093282 15.332328270623385 32.3491795677653 0.5090839338950018 0.041447046195714 0.42672530401507947
60 8.162033861418536 5.522845852383515 10.254652387908493 2.4710049495977873 9.167866920708684 26.293751512544418 2.52110218163907 0.5047314769779725 5.988254008035287 14.715451052732027 31.836722473447416 0.507478773886475 0.059007006715254155 0.42481184834271885
43 7.469696947036695 5.8377098487252015 10.690559190452973 2.073544234714024 8.725509437384673 26.074822783268665 3.021510158841649 0.6463860558504737 6.403790450218607 14.987502053433815 32.318774313908435 0.5090674351131297 0.032406558668101625 0.42829863052918077
45 7.505289916716329 5.89261651004526 10.911178925100215 2.0322746181748723 8.974428798377899 26.349977735406537 2.603598276744911 0.6453391136518867 6.519184581954929 13.49075510918053 33.610604678588835 0.5086614361438124 0.045296731391906916 0.4268943320047401
65 7.932178551848033 5.7687768802880885 11.39672101761591 1.6711441762013857 8.50495327993574 26.44751053325755 2.8296477785625984 0.6465337581381153 5.666528516805651 15.33615155839826 34.250926228187 0.5095913873089547 0.02200044752161955 0.4288322477643908
129 7.654163914744386 5.750090793679442 10.696471248252502 2.181765794912046 8.95486456418413 25.940342155702236 3.0200392691280378 1.1344862440339676 4.682381343728087 13.22631437586318 33.1920724881446 0.5087875712521898 0.043949951262025486 0.4269168476737533
130 7.704012284712744 5.739063407214427 11.151349244911387 1.9265713025094633 9.193120680398053 25.296150043548455 3.3107330634368455 0.7580194270783539 5.14473118511656 14.383349195414917 32.12066183417956 0.5098104429137637 0.02001735424638549 0.42800912754550857
154 7.8741117177494475 5.86541300365616 10.997755470767121 2.0313275314149037 9.26757340519228 25.390363941892275 3.2073430166142587 1.1163035065640634 4.764557624245798 13.024844514837604 32.73572222253099 0.5092299595256019 0.033651625357992515 0.4279416852907138
155 7.57169085934045 5.578371990225393 10.443572882971054 2.433845195809568 9.528049819533406 25.595560743926633 2.7849469070375497 0.4456614381068581 5.657348553450601 13.758514654367815 31.699060416757977 0.5099945689533301 0.017448548666798267 0.42795672839049215
69 7.283523313111811 5.750155107079025 10.623250753069602 2.2941697037531443 9.508309026623133 25.208819483242113 3.077040417475791 0.6818842660411455 4.981191474388561 13.189686178875684 31.410505280305912 0.5091836142107924 0.0389523676228401 0.4271040383621928
70 7.436423843376359 5.770105241133806 11.172841115467662 1.847349026682045 8.868852302409161 26.106442136851083 2.918142224860915 0.6399171641305542 5.790951886498347 14.419533683628927 33.22626818098656 0.5096481046241218 0.024279036080646948 0.428133730273671
190 7.244125142993113 5.608061869364662 10.787013817202826 2.1977571143989962 9.431209988394262 25.27243039316914 3.098116200265557 0.8665095938646752 4.832362336462066 13.76297866267116 31.607432435255603 0.5083154445188542 0.04514309856084894 0.42698613088646237
74 7.763159023971148 5.745350567552175 10.856526369557157 2.1289462947042583 9.329578615274338 25.67222804141988 2.9152596096741785 0.7842516010255967 4.710704204585564 13.340902621736157 32.73682885145176 0.5086307423936514 0.033491051514577576 0.42737518365673455
189 7.454014919690955 5.956179244554212 10.880105260046193 2.0485345761510043 9.119795352999192 26.70894640599991 2.370609797485855 0.43095936990051326 6.641635064403191 13.514866682321445 32.767924753988495 0.5091674537004568 0.03995080894264864 0.4271702394714118
75 7.633664534916623 5.6346092382047415 10.437913172533621 2.6091843269071457 9.816734125435666 24.949476544289983 2.9786946642285352 0.5004921700454884 5.821326291432572 13.796994763923902 30.34091883197744 0.5052667673317978 0.07087107321276344 0.4235186563673761
76 7.956844150787118 5.3593660552707245 10.519919488699246 2.5414378084751834 9.805257974110901 25.14710425665375 2.992774199442513 0.8354869473243325 4.1926705935729 12.956760740648308 31.71751513536814 0.5078478675428844 0.04987883187886028 0.4263886095850745
77 7.818983217042359 5.986308448398858 11.097957567902256 1.8945882286771385 9.170494132208784 25.603344519643482 3.084388541060917 0.9151095480042459 5.324350840228053 13.450394677332504 32.61695041070532 0.5077665776284842 0.053141402494457896 0.42531838930963445
78 7.551325783275276 5.773782973475224 10.969401114038774 2.0443313759811 9.318427966026972 25.601210653445683 3.0009077552800463 0.666134954514377 5.494565540264642 14.16527453007586 31.525167524051735 0.5089545715865739 0.03647017696877176 0.42731842710064144
86 7.673803596972608 5.681830097110472 10.313086855386878 2.487846202631118 9.16967630224277 25.30930881114966 3.1438602886480678 0.8979404796612515 5.055508128688619 13.348740257753695 32.48260851582678 0.5056037619319746 0.0659329016309123 0.4245078001895514
88 7.583278783900319 5.516377248458536 11.20535483039108 1.8666489166670257 8.951375316582585 26.417900628994474 2.599089666155353 0.5340026925132095 5.898507962345054 14.883535478143362 33.3293307069425 0.5096427814779074 0.031466171041036016 0.4266078445001854
79 7.970452618640566 5.405280213667689 10.943730181565865 2.4333891556000102 10.289934645214823 25.121545029838206 2.6535171966201085 0.8911585247262293 4.76782334676534 13.482267023598274 30.25417312666927 0.5085523724821304 0.04776744529537803 0.4258854222660135
227 7.512597787608656 5.404367625453862 10.763426262118578 2.3066478401320234 9.778621280168613 25.341772491375117 2.873548586730245 0.8206148107853881 4.435052301653922 12.902564708821023 31.62352542652004 0.5079101837255874 0.05460059547808719 0.4250468198637246
226 7.956900522827595 5.279827228908956 10.614607196323368 2.446050854107611 9.750103859972869 25.21069013331222 2.8226197927632994 0.5774784596275835 5.400891922222639 14.650701576153105 31.022499952029214 0.5052247839438693 0.07356481263690497 0.42319820513429457
87 7.612274244433217 5.707048453875763 10.592813326436696 2.2259163910264212 9.106739617407502 26.01847415155619 2.6352508753872557 0.5637622778714492 6.502425415704244 14.348469814256262 32.30793829991616 0.5065156790631261 0.06314482637132052 0.4244927875778966
96 7.380134731021782 5.662460858221182 10.951810554664407 2.15485114430951 9.618138608787445 25.070895948349623 3.283896343914019 0.8233136593276277 4.873132074946129 12.915015257823173 31.53135349639897 0.5094536263484883 0.030326279101456216 0.42696110980606394
97 7.236018137729192 5.711601537360962 10.782420148750541 2.1241481035886745 9.42459594766717 25.87221342230992 2.7726128834749986 0.5129584987074851 6.181883115951679 14.16371479248471 30.768956710292617 0.507400824498406 0.05733062506104851 0.42591495557803155
89 7.242533005939087 5.453761025492131 11.01714696853888 2.0089918515679206 9.200946490563048 26.39502462363704 2.440080766006883 0.586783029888036 4.968843050856785 13.753415233074843 33.739287368140104 0.5093658258434505 0.029511258211918016 0.4279841560614319
202 7.383461085034061 5.584741744404213 10.28154133772832 2.5337197525914616 9.680249097349783 24.650844528820432 3.3669185309659886 1.158917607422399 5.262672859351278 13.652676716420302 30.3094014019809 0.5054766425736923 0.07248460864983639 0.4234435448674556
201 8.05471289144285 5.386408300350545 10.898969502933454 2.1865916087169386 9.983168325009952 25.058366029117494 2.8724282294310015 0.7599172804619968 4.482719084527919 13.858571046806961 30.621860265931844 0.509167686801793 0.04043701226556113 0.42678344511706484
101 7.354858204692207 5.831217298347996 11.115300246546944 1.9943338812537865 9.139508727402433 25.93807180970281 2.7237317211165215 0.7050709543615616 5.802027051479082 13.486246792075109 33.38222346552682 0.5089676016616785 0.038790282334876455 0.42759092002630933
102 7.77148381777926 5.6222376721888585 10.537145170988474 2.330837463984355 9.031922201227774 26.26200157566941 2.591764486523428 0.6368100956803641 4.954968374682677 13.471794864270688 33.913942660720195 0.5101498081292469 0.0181856999962598 0.4284089693399959
103 7.720666244553881 5.906235134279762 10.947290742919257 2.023335688160032 9.492810958209631 25.77160352178559 2.7929081619316634 0.9713437992700834 4.762435927361063 12.818258435351622 32.254627777722945 0.5098978836797438 0.023440458078729937 0.4277677923276025
111 7.742662033339302 5.899761552035959 10.955902303627875 2.0427735079520284 9.342692313742049 25.15300423969574 3.3532862484102806 0.5735083861904483 6.062628984155136 13.609819292503738 31.471754360764308 0.5077304578395622 0.05649365203781506 0.42488044621935084
113 7.735428068924161 5.458824875204302 10.444595068379305 2.521921243802252 10.08270996085748 24.821554853234716 2.989028942502909 0.8188308641806938 4.421733403384133 13.05382323958754 30.11411067056464 0.509251280840511 0.03914786816450724 0.4272254088646234
104 7.213806983525162 5.740943158775753 11.399907811413982 1.8590631704874356 9.670063221358175 25.245978903577026 3.0109359473432686 0.6784333641245578 4.780677759062017 13.85191345256381 31.163006202966226 0.5098697073793169 0.02142738287004424 0.4287397236311544
112 7.677922427098269 5.634312947857033 11.084602358713207 2.072076753029931 9.42407566907251 24.984965386456338 3.3237185507050655 0.89010809447695 5.595144521764933 14.854823317492297 30.760356181086184 0.5062765056741573 0.0666966533492897 0.4253247010841229
121 7.77044965308664 5.6646020374976676 10.028778073129494 2.8188346092522427 10.030090062771068 25.195448815481754 2.8437803884630557 0.9859191625294292 4.133181588064713 11.208311269952535 31.32823759649153 0.5086407399249276 0.045653443040544556 0.42700746273105683
122 7.342958823747387 5.634648859759334 10.886418274907747 2.117557123463833 9.429836444089675 25.609532484035206 2.7930335833483038 0.5611558481273791 6.150116448378386 14.56046733136693 31.43611433373687 0.5054568956095209 0.06534207278473804 0.4242911563665608
114 7.52665871108379 5.496679192663311 11.147806934545573 1.943318002513269 9.503939221722398 25.70658364577571 2.769572669752995 0.8249625489485061 4.038108143274367 13.735867548934838 32.634597987693724 0.5074607266776218 0.0460243565713891 0.4261166375106698
80 7.296822751939742 5.690939392892991 10.931588301724485 2.092295295337995 9.398340726226952 25.873196771893394 2.6789404337721523 0.5586453329195806 5.588533572231578 13.10320083134271 32.52655531062587 0.5090925753542095 0.03369771523045071 0.42725211954151354
90 7.188592352927493 5.737160945117122 10.796204336003338 2.2708130078749975 9.705100788387407 25.233540519195717 2.9125789020873984 0.9400280582913675 5.03907210235369 13.086720076850074 31.43830282110867 0.5063574335412798 0.06026073833802532 0.4254548125761577
228 7.968925507030572 5.560876606030206 11.251220878873568 1.897322075344799 9.545985948256138 25.51724587273979 2.881822292733173 0.5218485815531746 5.324752452704489 14.236953193004632 31.690759373691108 0.5085745739595933 0.04048915671620429 0.427669559484301
81 7.4309745911677725 5.681982467982078 10.910754118553154 2.17206223441727 9.800224754198688 25.3252193332028 2.8976509928641487 0.5697734283377182 5.496670819350604 13.842317976723391 30.111377605035738 0.5040417827973812 0.07966584206062441 0.4228763457958726
82 7.5365430345623805 5.838032997255716 11.145238417055195 1.8932731308719135 9.386758845429352 25.043490649539944 3.379757633058802 0.7371936857513492 5.393439198641119 14.616072865611642 30.676431017063656 0.5076511896896838 0.05540107234469237 0.425231798945688
92 7.752549312958438 5.388634413610528 10.131354403943877 2.9590334181013143 10.543812765658581 24.76577943900341 2.729773302935943 0.9155739369925747 4.602758725237894 12.179268889720936 29.258191873242815 0.504986516711686 0.07671122368356513 0.421796986359047
98 8.06234484216201 5.4205467031135015 10.960104187548813 2.165258128529966 10.004957977581759 25.583306640606953 2.6016289482108808 0.5341712785928587 4.577970421946217 13.42992204769926 31.219570441964514 0.5087281002937878 0.04009912963112939 0.42760795518333694
203 7.78900041453392 5.687183781308566 11.110102987232699 1.9772869558996606 9.462939898586901 25.93353514812209 2.6109579663411373 0.6331696992970797 5.506364033834526 13.571253593009388 32.419630085947475 0.5088476198388812 0.032979798587970434 0.427213675170634
91 7.521668965062059 5.71534786204737 11.452875657085098 1.8498015370228316 9.88662052323108 25.363862405291197 2.83263378402794 0.8400842108139266 4.153324791641887 12.949418522070411 31.977681785288773 0.5096859603135381 0.02581475079707252 0.4284352378634013
99 7.6358596197123205 5.796248244813463 11.19399057370527 1.9277167591294617 9.586869892739156 25.187321518598264 3.1007770104511385 0.8177664337837696 4.717247065367996 13.595577040870516 31.70167560656223 0.5094983697805279 0.027655065766189695 0.4282163835413146
105 7.529801362082951 5.707770608114713 10.704609683881861 2.3250627163928255 9.840802857161158 25.670647987237395 2.5306199360404045 0.8490147517489463 5.087129266027948 12.678030867949166 31.808952882688793 0.5087723551748091 0.045163712213758804 0.42672570728551645
115 7.495308168452775 5.374016155584474 10.996517297062322 2.104016150758413 9.890138150024066 25.00718279716967 3.1194251329804654 1.1045444289195445 3.862192391483003 13.677927995415834 30.811745561129115 0.5079361515689729 0.051081305230404654 0.4255523644567631
106 7.708681888287571 5.535623501069321 11.331943460370379 2.0043722927640046 10.25745641927795 25.542676742817523 2.374647380055633 0.8565855717492945 4.462985935698365 12.902172601455424 31.329350860531626 0.5087565464767411 0.033911657081155386 0.42737817260688754
107 7.494154474862242 5.729438587764303 10.744005950065914 2.104087605645431 9.478627256357367 25.692590360361752 2.8289813765887275 0.5020640562333277 5.429968323362896 13.854482931023757 31.265379987277488 0.5097306013928137 0.02165916011185153 0.428393035672223
117 7.940321244788304 5.239142954740952 11.26389453953817 1.9980045194110736 10.154927454574427 25.12116629247315 2.790457181033906 0.7116748619430545 3.633432025754414 13.236030320250684 31.344466461447478 0.5100281261547861 0.0157384533713069 0.42869139683899554
123 7.858016705115985 5.371648357176223 10.975168989834357 2.1417110617039983 10.351436929465597 25.230915472442035 2.5813500307922745 0.7363070912715938 4.794977853567466 12.986638525856385 30.325928591174193 0.5083261132711734 0.0490487883766145 0.4266110556596102
116 7.700973022181465 5.5952397491914985 11.184637208702247 2.195994793927301 10.508388901329077 25.16254817746923 2.4542938703792303 0.8664883319265856 4.197593794436845 12.608586470717318 30.62554072499632 0.5088884285715813 0.03570861457677572 0.4274315092250636
124 7.093104139508968 5.688498303615328 11.359259715828221 1.8239043231522725 9.124495871704696 25.474324966593056 3.155653160757575 0.9626792880809419 5.230213386666238 14.210720923227033 32.7206137877096 0.5085724325366416 0.04534969340247106 0.4265662549137886
229 7.8156544520359965 5.434900274044738 10.623376516310056 2.1770718235036735 9.277361301331492 25.876241614393518 2.790080585381248 0.5253419819315664 5.620049955287769 14.583196288193099 31.60817223506544 0.507867885302327 0.05126951190045559 0.4253755290655188
230 7.306826235804937 5.94934612422859 11.13055853628943 1.988543940233389 9.465294216361672 25.91368477661929 2.5491301726506514 1.032542836702907 5.018144888413823 12.334488417007888 33.23149405372372 0.5081935246634777 0.05071626843850178 0.4266890709580099
83 7.300643259936444 5.473820565218957 11.15016123284964 1.8916446402996934 9.038299774320572 26.424502806228517 2.665772629374653 0.6655288294227614 4.848368900349919 13.475988521753568 34.03665573314195 0.5092084725468828 0.0240316811552439 0.42859897577411665
84 7.6642196710789445 5.622826515201159 11.08904406736241 2.0757827990202835 9.36120608351234 25.429968091882706 3.0522064836414033 0.620513471227464 4.9122209615674 14.331956289917006 32.17210550140429 0.5075092392251073 0.0544602761227348 0.42559152816885465
85 7.898470334427107 5.721377785072204 10.426429074754807 2.564959408631068 9.96641381824437 25.13157989352371 2.985763644733688 0.4449048048645475 5.801615238534609 13.932646432655048 28.97942249571477 0.5075032223484321 0.05511237655398218 0.42564103727706665
94 7.382634278612949 5.626934155524417 10.730645806396147 2.1408099761481374 9.306830708162623 25.06839640638214 3.2507566448067244 1.0838533631862262 4.741795783141731 13.691073435706166 31.98703887104479 0.5059207542596412 0.06777235638309864 0.4223402464490527
205 7.745377906754517 5.411268183026004 11.042778808295308 2.1103889256026114 9.421338896510433 24.766438089542426 3.422659553364593 0.9710259564929262 3.873743113252103 14.311517208680309 32.27037330923251 0.508605635755047 0.045496511399287246 0.42671970791841285
204 7.522760487113728 5.610582681802658 10.872485235565076 2.0601845433041217 9.08228763067927 25.896593799698095 2.8208438580371746 0.6699386239869777 6.187227479114029 15.593955006899446 31.48894115236178 0.5080325070134903 0.04683821040019427 0.42587834800454394
93 7.468029201510238 5.543770201485879 11.011111565579633 2.0393064783459156 9.36780979586797 25.661572002682668 2.8619957830578904 0.694351041828672 4.40526076716885 13.640659099143424 32.70502382403129 0.5084907467375182 0.03569569866477185 0.4279138218004216
95 7.7455238771428485 5.793960128041356 10.990497725592022 2.0642982617054404 9.30418850212735 25.617899965284238 2.9159116963528238 0.9945016055405999 4.63569053406272 13.181705359819176 32.58884486628744 0.5100666698345293 0.01962489771413834 0.42796191851485177
100 7.486727647754832 5.521092310919261 10.78378362320945 2.2241822421976867 9.407825603604957 25.892749093628666 2.6111349812354607 0.5519539026705743 5.694761553927632 14.165735067002757 32.00417567857781 0.5087196821427243 0.04111024299685284 0.42697937930481383
108 7.097009592124133 5.7855112360211365 11.120021726962497 1.8996034957373944 9.007181182345873 26.066685410478772 2.7475124346078372 0.6389804001610203 5.444333983018507 14.015843919880957 32.9873434429446 0.5099492316251808 0.019476654183323006 0.42831731452981286
109 7.471292214067199 5.49330879049992 10.815305702908608 2.133196406696662 8.96157539000486 26.272212013203273 2.667133360248938 0.8509590432481358 4.7359482544279 13.560669395780051 34.20134753594001 0.5087722324694073 0.03838587870865632 0.4266429505172852
110 7.617036897488979 5.626468477302354 11.108689491574625 1.7732887825329444 8.181015601094437 26.196180001145322 3.256568780277424 0.7485255600699235 5.59723933964504 15.933102725997966 34.195951620635654 0.5064822732304444 0.059854502225303044 0.42468341167090684
119 7.32330097800103 5.458690749233649 10.394607732895569 2.492433425561585 10.0191996903184 24.553546842248057 3.278461885857105 0.6736698022950739 5.631217634026511 13.712199082006228 28.909017952548673 0.5055224255848294 0.07276686164782374 0.4224283061874369
118 7.369347811598798 5.838273455998563 11.303528146151189 1.995722687757319 9.564847431552439 25.262198165082324 2.9610079767441233 0.812918909742377 5.098069949753221 14.08325260469502 31.35664175891196 0.5078497901227483 0.0463926006102617 0.42641446515945836
120 7.644664963348775 5.605229932658599 10.555533756483559 2.1571423393703766 8.416173103218554 26.95586120177351 2.5590428268826653 0.6283555835754754 6.0153371154641775 14.420794586244421 34.34689890835688 0.5080202444826584 0.04892567411444061 0.42611894653481364
125 7.706187810255118 5.526644808355148 10.957270886558042 2.1401537892784583 9.819540301573577 25.195187251754863 2.9718490121894394 0.6395763057268056 4.596168087428587 13.050708862417512 31.59985643726867 0.5095647941443705 0.029446404074355143 0.42735041900788256
131 7.77690930423539 5.623792958366349 11.3446935909048 1.9000380531791667 9.866740955629147 25.428369582400624 2.6972216367441137 0.5443824189746632 5.194510256675343 14.079394424747926 31.074432330072568 0.5097654537338756 0.025061875864909135 0.42814266450251137
132 7.722963668423692 5.6627699662345 11.011537434364806 2.2447026920000437 10.218394523504072 24.984009624704424 2.8362794504701174 0.9332637045451148 3.5895893621486064 12.278876119574537 31.187789005794897 0.5097046818272108 0.029283581423248516 0.4277547883292509
133 7.8240873582155945 5.367390404472892 10.831961412933685 2.200579023315896 9.616088498585052 25.22241210714216 3.0801454187286854 0.688174958900018 4.117888588849072 13.754945469316413 31.973677070958644 0.5085727588650395 0.04261840159038312 0.42682896105597623
156 7.6039149020493975 5.584995266535828 11.49435306537616 1.7306328277087706 9.167727507714375 26.044359428457188 2.6675605461863032 0.5777672760234326 5.36738100478103 15.456160810422091 32.574078774092854 0.5098927091591698 0.022826437296458765 0.4282083404933912
158 7.853069353525962 5.548303209649164 10.383202711681024 2.3841233604300993 9.79990357739706 25.6448255588357 2.6530084226445436 0.5901646672575481 5.518663984297308 13.711403168796197 30.687709187989796 0.5072225384796478 0.05657735743015331 0.4256949144171874
134 8.05396522937299 5.667371901558897 10.951376278287762 2.1215244398673563 9.758037026536144 24.78497503680631 3.2907490670678428 0.6821983253375091 4.509431378522393 13.798012042140924 30.91313818507124 0.5095035496197936 0.02893145598630776 0.4278738575802732
141 7.317975220334317 5.760511725817097 11.292909093431769 1.937279192611488 9.431523902263692 25.6433485844916 2.7475979211570216 0.9300167020799824 4.665835710381852 13.295246533910744 32.806325601388096 0.5082896745632003 0.046494330652799315 0.42706484247194226
142 7.479901957772714 5.776404967571007 11.122077935964919 1.9959067020937942 9.748617114139341 25.700290024840644 2.6315208467005564 0.31541270334380384 6.312075602616393 14.44789642930097 30.532123287665293 0.5095928136677983 0.030990834841983523 0.4279757445676747
143 7.7014762734494315 5.877879122674002 11.231014372618574 1.9035664455385664 9.450898572126471 25.80625675831055 2.7620704228925086 1.1478504915796899 4.086569921674719 12.283809349329172 33.52189873541746 0.509992489991221 0.023718972336592925 0.42849184046839844
166 7.705500193917194 5.452618421025781 11.066079657230613 2.095401906170204 9.789349945752681 25.43638482819449 2.6490248077189285 0.9597171113379085 3.9383774878447113 13.413815847233709 32.352227315040764 0.5089664257876456 0.03744336487998901 0.4275257938189221
168 7.34587355844621 5.861728896428485 11.267823264463594 1.7877491372617538 9.130292711523857 26.186600389272357 2.6307200490796907 0.6989530435553478 5.728645970926482 14.032683943744939 33.0390041316561 0.5088805556992847 0.0402868075422518 0.4277404006972918
144 7.683627883505375 5.595468629861806 11.038427793561821 2.0489767334418256 9.445858420368104 25.77726460177306 2.6842797865695434 0.8108914192565101 4.490191050079803 13.241569664385052 33.23203197853467 0.5100804949512426 0.020984915793217065 0.4287636465242687
157 7.483811029875006 5.703780429841059 11.16314101865269 2.0244108378245818 9.90046223205294 25.706069738597165 2.4694240117286275 0.5448018677492257 5.486420944688686 13.386696210032147 31.429581598398663 0.5088514544191374 0.03661982243340641 0.42812185767111
176 7.667497265369635 5.409087580377236 10.856866921738494 2.084514679002663 9.063549952696002 25.60746617734025 3.089488454425124 0.8247725055621157 4.199350833975099 14.487535535797166 32.981412048452874 0.5086330280953852 0.044864114549979524 0.42624420195541485
177 7.389977910535134 6.0200066525997045 11.29670372697171 1.743823168598487 8.88314034980942 26.119286857499624 2.8249930556115457 0.8598329625221173 5.677471211975853 13.683201678511958 33.79329841117116 0.5088518059654615 0.041426034966800016 0.4269870511379647
169 7.580078565379713 5.593149400794159 10.75202507480721 2.3706651286378673 9.84746541744362 24.96732430865749 3.025911473100199 0.8478569892079159 4.421077172739569 12.759201282297989 31.683851621558393 0.5084482548154888 0.04434892179257931 0.42670378610247733
159 8.076764639741443 5.521854049050707 10.71198644714178 2.2394400794639155 9.121355146537404 25.56074955053474 3.0970765220197616 0.7876678054729473 4.859849433784964 14.533664490929667 32.41035702368287 0.5087211738009363 0.04635895728423334 0.4257825170761197
182 7.828819310833062 5.650505679995113 10.498430168386294 2.3912069610328484 9.721510804411142 25.85453902644906 2.5497613133987094 0.6502828580440924 5.45918555413337 13.349161780909947 30.952495328374305 0.507480886036559 0.05854024420088979 0.4253682625848532
181 7.908674317840843 5.449199211990142 10.817730954851244 2.1803010851184292 9.90704357122005 25.21750033905856 3.002441251959522 1.0635263461723052 3.906012656093491 13.172867208868885 31.0804933368332 0.5079816200365165 0.05305910389499883 0.4253516865998534
167 7.3036441591709895 5.597548807148331 11.056852860844451 2.0673266017974163 9.434374015285174 25.74973095792853 2.7145072359992546 1.0529460672023239 4.535976999673659 13.07735460632649 33.35822833095832 0.5087216863439562 0.039736040888507115 0.42703407506013763
191 7.707780321613362 5.738348643381702 11.215453638164506 2.0276781762327505 9.832372273996974 25.374324891141747 2.6360964319786513 0.3878634230410914 5.692815994957112 14.31867189290219 31.027960860065782 0.5092443204688293 0.03234228052098235 0.4282231647113629
192 7.829738764471342 5.85988665774735 10.640778677373815 2.1663248898019964 9.331882296300165 25.517097348106343 3.038901933634312 0.8063470101965986 5.04990347205824 13.305696442096748 31.879821513807155 0.5088906196964849 0.0379134728830765 0.42755249146489455
196 7.302171217237738 5.589642278277709 11.097825500435825 2.005333919024 9.451792075869182 25.216610811712567 3.048746765162627 0.7749922093213546 5.189485758886212 13.791286913042958 32.22211072351526 0.508817200451813 0.04249783349260356 0.4269582942314999
197 7.3983101992691775 5.779673383548214 10.676361109769713 2.321919461999166 9.741364192915144 25.15900770958343 3.2377080450499647 0.897451750507437 4.5479405131468145 12.261643695963288 31.18548783266643 0.5076139506794062 0.052659598445858616 0.4258081456869402
135 7.813499289808497 5.811144966824435 10.792689430834724 2.098643370683846 9.236201840459634 25.330200305064785 3.113720420365132 0.746375643143432 4.962538905524416 14.078541748828977 32.20529065416498 0.5091280818926633 0.03402901833932738 0.42775406061326476
160 7.478212043506206 5.7965927944652025 10.977554527729053 1.9736679050096217 8.835998840812923 26.18103256110221 2.917093346706374 0.6758928389666119 5.499584166319001 13.889386912604682 33.544731804745915 0.5093469796057069 0.02713221220300698 0.42808673492891997
184 7.197631882391524 5.6315612167598825 10.722393087019746 2.1551061510588885 8.900697703280764 26.004674222934966 2.8690796468897233 0.56486769223307 6.812169653997962 15.263406046675506 31.613886584710137 0.5079645572549385 0.052543063600289944 0.4249223289828969
136 7.414493308737269 5.938675730126391 10.903986534824472 2.006423775819635 8.551556592722285 26.56102532141763 2.844607752979186 0.5833118938023614 6.780080116172839 14.334158078952655 33.55351825358611 0.5077316482240098 0.052841748789808025 0.4256206784635883
137 7.4870725724788105 5.8327515438400965 11.053381634770197 1.892295361370748 8.520077782226265 25.587515296008824 3.491534818016407 0.36115270396803195 6.555337220963723 16.22287644169654 32.0543229148084 0.5087273832289337 0.04024596996916818 0.4273029163307783
162 7.652102668061476 5.937870511696789 10.622181854230886 2.278231919029474 9.099650049514496 26.106479818340873 2.703345939457178 0.6938946248522123 5.794219805717036 13.039252636781526 32.99834845100563 0.5089871360348813 0.041121760632823814 0.42668998205321695
171 7.224141652853205 5.853688779281904 11.108260095783136 2.0714421086418913 9.608941027671312 25.47959845072455 2.873132116964104 0.5362921101333564 5.926218560260286 13.59155548558008 31.297136510073482 0.5084698461659362 0.04366476835077392 0.42570380176350237
145 7.833919052328422 5.796279074909903 10.805335462855473 2.1379868218667726 9.176345057580798 25.76931055386084 2.97473053540817 0.5464102184364497 5.465960443058767 14.127628772687068 31.963990596732383 0.5084581565288289 0.04647310688597422 0.42673147396599376
170 7.73584576196745 5.681318261605002 10.736123308341323 2.1321848993882675 8.930684626375854 26.27990239478516 2.7362023697181472 0.7654825306232533 5.3626151856503865 13.732483266717226 33.577358906703516 0.5089969717334673 0.03226651524501492 0.4283950359183523
146 7.697775214504851 5.61902168452408 10.952186930350313 2.1426542784953364 9.488952259577951 25.605572068442967 2.768576455709943 0.45722607835338336 5.396932616389083 14.052164558089679 32.0140598079778 0.5099094116799884 0.02212307767915321 0.4284105706818993
147 7.958807072999423 5.620364081876731 10.775207939083995 2.089306687526899 8.901807216842952 26.467782631711188 2.6198111715667736 0.43097213403546486 5.8984166743408855 14.621551680375658 33.060810191023435 0.5095080556878875 0.027391078252171876 0.4278833396450616
172 7.58809235949246 5.955063477629712 11.190863881896066 1.7520199127510176 8.527965345974913 26.617587314470462 2.785975865635743 0.6563670115758905 6.637721816794677 15.177804925209237 33.0594492972567 0.50876531405184 0.03328110412117005 0.42816676085671346
183 7.686462359802214 5.866275621907456 11.132481233624318 1.9906476362876036 9.476515708601855 25.0537347852439 3.2477024216415806 0.749946136049501 4.946213234082339 13.810030485877354 31.428932783607483 0.5088699956042012 0.03551963981907006 0.4276163005844076
178 7.293573000643131 5.764248926206208 10.646161126108577 2.2733191009004265 9.307657310964862 25.624378522731014 2.920638206627381 0.4291274536282505 5.827881738777075 13.432833010331674 31.905438028615265 0.5095552358831926 0.024576478450926968 0.4284476260763352
161 7.509862288438387 5.922203205030541 10.440637715859753 2.2645771464268214 8.951431680126317 25.946927482990816 2.9231633960940764 1.0748912034557674 6.126467721364541 14.199405409874672 31.5501597979955 0.5073552092730733 0.058095507113632275 0.42445700591739444
179 7.7336862257451395 5.739875184752846 10.990085576906717 2.126098842649747 9.169944937495696 25.724149504192173 2.9370914337082383 0.6753460774937552 5.539318414306516 13.599705764171784 33.27330348925551 0.5092858594600311 0.02514892627309133 0.42803441851150653
193 7.75219748060551 5.436946009614123 10.781701612194697 2.0948127253263067 8.49742554307366 25.971066261498134 3.332780111197906 0.6360278769454437 5.428582798254065 15.596329863751643 33.0018739790792 0.5089204917365863 0.037112050928684165 0.4271165786391078
198 7.312712563016861 5.698600875333409 10.697412922785304 2.311328067260069 9.395359840348886 25.32234063059126 3.3446017155691776 0.8614683485775338 5.3105186860640385 13.74724119399044 30.697366340466107 0.5067824689765164 0.062438277118738506 0.423608152513329
185 7.452721919620649 5.799663843435813 10.836635626321675 1.9884364224506426 9.137575025958093 26.028802657393676 2.7044065418745666 0.7784447475673105 5.420233657449283 13.84788225461009 32.79255543811716 0.5080510743315834 0.05157196005174926 0.42592245953320007
175 7.825561212245196 5.502723971591557 11.013599460596092 2.238330177849021 10.340181414352788 24.937552457882042 2.8416551981274325 0.5270072030719093 4.815222925359945 13.608578935569625 29.525398325810126 0.5096496360570599 0.026583768566593537 0.42850835114889574
173 7.588194148587843 5.5602061648940095 10.850306891638349 2.110265081451755 9.196157807506196 25.50423130740698 3.0855682897601686 0.6225786790656145 5.357742179366119 14.463015078447983 32.275049472249485 0.5074920085145386 0.05139621673384828 0.42540086297971835
138 7.524101121968139 5.922545670452705 11.002409214095456 2.021752729151865 9.161168555274832 25.126801895203634 3.3374407378138273 0.5501356106927043 5.956413968404074 14.621448956622949 31.62232544067446 0.5090032757809544 0.038915763143423564 0.42707889783572983
139 7.541469209580386 5.7314206184664025 10.91993189620425 2.1161868994231794 9.337428479844636 26.107399371033065 2.554453021534909 0.770980905624467 5.177847723629393 13.357359083534282 32.703142376218935 0.5092284450619309 0.033912997000050085 0.42771344078257795
140 7.63374137884059 5.415052948405297 10.675825322134074 2.416817494318315 10.137123947591428 24.843007118577415 2.9824771371156893 0.8152306512101023 4.416956916922797 13.064781432244697 30.29834220204846 0.5078736772075355 0.04925843555596937 0.4265915068515485
164 7.828094576525834 5.826536333579769 10.724305788754997 2.2028656548534755 9.253685745968246 25.34231347721864 3.13601922099817 0.8530561208818347 5.0233710426863825 13.976937010636105 31.91022861499205 0.5070214711401356 0.06216571251209807 0.4242117064122297
148 7.411381090518869 5.672646261226852 10.660606445140335 2.2949796926809696 9.442147749723333 25.459201864874462 3.015195646289092 1.0249511973460403 4.749890421863 12.740834699311451 32.37573392784819 0.5069865879508693 0.06239821542552789 0.4236382349028874
149 7.5780243629797255 5.5068368323935895 11.3931872356126 1.7889912803120442 8.875206435001184 26.003404168109004 2.9079435074869684 0.8245589949989702 4.999892229883563 14.990250293507764 33.62471869494266 0.509264289243169 0.02351641795408145 0.4279811510627889
150 7.340928185948979 5.631232362670692 11.048457576334936 2.1236279331550083 9.993878560565244 25.225394809458642 2.7731698971996797 0.823938550489099 4.750947215879689 12.58959975061206 30.973471347571817 0.5086615767278533 0.041424728298130285 0.426554674312413
174 7.712426984355199 5.6150481422226175 10.792930537705704 2.2796119691091943 9.455572396730494 25.125640519423783 3.1287625191493236 0.7971575042296076 4.514883703210525 14.243607578650307 31.59967799750356 0.5083618838677763 0.045230450924900814 0.4259399625189954
163 7.7650684173501086 5.713177137099585 10.115943297973592 2.706897007771331 9.76397481317442 25.019728077064798 3.089657131682515 0.5770099595045943 5.5242961313395575 12.968384932527446 30.366177073295326 0.5065972935315143 0.06404409947776031 0.4240172831316921
165 7.1380885138067285 5.899153458613856 11.24128773721714 1.9059974089250025 9.660438718925414 25.39438140171145 2.9458575573364376 1.1355358264066855 4.3295117642170755 12.110854942343034 32.54218033403688 0.5092283197622726 0.030640835554075832 0.4284804134973854
180 8.153513800439104 5.5327512314818215 10.81928971298108 2.2434046100091996 9.561691527590362 25.562894923262238 2.845667205197183 0.8141767650246763 4.556031437426255 13.641646594807865 31.866455035114594 0.5095814650921761 0.028744161496557622 0.4277723835109201
194 7.522205295081585 5.776543065275798 10.85617149866109 2.115429312087681 9.096794757088873 25.43763170918108 3.3362025988629536 0.6731932523164365 5.020784408875524 14.046020393711128 32.25469890709164 0.5080426675685765 0.05076267260441418 0.42582870719006377
195 7.7813983520617205 5.52084049640486 10.855964337495696 2.443444985047679 10.571351723603883 24.25088298110886 3.2200133004564497 0.836724410271973 3.768631158531558 12.273855289081773 29.5590404303469 0.5066460295332513 0.06129916467943108 0.4246100306867821
199 7.541259646017521 5.462647333423937 10.785915540351633 2.0571259799864228 8.990668548030545 26.163893099419525 2.788800957519537 0.6923730225454139 5.324715744066197 14.168623344949566 33.24095171770175 0.5099329634333916 0.025051341119191384 0.42793291075483125
200 7.771614867624185 5.675939822220252 10.928039025973801 2.2022490198779967 9.888121220614542 25.509303770404898 2.5929051755492423 1.0472411072930508 4.804123430507309 13.096119422212135 31.582822829477696 0.5093463374336492 0.033957431214324464 0.4281226271087254
206 7.343341396114557 5.635351836557747 10.918555508838914 2.2754818430656525 9.9969863279406 25.103636042624586 2.771616115684488 0.6795967168109619 4.687762873092678 12.957885385606033 31.455576056840844 0.5081325688038543 0.04936408152309728 0.4261200138814542
207 7.486290547395937 5.587715763454435 11.181463540937859 1.9030767932432793 9.310901690251129 26.248315287261 2.475794474070395 0.7276179916411178 5.059733257338163 13.992913725444636 33.003322569724254 0.5095185647056166 0.03627289315419785 0.4272890149729344
208 7.902075745212976 5.699150005191573 10.404711900450279 2.728445717312386 10.498346576900087 25.18509106404158 2.4846641979461634 0.6973300067775429 4.52778249155454 11.445698251013319 30.417521127355435 0.5081266766475426 0.04819131318744961 0.42602034367871544
209 7.153936195985672 5.922719799483907 11.368395138574007 1.7691695817674715 8.863106450304052 26.393695180423766 2.7386922207146513 0.45745174024439117 6.704294744039239 14.587986221123598 33.12022036198096 0.5086169302193025 0.03855224613529038 0.4269959210964589
244 7.612316047229844 5.923604953244031 11.18844468736257 2.005184567675713 9.641421779565354 25.366390154631613 2.919896058333213 0.6898691932620632 4.949802212920085 12.946742498984383 32.1540525940375 0.5100520076925024 0.020627573940788433 0.4285939710988857
243 7.807571482326002 5.509345931621049 10.935370538352341 2.0764141104002283 9.286546047846771 25.986751029819064 2.628881757852477 0.771742889529918 5.291160908881379 14.646959996345444 32.41146665333063 0.5097356957798503 0.026958029426959268 0.42807015732345916
242 7.7091546294344555 5.836089468959525 11.166560811328521 1.9550546471097823 9.549736854338944 25.412585339593612 2.9564366850272714 1.0122948990721872 4.274622344481679 12.798361344717762 32.57846497289963 0.5096632747681595 0.024963032994260403 0.42820283190298253
234 7.494154007152295 5.704256468698801 10.662303257672743 2.259446852106323 9.148214726408737 25.802515487406726 2.8409930970295916 0.799217301718552 5.054177926928828 13.526413610513336 33.105070633445926 0.5094844550714301 0.03446889632347662 0.4276136318670918
241 7.783569420015308 5.309544463723527 10.907490489231247 2.2775271325612705 9.943203218472926 25.550849730254104 2.5296103728777295 0.7782249736961849 4.378963403745374 13.095426611687214 32.28204260094154 0.509028309081026 0.037162672075271436 0.42792601127939206
216 7.273988865836793 5.821848737138674 11.557166704784406 1.6335805108295602 9.034841039987185 25.693999340940408 3.0327011742295986 0.7381674822447194 5.350487034237792 14.8651535139839 32.743020734791926 0.5094901855600993 0.03284472974404019 0.4281491958635853
217 7.729433918557591 5.4123258814771695 10.588402429355265 2.466921913673405 9.89346128878525 25.21160007107405 2.838384363658733 0.7770548720677355 4.759829222425335 13.518957084356598 31.006571717627782 0.509134900554733 0.04361597115476217 0.426431194268332
218 7.645115095387663 5.618174942803008 11.040868117622797 1.896077692287529 8.850879242478495 26.08689174605179 2.787253988111062 0.5803074498339534 5.7689570946973925 15.620861796393413 32.87883792308085 0.5087935782745227 0.040847798212075605 0.42671657186621054
233 7.436343529397768 5.35206456333336 11.185499268169366 1.7819260360583682 8.681046561482122 26.32091787820673 2.9823568018024718 0.697303753253671 5.272189308916618 14.734489276672912 33.961753351833835 0.5089656330968155 0.03750854213094719 0.4277337685930576
219 7.418035915784801 5.7250031217474975 10.9213102183013 1.8870215468452693 8.57315212005532 26.48774602384669 2.773797861642456 0.704223383376467 5.9168729006520095 14.95153924208508 33.684387035468994 0.5097817427352138 0.019640558023759025 0.4283242668603181
232 7.856545031303169 5.693030225125627 11.276809741578758 2.0536222878538335 10.463876160701044 24.947467630068722 2.641494506473787 0.6011837809356118 4.670670768507987 13.22241075165579 30.085593405168513 0.508969180939307 0.04172824642330154 0.42707613146624257
231 7.46933101145512 5.71603131385904 11.02082352048979 2.003083818192788 9.714694075400407 25.45638598602785 2.865373136969547 0.9341981838899663 4.239279000543698 12.673340413423121 32.15692406163294 0.5087677353338441 0.04130833919988819 0.4276029302501686
236 7.553121564799467 5.899426718370143 11.018306072965503 1.8767000258074795 8.464453173896853 26.41039024301461 2.9478971004752035 0.7428854682628556 5.96301996434998 14.405145654162524 34.120708934548176 0.5089169423525822 0.03535965961132603 0.4276112715471152
237 7.2384056717695024 5.865122679357185 10.66880834315989 2.2300601505191846 8.880596874721563 26.372623193820292 2.6637706335161426 0.8532411184407042 4.984764778049381 12.604929347176236 34.689703708953544 0.5084398351068208 0.047160756368314266 0.4253925635364372
247 7.402258522292049 5.829008493187867 10.439940709257069 2.4258064994527775 9.630384625612672 25.599016092675487 2.8560093878047605 0.9512268292530965 5.13243346384231 11.732335265449937 31.88567391021057 0.5074240563229455 0.05721205823223947 0.42466888070739617
210 7.66415054503285 5.9384266377114425 11.214318520376745 1.8630438468716946 9.134272889752882 25.078642456737143 3.586637414395008 1.007188648339327 4.522755755088677 13.704357779873176 32.077499618344724 0.5087676305385349 0.03768795939653239 0.4267398406561619
246 7.872731818819938 5.732706475727936 10.782967415943025 2.1732791406519625 9.062778088270672 25.728897381451603 2.956206996190524 0.7440689369941533 5.130266239907707 14.299363237245956 32.780586177892026 0.5090545991115456 0.035522080824639576 0.42798371644544636
245 7.510621231592557 5.846542539422492 11.084875802070183 1.9120752343211889 9.09239934303532 25.548636701914088 3.192784336232818 0.3811075123034077 6.758762774793622 15.395517727767679 30.876935820574722 0.5088663251424017 0.0413844862525579 0.4262330320975643
235 7.736474774209712 5.622217478773697 10.4540553363382 2.601102961631184 9.728748401985593 25.287392140604467 3.022887284835535 0.8827396353169201 5.308113156711489 13.346074291321957 30.217888592288748 0.506844980910762 0.058306585423306356 0.4256652210223694
211 7.802225717518724 5.613866687863945 10.518789019116761 2.371244133142627 9.521726180578765 25.617474932399478 2.9282632140340854 0.8849737852614118 5.299589291152016 13.670620420304914 30.54399481786157 0.5085294394874058 0.04400800401233249 0.4260478416000795
212 7.566525811840487 5.647561658103772 10.544081824560923 2.4263546741954665 9.354935128132597 25.484931885747738 3.0042831514526993 0.42699864199097004 5.5745930458957895 13.910635786350888 31.390231220330215 0.5082893954077987 0.048211030780751875 0.42654528747939974
220 7.566010439365256 5.676384832525004 10.7214980959421 2.2895537069216005 9.19093939656867 25.7319129707869 2.8043768837228082 0.681444176607424 5.109722766844114 13.879307470573396 33.01892521097095 0.5089653749384228 0.0392199010331963 0.4261730635843033
221 7.881589938154691 5.668169468928138 10.955979795484474 1.941541791050914 8.812160110724879 26.285177405877217 2.7732634038670025 0.5896379770719671 5.334046767026234 14.833900510273288 33.251404344537264 0.5094417041590601 0.02682716558821242 0.4272350997595513
222 7.519824071638886 5.6075878342838275 11.011905270405553 2.082527151945762 9.237183917429642 25.511122280001928 3.0436095934716754 0.6090680343208886 4.914454620300563 13.713145900787914 33.09331877194486 0.5092539743553394 0.021670458118553153 0.42793304238938384
250 7.666820534193349 5.478759201691877 10.895828209487826 2.2924034760594014 9.827282091268131 25.4873949662977 2.8112010312749045 0.583069270985326 4.898514755072731 13.400573211872416 31.378831615066176 0.5075945818251892 0.051952646427760395 0.42565453385633933
249 7.739627784890326 5.404869318202517 10.743245652852943 2.378045297338228 9.94942036965609 24.385035498331934 3.3031271067970054 0.9031997977562685 4.470267735066192 13.811409898884646 30.278236010919734 0.5052459315267052 0.07466989605110215 0.4229344407152443
248 7.573213122750553 5.6307526672576005 11.06517624201943 2.145410729240009 9.815317908297562 25.035517678470782 3.306043140551089 0.6886970245750409 4.487738098964701 13.354768203298594 30.492730940660643 0.5090213669189079 0.04343695375910563 0.4255623710796681
238 7.474712841953421 5.738549645160587 10.933554812642075 2.0644288612429027 8.97382116580684 26.234997659079337 2.7573676491839567 0.5685934732364684 5.594950373453309 14.229765081642633 32.9902216664154 0.5088266208544623 0.03766784039163233 0.42741259826199823
213 7.621749633808572 5.843714093596635 11.08800450895465 1.985312870070577 9.270702791924773 25.93641748092886 2.9161908706079234 0.9382941590473448 4.271075386246186 12.71740303698452 33.13330225442943 0.5078004987166281 0.0520924674703751 0.42554544599397015
214 7.514355519336222 5.755261621278336 11.305342562507773 1.9894142991703558 9.606492889801055 25.267425202338504 3.012068335525756 0.6083354895671047 5.187404810373597 14.250853965831046 31.249578540782416 0.5069900106957982 0.05464991892396958 0.42556591466059185
215 7.78287438713736 5.205827620991126 10.515061105110087 2.477310164471426 9.71636177194308 25.04138289234469 3.068085809290942 0.8397162702152504 4.522995466873743 13.698275092673766 31.640986621998955 0.5056783625261163 0.07240880327483357 0.4222144612266076
239 7.822573916489679 5.539110351234957 11.142313347216353 2.0715548251173583 9.943212442274817 25.13462289181956 2.8093117907167366 0.40542644414700674 5.9121821065150515 14.835827980855333 30.097342355801427 0.5067717822617462 0.058911845072967664 0.4257717404980707
223 7.716052037865275 5.584102181544358 10.67365551579761 2.523581425740882 10.460326748199535 24.23368793244683 3.0343863975056573 0.7547652228890525 5.226735907564671 13.357117470813645 28.902954199943128 0.5048473600293233 0.07091670411356255 0.4240411665700322
240 7.391389241897192 5.607919879847003 11.186630907080122 1.9230007435403043 9.415203476511106 25.715931643579367 2.756512383213955 0.670142622700622 5.062506565026997 13.608985863644527 32.83571641022115 0.5088255340614444 0.04435541272621494 0.42693149318802365
224 7.876594731323696 5.72065529270877 10.843191227671623 2.3297518567842075 10.338183966747726 25.222668167586253 2.484063473141908 0.8773642665431493 4.592699408747802 12.177241436804767 30.75642277628998 0.5087731159735144 0.04135079781232998 0.4273295176677197
225 7.594092723266629 5.654907099551082 11.447111641704351 1.7217499048993097 9.278579373596756 25.859493454117672 2.7937169429783686 0.6826244783990146 5.285056489707788 13.924777056592237 32.99111583578179 0.5090850741580452 0.03828943073035801 0.427132487969225
