# timestep 500
# phase bcc
# id f1 f2 f3 f4 f5 f6 f7 f8 f9 f10 f11 f12 f13 f14
1 8.217103248013188 5.6781316601405765 11.431037062567977 1.843112851009996 9.585741548339847 25.148689126087547 3.035511358308042 0.6878700939048382 4.888826209019657 15.05748893743001 31.039949010941005 0.5094491422923222 0.031953799352890826 0.42715441709460833
2 7.529892830575061 5.877198298207477 10.884078229553078 2.1979975510590437 9.940849791226395 25.36708582821482 2.649294187096971 0.6017909277100869 5.286974709761621 12.521424116881192 31.423864957776964 0.5093306717754795 0.025707036973175737 0.4279005547077832
3 7.222695830954821 5.791063031723582 10.856737445830037 2.2325620035997695 9.774838613478934 25.47343959805091 2.685733177347298 0.7319570553146246 6.278994756858426 13.7662051653796 30.21278463621916 0.5072654313170548 0.06100924101376739 0.42416924031598263
11 7.9301923943093735 5.713762201513982 11.439651215544203 1.8866640859336885 10.055450277692575 24.778817160695002 3.0586109053131865 0.7554357344053702 4.503321978664933 13.434289185368796 30.62096078777619 0.5094059115244253 0.027629053082863127 0.4285163902468435
13 7.348215142787501 5.901599314425195 10.890095895512713 2.091031144843663 9.356579004349106 26.049522389306293 2.6350591539314685 0.640939112557283 5.596339558668287 12.927215812620668 32.73001908275339 0.5087670330272844 0.032126702054485944 0.42775043333177615
26 8.118993262984702 5.535389859255117 10.959972426567202 1.834523811367963 8.381046716931166 27.10647501035162 2.479693845376254 0.6568929671132612 5.621102626827201 15.494368373963296 34.26664695015476 0.5081764874902546 0.04744362428532942 0.42725155242395635
28 7.378466540744681 5.693392399316206 11.406292036842212 1.6259872696037665 8.547619508314341 26.744811929503747 2.5947431708554016 0.4385105114693694 6.8801313838060905 15.350589652863077 33.74784719413997 0.509657274299684 0.028244723987542533 0.4284595104135812
36 7.508098910287498 5.4917952932732215 10.641760869297048 2.2671791013408664 9.37301919954203 25.4889678132136 2.870066338995435 1.4736700518602779 3.9040200822873197 13.356712191388771 32.60790082861725 0.5064020954678278 0.06136492942782493 0.42557401441187304
38 7.553224227210815 5.234021419777918 10.458790358424514 2.433616674340176 9.357511274888344 25.7169274908366 2.811975504491308 1.0201914844683881 3.903152816699352 12.944440804223392 33.46274356338483 0.5080553029822737 0.04531435280734704 0.4272295677779613
4 7.805676687672448 5.351292581688948 10.697776793697747 2.2171645361524197 9.521865528870187 25.12298817797709 3.1206528524611343 0.6051325751384846 5.891293900155615 15.25121561119676 30.066717768807656 0.5054300092002136 0.07464654758916885 0.42329450344463593
12 7.764689154108898 5.554954902912736 10.96020952419497 2.184023860026546 9.710936372905898 25.242605650195873 2.9402106034925084 0.9958278855787392 4.224679949808829 13.123078363088823 31.88437230453402 0.5087715082998056 0.04053587200588984 0.427101194487231
21 7.796274361589947 5.45236808688054 10.745164744230467 2.3960972858996095 9.7663438801313 25.005877181926262 2.973550731370814 0.9550962503637694 4.042573347694246 12.950618741771576 32.048671667930485 0.5093619952062993 0.03779873284780101 0.4269952605476901
22 7.433199576788647 5.759444861724091 10.518179348479025 2.4458866495797187 9.663314460946937 25.572212716736203 2.8431456706762086 0.841854777034303 5.307733953065273 12.384125482762578 31.456586547634917 0.5071644844622807 0.05803901272927335 0.4252538784438359
46 7.559659631794445 5.880572742622397 11.188893837435192 1.9583657099594889 9.781633546586718 25.538809804776164 2.7369470286766724 0.27486101805406016 6.472612690895341 14.25979591021733 30.257442526779805 0.5097237502670543 0.025223104722102697 0.4276494147958598
47 7.66186787684082 5.659134016559704 10.881067956513975 1.973318598862 9.038178490901567 25.32441307757684 3.342253665760263 0.759130659056511 5.696625958433116 15.634311186676802 31.148509111074812 0.5082312750357666 0.04842498755952711 0.42610150429332905
14 7.826682796913532 5.278951843944012 11.006291026252274 1.9243989013219285 8.63290108493633 25.86211825441809 3.2475111825854075 0.6972943480051982 5.076248318398224 15.70502556140376 33.32982435848206 0.5072616035845768 0.05353942847555835 0.42587865555316684
27 7.4007237308894185 5.796811046063118 10.709148928608963 2.284954493039959 9.905657811277948 25.251852350531493 2.8160152277725787 0.7065571921430773 4.738605058201292 12.100599325087556 31.597565506022086 0.5093521094649336 0.036617163005557674 0.4272849227661301
51 8.126376789519515 5.780558913889774 11.170431082762558 1.821812748286398 9.141995273005994 26.914843781146267 2.2221200398357595 0.5224849288187471 5.774080425270658 14.14888063682135 32.81001315932734 0.509147587974409 0.03939079479246182 0.4273610598935102
52 7.549184617160242 5.56042991207686 10.48096343142966 2.5499553802534756 9.724457213426785 24.883946351757732 2.8839640417885444 1.1406715561108525 5.3426519574969875 13.93482644483195 30.93510774842414 0.5035878473189438 0.08691684417381684 0.42003735474849074
56 8.156544997711235 5.317670306073426 11.127464319013468 1.94464425124414 9.614094246061335 25.216314308282545 3.0489613762103205 0.6823293528906925 5.120455732989109 15.412468994091046 30.744378031689354 0.5089922364217871 0.037647638121448036 0.4276746082116868
57 7.810913330939476 5.682608579671693 10.845918777449134 2.123310400567104 9.545316186557018 25.64713994980718 2.6969575390939613 0.6905681922203661 5.178686582629966 13.617188389982967 31.957704780433236 0.509171826635371 0.042734335424639135 0.4256217974967071
29 7.6019280717952515 5.552358907849608 11.107088021503396 2.0426584098020775 9.402733832029496 25.818938417409175 2.8035832605315125 0.5973785228602396 5.391752581159937 14.466578607641543 31.912434667069608 0.5063541956524674 0.0621294066561837 0.42482884326141823
37 7.66224214525124 5.556224768273425 10.759694506906103 2.326203835842743 9.75222755278979 25.20533395525937 2.9687299425274856 0.8168753773727351 3.8079734449513594 12.669892263708492 32.22366292907466 0.5090533771530444 0.03337147579492004 0.42804366263100097
61 7.537887944740428 5.909463915733005 11.065969300333839 1.9693231838989491 9.248039769036573 26.267969168149843 2.5539462169249454 0.7126942165116522 5.241537138261251 12.936053428452277 33.521281413703534 0.5101661984252818 0.02182079003193429 0.42880217837075946
62 7.621255650708915 5.843674160725145 11.040785847713007 1.998856504636709 9.008875581186237 26.150226795145986 2.7658004350290417 0.8710888348379517 4.952075843771296 13.354239981721875 33.8616202549831 0.5095547552922263 0.03203490161897464 0.4277779082642478
39 7.326734912805415 5.74198102225206 10.790264798640962 2.1097672991820358 9.091231388664534 26.210005664713208 2.732973305984073 0.6378909115360282 5.894080347679532 13.990691074151119 32.201386943724465 0.510101829829133 0.019137268108002935 0.4282408148668045
126 7.338280087378672 5.83486446909997 10.977330030706078 2.0090418768363367 8.897019910849664 25.77335080317956 3.067529557197392 0.544074964333257 5.704595299700766 14.32968556773681 32.655608109329776 0.5087773105222463 0.0389518869859564 0.42728727563448377
127 7.514787569003387 5.762815401291275 11.043376424107931 2.017123571091606 9.201369700034528 26.181585801243237 2.5966491511137146 0.8705163382712496 5.081131346173521 13.053014989793118 33.805594013648644 0.509445378723599 0.03132839210893985 0.4273868096283568
151 7.801912111798912 5.774750606798824 10.722599059648008 2.089927801261147 8.55216938345662 26.44152602627274 2.8193610229796837 0.7389964128222969 5.754717822320584 14.384943435032678 34.17489482797882 0.5100504566134997 0.02021152007321631 0.4282924647043903
152 7.340145712469107 5.933646496933049 11.016087911592802 2.085740913124145 9.845408902001463 25.40571069534825 2.7671357940776353 0.2620037143667671 6.6503670852877965 13.684731109836772 30.175571711195133 0.5096795657214092 0.028988341090927818 0.4279882867709415
66 7.4531482795426935 5.822063068417257 10.897409151185398 2.055606544379452 9.35296833067829 25.600869943442348 3.009033745987865 0.8757303044280367 5.1285585212690545 13.150828798216182 32.0995557562716 0.5093514305719771 0.032016621739066574 0.4279500230050233
67 7.540809626591945 5.51204228063395 11.138112173354612 2.0421530479233536 9.48705651087226 25.709717777453786 2.788933061967141 0.6849047385361129 5.594659139237862 14.22284520523696 32.12076596064618 0.5070642395267496 0.05587919837896309 0.4261297203209315
71 7.771692561786097 5.89250461532717 11.164556138252957 2.0050242362790116 9.778838924908944 25.213130378937876 2.9098399103138175 0.6010385696902208 5.359646788051466 13.6229791455521 31.04031218589759 0.5096589791477244 0.03207215224123715 0.4277294385538137
72 7.852629133981313 5.740494195310552 10.63892112484026 2.3026872488512766 9.636757715869301 25.558329508437318 2.7124108687904434 0.6693402555873755 5.237759701655934 13.058685064707314 31.79846875260872 0.5078681138233734 0.053159705358252256 0.4254896501277879
187 7.368749616406433 5.643883415950495 10.823786613754159 2.145241369724869 9.39983364248462 25.8197084847069 2.7329893178220375 0.8147599187956661 4.7732051342065684 13.38768647997014 32.368594601720446 0.507742230723642 0.054164912861593105 0.4251745924062626
186 7.983813921828753 5.5563576678452105 10.994666873919718 2.010212657413717 9.172647844269504 25.52763324236637 3.078299491185176 0.6305070838725773 4.691077937329673 14.455718822939913 32.64335915510261 0.5092688238783947 0.03463594225665783 0.4272953400395023
5 7.7902167224536 5.617615864589955 10.588949069133177 2.451279137247755 9.859708376153243 25.156776055073742 2.845631034248708 0.8322335954099915 4.808093662351699 12.616410651487673 31.683514873988916 0.5055315107793509 0.07339449456870935 0.42298932397193095
15 7.272081703453316 5.750472273099834 10.352466691185288 2.3910527473659267 8.954403002451025 26.083439525663458 2.815168545971014 0.7728942576386404 5.418591525852883 12.851446294347824 33.732183683209435 0.507551536570935 0.05955426876966062 0.42501805329889975
30 8.015038774327085 5.495366140349488 10.727452403066879 2.3391050549286887 10.021739219699878 24.742008282337306 3.1129634650496936 0.8352529085827174 4.091161025824812 12.605123685479487 31.273983996747297 0.5079359031264913 0.055305787557778506 0.4256036191923627
40 7.189787357324067 5.562245135061244 10.734395870140295 2.3316045458967465 9.446052197967191 24.02562774491426 3.833120402095906 0.8624841969805712 5.691805607085438 15.108240877292932 30.078722735788833 0.5046291397334417 0.07781055937601933 0.42237025705642334
6 8.006348556138681 5.24478686475783 10.540484872259603 2.449552812605291 9.582721964030688 25.082584500031665 3.1839208180736556 0.9867500942448136 4.846476666070785 13.354435412669956 31.977313882763806 0.5048198734374139 0.07332667828178399 0.42298610268916703
7 8.076193688508642 5.459625472897022 10.826342565259326 2.2316443927375342 9.515252772343908 24.72806845242991 3.524514743025883 0.8237116344863399 4.517685539519467 14.536885744314866 30.72312142510674 0.5087497625321026 0.04128878275771054 0.42652957947084597
17 7.677782244686544 5.841001138051624 10.899140612364883 2.009125892331733 8.880846230316356 25.803221387143925 3.05125437117204 0.5909456839147903 5.876062486135141 14.67985054090274 32.786382396148426 0.5088724525258119 0.03295369410079885 0.4283733760994251
32 7.688916195825305 5.674667099328842 10.133235818984067 2.60152403942228 9.500674414688513 25.484650414621495 2.939019120020243 1.1102077538897621 5.136298295631332 13.383060408965855 30.828755761142578 0.5056448898560355 0.07223668907314769 0.4232444640612767
42 7.955843884547698 5.737434229626697 11.043940087442568 2.0208986072117447 9.615804679532632 26.510842807934623 2.1222602922806266 0.4569668283161359 6.363513827597594 13.13532616176597 32.37639403808751 0.5089225388988113 0.03673424758854073 0.4281168312521911
23 7.446940907857978 5.855641757954741 11.132533513793655 1.9998813769695032 9.407706324180548 25.765992773596363 2.713852265697116 0.5825387938318973 5.997591875439764 13.667385428677118 32.38101819122018 0.5086752867366279 0.03981839932521336 0.42727025051479484
48 8.312472834275598 5.365105051851925 10.753950084689095 2.242689046870162 9.50574647172097 25.984884822145222 2.503647737795461 0.449794463683849 5.086051695706906 14.190230225650232 32.08155305723882 0.5099076271266334 0.019282777493325822 0.42864695562251365
16 7.8969196905394 5.108226058987333 10.138588078578858 2.5500255764754325 9.154632091262215 24.873794345090726 3.560114913774845 0.8040737861320346 5.453854718697643 14.684863607457295 31.600867966756518 0.5040398645637736 0.08269132169874104 0.4219662612259974
24 7.702058641743721 5.670278981439442 10.871331250072794 2.178634799241893 9.41122922102223 25.10550360355604 3.321468097642326 0.7656208115913008 4.874760223770108 13.862837327080621 31.628989394405703 0.5070785568795085 0.05853332114687855 0.4252378294340587
49 7.817514175130703 5.63808603689348 11.265537179282758 1.8505932529771962 9.118225681068102 25.50539232388937 3.1949554970633143 0.8433248175279892 5.323308338874648 14.702318862663086 32.0602085926231 0.5071959952673925 0.05824666323666538 0.4254925107256182
53 7.6677739602182236 5.422654118403671 10.789603509780367 2.2703344882771432 9.62003354281247 25.776462221837324 2.5533303618232 0.7439090777260938 4.68554976907269 13.153089727788842 32.86172325339944 0.5078540041164527 0.0531558374890957 0.4257599667790059
58 7.469143978383376 5.445284072925219 10.788899753879075 2.3226884987204475 9.334632416442664 24.951239195499248 3.3143181209704036 0.5944295165628837 6.242683353353834 15.49214163321657 30.813495664275273 0.506472196328615 0.06779211677019631 0.42332259448266796
31 7.478589412412438 5.692580966080642 11.000777144078755 2.0317221256292255 9.06568967070521 25.645537812415498 3.122274895995067 0.725249063468789 4.963666991307615 13.891165050983469 32.53075293132756 0.5089960682640898 0.043522692215632965 0.42660242920980257
54 7.330466608063598 5.699425719721582 10.879964418917215 2.101559005566963 9.472995063372613 25.335992173725735 2.997081460392695 0.6988672947112816 6.036598740893017 13.774202773142267 31.197742749929084 0.5075315699924802 0.058805363673366896 0.4244701419463058
59 7.860789506135653 5.601445319407198 10.6848049421461 2.2157218155528486 9.305791581906883 25.900269138829753 2.7456013620478923 0.855904102680269 4.563984511133092 12.934174738720753 33.305317184775525 0.5098602820196503 0.016623042043026993 0.4285120763477954
63 7.676033901164028 5.801094278596511 11.022520350314291 1.9436540882737612 8.990244806717271 26.243746852506863 2.721761680559387 1.0528445226635006 5.0116148752323255 12.940724931978712 34.08877720066105 0.5082897354325863 0.04513424967165788 0.4269273750909831
41 7.608584606478956 5.800824237473593 10.641554251981765 2.302664513390675 9.321250032520908 25.49129014476113 2.9453268594519746 0.8491307000409983 5.393840513414178 12.982412712917602 32.74409176304275 0.5071766003908706 0.05740977966385989 0.4254198029648426
64 7.807092000070764 5.576153346662204 10.763489804543031 2.192517814511457 9.353096248809408 25.932059476815375 2.6955847624965736 0.9464808456141239 4.35668557417485 12.728532408177598 33.50995506107084 0.5099214426670137 0.024938731235959986 0.42846259024897837
128 7.239211353382766 5.84764784996998 11.008587219502417 2.098925381363627 9.646896999775256 25.17183962336839 2.995124125707383 1.053366109050137 4.4543554337669455 12.4326082231045 32.58066260523679 0.5070272955834665 0.060361125553241184 0.4255810047055315
153 7.59805144676405 5.737893652028801 10.535726845714512 2.638795493799911 10.582810856854692 24.724545268777423 2.797933702551164 0.7200990375685625 5.02911161659968 12.02981454957102 29.14304245422054 0.5074710225888707 0.05467391162734803 0.4258164268694363
68 7.426506873254671 5.625075033019128 10.890502529081239 1.9792451552121795 8.606520655057361 26.346720377954906 2.765265399858453 0.4858784709695265 5.91595543209014 15.30583777869387 33.558241355278376 0.508272057520654 0.04312856330654767 0.42709050529920023
73 8.08632839995164 5.4789168216150665 11.136431545297706 1.8731723577187063 8.886497373869833 25.575107249610387 3.261915926714351 0.5497118289617237 5.479421475060677 15.865471982824106 32.216270498275904 0.5096387723768712 0.03074393602901469 0.4279371206145914
188 7.697931481330328 5.612428362740462 11.162466839839826 2.067646962517357 9.43272026522247 25.64723593158795 2.834570814613063 0.7228307241348833 5.012531696925233 14.278505280639253 31.929682928658586 0.5073230874559489 0.057357625599988804 0.4249021905436113
8 7.24404130112937 5.707668638930327 11.051318217697679 1.917336649527766 8.845621037607305 26.421821344303634 2.62145458856038 0.7658677594981368 5.257714567045431 13.442653219618075 34.43978300821165 0.5095762309124784 0.021718923431898088 0.4277628606379381
9 7.700942756323242 5.3518856191293915 10.724585635412529 2.2114662134192558 9.373443459732478 25.508123864629464 3.0636105188659606 1.0492539191496144 4.4404053999324775 13.503555731442917 32.187681797119176 0.5086294041960325 0.04573084435511812 0.4265352238474392
10 7.438247500645127 5.556710407789733 10.76153903386004 2.3896342333871434 10.45006758672601 24.419044744174613 3.35657276703901 0.6398692217512391 4.370005730110158 12.492393980458873 28.857956259240023 0.5080328295572267 0.04653732902202127 0.42711765651621814
19 7.504700194789823 5.475757843538113 10.885257061639114 2.1550133381404746 9.473682506915852 25.72982278466416 2.7465492978371087 0.7411061936899308 4.894541402011773 13.492356453778912 32.509078726351326 0.5084269091444502 0.038838977221254095 0.4274013163454027
34 7.398462528819076 5.700778351257003 11.439161777126786 1.6681876734014465 8.543397948531632 26.646522364167982 2.6292986324353764 0.6048686078481911 5.591858568507957 15.375933666449386 34.52179497063784 0.5093279964059594 0.03021066231337165 0.42745704975491355
44 7.009403845661511 5.643871235773337 11.088220679688746 1.9322746870963745 9.266069622124746 25.86040627760879 2.8114225026449864 0.8558209286316734 5.583949172227162 14.312403121573226 31.796209944047884 0.5076790731747403 0.05136331641416789 0.4264527999748943
18 7.4885501937234995 5.7164180780349945 11.186801523773013 1.9036932814247178 9.124095953193224 25.948479070549364 2.8255847339731948 0.48145535149825086 6.524553775719536 15.279433818362643 31.585858233932225 0.50734966704117 0.0577987449923651 0.4247097518679003
20 7.945902677359396 5.513557135255618 11.286157395728175 1.9515959185010554 10.046217334869935 25.226124189447898 2.7947041974183846 0.6495925138101324 4.55747656149612 13.588437034620876 30.920130006551346 0.5094512032521477 0.021502699641131936 0.4284082753454527
25 7.447649537767999 5.75106924710769 11.017804649305825 2.1889230501850316 9.975549824253104 25.028585164863962 2.9185909104194545 1.1003930908354371 4.2359245515911645 12.35816500135274 31.554342831666712 0.508682770775607 0.04536742399438974 0.426547854167182
50 7.206541478834602 5.6679481042573725 10.984591887577993 2.1878257626100672 9.498674996540032 26.14618555540638 2.425917136944976 0.6558557424717733 5.470181981233983 13.025886335270146 33.12189642991341 0.5087615598728562 0.04272397928505508 0.42626634827019766
33 7.686845170495969 5.625532062013409 11.05288979596511 2.164828822880681 9.859229694194157 24.857540141023087 3.084423711750438 0.5008497022038741 5.111093495783729 14.045265889504641 30.790898504422486 0.5096528438967792 0.030207301314081406 0.4280697882499161
35 7.141872542768315 5.605750833378328 11.081062862030487 2.0495644618627615 9.689550070164396 25.102566093602896 3.095226148558763 0.6082719797086164 4.962561460667523 13.25704390339763 31.632796641882138 0.5089275011575314 0.03721811157411213 0.4274818535714605
55 7.664181779329054 5.723804123051877 10.89026502871921 1.9874411096803397 8.944151937987687 26.691992823665863 2.378300682268152 0.7669193207715949 5.090464934083607 13.571344978493 34.20937397182926 0.5088074469372941 0.037261771388685236 0.42753426401265543
60 7.943586729657908 5.289006672311817 11.365097996537665 1.8657630676235428 9.607837350451707 24.72513115452153 3.5199383900396066 0.8140675839799757 4.0040032254865805 14.983642862603684 31.0679284976606 0.5086648887145763 0.04215281900260496 0.42743079782914756
43 7.6769037968461395 5.808515328191999 10.945288154889386 2.134661626287826 9.718953681991788 25.829776435282565 2.515903250884331 0.6823767697803681 5.254757014786003 13.090322038433946 31.964491058348557 0.5094317520563068 0.029045001033258813 0.42808377857226904
45 7.546991496825381 5.503533162416903 11.352902121391136 1.8127673653522425 9.30882198408527 26.075741854954472 2.6219788666395325 0.5343786659920193 5.40058476053032 14.475788947544963 32.827892733236034 0.5077286621286625 0.04548284863707277 0.42748964376839865
65 7.629887094008548 5.640048855687167 11.198198303476474 1.9461877176135383 9.45387444663025 25.247171595912224 3.1203966192608634 0.8235869761261626 4.329639308572894 13.866474610580903 32.406408031197984 0.5093152679218234 0.036382464967798095 0.4278116869506873
129 7.646781437642565 5.600992394958504 10.80473171480959 2.169883779929964 9.753542868499375 26.056589382724024 2.4030020005266572 0.7374919046138922 4.58711785867779 12.554932212498604 32.196016681068976 0.509373755157021 0.02867927857006666 0.42811961702994134
130 7.566017805143724 5.547588362521738 11.139528831418703 1.9539860216952176 8.850647038394941 25.95303426930938 2.85845146886178 1.2071177038052079 5.032794496349363 15.065168737610872 33.60381873138518 0.5092408668371616 0.034804195383252814 0.42780088759399587
154 7.732886673721945 5.386108357743241 11.07282636814966 2.0804711858842975 9.919558270404119 25.285113904699806 2.960511376846713 0.4962986791203293 4.49069628247456 13.839497650817622 30.490630632657926 0.5095064473129974 0.029387665216002713 0.42846281020496757
155 7.948167486218675 5.645418593528204 11.34852190034524 1.7948982206165478 9.014253683681764 25.64225470970849 3.1114394071905447 0.7371582829690199 5.7657693733317865 15.69029419329215 32.071827359851724 0.5097912682580323 0.03330631467856279 0.4278499540074013
69 7.574847910312535 5.783591111208648 10.882018310865636 2.165672822094585 9.578941427091957 25.902636225537204 2.6301343724240978 0.9525059031057926 4.413014184087125 12.198697447447225 32.92763165530059 0.5085866698045519 0.04709535629558712 0.4257930818801944
70 7.4338682154672115 5.624766694332438 11.031844250327293 2.18367922245031 9.999226389750907 25.29268890148183 2.7400789403021855 0.7714848902171663 5.036506523657725 12.99699170059367 31.28521898109507 0.5089671866166934 0.04135001956362054 0.4263886025126519
190 7.782370936049975 5.612720060773084 10.989817888314983 2.101848016056201 9.687901010648341 25.517808788121112 2.7292180097470378 0.7285332487491252 5.469580758213617 13.285176087715936 31.904592241832184 0.5094400579168834 0.030570769372199838 0.4277872777599228
74 7.770768625249252 5.551251147682025 11.056287341496187 2.0293121357044335 9.66834463601208 25.1261602477108 3.1695905703109446 0.8380214059157325 4.330778078141172 13.472106067311167 31.624917236208727 0.5090540281127417 0.0367882223341768 0.4279234442421588
189 7.201757028872741 5.737229385179704 10.898665022432342 2.039804963793348 8.660996720121314 26.684055592800267 2.5892420213202896 0.7435294176447002 5.530690455415368 13.723642861517707 34.59694552083515 0.5082917201187679 0.05548550883771381 0.4253795301731046
75 7.5228673314716215 5.447712308113179 10.891288767300221 2.3041470747239794 10.093049596129156 25.19039151057066 2.6933902297186503 0.8051467936039441 4.24957304951852 12.515718347108177 31.748867290983153 0.5089539688860635 0.04141968765117156 0.42737385416219376
76 7.304608082988159 5.955657113002592 11.31345892507645 1.7838416187725492 9.346869092918809 25.82653541999435 2.7178501136996456 0.6285426168232072 5.779757136971581 13.855478676263173 32.31976564115622 0.5094446435022256 0.02617057037728368 0.4280928569034358
77 7.942590463769615 5.310057863348623 11.015880051445384 2.137847265445606 9.836175347011638 25.548995839041016 2.6306961015154804 0.6570242633527139 3.9479848952721595 13.494332778717727 32.19381242118249 0.509890267943145 0.0229650537008715 0.42879132006735565
78 8.199716551177895 5.227881151227032 10.805528820315683 2.3689306984524605 10.238966218171798 24.596144841261562 3.0853885138290083 1.0328050618041518 3.5972444613825436 13.382011558374755 30.63999669657096 0.5096179363195735 0.02785258094988886 0.42819207457283237
86 7.256738532465541 5.643924853481522 11.118942684392456 1.8919255229608758 9.073976264609913 26.72754916457095 2.289840100588146 0.7062031900924287 5.3670245662063465 13.713604949190772 33.86523565002473 0.5090780735488647 0.03641690147094948 0.42739164288801823
88 7.453449379960664 5.9120917787818525 11.13651989265446 1.895567748960181 9.283502425365397 25.86330128644702 2.761210379257976 0.7475118793929301 5.583202513073496 13.827924895702502 32.19490844892456 0.5091391692759175 0.04135687480931296 0.42712917247490884
79 7.6342848175382025 5.686325388407203 11.017280253668746 2.158455476643514 9.890670671449442 25.301951190362544 2.762094626997862 0.6179490360871276 5.011931429104445 13.38260812073825 31.35003148506135 0.5099509466942963 0.020547982746923463 0.42879822958976116
227 7.967776577577223 5.78901042421464 11.44674537397384 1.6460837321939055 8.79930048307789 26.86559206622908 2.4034154121654105 0.5376248524033463 6.149677604804287 15.28311693919702 33.26276214143629 0.5095923708584635 0.026752610562388604 0.42824628360777145
226 7.6934245008646025 5.825627153680864 10.699565932247515 2.012697306358787 9.24231782025846 25.9462780078281 2.7045163535016297 0.6560476276592347 5.499244669650456 13.530663567544904 32.6217000776647 0.5092020614161632 0.04021189007783597 0.4278856484319196
87 7.319588679346922 5.818235811139717 11.169663673649804 1.8967075352040836 9.273231035459236 25.9925124119684 2.641853825065495 0.38765632845644504 6.665617648473072 15.152742508619774 31.509033228579217 0.5073063681930972 0.056651186065405444 0.4255277876266065
96 7.667852784868655 5.5369681507553405 10.700707345137834 2.193637768168211 9.399488953455736 25.853813061480786 2.7962848336599246 0.9512503549288497 4.388177418752006 12.898172177552468 32.96749997007899 0.5080685448920604 0.04439744891618634 0.4271838532513648
97 7.930387758312674 5.510338971287258 10.983221102831772 2.1655226085410813 9.87637328731018 24.542233212877196 3.4505882507102674 0.5788465287939034 4.477628553523701 13.832282976901428 30.349562341111312 0.5091838216145731 0.03363062622199463 0.42699438660039585
89 7.4201914914438385 5.852427714910878 11.1276091471956 1.8611940290666862 8.661402613536568 26.326260179083768 2.8363676961957784 1.0101818258630124 5.419287169627867 14.007095921141953 34.08325394063323 0.508956982246143 0.03632032198742654 0.42737791119522256
202 7.694623870850568 5.454354928941402 10.961837310820158 1.936109897925011 8.700556085433975 26.29664902319155 2.886006588026972 1.0908756153818284 4.347468417932374 14.489144762646198 34.06944163393173 0.5081803752213289 0.047038277880343066 0.42674455518133864
201 7.68523461721195 5.532273602023673 10.71528462385243 2.225405251580841 9.431615008853663 25.121252515496614 3.328895183381457 0.8596891240635001 4.572261790376255 13.56503593820023 31.36362056846024 0.507171894688988 0.06271682820319911 0.42349764376847254
101 7.486623490815282 5.588917653739615 10.582923343651263 2.3309374209322287 9.936460441136166 25.524635375423944 2.5945632715769142 0.9925409724592195 4.137999604510875 11.713523652483993 32.31168996507144 0.5087182692502352 0.04328340663079909 0.42726842802759063
102 7.318584847664221 5.596589962533795 10.866451678570737 2.1095943390631815 9.188332837043797 25.59062400896014 2.973295005553232 1.0399461631338265 5.138697425146414 13.80090199178525 32.70792781395864 0.507961981006798 0.047976679176085175 0.42683545431200426
103 7.766600124411635 5.262354712865792 10.710906098932808 2.396429105627551 9.900950488338644 24.98410276430426 2.9580931630094116 1.266021279218659 3.89814962485024 13.35997456390453 31.578069934574764 0.5084685568197452 0.0488681386694365 0.42639316363959867
111 7.591235227497342 5.522411430716764 11.21706696740719 2.025701634095017 10.055122268766409 25.436293685761285 2.6544968754543006 0.3782157430448164 5.40793814356698 14.063590195828178 30.401248046449506 0.5072926287931216 0.058666796119225297 0.4254481177760413
113 7.527914460543612 5.8323815031557045 11.364540064094 1.7892254926431803 9.053163460795766 25.989520806727562 2.8928091329770504 0.5935555655917854 5.537699627428708 14.413423424302517 33.04473355794966 0.5093310898975184 0.036154657282746014 0.42746879284128647
104 7.777870882775909 5.524842427803851 11.094644842045208 2.00109402627505 9.077617648102887 26.095212606860315 2.868573210804714 0.8589249362322829 4.675909562178462 13.96245252050728 33.3973396814697 0.5090823163580789 0.03906337340421473 0.4271184449529798
112 7.618587283629122 5.8974113716114145 11.130150963743029 1.904610758564083 9.181484425944753 26.92824349544647 2.212956843626922 0.48455904584542075 6.2175445761593435 13.569935767382738 33.109322500135434 0.5098319087444539 0.023349448137800877 0.4283344480666382
121 7.464787865159857 5.546711828630971 11.241155724247252 1.813686734353641 9.043937649150703 25.63369869256346 3.1196007775461276 0.6760898504018641 5.112534369804127 14.816859868866741 32.30170046762749 0.5093215576758241 0.03582795715919591 0.42732520531495
122 7.78461016438948 5.614417832130819 10.784142987094096 2.3280676377101788 9.258270021149245 25.40562831309421 3.134456164680529 0.8220041385294408 5.12636748111673 13.867315149009428 32.36837524861724 0.5086762275122867 0.04121661722936716 0.4268511324352382
114 8.03806332130992 5.771681523979335 11.155312488231647 1.8650140571892864 8.976320931459433 26.24205416897334 2.6512324851231557 0.4250991207613562 5.940528770128482 15.292521851892806 32.378034190423655 0.509933623134117 0.02637573536333657 0.42825834026995807
80 7.488578246564496 5.6176483518343225 11.299411517446362 1.6445667863597304 8.308510729585693 26.853054300069395 2.7004766066268773 0.8416684782914459 5.2924621721535985 15.254784860851435 34.93075853801396 0.5088158208389205 0.03989268107130944 0.42815017892374424
90 7.6022635731628805 5.675277821533569 11.032253070412485 1.9637130176442752 8.947631132971475 26.23404595733274 2.703935163020506 0.6584027024780363 5.679689679257177 14.24401129476614 33.59923096305019 0.5090772418579266 0.03769011623864151 0.4268141090233294
228 7.857283737450324 5.6273766266896095 11.18813427542794 1.7815969300016112 8.698751019414006 26.917540911347196 2.4299213159837976 0.4436699639590746 5.915262859749635 15.20763972115967 33.793934985024784 0.5091893079487171 0.03456184024709896 0.42844965232831717
81 7.662775227770701 5.828003490840575 11.002607320922962 2.023012698554695 9.26687696895171 26.093247804738 2.586716730465478 0.3888332888516906 6.419994826977522 14.22487893461373 32.26964925898983 0.5097611094221755 0.02658832331438962 0.42827135435686786
82 8.00280894861335 5.532457432150028 10.955919594803778 2.2074555562211713 9.764176675921199 25.03821509936424 3.060985830050692 0.8159524494059643 5.167906929607949 14.135024668518156 30.94274749081537 0.5076095604874684 0.05397619098823202 0.42569159167447085
92 7.500363258803806 5.787093839920329 10.84737427601672 2.175575163398294 9.454812902782923 25.582711619615704 2.8120753134460714 0.7994490182525497 5.464263311091273 13.214807279573176 32.45701318533836 0.5087986019569165 0.04016175681126281 0.42738659593822337
98 7.469940008921193 5.546141693095671 10.787241543306953 2.520308090137707 10.52296649341064 24.351318729148375 3.134000565981804 0.6873514333201185 4.7968511125106135 12.1647940617295 29.352470156740708 0.503626908441724 0.08585813497892386 0.42095300813424275
203 8.004376606368588 5.488926330239261 11.511472481590676 1.5757706377582545 8.562215361195713 26.49779740495546 2.754957331313151 0.46248133926070467 5.898251952519885 16.72534458725174 33.14092408421575 0.5099755320758681 0.019526380693609176 0.42854032823894267
91 7.64068256475137 5.4593842711903555 10.61859342263838 2.1804343884528254 8.43565139080522 26.113913934079385 3.177322018909691 1.4314560105728538 4.851883875210414 14.450274301000697 33.999759129531974 0.504577042923497 0.07404381724760957 0.42369880229627976
99 7.331511888210599 5.737837463677763 10.91286149451151 2.160142472598595 9.54517057350817 25.0846380482861 3.2542004794932597 0.5122393483520347 5.9293779235327895 13.80834097312597 31.01673296876398 0.5074048272305902 0.05826123447489319 0.4246271960381073
105 7.586191887007567 5.69598549153453 11.33162269843249 1.7464863799634838 8.692116180127229 25.63218805161104 3.2125951246340194 0.7016046777763918 5.612339094790733 15.938076100154813 33.12190110118783 0.5085812564194493 0.05092307984152423 0.42605894373333864
115 8.013510711032536 5.5971433187558 10.65544121813443 2.4936014985880726 10.37223622542719 24.353792120436648 3.282588030990147 0.5316473301449993 4.252806663817103 12.44956380988946 29.598025736822393 0.5093622866038557 0.032277821577193604 0.4279931962995525
106 7.7276043610525385 5.775882214882518 10.956146809097188 2.089601440345471 9.124402770802751 25.654500433746463 2.942243653237332 0.7118854798468113 5.513119892400634 13.707374788169076 33.264509556859466 0.5086738643355453 0.04360474639753244 0.4262794606359255
107 7.6138516436225085 5.783714313681002 10.779344578505713 2.0708549523007855 8.702139873458021 26.048092826765533 2.966782887396249 1.0595423687909375 5.752925807722793 14.770442662416185 32.92814071108393 0.5083849556077857 0.04529275803710502 0.42711890290748616
117 7.685866798755669 5.965888039687364 10.793892839920748 2.160388566572383 9.388319190145925 25.858075741110813 2.722382295338625 0.585505642104151 5.831063824274327 12.876047984454361 32.500324389377525 0.5083002444334502 0.04186971093691336 0.42749316633381607
123 7.337447234610393 5.681748213956177 10.74263054355886 2.3059532818977706 9.492655844588395 25.212872482927573 3.127408869007117 0.5749998440414628 5.40489317116316 13.052796474475164 32.100847278723755 0.5087755050281725 0.04198129273112765 0.4262559331459811
116 7.9138364232607135 5.49429163325915 11.045942982339191 1.867655559678672 8.284480546330263 26.373914976889427 3.059687147067013 0.7527253682917331 5.754285821778957 15.66051770095233 34.40155842710046 0.5080530023908114 0.05190875724810304 0.42518622781820026
124 7.3370915163809745 5.737883937637042 10.478901537043976 2.4209882882750953 9.523485419094913 25.33344830153004 3.034577348578797 0.44367647407786365 5.78252234163245 12.78441644749881 31.622567746882762 0.508026489844512 0.05767287971407089 0.4256328967936181
229 7.881759905696407 5.845987579802749 11.360267442538749 1.851276722047328 9.518004830748069 26.15938060715019 2.4645753608487198 0.7438842420417529 5.088909695018261 13.174829663509431 32.798808632128484 0.508920426463782 0.03154008565241786 0.4284878449827708
230 7.837826710018974 5.236904576734593 11.00295823356003 2.0677538471624084 9.473936096361319 25.257613894927232 3.1534724832732 0.517607239706606 4.616179531345056 14.411558581744433 32.172503459659254 0.5093308040910616 0.03157687283653749 0.42802262653255924
83 7.722342752059206 5.864778802338736 11.30116064743548 1.681752005590365 8.828076770017232 26.236762361512156 2.933979505102114 0.6301072966136739 5.984440854713465 15.100221119986232 32.34232572841791 0.5095934749783992 0.029195316873261153 0.4282336512662362
84 7.336322963805244 5.751294599559343 10.991393467035302 2.090780564129744 9.604295573625851 25.565848214071966 2.825394568012259 0.7164957352456713 5.449242664900028 13.430438165770958 31.554127618797136 0.5076680420134051 0.055562995656948465 0.42551523026931637
85 7.8519738609149625 5.486376225055816 11.15760619887332 1.9269702239835917 9.502712911320959 25.774429443498246 2.6223115997592776 0.6449729940534757 5.300355157737876 15.412923212952073 31.262083962472303 0.5081095548747618 0.049077632681039665 0.4263440618087976
94 7.671180048955998 5.538178282829344 10.998839333199776 2.13634304837207 9.89823640459618 25.276495545973564 2.7994825305841493 1.04864797920141 3.463802861216915 12.250238672477549 32.47382174414906 0.5099727833083114 0.0226145593823285 0.4281485958527382
205 7.3229506807360965 5.17936941281797 9.608329320535184 3.5676737739857045 10.568107786905228 22.983779165673393 3.8056596098280258 1.4510748260342463 4.824259253387619 13.093781525061898 26.501079041237702 0.4992491027047514 0.11327506671910817 0.41310616982240594
204 7.709140343675197 5.81145464125235 11.283642961515646 1.8101637254213065 9.004464616192182 26.090978232559554 2.70239234422841 0.47557694134147777 6.414796713631398 14.976406474928037 32.50185123741342 0.5085073338330623 0.04865200555936747 0.42502967805801023
93 8.045529490918662 5.492972859166308 11.025510613481458 1.9285000133012864 8.65658647302426 26.611161804506217 2.624171296824037 0.7578533079108203 5.385723462522267 14.85605517210839 34.33206048443071 0.5086757170811483 0.045086039324025856 0.42655114291103163
95 7.418477461296915 5.600947241761187 11.427536279046775 1.7237681520760735 9.181164136505425 26.39738323483371 2.488311403152981 0.8281901976850714 4.8651826225962616 14.065356759687951 33.46826183698531 0.5097201959624729 0.029727242655679952 0.4267216206001958
100 7.78148929517881 5.699262486562868 11.228666299404438 1.9557916718347914 9.796278763615701 25.041553208367883 3.1118110712124993 0.6268318852950931 4.8671484033321715 14.041263887921263 30.48308749410683 0.5094262757957133 0.02840245839716844 0.42834858438613116
108 7.765034905156685 5.534505041447781 10.860998258102864 2.0741022679016794 8.99719695983202 26.258435142014527 2.7125321496096677 0.572978202179146 5.40127061226938 14.380663002168355 33.11842480484543 0.509727343217167 0.02401112077300437 0.4279761281325712
109 7.124225474111809 5.932021686127991 11.095239285033825 1.9931681908062517 9.511493552324804 25.885590166279968 2.6096097619481493 0.616385318404891 5.508721451498478 12.624466010754531 32.81877292269236 0.5093476801959878 0.0333654086040179 0.42729988162023774
110 7.585398097449404 5.552100941470565 11.090208433893146 1.8986742348222065 8.95722592114325 25.944155485616573 2.964256351558817 1.0552948966819027 3.946670845012136 13.476638153139696 34.390871069330316 0.5090151909706964 0.03427857809137534 0.42733999303658854
119 7.3294500933482105 5.695257119605465 10.99809869786335 2.1885042836896087 9.99068265680584 25.060877475279806 2.929749280424798 0.48160591582729206 5.713425058814745 13.50366533484691 30.38955799339104 0.5080747047169042 0.05358125077072243 0.42556289533283703
118 7.91360503759539 5.704077305987582 11.057371054217537 1.9334382694149752 8.796170309741024 26.525378724261877 2.5385418883138438 0.6556594453417153 5.686169455193797 14.962500155966707 33.60733154439782 0.5078898625015262 0.0530952641649977 0.4259430824803922
120 7.559186144867773 5.741920891346693 11.184444650427748 1.8586211744558188 9.517591367297694 25.64332634722935 2.7760163578901436 0.8455760381349091 4.633007131650211 13.485892991499824 32.19085958406016 0.5096422070983395 0.024364492524369886 0.4288672971974488
125 7.503725857763115 5.714794406313552 10.98143282468971 2.0915447045238653 9.645402364226694 25.532548709399926 2.837349479084755 0.8751610858096766 4.326083048534661 12.168206298856415 32.78472033985959 0.5094273989154188 0.021405101008838526 0.42881224130439644
131 7.8825914036834455 5.375036525655966 10.966216229278624 2.1404035186722834 9.01706660537911 25.60703462477649 3.1627492760397664 0.57435140529893 4.949141657705711 15.281554045176584 32.51237108576983 0.5089073797716955 0.03983276155658866 0.4277663344990132
132 7.658810671775131 5.5392613346182795 10.73094944329899 2.2312414442811384 9.616059358830352 25.030959275343456 3.2233830907613 0.6293929467651829 5.178633565795936 13.490254000594783 31.06676949205827 0.5087453773526119 0.03716963888469572 0.42767232454599496
133 7.417082430510915 5.748279220656904 11.09679963616497 1.982920352588219 9.099046565189111 25.539570526154332 3.1212239369933497 0.6600068052928546 4.975714509448357 13.792253344364603 33.26066078356731 0.5094183858448798 0.03045193633559784 0.42682141236484844
156 7.803660310132037 5.971942047747322 10.871338337524751 2.0911365596227376 9.470333418695322 26.254692656187913 2.4828779866175688 0.5731604168866238 6.341356325712455 13.154676962128699 31.740168059143237 0.5090727489202245 0.0391934753959455 0.4274839493797943
158 7.74935707371407 5.857902500045787 10.91971490479294 2.050998439834013 9.103230949910623 26.182856281887187 2.662586465173392 0.9277878216397846 5.611691138272664 13.864679172302397 32.70332673328769 0.5087930137000892 0.03785238603941494 0.4275297576636522
134 7.946219596066964 5.439319327608704 11.179304463331269 2.0103630939464945 10.029142486510946 25.141173272510628 2.7893607650013315 0.5468787911017378 4.6738961507868035 14.160335445666451 30.576500614575878 0.509286645795288 0.021371197194116252 0.42843058464340666
141 7.968982939674886 5.330218860545878 10.710068750245153 2.213349448168759 9.041520992204733 25.59592898411074 3.0154240352489587 0.8758789997586184 4.633067573181222 14.599525828565438 33.08167563461313 0.5066907787391609 0.06003249135242158 0.42555378763793256
142 7.148719513340676 5.826980512067427 10.47278280292777 2.3191985719882977 8.87351360094642 26.35973078117306 2.671979618356678 0.5881243000209948 6.057290324546485 13.194752896394775 33.8614570969626 0.507502906487713 0.0515954383882988 0.42567902376510497
143 6.9107043222506785 5.635558089514785 10.718449010990255 2.1082974890198334 8.897188540543103 26.661099595708677 2.516987088284982 0.9129212405613525 5.3299816157603335 13.003010816976774 33.93475739501692 0.5068748214990193 0.06170979767015116 0.42470777603777454
166 8.340768907778902 5.433699752069805 10.960605052981268 1.9373373214420098 8.68176813224129 25.72907275858364 3.261563244833503 1.0236478451140942 5.407195036316059 15.599944004821499 32.76410580232745 0.5084140845790797 0.040669979505943726 0.4276951618829556
168 7.756124631253914 5.620644420644222 10.84364051172797 2.061989555828635 9.064887547567947 25.981575856500932 2.8399686468492873 0.5907457099658415 5.289700519266204 14.38230907622447 32.580772618717866 0.5079530274426514 0.047713172009292114 0.4266838906030215
144 7.786459772106707 5.442801337034526 11.062921888657204 2.0107838711854624 9.634755188929795 25.47896256050715 2.742582114176034 0.8148086348180097 5.0148683877460805 13.576415718422435 32.29417644736429 0.5071530687433172 0.05617442628615928 0.42617089872742725
157 7.601108212145023 5.9331454981970975 10.887534267325936 2.0811600564671675 9.262291179824173 25.69562102412454 2.9418703186194506 0.8070784021641608 5.149352429705868 12.406454315600481 33.26540787136518 0.5096524424964718 0.035317433206275804 0.4274961792234402
176 7.751685389396734 5.8649163571366305 10.854090533437981 2.042121131979096 8.773377111060407 26.195766079184374 2.7927388685366563 0.6084013310614194 5.827448003614013 14.22795686275115 33.70124982230951 0.5097722432495859 0.028127980178468518 0.428271909955822
177 7.712057161658068 5.491630530423776 11.126908670667547 1.909050373480862 8.933973836601588 26.12017869430365 2.8482440163976754 0.3710099053674785 5.57956163182247 15.405038875172416 32.864955073217175 0.5095132962768953 0.02771951673657941 0.4278962136659702
169 7.953728788164065 5.2001595281644875 10.689583114081717 2.294504923908232 9.695348213086966 25.169576688431057 2.9649195777516906 0.719688103180354 4.692191742284375 13.729816202839483 32.02753758246272 0.5079986939789948 0.05009815131136858 0.42600070693118197
159 7.189599681298828 5.759265074101797 11.063663186739793 2.180047457255063 9.872633798773775 25.63846525762532 2.677373442030259 0.8796003510029917 4.769115312257581 12.31386542814396 31.702345853027136 0.5082384378343419 0.047321298732636914 0.42604929513347767
182 7.3917058908508 5.709450978795372 10.97209329358259 1.9493818625589225 8.804408414969284 26.211531008747524 2.7748321562949974 0.7179731393443161 5.1920303885025545 14.471218572624334 33.64229845968067 0.5083518025809028 0.04560435356054339 0.4267773349026062
181 7.987050318481423 5.653394329104716 11.03521774853915 1.848947132389149 8.393671775033912 26.054434015107894 3.2358476071231372 0.9210772375284818 4.6250118021336855 14.679999219405019 34.525195836224796 0.5094691232657514 0.028817168568823503 0.42855025297954535
167 7.6890133510386365 5.445403203807764 10.26044021927169 2.796229430921637 10.168714114148788 23.609677951506463 3.953299708425414 0.5569429884527703 5.380269881104246 13.301293794508947 28.443336372610624 0.5054924584751689 0.06864381372082955 0.42436548281349823
191 7.823875896064208 5.5913263797695265 10.950131795863088 2.056628807402106 9.248198547820365 25.550477999182466 3.1079558361800768 0.4725393842597194 5.589806858814396 14.971577414538832 31.565417205241673 0.509622705974542 0.024017485584534162 0.42844846194520025
192 7.2891191609655595 5.514429250711084 11.341087011765316 1.801709736359499 9.35005750671804 25.80074391341093 2.83498976124099 0.6353652008490682 5.245268146774114 14.933036947451388 31.904893276962024 0.5095475750924205 0.03454223368268322 0.42700032049065667
196 7.634594031402536 5.752516217763858 10.486677472098181 2.48589039260207 9.710157358968184 24.849441242011515 3.3243351623555655 1.2420616199197134 4.221468753963816 12.695974690743071 30.9581569898238 0.508504197304573 0.04726240497830792 0.4262606103821363
197 7.721732900938412 5.48412855311288 10.960284261356907 2.154736232548583 10.092875524714607 25.396344553127406 2.5643251616013516 0.5667734312945151 4.807997178185165 13.04192594061201 31.281969596963073 0.5092062542651526 0.036276751291322115 0.42803511054345955
135 7.392968689766982 5.587031380334575 10.977149853387274 2.063377166449698 9.686314505792545 25.52005561766166 2.815018986935942 0.48350916062349025 5.50624023176904 14.122684802431886 30.918302644131394 0.5091555479981191 0.0399925656271971 0.4274283294054227
160 7.8067970104496105 5.460956417583971 11.094326388831481 2.004628737852498 9.364646551155673 25.332543495168853 3.0313793686625723 1.1483139532815914 3.9619070497767224 14.143755924854961 32.76031496711584 0.5085944106448477 0.04671699527921661 0.42567106601017163
184 7.554434318967334 5.721035299209923 10.736832203705253 2.448624061808317 10.270780707258426 25.172774924570156 2.59935350239192 0.918847282580703 5.105810959760208 12.233721827324649 30.155418807098673 0.5066906587520332 0.06439635148328865 0.4235559346653926
136 7.366681225861273 5.481836551710451 11.322503703920841 1.9972679057044123 10.093240537887542 24.50352807776776 3.1900745313641825 0.6675835177913971 4.6464369379235295 14.139622641291648 30.048385836978767 0.5085198053635344 0.04395444781060586 0.42741756057407265
137 8.024611578204128 5.374234568677056 10.756370914692642 2.359024602740863 10.325804024009296 24.8725780876883 2.8321947587449716 0.9161516410673877 3.2827550773682344 12.187978657441562 31.1966630257787 0.5091638093456419 0.042410991749904335 0.42689842226520713
162 7.811188685086327 5.0558281796286355 10.89889537777706 2.385610502542039 10.158389067807198 24.542767640936226 3.020520544526846 1.4319502907905728 4.031976143771163 13.85868972114806 30.692377773042526 0.5051777606379235 0.07298309167536585 0.4224163854922067
171 7.676918385711714 5.536480643542758 10.945998378546532 2.1702567007012146 9.519873666059922 25.374339408951872 3.0439094926300823 1.2029145304377822 3.712987781829288 12.503156428433039 33.04476733701839 0.5071260064661292 0.058839979944472015 0.4247486850240414
145 7.1954163923575996 5.72711196521769 11.2901589113959 1.8462782489370562 9.501084068510956 26.817262830233602 2.0288960014218125 0.6304247278849148 5.4150121543615235 12.553563843466236 33.689144528944176 0.5093544358289943 0.03630402582265841 0.4278327176811898
170 7.8492738996974545 5.370134348867186 11.087826051199103 2.4161742044005474 10.397748284991438 23.983776554494856 3.3429920691420065 0.8490438504540752 3.937588508615381 13.89458951557046 29.393501515950085 0.5049234261814098 0.07266589518373769 0.42335668845432856
146 7.603455412513402 5.55619658187546 10.788134515131436 2.4082725639698026 9.782201516813586 25.278897131581196 2.8233108983347877 0.8939320076192991 4.034700802864105 12.128446539466584 32.929497828128405 0.5078163054577775 0.05279118017754054 0.42617167032486264
147 7.572977585315373 5.759985737214202 11.22516103706924 1.7270703380071346 9.054250519833271 26.314363378435715 2.5747007893684892 0.7068859535042723 6.206890946620221 14.763278015754134 32.67126131524401 0.5091675913390937 0.04041795874264616 0.42753820826172756
172 7.4475337861149065 5.422267135441207 10.757741366231167 2.350308815850152 9.88494881371778 24.939841103072762 2.9247878598722985 0.5495035470321927 5.648670608592004 14.446231507388843 30.098032593814576 0.5046047417645775 0.0828470239770599 0.42132677128423646
183 7.6164557294284565 5.544941611561312 10.89858846171001 2.218642276620473 9.848867800104854 25.99525877761858 2.3171294808323197 0.8512292745892399 4.988478816669095 13.047684862401786 31.753655598054515 0.5089328307415173 0.04198236223956142 0.42649264010312155
178 7.390736537024701 5.633723886493059 11.180941751690298 1.8117891464670488 9.223702938248735 26.103154318961913 2.6470661953381986 0.6053384618739153 5.631387427646488 14.554250911181189 32.27990998713934 0.5089523709334985 0.0364891950139722 0.42675342583516623
161 7.246919119037448 5.771680518951925 11.236231195458497 1.9712993361228912 9.790766325229411 25.51290741190918 2.6771995445379537 0.873518952581834 4.492312706059895 12.687417710339593 31.98134462401398 0.5085769616264361 0.03302015396803491 0.4279743177398223
179 7.60878176889606 5.511717638305094 11.047184577225028 2.06221089796977 9.663464841596275 25.334309357913366 2.9868548378968276 0.7588659535327726 5.13988306678301 14.23747568766698 31.021666956199244 0.5073623600076429 0.05558714277893116 0.4248750297061537
193 7.791091944410315 5.549657920077096 11.226003862458215 2.025334794328927 9.971722485000258 25.29740780278043 2.667321758142074 0.5355027754345154 4.95784518530157 13.906223649043696 30.991817744274726 0.5099800355575954 0.021656013277690074 0.4281898449462398
198 7.5659284733334555 5.65305663811624 10.803687226457063 2.5978333564689557 10.587918645833373 24.15454664394995 3.2164879646917077 1.1068052587487507 4.292497221692933 12.082238466882833 29.19830527688754 0.5052873078520056 0.07132629899524177 0.42343684400933185
185 7.838396593396677 5.530947627894138 11.125931804938594 1.9106152090204864 8.995452156748277 25.72428925067399 3.0401314258947605 0.7539982958826449 5.058837031286313 14.986771143954641 32.90306401977638 0.5090020904231599 0.032053432343397616 0.4278649598354503
175 7.599718738089196 5.48883523264416 10.450882688895833 2.5013396013955402 9.991251505219122 24.89800862460073 3.035931251576215 0.8329259644642637 5.0674440156278076 12.243436384160988 30.988482635701263 0.508178313431162 0.05113340484092832 0.4268504330960841
173 7.9450243047944875 5.590735006502595 11.31962277188171 1.798746217406077 9.322508640913295 25.398395899212037 3.099008486066568 0.4918985728764196 5.645552342271929 15.418844867330805 31.24068832410834 0.5090222993111625 0.032970695036354886 0.4280293993587081
138 7.609553529526675 5.690567131373727 11.356368524183424 1.9174993907746567 9.610196417859909 25.765731874201407 2.552744212685775 0.6577859717476401 5.069977552569644 14.32762051007798 32.08212535148511 0.5092073309960128 0.03427421370149884 0.4280258356880398
139 7.620925852162517 5.659335303888381 11.607564011531887 1.6812551038606784 9.606890929756622 25.00535042143606 3.260169526986543 0.27955534578083324 6.109789951069923 15.935073903803112 29.902405161749112 0.5100679276296658 0.021893219168701628 0.4283804404558056
140 7.55266163943587 5.649654829333475 10.921540896391774 2.1425746674124793 9.41385864255334 25.20491339079531 3.252445033529218 0.6258500406391835 5.274113525207173 14.298572215212944 31.282554363692963 0.5088075143313981 0.04292379689593664 0.42700634250066455
164 7.243179394303948 5.7128542276841205 11.01465614871896 2.1134760165087427 9.71553033823005 26.147417015183404 2.2953752087624286 0.8595262005684746 5.0080706479008334 12.346163130528165 32.867913910111604 0.5099991213230025 0.022060242651326622 0.42827423749553684
148 7.577188210007598 5.6934047283763345 11.044068501222357 2.0272327339638263 9.542657529479756 26.524697130264585 2.178670711713817 0.39207725965572776 6.276908928316276 13.786575544274646 31.959346857170967 0.5098626443134423 0.01952205465341463 0.4286310446987673
149 7.460937798697895 5.66762078173332 10.931058826544351 2.0904855744636843 9.172986086677739 26.878135101902906 2.1452215704182707 0.7486379957317295 6.011721281336866 13.322089225305625 33.53371935142275 0.5083818274276655 0.04460431471527384 0.4273301185039083
150 7.457274273978033 5.856979769030379 10.808949041204475 2.271937753014349 9.860903617217925 25.543400446592642 2.672240387728045 0.5372984899204762 5.448816422827221 12.225911691890012 31.80328848403084 0.5091876326689679 0.02874040302400917 0.42838293246430104
174 7.333015662911168 5.7949911587675835 11.125715242107233 1.9165194557200846 8.975673607798194 26.310528028596284 2.5546278782411487 0.7401755968972701 5.384792141978434 13.86702381219302 34.077621620685214 0.5101437948299472 0.02342114392275045 0.4281044479825906
163 7.533766450873735 5.536165793192964 11.237512451553666 1.8769103781096865 9.327036916333373 25.563919104885 2.949245690479111 0.865463173450249 4.514606498567944 14.106565153305281 32.80257767137193 0.5073332653060357 0.05009449645835973 0.42617001393064957
165 8.022955773608615 5.555370672839691 10.26790798216941 2.720359140568165 10.11333407262662 24.955009083222723 2.9283742961634087 0.9950434479503603 4.065468303761012 11.749249802811915 31.2682364920275 0.507804249790099 0.0522046734541238 0.42603394275638784
180 7.882826410674076 5.429278225424016 11.076686150404889 2.049237881763563 9.56897833794381 25.093270593778485 3.168773891143046 0.632899113394666 4.840210400744795 14.556910634375583 31.48697195193544 0.5082212109001998 0.049105762387295894 0.42654421536889936
194 7.539054678543756 5.517889160388437 10.974909722442794 2.1581542484605385 9.646590996197345 25.301456740200734 3.1000644161949933 0.8994130758670605 4.73260108596044 13.23356254352641 31.656514814950146 0.5071936508868482 0.05331794303267907 0.42643309787977035
195 7.176485839599917 5.917876508125141 10.91526381958714 2.0361038182330473 8.83202509016308 26.537584274279347 2.5808365516798135 0.4248505766208506 6.533044099216247 13.965657960496435 33.589788220187565 0.5098162636761385 0.029705103559864304 0.4285368101614892
199 7.731822824425977 5.583807537507746 11.015895543795974 2.0044114514571474 9.364894364238872 25.51081659395112 2.971083333023803 0.8024506001917905 5.0011992356267925 13.616414831004532 32.4458084479069 0.5097070048088682 0.019466304954251244 0.42859481685300227
200 7.407220852174159 5.8040093894618 11.117708690997148 1.9327380997006016 9.14137805889261 26.222224928260207 2.586320416823251 0.5336166596738898 5.816710180440134 13.685798459451764 33.24392418856688 0.5097200823457811 0.029473752085024306 0.4272290350544933
206 7.543789260450451 5.951499641733763 11.276487623775187 1.7749148417695906 8.679490155747866 26.843063018788136 2.47916579500582 0.5432496559780972 6.1564638972109185 14.109113698807285 34.461444588809194 0.5087163240007866 0.035407020660130455 0.42742994466609596
207 7.93171153991179 5.876169670833596 10.825158965572188 2.1762099487625894 9.590322697907716 25.53718321878815 2.8233185100089964 0.8025468306167975 5.296100647454818 12.933123860382777 31.737285622763604 0.5094267159529705 0.0317128302496515 0.42811250250427507
208 7.329182801302792 5.6091776105691356 10.487763064823062 2.464118035167101 9.755518377941446 24.84044688266007 3.1955830330996426 0.8391429130618938 4.915548251201959 13.659223294125534 30.326908318351492 0.508025612634642 0.04979000626124582 0.42632564224920716
209 7.495959533868564 5.568245600509929 10.769164443272443 2.256525929488125 9.683873010067163 25.826439217713443 2.494804220690929 0.9563446242948757 4.891207879397939 13.062398125448755 32.258147405082646 0.5088610712526408 0.03942524216813229 0.42758453677634123
244 7.86999536538787 5.36441632396609 11.08219895979851 1.9571565865396454 9.446693434096396 25.745852241655463 2.782734823233554 0.48387485929020885 5.214317836601706 14.93240964064722 31.595941340085652 0.5082665458347227 0.046344646855482736 0.4268266452989766
243 7.677101696381272 5.636740297614606 10.90146959826102 2.186547338146023 9.862585423399835 24.949071635194024 2.9728721400547373 0.8107524176273625 5.058113006727428 13.458984599585632 31.049742702762 0.5091011168188374 0.035521042641277575 0.4276907362220042
242 7.8777678327555085 5.292660472226423 10.922129236920908 2.12938485371732 9.472193051747057 24.8953251381753 3.405727334065099 1.013543153170234 4.529392873693391 14.428578116772993 31.4629668167231 0.5076055564909622 0.05327481835558288 0.42585188551282216
234 7.725825055574598 5.558386369101648 11.258547326371882 1.6959817376983812 9.011953971278377 26.082037674630726 2.813126572491991 0.6699626394780879 5.694259460435107 15.673453368411694 32.313309228731846 0.5090005110437239 0.03669488515662914 0.4269898617553412
241 7.829828604505303 5.55333825492949 11.113646813369707 2.023604497799582 9.612694795544412 24.668071082270952 3.365065565218797 0.566593515753384 5.712849749835198 14.447334735941752 31.00897187158305 0.5066627749080914 0.06075467461594476 0.42567165621731534
216 7.762185161323624 5.672398304443137 10.6015587680356 2.1618824994266284 8.779035080386517 26.963864034322587 2.38546045289601 0.509541505122289 6.159615485895693 14.21643392342295 33.51849207618057 0.5094913297604488 0.02942048637762296 0.4283085261948288
217 7.900666189678756 5.60217161190701 10.905186029338997 2.1989268434408524 9.706109981870611 24.965347749649084 3.224304319484147 1.0607880406040615 3.531836039493896 12.726134806406973 32.08643652238323 0.5081607686440689 0.05287227224629872 0.4256781291354183
218 7.725684803093284 5.770502061161957 11.237036347199183 1.9286319597061885 9.724806094586926 25.378356308371906 2.861136465310384 0.7008719577329564 4.565946091304609 13.333507922074661 31.82572344279823 0.5099242798664055 0.022940073196123418 0.42815142304422504
233 7.854380444696365 5.787121517177034 10.982454722742801 2.274142915527139 10.327453219857881 24.691296339956573 2.873677544867886 0.806360922320692 4.094826903839686 11.730874983317234 31.300790143560945 0.5100130465754902 0.02407981103241688 0.42852796317890457
219 7.369233533419641 5.713602881770855 11.344283258970608 2.0092710974373067 9.93711818824289 25.357472203702038 2.583444580509576 0.8008660618786517 5.086762951192958 13.162509053595116 32.17975602966825 0.5091121991726562 0.03681721144807942 0.42729433379065823
232 7.904467791015038 5.345381573345923 10.437185298557182 2.5634901737523026 9.96709705780192 25.42511512203327 2.6632432315491803 0.8497332675699649 4.827747641005688 12.37951524807885 31.387363567682243 0.5073847180589964 0.05486890207318849 0.42645820498274434
231 7.792948168776609 5.467312064425503 10.743471410812063 2.289190382010294 9.484955431257239 25.67380320955009 2.6908941191822753 0.6873006754906535 5.380689161644302 13.770491989157016 31.988576401422502 0.5078034803197998 0.0440556724887549 0.4270846109888961
236 7.515499537879657 5.515532962533163 11.023769982239138 2.1588610865969415 9.52888569935701 25.79878829866564 2.745579295649546 1.119630857269855 3.9886439325734355 12.816944641071258 33.32010918260522 0.5085137607038063 0.04485883302760771 0.42703989762677197
237 7.453653205529673 5.82057957989607 10.855665002997428 2.260461838295633 9.756143345834824 24.37406613414188 3.6836193698074653 1.3912397869649562 4.647811111375723 13.182850843810584 30.198101591372318 0.5066829730142688 0.06195525641854177 0.42516559218400474
247 8.201019974777264 5.196927528252276 10.639496187703417 2.458909682585055 10.08420117703037 24.795155385682065 3.1661044093917328 1.0766587045451268 3.6334555015456553 13.074814574900358 30.628975335081414 0.5079766513167422 0.05479217645180041 0.4253770678416707
210 7.302360495330589 5.40365500285464 11.110143733624634 2.0911640958952256 10.037446882804884 25.81170755841124 2.3701523308274877 0.6541191981230869 4.531843831555298 12.255140298040361 32.436575394099094 0.5093331275551904 0.029288217025796835 0.42832484758705847
246 7.542696263692127 5.730605734233391 10.879481951636713 2.1871391086293235 9.504224776932086 25.565811776749925 2.7731294614940745 0.6157670796308495 5.289106211159438 13.454091495697972 32.47001024387484 0.509161037754156 0.03696159534155859 0.42775600058135016
245 7.984730032102247 5.424897747268879 11.17219901484324 2.021229221572145 9.91960576537301 25.787308077997267 2.3394043551431842 0.5113330577096518 5.296646814260489 14.364572166705006 31.43308241079504 0.5088390793499287 0.04029657753083206 0.42772796848048417
235 7.39623467787011 5.67592324090086 11.159228073963705 1.9934168913818073 9.772676600799858 25.47514377825977 2.733577550638725 0.4813844316429219 5.3720769377301485 13.56796476343704 31.581824283936623 0.509539810973452 0.03372484711381757 0.4278036184157458
211 7.680594261214495 5.552897499711513 11.020012641785591 2.112718605054707 9.831867958992227 25.45337313330355 2.774018155620913 1.20148901328656 4.35376453886555 12.951227134648475 31.791974367403117 0.5088657605522501 0.035582732971092185 0.42786908288058273
212 7.392681443197732 5.814196190138963 10.912308886277602 2.1026455304440175 9.40231430489347 25.928052207200633 2.6454981305310987 0.8383994633476936 5.480594500330472 13.220422675596039 32.557658376192435 0.509623729541445 0.027938278236709 0.4276462478405983
220 7.644884324914133 5.727288483958782 11.535367229115971 1.7411137721863617 9.52828429600444 25.75644805201298 2.7490215417817443 0.5910201104792658 5.6422745916584836 14.928079135111389 31.377312319253804 0.509661557069895 0.023690728957466045 0.42912159302767244
221 7.319778810895903 5.6586471017148945 10.936247853385165 2.187414826479138 9.723540194757796 25.45324359200398 2.7315073672978167 0.3988476903588023 5.898177864904343 13.331588471951346 31.78258456589569 0.5082073002373106 0.04187610992547892 0.42758897620371206
222 7.822841684209632 5.508601451479065 10.448287469866429 2.4761151210487853 9.723701102265686 25.130790830231522 2.9355051399109198 1.3310845794599448 3.2015182127428066 11.921049271511318 32.58751789029845 0.5076149739705165 0.05478409908469422 0.42512960782209563
250 7.849448042612944 5.7866649779611965 10.894430860190388 2.1579955660618384 9.941010825739923 25.40431909954122 2.7400844600639456 0.6494079840160485 4.717389378506575 12.64760156226229 31.06780066209661 0.508889079546369 0.041970009057196285 0.427748133917689
249 7.663703008790742 5.4606063457239955 10.61322038837521 2.3118231266141125 9.293282699447078 25.878191841236063 2.7284615220863433 0.7520216073016712 5.682847691936319 13.970364238205764 32.55175493062005 0.5076557691711154 0.050432340003203194 0.42622057176191014
248 7.785823334398356 5.630625445669469 11.113352941910149 2.2014721453066923 9.847232985382158 24.314453612790135 3.5634467658563898 0.845790713461996 4.847278342628726 14.341420082776734 29.95583901434814 0.5066723713223718 0.06262298651709282 0.42475374120873227
238 7.770260629448945 5.643540335361418 11.18914774771266 2.0593978405082343 9.702206711204983 25.281807943068497 2.8622277759687664 0.7087254461550124 4.741827947507193 13.55540251874492 32.09415907688986 0.5090652709383614 0.03756185547933731 0.428176586925362
213 7.865264545314829 5.582410796989808 10.638642162929488 2.509946405922118 10.213250606903873 24.50615268673878 3.0899029978785024 0.803669393635778 4.319614595392713 12.963705420744061 30.11092797020078 0.5086821092986528 0.04140062427401634 0.42735052631451015
214 7.7497754973636255 5.6777938080719705 11.059885549569834 1.9877072574817054 9.305751207030166 26.16826396160402 2.6910200498601604 0.5599450123454203 6.049000066640211 14.549164913143082 31.35392063014253 0.5074939826660658 0.05493909469012689 0.4259266637233702
215 7.2112401828803545 5.907856698207382 11.073254014453896 1.908555086830751 8.61164307900965 26.885050715232808 2.3644173456355566 0.35136725711446964 7.234363416439781 14.718955754597673 34.20062531609774 0.5091635923505589 0.038906069823363226 0.42653472835113193
239 7.731011050617905 5.516613300373992 10.358323090542793 2.2726948909650337 8.855194789008161 26.716266758198774 2.4346589291699976 0.7379779481633076 5.369616301856981 13.498607370873275 34.11100823527868 0.5077436100502908 0.05333008991806568 0.4267668538226237
223 7.699121695821598 5.349661340275643 10.659557088643242 2.2380931054494932 9.130869866393091 25.840634762304752 2.9640630898579308 1.0440700284853277 3.992853624937375 13.140311173626294 33.70236973791913 0.507980203441533 0.04609572400975487 0.4269478309383469
240 7.190060851172835 5.747576493375803 11.03645260572145 1.8984217663074898 8.6234452473059 26.506413933092738 2.783178367301696 0.6969739734942002 5.972276856290827 14.502446711219983 33.99852115788702 0.5081610686800951 0.04743682672748797 0.42744982882599664
224 7.618302632182876 5.500776187062437 11.245927472572774 1.8080786425928947 8.658760026038346 25.65403020594765 3.2043481972057246 0.5603000915565736 5.732263868698052 16.343897043879483 33.053410284825596 0.5090603831074717 0.03961438176012715 0.42745588660083056
225 7.923867838830206 5.485779167181194 10.860412147237195 2.074354216413803 9.191384735391566 25.906525947527115 2.83415694651022 0.6000992604212493 5.917329878334328 15.44578519729027 31.58106835316077 0.5076483043898109 0.05517939829805319 0.4252299848863196
