# timestep 200
# phase bcc
# id f1 f2 f3 f4 f5 f6 f7 f8 f9 f10 f11 f12 f13 f14
1 7.642019986485888 5.73250652096747 11.150581677751411 1.9538329997369885 9.12340823001867 26.317222283266947 2.5159117153489277 0.9264594514549985 5.739677765540521 14.02756598530435 33.06048340004142 0.5093092590892548 0.03592388635699109 0.4278203347290992
2 7.705907556089565 5.736044718787563 10.784917909756281 2.1591109606434262 9.195858753461247 25.29292797769504 3.203967702446676 0.7098865206797067 4.966682118742349 13.955135065581587 32.45771766171342 0.5098385145458915 0.01875959551589081 0.42809020856482477
3 7.936020907474498 5.490998116749827 10.951133179813072 2.048601740934506 8.97166442541861 25.93576165521658 2.855042063127424 0.6745012413604007 4.654113434893022 14.638667348074273 33.50008371813003 0.5090555978049721 0.03574610307865488 0.4275013657776039
11 7.709156437448618 5.827059960544536 10.88800589055488 1.9732806536750616 8.379582336399425 26.668202583743653 2.721728945980815 0.40701696184477876 6.717898953503566 15.270205164224974 33.91757012782226 0.5097738451048781 0.02528929195503382 0.42803437177820003
13 7.549022457091461 5.777625518236939 11.042702041666638 1.9744311355161237 9.013684333299423 25.260884587198635 3.462013088936519 0.9420332125729455 4.762109693494519 14.452386082678169 32.01284611389388 0.508581561262211 0.043163890331333256 0.4265953510471602
26 7.5409194087048395 5.709875021963448 11.201925301503868 1.8859408060301166 9.296696945959502 25.656534577905145 2.9265223479825386 0.8188910871527109 5.219644992277811 13.892463100292359 32.18265830555478 0.5089782021912302 0.028120546345412036 0.4279819885760275
28 7.854963170611622 5.5736077025410635 10.892139849619511 2.1766157485151294 9.440589734253 25.375259923883803 3.162968907182 1.138270471513576 4.030210971765486 13.39418542161422 32.07235295661028 0.5081008948939504 0.05321115616205927 0.42536149114584626
36 7.5367822685717085 5.86164932687355 10.762215011030586 2.0725018897691565 8.598273312882517 26.324669619478655 2.9735006663123538 0.521652706930867 6.071994986318251 14.56820431299584 33.344060666598835 0.5082714054046257 0.05088644685712386 0.4251800198422963
38 7.7096041093889065 5.564497785802405 11.151913123008176 1.905474080289293 8.82278646514351 25.897427185074942 3.0346751015965667 0.577001064085821 5.57798699689917 15.236006224790525 33.216468202033624 0.5095412361308566 0.02896556725467701 0.428058222324973
4 7.399907684216948 5.734129774851621 11.018438748857108 2.1426772012779756 10.136934355604781 25.12425639399603 2.7776229002186943 0.7499089171415613 4.831645792900782 12.572100052993516 30.954589199770492 0.5087902598348972 0.036927676186122645 0.42796952764128565
12 7.633626414126578 5.911530385094947 10.93532425739729 2.00854144897505 8.855549335518974 26.204792721552458 2.8343659939765775 0.5380738760509877 5.82151855266057 14.00557814275862 33.15662322689899 0.5100239588399301 0.01827481469127073 0.4279449710092486
21 7.706529771999154 5.860590281243158 10.774226825917 2.0891762915089687 8.913839856518301 25.989448228415966 2.9308678843902842 0.699325970293357 5.72342310379196 13.723671937383203 33.218760476805585 0.5096082841521907 0.025377890688111533 0.4285698506212852
22 7.629016025590081 5.615864098487805 10.723856208979521 2.2253670772522534 9.216871179535367 25.16180620982497 3.416778184741374 0.7378853828068811 5.264152331901498 14.071635893403435 31.644846973251486 0.5090030812591156 0.034699611235967584 0.4279984625683041
46 7.7717730004566725 5.692278912681218 10.580009124964246 2.358252301223425 9.440251790112393 25.321392762897883 3.1451106947301306 0.9210591220776219 5.1364002914820155 13.66452668929688 30.985278720971866 0.5081612496831518 0.051656424229557935 0.42547831701837635
47 7.718187202628561 5.786481224512317 10.882728099802073 2.120982189320232 9.376197784114517 25.960190198062364 2.6292294876663163 1.039876196810344 4.9279491270051405 12.985562465092672 32.96286182871739 0.5093173779705841 0.03511373995736885 0.4277821528286679
14 7.33236526398816 5.75924742154561 11.134968888736488 1.9865317984385864 9.326723304378836 25.91801418991105 2.731361546306064 0.48667043975492574 5.4470929588846415 13.894213407133702 32.29515300286689 0.5089561994058363 0.03843221035658458 0.4273064660847106
27 7.676140015864905 5.603302926202775 11.004581042281558 2.171263740587682 9.55942574814767 24.623083370466308 3.5791518067411605 0.581249673649773 4.919374201269908 14.233296268259878 30.81410996093818 0.5078497889322845 0.05225208774663184 0.4260948116340273
51 7.584222518653484 5.6800276684985445 10.936566235145923 2.1155105557404026 9.295308170710964 25.68250548233127 2.8369800703289627 0.6916921567314072 5.56261758003462 14.714174016101161 31.563542000037742 0.5084069207487583 0.04047703729879922 0.4276217410667999
52 7.8650002724417485 5.788851722357063 11.091616265571767 2.031972593846031 9.3425689496894 25.815156416314142 2.812152755368331 0.7335710803733484 5.351770128145038 14.081157507596807 31.923088465580438 0.5079601666410078 0.05027273105006823 0.4262152116458341
56 7.534246163542652 5.751409916618035 10.946445665122699 2.2591832284760525 9.785618381583056 25.40418287226037 2.8030823253423445 0.7137330989802227 4.787865843631288 12.483565648498967 32.319201643738786 0.5081724166464747 0.048337384738805625 0.42654186994898907
57 7.539969740361063 5.7279547378824525 11.054478709438685 1.9400020555115307 8.894331961587643 25.83983765690842 3.000211051230237 0.5945794161034114 5.805135870699852 14.715933491543472 32.932380156876754 0.5097485338654513 0.028682973250402536 0.4280126338149557
29 7.428266119088545 5.696540811475659 10.667472648394448 2.2356091815656693 9.386886032009711 25.859644481279904 2.836990887709944 0.6520964585845314 5.004929968512099 12.82952804766435 32.34791183476168 0.5091031224778476 0.034935414981479083 0.4279848958598097
37 7.852820922314998 5.647054553750912 11.090741015139836 1.8887486839157983 8.852595534387993 25.671730126629264 3.2770484089720373 0.5564031661735009 5.603453814554921 15.159573112293554 32.64941762723545 0.5090894269136631 0.03707805069749105 0.42771353128197315
61 7.790231418372123 5.526315132583883 11.104902652670328 1.9370934804776598 9.069483597393845 25.744052407532358 2.9980998381090074 0.7231322294762867 4.832484821013292 14.00847611711845 33.54618711597121 0.5095816538433985 0.030670234594099323 0.42789928274942896
62 7.873930817167663 5.607927562545155 11.005386747724478 2.097000829982476 9.544556780750126 25.46617333613427 2.8852908533978994 0.543200805499697 5.332939986468032 14.13075520888675 31.82900549153055 0.5091261792317296 0.03449653982214387 0.4275416375725354
39 7.76293564766969 5.660278481466698 11.017212788816167 2.0348786588344647 9.357519919276847 25.732904049697847 2.7932369313131566 0.6633892770986749 5.064723564148125 13.908469370712059 32.56746392470352 0.5096217723947928 0.029221555618931822 0.42788429610856554
126 7.827406582108044 5.7827165763320325 10.93464190749382 2.126695328990223 9.405999595684339 25.276321839440225 3.12442978488515 0.6910159029325464 5.216976913406719 14.08181988330369 31.691449429105067 0.5093181979644839 0.035367005592670926 0.4261132337644261
127 7.287857187817046 5.761573716616126 10.993070768782983 1.928605109855977 8.680173841188584 26.05888607690162 3.0854553525631747 0.6285227863800361 5.567092092671018 14.781187228831358 32.74447136245214 0.5073369561921918 0.05653400479967552 0.4251893096618401
151 7.69770867667389 5.6549259437005155 10.739997351545542 2.2375467960269444 9.439714054084314 25.697195634823856 2.8517351765102155 1.0920371721316309 3.903923188804911 12.098057591308141 33.66177823080271 0.5085238357373519 0.041240233129905886 0.42694826069134534
152 7.7948998817461455 5.66376130976737 11.179976745614503 1.9598682131590317 9.429987017883446 25.289013281156244 3.150452534862545 0.7332714227240489 4.546716168502718 14.086747902560122 32.09802561714003 0.5092544411386963 0.03224645358665752 0.4282325222174187
66 7.525753031878268 5.709546498747651 10.68122471133146 2.1950507580652325 8.83068869406162 26.12696069994224 2.8202321734796745 1.0277950574708488 4.532642397003394 13.021477467795203 34.50749071812723 0.5077845741971199 0.04527570942334859 0.4271035724760006
67 7.838779224422753 5.728493995404977 11.335401137157126 1.8295978743207235 9.054075487129511 25.65040029229989 3.157352259920142 0.4794883513792928 6.077736680406067 15.629706268767368 31.6319863810118 0.509314443948612 0.027762854329080777 0.4277401543046017
71 7.8830199883593925 5.65438635315669 10.905821634695746 2.015456592078837 8.861926914547988 26.137469564419018 2.847960420331373 0.5701277316942669 5.457314125803462 14.698005646095657 33.18500969951441 0.5092389001238473 0.03234361467014154 0.4276742185028531
72 7.575615919293095 5.747048320484315 11.153425554790237 1.7874097257354433 8.319788716551374 26.694191943239293 2.7493171303554 0.9019736682753932 5.818025154839629 15.080266892806222 34.778723470465614 0.5087438804575927 0.04307825497630984 0.4267710590860175
187 7.431016747508085 5.587809242711677 10.739206294789664 2.4512162886763846 9.982653862118218 24.84842383031526 2.9087718718668882 0.5906251996346981 5.0560115426912455 13.648787635680392 30.360534487948723 0.5060157831789708 0.0679698531103437 0.4232384477969521
186 7.356434764582489 5.874485652191916 11.290468547666897 1.8904214574188232 9.683447020532837 25.318061366258508 3.019924843735699 0.8770664201590155 5.538730611240255 13.506750315777628 30.60296102186332 0.5078004743855677 0.053932725421983144 0.4256696089290999
5 7.4057783684996785 5.695808578672217 11.3234382529052 1.7394953333071284 8.96004704204326 25.854721122856986 3.03819107907685 0.8098379739831727 5.186568075959614 14.442931760806653 32.98760453041886 0.5089015328640089 0.03911845944482731 0.42680606291966555
15 7.705903837175133 5.590937365678415 10.906007699753316 2.116479681803595 9.53180456862653 25.97848296902343 2.521483469005659 0.6409855297413117 4.742835835768717 13.422694720324284 32.72753251173342 0.5092178447676924 0.032302627943581075 0.4273515396532929
30 7.465600740083701 5.55142262028194 11.206423626695749 1.8169231571544517 8.667019725265947 26.90127350010564 2.362846209140556 0.6592041274130482 5.819270685328859 14.947195786468152 34.14434778799413 0.5085871191120985 0.0425496672827058 0.4270702143297187
40 7.68246291202966 5.635527090354469 11.020444791931016 2.082313159526585 9.218630615990232 25.88937435079759 2.795196682199878 0.7432856418802513 4.7638582892504155 14.137475678762051 32.73433893032287 0.5080679550144039 0.04896417898474087 0.4259233239139023
6 7.167996280804288 5.807080112377216 10.98698778848153 2.1388788208376748 9.741520548372042 25.297845297854398 2.864807893651421 0.4887606665416015 5.775280072800489 13.625792329961412 30.534385639878078 0.5071723622085852 0.05864537184494338 0.42503192372513093
7 7.3814428758073785 5.823123338112659 10.814939983315078 2.1185830945718878 9.260336280008476 26.154818300853837 2.676842406899735 0.6814123147730317 5.6071597514629925 13.224022448591908 32.46068340135848 0.5083079591819363 0.04123720801751584 0.4267303528914255
17 7.587052050473486 5.7930297236172255 11.024318293882157 2.020967609265956 9.573583232379585 25.143770865852225 3.231860868735731 0.7128069806891936 4.719989646508458 13.400287675652239 31.188097919263782 0.5085839911873516 0.04273717208726878 0.42729964545595256
32 7.873130405911838 5.64162241283847 11.341461728419176 1.7111764576368247 8.76331916353802 26.38125877473324 2.736421876069929 0.8988088855414896 4.806144486476995 14.261663570150366 34.57696257494278 0.5089828536817604 0.028443316749549877 0.42799309898167603
42 7.863461382164452 5.648800377061704 10.845882691127919 2.0944748233510486 9.199453786523188 25.624320858345897 3.032816090483775 0.381209970432226 5.808055063929284 15.038510819228799 31.34336863123348 0.5089962241345749 0.03461013597472862 0.427567597244205
23 7.468951601560995 5.544918500898065 10.825065059429786 2.2576354139219 9.682252194157435 24.765447340043842 3.5318272317482835 0.4791612369424161 5.236304897412873 14.133706723537255 29.934192186129547 0.5085582442854536 0.04446170732136491 0.4267237371403953
48 7.447980584913324 5.812824877009633 11.18544441765086 1.9417621951144681 9.432887706594634 25.89877742027972 2.7098066568207844 0.5833776917830306 5.72116773279142 13.760807113744477 32.087923136824074 0.5090247777825858 0.03164388218583748 0.427332257792456
16 7.401716950266294 5.77970455389052 10.948783617598444 2.0203635893336296 8.753702708619484 26.56574869763941 2.632118439514984 0.9921523015472237 4.671894178152244 13.267665971518364 34.72794260484221 0.509221787996858 0.03265580344314873 0.4274611795326089
24 7.540628127248251 5.804142114775786 10.720537414114613 2.2950818231710675 9.85183683665261 25.424695475363166 2.7629059914625107 0.8547597293173849 4.327625780769424 11.47932625778983 32.448408609148856 0.5098074646505588 0.02712387795387749 0.4280009034394859
49 7.743553276687838 5.842524625794342 10.97370765227071 2.0233292009237194 9.347886333921368 25.710975377797848 2.8853477210952216 0.9459463966224734 4.914614784238117 13.033384207969034 32.773924513090016 0.5100360894693982 0.023639653378298025 0.42814254567969173
53 7.665266133488969 5.711466032210168 11.313175430551981 1.7376764437979206 8.643035380700823 25.805702375645794 3.192565827500267 0.6196877422489321 5.487108662975397 15.789480957310474 33.23269493812598 0.509235921428141 0.027711836825895866 0.4282569627601302
58 7.527929004048989 5.762288614804615 10.696059948526301 2.314721556114935 9.510317529297504 25.70964706076391 2.7964332029033208 0.7105235223282063 4.8572381185844025 12.652774955332262 32.1711588333551 0.5082816798125196 0.04822843566653369 0.42611562585867563
31 7.586094027127233 5.793964523254931 10.870925634394329 2.160259361109092 9.552092035535876 25.500159484440523 2.9378622592906605 0.5469012237124127 5.35105057987904 13.366960868518515 31.846567138131174 0.5094526848272306 0.027193260156063832 0.4278489431000113
54 7.907656087799244 5.524322689335797 11.129994313414032 2.0069256868688363 9.735271936998403 25.727891632879373 2.585782095227464 0.7249078562904869 4.748621380553026 13.601087224139542 31.62946732614834 0.5093973463185073 0.033209828476404864 0.42789053457673343
59 7.458766094955814 5.854988535659148 11.201480406733554 1.8651913404373257 8.846234118698627 26.0219485445096 2.925376863192932 0.7523111243446658 5.0974100764151515 13.73900015977463 34.00832310453228 0.5091192124387126 0.03395146912945041 0.4275911425065399
63 7.4860527256149005 5.68685467403142 10.847248546228416 2.1009944360427126 9.166364058273178 25.344603225572186 3.2465190576650595 0.7384454641392807 4.945529537905038 14.036443685476844 32.166189665124634 0.5074362224910298 0.05462082079620009 0.42530381369683773
41 7.733823927759152 5.7421830926876956 10.995900843298642 2.0254971427554294 9.344777059441729 25.309299521594337 3.2197169566561916 0.5352877734064617 5.233870774586784 14.248243055536394 31.47616944992569 0.5095471503081894 0.02868051289626955 0.4280673572672429
64 7.680384555112965 5.746913633149006 11.043254938891936 1.9930986005559816 9.195985058375934 25.630918016146495 3.078328214690505 0.47436068837480355 5.683094322225473 14.470577136533075 31.81872312099526 0.5097441975129748 0.028614524221817702 0.42794738922470454
128 7.893277238532276 5.721966813566591 11.12673213438707 1.8921151222141381 9.0356921366046 26.106323153921288 2.8244575546259645 0.5648129322326031 5.642469243278967 15.088598295322537 32.25169104946316 0.5087194905759668 0.04144766799959153 0.4262661724170325
153 7.624298576842782 5.751592555987754 10.99521848814889 1.929044425118213 9.109519426261746 26.286374158553883 2.5748451242447614 0.6117107288420246 5.242772269588906 13.663954875079288 33.17493571777097 0.509933666808277 0.02371763638675752 0.42850710171180173
68 7.551608608813491 5.763240749295392 10.779545451732963 2.2298222156717316 9.629348678233665 25.41032131535925 2.902322063905143 1.1625203227571559 4.650472856680131 12.779957329959908 31.385304739594957 0.5082505490850633 0.05282261688736932 0.4253671670281534
73 7.610687309975984 5.783844840942951 11.207168031360883 1.9200248593896898 9.062749247799204 26.16964837373035 2.660969511044219 0.6504270144127348 5.910715745437116 14.323764870986011 32.94173799535528 0.5081661924165118 0.047140133734194546 0.4268373297358688
188 7.5803001892504795 5.763534550920315 11.08924461863869 2.0469669159909647 9.557253922422348 25.466782596633305 2.813114927419328 0.6968749377465201 4.857655610553138 13.380604260819734 32.30347980049725 0.5088147402570481 0.03862825399865263 0.4268075499660061
8 7.599090619490195 5.5824102579268375 10.692477155152673 2.2653885908577713 9.222819828393067 25.335702063849354 3.2311097509362474 0.6733988141458563 5.261036763570026 14.165573922318579 31.93693544589788 0.5076649703036429 0.052275881979688806 0.4256234298828093
9 7.39405241523472 5.797133980370011 11.166600781782964 1.8841203713519497 8.814903519462204 26.12318006219058 2.800358976410392 0.7836716733108836 5.570850680974242 14.720689101964723 33.534200310116816 0.5082707258033435 0.04876495251687537 0.42661671605907087
10 7.618548563102773 5.625777858973908 10.900327269281112 2.042705121788656 8.975096774059521 26.348935683110337 2.7376344265291035 0.7309814271613192 5.717669945793746 13.765253596139885 33.52042413444549 0.5084911990767859 0.04822498553503085 0.4256874413344505
19 7.700393543150313 5.841877108248931 11.108001596095903 1.984373170799777 9.097487234700585 26.15294784359335 2.7279568138098833 0.4830991680950924 5.769363140344252 14.295233744286945 32.88500956895478 0.509580393640074 0.020560878336829177 0.42877829957801594
34 7.869953614982869 5.433601969141707 10.8813776723695 2.342244723715604 9.830933640142472 24.872422316735513 3.134080421390283 0.8712587037760599 4.601577405227123 14.179329832192828 30.8871364964268 0.5063522297426665 0.06053213673993187 0.424802953934336
44 7.5435256785764935 5.658059026014175 10.967820056405657 1.9846459826645249 9.06632940607184 25.673997444015765 3.060190885985536 0.812515905942355 5.160513136006808 13.61562540390197 32.9469323329507 0.5087194359696189 0.04341060131805309 0.42683788715953463
18 7.763044500734141 5.625016617554098 10.939347984160822 2.204854688323638 9.584960107487305 25.154350556702738 3.139880969114624 1.011158749765939 4.813704033477024 13.452748546324713 31.484117098226477 0.5084277286034902 0.043945078031745646 0.4274245078377278
20 7.647012647398125 5.845604915653846 10.971314078031149 1.954790175767311 8.767566210514904 26.11211162695501 2.9607346773288907 0.40718968990422033 6.501805571875417 15.015851656737482 32.68826467528844 0.5090231157652487 0.033276792577999426 0.42770960374816447
25 7.45762987237832 5.610966250535042 11.129767427188051 1.8894289865475098 8.806667665200164 25.915187570682146 3.0586096257459587 0.48764017973881707 5.713078297864367 15.082975166236263 33.17351798566599 0.5097386688844575 0.019881911390883234 0.42858486820894387
50 7.8495828375643075 5.436674338348506 10.806293557385457 2.21744907960336 9.459863815077906 25.238146255189953 3.114546448690055 1.07401873686033 4.297696802973234 13.279803438909203 32.69076712649927 0.5085400570396867 0.04162674967689752 0.4270278095598681
33 7.345294029243353 5.7814744244141165 10.996926782471991 2.1056285568256157 9.536225828103102 25.389888705190423 3.069462649490062 0.8293719946550153 5.0818274576289495 13.052838036158983 31.5582459528023 0.507541723733511 0.051917516689848904 0.42653249208951277
35 7.3774110055642925 5.7234779523976345 10.899281933254088 2.096089532009597 9.231144692846023 25.857226046357503 2.8646956922624227 0.6950963127690961 5.079614743432731 13.6116569636864 32.33036371039606 0.5081261836147569 0.05077696421364812 0.4256401763830636
55 7.408160294072557 5.622824977696864 11.31424640464996 1.9252262125364101 9.651480551945873 25.519383006812518 2.7902748060293736 0.9584136456357633 4.67991663050176 13.73524399549864 31.742817765417342 0.5059726090143369 0.06475318739952539 0.4246480883805817
60 7.282839516372293 5.827873665445572 10.995748830439252 2.0537710125872937 9.437110289023888 26.313488569758384 2.390137388178053 0.3414538696366429 6.20331933957733 13.558955543656609 32.16667631147103 0.5090730890596247 0.03771799769944659 0.42731587315734426
43 7.783019523126547 5.733498611948462 10.975177172977833 2.012898782728136 8.881631093537735 26.02619354053091 2.937223006722967 0.6924159044261785 5.314966931982436 14.22419766893063 33.48204556540427 0.5093411593462194 0.027293090864605192 0.42820682192622894
45 7.834881731629347 5.724749696665849 10.995887392278199 2.019514265788004 9.240985715698926 26.003121812743235 2.7450175321301296 0.704764647817117 5.216895690699884 13.623785535502568 32.76905381755532 0.5093920202059632 0.028526282026279118 0.42830310807903893
65 7.553891182103981 5.79073134293267 10.914476859381894 2.0483275838137995 9.386363509796746 25.807273131710186 2.7883954573408203 0.5614636167923382 5.67159512010005 14.045246385362182 31.698341207301247 0.5089315084515712 0.04049464216903211 0.42699890411838637
129 7.84957515704347 5.62370756945572 11.34620680406149 1.8384382107008752 9.36247561702959 25.619686513340348 2.8701368883911553 0.5706608468673647 5.330666267061565 15.075121540101515 31.927328443920427 0.5089536378107442 0.0365661633819325 0.4280114768775669
130 7.409385046904709 5.6715317934723855 10.99367210907731 2.0959730882633147 9.428732967563635 25.69733750042486 2.8387556367350895 1.0917844976803976 5.160857388720824 13.774077165370592 31.915832420560843 0.5089019820531558 0.03632866276350445 0.4273061327335433
154 7.446172799283554 5.888877075332644 11.273166461634133 1.9531434669698573 9.548941917179452 25.70277805549185 2.720167652030315 0.7231524282141866 5.037258308550506 13.088789859597997 32.427809033291865 0.5095115720276586 0.03205648570491595 0.4283179883070968
155 7.366806649943765 5.751511962545564 11.130690292661539 1.96728600781028 9.513027656187461 25.535112186968288 2.85703652495637 0.5439639392810942 5.068101842919696 13.406047506777782 32.096860874303516 0.509162581803406 0.03165646165068832 0.4277609237413972
69 7.599442058699471 5.517082664287631 11.001846550638527 2.1727332261626984 9.788584961172758 25.297708703918858 2.934845678703131 0.46892695390287104 5.23961133002853 14.26747569850786 30.49218317886809 0.5069656322863153 0.05815298965815439 0.42517353255658996
70 7.760779377748285 5.4518570547258145 11.370525035269905 1.8047482858635375 9.45309149757938 25.57132556279678 2.926198695836355 0.589063011563408 5.055621192553051 14.578876435187736 32.05302287179173 0.5100306688779143 0.01784778326553902 0.42845001626896195
190 7.6764560939647355 5.581088253859667 11.071646059985666 2.0336210629549507 9.54008066033077 25.62503841315373 2.742309797673818 0.5652678404920095 5.264239794658844 14.229471077228375 32.01973870263088 0.5096795557737396 0.029466169748678182 0.4280393454505605
74 7.672179596695956 5.527433338324799 11.326356030006977 1.745007597090267 8.822923705754325 26.562711054959333 2.602422218312999 0.5950549224465566 5.93886971297029 15.180712529994905 33.45115282540626 0.5093311075325948 0.03374189672409532 0.4273626092987765
189 7.76951512431461 5.707597513022357 11.09968522392911 2.038821058071819 9.659349152815722 25.529744645727316 2.818048072295681 0.8240147233692713 4.632647042593278 13.3055099507059 32.13531176308519 0.5092218856602112 0.0354713866718202 0.4273797909030522
75 7.682681479804385 5.738820542492653 11.225926498762108 1.7954552420703813 8.860035547747211 26.48670649797926 2.6478725199030158 0.8426575048715632 5.390783306870005 14.671866663176532 33.34471494031334 0.509789879932831 0.022306911571849976 0.4287760191448694
76 7.748267777042528 5.570067232566836 11.096043391216794 2.1040692766511913 9.402686990115772 25.136532053101128 3.058403930974966 0.8488039299572803 4.466468161470222 14.150885790762905 32.36529750826839 0.5078749502006062 0.04854421770984001 0.42703819528567244
77 7.549134920864909 5.9361730171792315 10.992657820855777 1.9256279805266034 8.614510698392378 25.871097301992247 3.2659699218006155 0.5310982513668089 6.2059086890607436 14.812343683276762 32.87643166681941 0.5089633685368982 0.03346331783670448 0.4282428451196864
78 7.49390559138057 5.975098691643303 11.12888935406912 1.813614807574593 8.6204594903613 26.560963426582436 2.705475689220026 0.5258841059379115 6.641389054593675 14.800794198668639 33.55190494829084 0.5098995457676181 0.01878160582016582 0.4280366951372884
86 7.645302740091919 5.76643029837216 10.836693102413992 2.1771648955971408 9.488015533503145 24.846327555582764 3.4075611071180174 0.6263869543599647 4.785447885454225 13.747224122090596 31.16455989605538 0.508874077835619 0.037389925012752415 0.4275630361829127
88 7.6265051909117245 5.713470269761307 10.677005082204822 2.235861769461477 9.088247540991148 25.874338606635934 2.925752047584482 0.523959079926147 5.838041526834836 13.74391618433459 32.806196383625114 0.5090872967436704 0.03425059229157401 0.4277810775670703
79 7.661923872794821 5.782270238301825 10.847984756297125 2.00500074604849 8.676818005898522 26.015323234533707 3.0985433420433814 0.780277080761797 5.813393725321647 15.211560407274748 32.676302742429286 0.5074900519048605 0.05624604398401181 0.42556008718940774
227 7.8493515170350605 5.5615304186797525 10.878334711501664 1.9692595180238999 8.48342283087169 26.98614792934621 2.5203132599272107 0.8054639379134949 5.182260417180155 14.397786606167756 35.07381966450589 0.50951576292038 0.02830688155021849 0.42847850519999625
226 8.012379461156673 5.672899331095766 10.896825805196196 2.088234658651141 9.226486791746577 25.257315533264183 3.3359672873284185 0.7549662391361449 5.375669798515594 14.74181823500948 31.401950294172433 0.5081821562843738 0.051485794093753805 0.42540664418947316
87 7.9227291915900455 5.764671193754478 10.76475077955697 2.1223984884553655 8.953897494623622 25.34912470497731 3.380708112254936 0.8387787809665078 5.077536127756424 14.210338884312772 32.38395745056985 0.5080106175069875 0.05054851228213573 0.42599248355195174
96 7.706343253201201 5.661127044383154 10.808075798823896 2.255500669716214 9.448281189202273 25.29097707538873 3.049851061341369 0.7999125110031933 5.151114092983198 13.706630100602114 32.125734144668236 0.5077007628236863 0.05269190828775491 0.4254238871821097
97 7.415151476426356 5.71658711100974 10.7850983956822 2.2999445747084524 9.321058351460003 25.386228543156577 3.2265051487291645 1.0886240786698638 5.514910068031449 13.599548079930114 31.661383022375567 0.5062625441273533 0.06917843328490594 0.4235818940344055
89 7.898593794586216 5.682918037081598 10.979012661794258 1.94529845503755 8.44354270836091 26.80529422612852 2.6408113123026524 0.46841737341809 6.185501278301331 15.581960429866786 34.01514472381601 0.5099489250282055 0.022268969947915922 0.428232879627108
202 7.51454404492097 5.801533409735531 11.197228234118844 1.8839180342067186 9.15108186353395 25.549770174386857 3.1138157758078906 0.699367267904576 5.537844080333656 15.006266075513173 31.971068173808003 0.5087916913250082 0.04188350405609329 0.4266867459435397
201 7.686173885653508 5.707797413359226 10.596810557970851 2.2592595896481957 9.110782936168357 26.702362369269505 2.313541174669428 0.5872664620250214 5.3819071026015015 13.082423673824653 33.79275652667626 0.5096835918166691 0.022034776385251167 0.42819270657079356
101 7.86017815968139 5.7869384409342075 11.231618051669505 1.834163351845024 8.53477873839319 26.422881977055447 2.7654634271448533 0.9219046225691754 5.614042419421418 15.079350193428876 34.31239288991612 0.5092412946911945 0.034111431261977354 0.42756994607055804
102 7.801547380632556 5.759458461164428 10.74185746762649 2.13042406078846 8.930441873876223 25.69105595566224 3.250783580259572 0.4609773119164315 5.74246207133539 14.471284823833571 32.346124578229386 0.5093596653620213 0.02947502774833043 0.42775025315798065
103 7.6839153594753355 5.918586792879928 11.086060407492681 1.9549184471249195 9.026124172622017 25.826966015089827 2.9213296868069194 0.46396852292432306 6.137510659709757 14.769559599296723 32.40755505522145 0.5095647888422026 0.030099709543729862 0.4283219576826207
111 7.822441865349428 5.747840005924616 10.949037664366818 2.019623776549419 8.728218703653456 25.620061268501253 3.384897054653957 0.7649556403113997 5.19339365444147 14.40978695752558 33.24634529744225 0.508906467906288 0.039465797833319646 0.42726885386771457
113 7.704493645599586 5.760624173852853 10.70887636224957 2.186131807353312 8.869364154198774 25.72544062008083 3.1300897983030156 0.6907229301648102 5.32505424916025 13.947197637685873 33.419554627788735 0.509675267335981 0.024378822696905292 0.4281333033048349
104 7.57158724093814 5.7010193392652315 11.06165669005962 1.960459065594435 9.126182437616777 26.280320709196772 2.5920185361488466 0.6850876998010145 5.288713047583303 13.736105020540863 33.40230712291698 0.5089322309795541 0.03816865804105959 0.42744060216433327
112 7.768172129234678 5.841738355685778 10.60903413075707 2.327655632133328 8.990204097192432 25.479882340279836 3.359925218019701 0.9211130263214857 4.823631022635177 13.299727377532092 32.56707063859689 0.5074419704596628 0.06111835252096797 0.42404224417987435
121 7.851156996601408 5.8569518970151995 10.748416979689404 2.217868430982112 9.374956796714558 25.551231627824663 2.9138958070363845 0.8065625565000538 5.265185486946613 13.172582851777355 32.28640112338927 0.509876687537127 0.02389527410368688 0.4282517309977818
122 7.639673270055884 5.806346245062948 10.800896221864077 2.2113519345127703 9.408816167533956 25.236380867732112 3.141683712488005 0.6456602766819387 5.411319352076842 13.448313206075373 31.892952638219814 0.5096140808278365 0.030356402977938762 0.4279980022565957
114 7.606882610231838 5.700406586695833 11.324850993414836 1.7040766461725236 8.559322062376442 26.189865021499006 3.11953006818718 0.6923235850563727 5.647456218728742 15.467845558861057 33.44482784458815 0.5090830601795129 0.033079931809401046 0.42801634431256014
80 7.3306381694108005 5.774461561605044 10.708295210277521 2.24766603106685 9.444129488144002 25.792558692446686 2.8243345599890914 1.0511885378058212 4.363031732580167 11.8712592490023 33.2146447374606 0.5096352792708513 0.02997356731673316 0.42705540390928687
90 7.572356440398176 5.930726706133319 10.990810219298199 2.0712713370873663 9.508089226630506 25.34754904188105 3.024609852448534 0.47851997874200763 5.8009862646189845 13.583944340616457 31.52346819535633 0.5095283985490484 0.020282167763775973 0.42883428472767465
228 7.985708377227477 5.806738300971084 11.364692543593053 1.6680115784139566 8.816759603960888 26.537366719907904 2.6369208075117947 0.8023436056604205 4.9318030588756105 14.29739491367804 33.83747694402867 0.5100179553103364 0.027843074195529165 0.4282278482579605
81 7.7281986951931945 5.547689471569386 10.972071505570582 1.9883560431218399 8.752586445028829 26.183608219321716 2.898040767305206 0.8582255876207611 4.98547829558172 14.931889129038234 33.36025597445077 0.508726456626827 0.046058577348709565 0.4259972126798711
82 7.420157994197428 5.683069718387302 11.119652619095207 2.074729381477571 9.8945540641923 24.882645816199908 3.093475057156566 0.7822428159677919 4.819524041450484 13.144142860003287 31.018266938641716 0.508281583359202 0.044522301693383906 0.42711827888984527
92 7.601695013892453 5.71892074991801 10.92837203347104 2.2718286227193176 10.173619582751563 24.675104460173934 3.046230795694896 0.515048849038316 4.961263015042962 13.370370288118378 29.973345471447214 0.5090935231729503 0.034549155696818594 0.427925949700645
98 7.59002300343067 5.764291641603326 10.97005247655342 2.0550090410221884 9.3498333173548 25.752408899108453 2.7478380848205735 0.3270525387571366 6.173232185133843 14.526078917642819 31.709175622301583 0.5096060406168754 0.027913079075867656 0.42799212647203044
203 7.702445042953624 5.78035205270765 11.226140161493714 1.845777893443171 9.138643812851791 26.375567969336345 2.505561035610217 0.6934345569508361 5.125122015056509 13.800677371584374 33.34142653238586 0.5097928863252226 0.02634822099183922 0.42820509881771807
91 7.7806277893559725 5.785398876651571 11.164508118253753 1.7595481277135328 8.619462370874896 26.428936210685016 2.796094378120021 0.8917355150343401 5.21362736744514 14.702495475926966 34.117725024883384 0.5097911028663793 0.023104815248915434 0.42809505378160595
99 7.695503876226658 5.753518525299917 10.923242476285246 2.197106445493992 9.79777261275644 25.387747325391842 2.8389869504578638 1.0673936851549795 3.9459537037910866 12.098136758334194 32.40805251345289 0.509231446090632 0.03700408330144941 0.42733886062554716
105 7.5295320220636315 5.699199681496101 10.73073307287828 2.4400544891594595 10.368583859649634 24.691717782720513 2.90955783357768 0.5291321969955185 5.0064703442843745 12.249933292078236 30.066494595736387 0.5084570730494737 0.03784031456432925 0.4275760244287686
115 7.177955595022365 5.893245293381474 11.3044028262931 1.8358123750172235 9.119989990719546 25.589433156697076 3.071411741277973 0.4557162354547036 5.999143709330257 14.353926855230908 32.32807362930788 0.5097846589870271 0.02178088843201606 0.42872009748213147
106 7.753934801110652 5.719646316246549 11.010338168590607 2.0203612188219005 9.289689738983116 25.735078648927185 2.8065522967483556 0.7520287179788833 5.1970063971554685 14.607161464011197 32.02185354348494 0.5070423696567622 0.05424985802518436 0.42494968436455793
107 7.54486056109669 5.730258768842723 10.66463265587313 2.4632710715810284 10.068156319833372 25.228199384040234 2.847402251873828 0.9769692767597169 4.252541865919499 11.346446594610143 31.618806349353203 0.5076088445308321 0.04978946076619679 0.42618613993197685
117 7.577464546425682 5.564650326419237 10.873996914634256 2.2259862998408244 9.880551474481644 25.027533043218366 3.0411634718501768 0.668553789242147 4.5055907856905515 13.05970712166728 31.29273404227802 0.5094346658955955 0.029598422225398595 0.42792514047918645
123 7.689468324109913 5.695987280814133 10.777893137540442 2.319225207828282 9.816135562325774 25.200583895713894 2.8232640119544827 0.8844915711143022 4.693671513540472 12.516271225123024 32.308364235303934 0.5093434661004447 0.03661949494393509 0.42712874903596265
116 7.879075627605947 5.640383358382663 11.034141741033988 1.9959200639150858 9.369853134046018 25.745265798568028 2.897995901245538 0.5408078175279626 5.094274764252922 14.403660248296832 31.81694774500702 0.509089258660389 0.03586661110012671 0.4275410026857425
124 7.5655409605763 5.61929253180076 10.924032093104074 2.374052744794212 10.326850727624148 24.032281028121382 3.623716135974117 1.0324850353347839 3.7788708330969083 12.062118727776154 29.928017848004465 0.5077761696204414 0.055599262816750525 0.42525702356808454
229 7.747625103320322 5.646661306812615 11.350335059722063 1.7519159740614845 8.962900153984032 26.45301973403773 2.5344939072168917 0.7388326999654509 5.387780442213635 15.203176943123845 32.99597882940078 0.5090714568657815 0.03501227233310885 0.4276779706528125
230 7.655097344593703 5.700168509056491 11.134372831922768 1.9410573229683261 9.2258295450306 26.3572367347169 2.4351191751274324 0.6226127131386582 5.56061786364716 14.133892126796189 33.08887367393761 0.5093886913249458 0.03209864057665291 0.4283391598086456
83 7.657371674254817 5.519150911363517 11.235442885919102 1.863249567447298 9.219506131882987 25.923505775510364 2.8181895847956207 0.8639510178014344 4.392471435802435 14.112639820282027 33.33623666329921 0.5101348284298033 0.0174355496526778 0.42837930809762154
84 7.568829370121222 5.616950776046525 11.330242587183871 1.8931697477564402 9.39863275913875 26.0108832424369 2.5575561648550926 0.9446060315685638 4.279916156446735 13.546787584575055 33.60927190233947 0.5098334574225774 0.02078062291171944 0.42836355240437934
85 7.490934969405497 5.673685708613132 10.59310580099251 2.423155187064663 9.847659490087743 25.297085961591822 2.8858798742690888 0.9996593382502466 4.719425280011968 12.508099836468562 31.420573818833866 0.5077887326613936 0.0524848096411794 0.4259818332137683
94 7.17498197308434 5.721740569989217 11.176222651759575 1.875261744002874 9.187581972094442 26.249873014392684 2.5666392884848146 0.6053320479647933 5.237277919965269 13.78293529239431 33.21188716177004 0.509662729334243 0.023351441817411535 0.42862357910863397
205 7.509844471432467 5.7804494886137805 11.307022845885982 1.7751843825736677 9.066576579472876 26.056279447198218 2.7840317654622693 0.7777517396704101 4.841257169953417 13.705076633380802 33.77523194570921 0.5098602216606513 0.026245480971006194 0.42830851544124066
204 7.746366992914493 5.6273764132681245 11.056822733863052 2.0231585820774995 9.642842266014203 26.00240557808575 2.522920838753572 0.7412837445617187 4.67264731956767 13.31739177252599 32.1993366235746 0.5094276604944366 0.03494141663535204 0.42777626965855126
93 7.688099043901472 5.459312044722239 11.2031395619429 1.9445081780349491 9.526495798638031 25.55695526548947 2.7903751260260705 0.9714906569442849 4.792930070173328 14.22737349690674 32.215009790119716 0.5092713082414587 0.03765610999778724 0.42695281513944533
95 7.644654738719364 5.602105668006443 10.867599766155822 2.1688953450109083 9.477433301215285 25.505686259732094 3.044191359983936 0.763607249046902 5.221824871705968 13.859075807966219 31.322987718406914 0.5087477139832244 0.04057141742424742 0.4271324339463782
100 7.476715737882056 5.679818071379585 11.363606981602036 1.9160395002547028 9.854607832026653 25.529064631182532 2.5916328693292625 0.5196829127937598 5.255619904966168 13.279042779265565 31.922313398155 0.5093534516348385 0.03454670610971833 0.42810027322482225
108 7.687793183557019 5.737294601475854 11.04469243390233 1.9634559148090254 9.30062280736606 25.917586133474277 2.734399711058579 0.6320229251614192 5.410149038578144 14.086219741828128 32.294303694073 0.5097937195405442 0.030174422351520607 0.4276405753434353
109 7.861947527610679 5.651345757989707 11.361815398133848 1.8713379229131926 9.536751779914537 25.474092898120134 2.897685605573342 0.404248273802282 5.548486450244019 15.018228591824657 31.13502862801771 0.510033239001463 0.010581816622615156 0.4291199978013044
110 7.5361344274116036 5.8109353929397525 10.899960822200512 2.151264028947586 9.297456583273089 25.796051040394172 2.8585954839848253 0.6790611196056697 5.638685965302965 13.291661780786878 32.72413244737299 0.5090226201880345 0.04279082517928913 0.4268874743063464
119 7.687299815988987 5.686719515662899 11.20885921315814 1.926295203362675 9.4338080671756 25.718547720621434 2.755971987368305 0.7491594990319166 4.6026166809634255 13.675925630006391 32.74324859009607 0.5095205989490255 0.021535689875553373 0.4289230028246356
118 7.677661983078359 5.573517083689797 11.259393284219835 1.8182149027961703 9.046667075327871 26.10227421920567 2.8582786392281636 0.8342839346516034 4.932152067351772 14.272920262795733 33.1280607378603 0.5093910089197828 0.034518271453148036 0.4280392477324894
120 7.6127139437530795 5.663461192994936 10.686539826632952 2.124383314642778 8.604435040838798 26.366651665745366 2.8674222872034956 0.4249012318774813 6.1290277059470295 14.84343183745535 33.64254775739698 0.5097480103662521 0.02160259324823448 0.42899408845318787
125 7.636267913600036 5.56134365774399 11.11546133921519 2.04365953094112 9.494778005766067 25.546666860228804 2.8812018610975203 0.526871372204794 5.3124657143355085 14.397719300883436 31.914827727786236 0.5094745638876753 0.02337924688956766 0.42837038219475815
131 7.445780082874767 5.593099653622237 10.673760219120284 2.416671085544188 9.743063974083796 25.802004384410353 2.5670237130947293 0.9310590851208204 4.90754514736867 12.592040550719792 31.932436422126383 0.5074968578395964 0.05376229242442702 0.4254269084350022
132 7.549618431300414 5.836198319242788 11.131202265452732 2.0069280327186534 9.434679833124797 25.26708437182659 2.9913342500554143 0.6055833613068946 5.281724291238742 14.279766378391006 31.738115468049077 0.5085984735528544 0.0414833919946159 0.42776496465678593
133 7.448937913170605 5.668976710466078 10.656966399868079 2.3472321308365363 9.284971202443101 25.463531044453678 2.9312629586227286 0.9426751407623555 5.267202290788327 13.441717143594714 32.55778279433439 0.5069386705259025 0.055786844794204135 0.42589926598581784
156 7.666118243259712 5.641998239695098 11.252605388640243 2.1282202366517753 9.731943395103627 24.961702605507192 3.141223498443908 0.8245044943576585 4.658959811542055 14.537045319746372 30.807199883992766 0.507116274604657 0.05739966174305065 0.42479113679994557
158 7.700139005621607 5.671064319797988 11.194314099208533 1.9409293294939043 9.299355312829933 25.729186435931492 2.9377623794632064 0.36920866268513836 5.8468756074128105 14.745696423498249 31.791858012896217 0.5093688168447639 0.02928367335233846 0.42721176817845813
134 7.367102887871059 5.832062097947038 11.14536112794556 1.9660579263832336 9.12265400562011 26.399671619964884 2.4827053199544795 0.6171244343758051 5.816821386105357 13.431949909995183 33.52926789931074 0.509164322330201 0.03564706538771434 0.42710176052443377
141 7.6020233128988535 5.527618066749209 10.781483508695725 2.12146061332515 9.697545564782322 25.279877903775485 3.0862190350039937 0.6320500381966068 5.256526526811612 14.115256854939771 30.60896371986945 0.5087037640091784 0.04268046802132174 0.4260651957300037
142 7.60566127278073 5.763006564718566 10.635047704611626 2.4991590362105693 9.968141551250238 24.78874985579341 3.1825652006223497 0.9072489959303845 3.8130614759673644 11.97900460994415 31.239143097113015 0.5085310411934941 0.040670867693029855 0.4267450103086291
143 7.93233640557845 5.626604497657216 11.331927448157487 1.8216651277386 9.369338122344978 25.371314992024764 3.1879561369584875 0.8033666293461218 5.08171451094814 14.458790172103562 31.656900778625552 0.5096443187693555 0.026666323044496544 0.42823684336760004
166 7.512776929408946 5.588353846884797 10.818661577909058 2.1041051286911365 9.296839627856375 26.64540666950042 2.21113931382653 0.826180888549877 5.303542735715526 13.322635439567202 33.214818733503115 0.508781702410027 0.03224124282116158 0.42795227476002545
168 7.697720030503178 5.826196806748345 10.916204910472281 1.9086122090263355 8.765516404817388 26.744501229690407 2.6394638655713925 0.7130833159508184 5.983923669385583 14.253693864840761 33.09809708399007 0.5090471805954488 0.03163614448825941 0.42764065286953706
144 7.436875787687064 5.715311112916471 10.82284159838179 2.3053337470209647 9.73308735489854 24.626946681953537 3.254179222255292 0.47888613129640906 5.323361063716471 14.13243339673683 30.813595157322247 0.5086811328535319 0.042524872991833884 0.42722106427668627
157 7.666942810638909 5.557691168254096 11.020306992804624 2.089992474559652 9.644979672929043 25.434203530589574 2.8265019515295804 0.4636730078124343 5.46348711023335 13.946151949423278 31.59846348041832 0.5096731576401435 0.02797167323927458 0.4277378474403242
176 7.768025754071667 5.61478357879316 11.112547654565656 1.9429460084772843 9.350774130922606 26.010318136229692 2.790626075595096 0.7387740834491433 4.690874808004018 13.773610052925322 32.522586352738024 0.5079604162945374 0.05428833496248081 0.4251995925055185
177 7.542814254995936 5.666622256498896 11.124378040786825 1.9271306917809534 9.193511056923859 25.615009584382612 3.0662498511154523 1.1636243446208738 4.977419642043702 14.427611667242958 32.04657572698741 0.5082042065647423 0.04868215980914582 0.42583720229698463
169 7.449886168199434 5.8426473261983265 10.987914256588336 2.1251373263282756 9.72418491453615 25.36007625697168 2.857833787474579 0.700317198408556 5.2594364842208625 12.654734580906455 31.908463814259182 0.5099742974975757 0.02175877828522501 0.4281586113785174
159 7.622968779650182 5.5954028484436735 10.909893624377652 2.2730121362036306 9.91645532406186 24.925054563272255 3.1012658950757195 0.5692626111236494 5.147034593477777 13.600572318243286 30.646590509554443 0.5082695950734513 0.044198930502844215 0.42671231117490926
182 7.8749717860768 5.66750222546879 11.240009782422636 1.8238780394536507 8.9419086098346 26.75553216143356 2.443895020618693 0.6573232047784685 5.379404701586869 14.362856734822158 33.60148071054777 0.5098958238228193 0.028223429645406452 0.428335027220407
181 7.659049315189043 5.715901677041643 11.285399911315 1.7746714339696275 8.960998516383778 26.392895449140184 2.705147355895087 0.7723692023082824 5.271795459113415 14.636202288774902 33.28540480810147 0.50912854212108 0.033141173878348945 0.42807285634149866
167 7.618913657505201 5.5500752356909455 10.482340574936543 2.713826773260473 10.0834901786035 24.82880778247452 3.126703385788737 0.9197423244832825 4.577757131838194 11.997929732751684 30.378270377196703 0.5061784959590993 0.07032432754785244 0.4231817184651778
191 7.5442646512302725 5.694807822441459 11.011320882722293 2.3108429793260314 10.520955255144333 24.926646653690543 2.555447565995388 0.4601074434954188 4.942234916725064 12.24207784961639 30.620560349519234 0.5089833971562496 0.03792515348109232 0.4275765468164108
192 7.32478014500064 5.683977800470922 10.990404260997037 2.153769759010053 9.923576683696133 25.44833449080215 2.672053091542396 0.9728205910793316 3.913801050881296 11.908533153994407 32.37507729945851 0.5088919356037414 0.034673653567866 0.4272805520113902
196 7.441994665988994 5.910983334919307 11.076441338839999 2.033900556220675 9.390967213640618 25.50068501242108 2.934176869696597 0.6901186924089558 5.438639469320532 13.563485833553829 32.37559566279202 0.5093200712210407 0.031121831377093723 0.42801700020239536
197 7.535613661161014 5.692184927562808 10.949147944739536 2.097806969594297 9.369358175934018 25.538762297147603 2.9060491231700283 0.6055649602552947 5.397903176718574 14.189970687040585 31.902412158107147 0.5096082143151578 0.023411379727603595 0.42855007343280915
135 7.6033449377626345 5.875941242404151 11.046606295016895 2.1292735030083874 9.903204938031235 25.180608285107084 2.8655692493884013 0.6432317487978212 5.31885406764544 12.689186558103481 31.46350593542216 0.5095566706712902 0.026627553575278785 0.4273390084064872
160 7.0596382023017235 5.704305032874955 10.794580626492605 2.3804343215767623 9.701625704117799 25.023618973476168 2.937896145086946 0.8279613955251234 5.6079065998212645 13.677317423759144 30.680307374910953 0.5063035754849264 0.06633858577176202 0.42465292383071684
184 7.898270134715445 5.444964039377597 11.064453175637656 2.0184695087404307 9.219697039242318 26.121544809041573 2.6293177701164994 0.9193329149329251 4.710354564340528 14.730623545969863 32.80041207895495 0.5073079396886261 0.0585589386952356 0.4249513015687837
136 7.547281823026273 5.693629583407321 11.133748296979205 1.9068143070470858 9.062316274784132 26.466894130596394 2.5291119735217085 0.691434633138211 5.646481970246359 13.966117196361814 33.16741928909964 0.5094618533926013 0.02915472891594706 0.4274528588403693
137 7.251831796453552 5.915046732919902 10.952213673094406 2.164598850126374 9.734863525161405 25.609443793575156 2.6032624668478976 0.5497126774190546 5.448017828286793 12.493620335730498 32.318491341276015 0.5091996176602115 0.03566331557630801 0.42703357682009324
162 7.566641162651176 5.595190391344756 11.04413397265706 2.0755365844300178 9.500258207510095 25.47543918732152 3.0309851179550877 0.6081582790242461 5.182530008543377 14.312754308014588 31.43431805970018 0.5082942646895069 0.04479678748671977 0.4269650027878224
171 7.385417979002321 5.7970652577856745 10.938492783119964 2.177887375458258 9.958615812739566 25.041567527431475 2.937113653388702 0.48496454827618646 5.27296290040722 12.98008421533966 30.836706436716533 0.5099750845656738 0.01975380123038599 0.42806508466650506
145 7.833325078687194 5.5867383442535345 10.763060823780085 2.229495592218053 9.360577717579863 25.405348269531004 3.035659818796346 0.6105015310391922 5.166737280460813 14.409501714637411 31.913698714303937 0.5077839028964304 0.049052591556565835 0.42671711331362716
170 7.580861699125642 5.789924950730809 11.272067910485994 1.6713828514661606 8.532715280157943 27.064045612221054 2.411932729954544 0.5954315989412009 6.131858205292463 15.086325946196947 34.26894568540151 0.5091946330558229 0.02424335218732539 0.42795046998836644
146 7.3591559761213565 5.7100430372807685 10.62397771504504 2.73875135819634 10.425292613469757 23.856278450421854 3.3637247501159684 0.7793321508916705 4.6940637022382905 13.077193515833983 28.801631371186286 0.5035412389038996 0.08248053346034882 0.4214466307445912
147 7.7846022425573365 5.629973312058009 10.91720215563125 2.254200412871888 10.243701135181416 24.62304732029714 3.0852956624040426 0.98902721257883 4.159771102240116 12.464511811429716 30.489057004701444 0.5080069449870638 0.04899688318749871 0.42612346896619485
172 7.62875530608016 5.57064488791877 11.11458449336656 2.0347793419793954 9.65741302628113 25.705638313307528 2.651608699749685 0.9226369314984858 4.268864579292836 13.397097613138795 32.052655096254476 0.5090730685859626 0.04113161548760242 0.42688181297444006
183 7.8780351799118336 5.676324727552104 11.227895636909313 1.7988668837222908 9.342099088058985 25.834632362413473 2.768013922733005 0.6342133762434717 5.004871927941037 14.751508756343304 32.04091647470806 0.509228516482097 0.035862095245186645 0.42753570970348814
178 7.752449293785775 5.486776294744282 11.070458539467747 2.0050952730938314 9.430882057288786 26.112074014067716 2.568075900867271 0.8010976257508322 4.150687120764789 12.97552704420308 33.39168381408327 0.5098252733187288 0.028435452782039666 0.4269905984487066
161 7.484111933001638 5.644225348108859 10.96359571044094 2.1662875611796952 9.980670721861264 25.22125751468549 2.809468556130793 0.6253242343813955 4.831063172231791 12.83302270004277 31.294285895073774 0.5093150075938897 0.025693003099837294 0.4286025489301601
179 7.86726531784122 5.757144784799634 11.320671753863504 1.785880327046821 9.42409540636894 25.786036815591125 2.795763000647672 0.7982343848932385 4.591985789858324 13.875429475703452 32.385963334383405 0.510219569138022 0.017599929973027905 0.4285053733546317
193 7.376379421480172 5.770632945888496 11.271657077535878 2.045974411219327 10.361229878578106 25.027822620058938 2.748933630164895 0.8452183771495253 4.574509739396924 12.019808732463343 30.457903805427257 0.5080341778212022 0.047978382016216854 0.4268003556939198
198 7.604974141212958 5.483882583703686 10.732790502611572 2.3576081286338675 9.643673184010076 25.439386537647547 3.0663874762079315 0.7361873062741018 4.632334485931397 13.432435923122945 31.14397164471491 0.5068741989763592 0.056703890873013744 0.4253618803874609
185 7.610158552446183 5.6500036795564474 11.389174930865867 1.7462407245789324 9.539122645935024 26.41820187854429 2.2819440729283484 0.5181290536115339 5.667300066981924 14.419842301822282 31.726320541591154 0.5094374017975145 0.03156812776375786 0.4281326660399246
175 7.546818971270834 5.470714861525589 10.928151866492533 2.252531112903279 9.927431740039665 25.245312068972286 2.765844811127414 0.7016860039080712 4.947657587112533 13.551038278052411 31.430208566009583 0.5072737560484444 0.05840005720449046 0.42350893454942895
173 7.352908947317984 5.743433286684261 10.898424469099306 2.281980560462278 10.459833475081545 25.000873466657158 2.6975754402227743 0.8884105357455196 3.7986747199068898 10.710135936058442 31.4950121621413 0.5094724564206181 0.03212525370954696 0.42747987472763216
138 7.536068565685499 5.641090666566575 11.07453662254318 2.0248175763523233 9.820784101810684 25.506804724597938 2.7529156943424 0.9383511439596015 3.9111923566687152 12.58662924456304 32.20973633734482 0.5085012909067828 0.035780999686140624 0.42789722669116137
139 7.338157480166096 5.666409858882565 10.78643366615648 2.4940658222271197 10.531629530957119 24.920975272599982 2.6341807394014136 0.6718071810387635 4.809107296395371 12.62409766221882 29.19643380006976 0.5064948416798485 0.066044454577348 0.42390249801601637
140 7.4464512330820485 5.3583508189489315 11.195845160691487 2.085804721402303 10.098293678256459 25.607964274362054 2.405292961924471 0.7008974589421147 4.260609809247542 12.70140841885134 32.14952916068801 0.5092650833918104 0.02298287962743117 0.42880088696580937
164 7.687730964991179 5.501143728823452 11.31696475980004 1.979139882593332 9.690731458005795 25.66326528431521 2.704427747310657 0.7069650202824704 4.632396975763479 14.374436528449664 31.39934431495421 0.5090918313839673 0.034614514177467595 0.42754533046342974
148 7.925405483869444 5.542199094211619 11.11223408206429 2.1273544044888255 10.326642824306779 24.791663223458173 2.904186537397568 0.6970200195371116 4.402759178575241 12.84908577942012 30.603846962951593 0.5094432288580805 0.031071957760152345 0.4273025591095536
149 7.594760676422238 5.4767681749301005 10.967359808778319 2.232936276422455 10.196307568467448 24.90898679027745 3.0098651906539304 0.9430362076884704 3.794762694545594 12.840565148348201 30.662927253734985 0.5071816643341582 0.06351612219008582 0.42342202414896685
150 7.513607754281397 5.345157368972668 11.074955591716023 2.6473930605750677 10.480307053706776 23.590080430144013 3.5509750259483197 0.9987192621957331 4.66586542623159 14.309628814788967 28.128988886358737 0.5043394749102864 0.07860636959951257 0.4227697991701269
174 7.5878247901885985 5.5458094028076514 11.53337614096422 1.742666525070012 9.618087323321365 25.746561831430512 2.6161080987395895 0.9950270401744491 4.0527262919804725 13.738094636302185 32.51200517192639 0.5096487784866761 0.036313659516946435 0.4273517039433383
163 7.323825933634328 5.675355115146755 11.081854391095906 2.164021350057257 10.34570736230396 25.321932662711763 2.658023252408704 0.6212904414982243 4.5082575884511575 12.119234486461847 30.704590142448527 0.5098263762645443 0.027880040422612436 0.42854773986807115
165 7.297128065133004 5.8463695100305895 11.574968136339184 1.9471375673110194 10.48023069457953 24.64285938630516 2.7615690650377926 0.5663266633029973 5.102208884605096 13.455651332692788 29.836607100376163 0.5094390266218545 0.029068024398559617 0.428259046291428
180 7.540384947206456 5.694302458827073 11.347278127152023 1.7424147909501215 9.096801144508554 27.084180334830982 2.1303398266736475 0.835448861349085 5.286706229792987 13.761513457698339 33.8326330671785 0.5093134779395164 0.03198682400128854 0.4273597641171927
194 7.5432653868292965 5.7494266779952525 11.137690273284536 2.078101438253872 10.020131370608658 25.54584347032671 2.499099817992984 0.43033189785779724 5.299844918882605 13.274020907981551 31.208817899426368 0.5096643211643973 0.02870228025196067 0.42751840322165485
195 7.3851380882774755 5.71872749042569 11.021342312762163 2.1267062356833297 10.115735414546792 25.16363389259061 2.6954947502324664 1.0143662276039151 4.336731040349101 12.205680020689254 31.248546808796597 0.5090112571243585 0.04351223793059502 0.42631095170962563
199 7.375654193488918 5.788171488707044 11.069466677606787 2.0004856566125824 9.795686347280942 25.650312153218483 2.713210100655023 0.8130732537941069 4.670840494203189 12.601420000973244 31.6308191822686 0.5091818823738801 0.03875336766764779 0.42695339010605143
200 7.624325975102011 5.605548578883035 11.172733985629046 2.0718289780801076 10.175925900578344 24.803894048636177 2.971321989658511 0.49394383987761814 4.762612163104868 13.396039706840396 30.45246473129622 0.5100373898859101 0.015808857525210322 0.42860554508805754
206 7.820594326769449 5.649635035256318 11.322359458115988 1.8758189324950385 9.607625039534142 25.256784964233262 3.0232261714986643 0.7404254554466851 4.504731938046531 14.27352246390023 31.41031732115599 0.5098548056516458 0.025232512525796932 0.42782516274186855
207 7.331152758735324 5.7312659091088385 11.357553537935898 1.8682451421758839 9.522154291926482 25.312195441895316 3.025299094194694 0.9486159933341959 4.332027343722349 13.466190343803829 32.506876110384574 0.5099791169527537 0.022968550761379353 0.4280251120255713
208 7.571720157404112 5.5441030200470856 10.980673773312752 2.050672275742898 9.592944419417229 26.288166398478648 2.2737499107425774 0.6405820707650336 5.027014043003059 13.500469452942573 32.247657493005946 0.5091955616757957 0.03130137915302448 0.4279525924048722
209 7.516588401206074 5.50522252178075 11.223313106401596 1.9236056394979766 9.500954452306546 25.608369944952265 2.7973326105579863 0.5269353743155993 4.907154220386381 14.611907333749318 31.946192225713336 0.5092868170257936 0.029910481595371494 0.42737109278525287
244 7.579470055159839 5.491397121918968 11.071118106623056 1.9413518647817536 8.942952956658624 25.938250186107393 2.98573140347481 0.8934346882376263 5.151744235469668 14.194947468696899 33.62542041964028 0.5088407264041799 0.040650128404484065 0.42697958844211925
243 7.6305089349828865 5.67171763641448 10.847654607500356 2.246130339384642 9.745199548567241 25.70149701244736 2.577588585434614 0.8714370709892334 4.7513283119194405 13.033499623867977 32.12056403978759 0.508092199662319 0.04874734234810977 0.4267033329675102
242 7.53902249889141 5.867489305866976 11.064593660197916 2.0387693834791967 9.457888475690014 25.375413188714898 3.0827746642413696 0.8203767929261744 4.5987703982692 12.672185988722052 32.74914861685857 0.5090903142117745 0.03722400547938105 0.42728900813327525
234 7.674087069665687 5.772640121182974 11.219079771046847 1.9270565414472993 9.636278258130003 25.353365214801762 2.876329595952825 0.6702964270817502 4.918650642654444 13.700780853628771 31.57615116494544 0.5088702452995504 0.03821662544564227 0.4277927227179751
241 7.541039775952327 5.633900081758489 11.242371458088876 1.9202871954843552 9.415018790651148 25.876671869987998 2.7873443802390607 0.9681887416597627 4.124473430095528 13.164276880525657 32.944409594820456 0.5096763340202363 0.027622999447761917 0.42769172156258023
216 7.705396837268808 5.666049201399199 11.289425227269506 1.8593262118143394 9.372812131710672 25.780214423187648 2.7704122966042775 0.947713434022657 4.160115866505272 13.551707511452484 32.97066406201971 0.509278597100416 0.03090189895635087 0.4281895566629098
217 7.718293433018901 5.848029986387177 10.745638124573428 2.3585917984629656 9.977065573898498 25.466578254700337 2.5620822300153803 0.4470871039707669 5.772187283008042 13.069187321842323 30.751508376828003 0.5077351588375436 0.05114517261374647 0.4265859858249599
218 7.682976537689307 5.606188715981734 11.368433357168989 1.8038053393632842 9.219872548781032 26.200499431905264 2.5703227609963415 0.7313875967958472 5.722402887426135 15.165815415776855 32.32396141974241 0.509710012421896 0.026015354111084927 0.42843088623285847
233 7.5033117991398575 5.63281856261253 11.198938258536126 1.8848139730379558 9.249408396545878 25.588598304314143 2.997517761251888 0.4654177703313454 5.528254531752584 14.607954582291208 32.313971050442184 0.5098111201167634 0.01752588406484123 0.42901005477553245
219 7.74702127883474 5.634215915659104 11.12659894484787 1.879947140188219 8.993364956696817 26.460368572555364 2.5440732761609874 0.843335612060689 4.847726974819661 14.020206999429194 33.734566948044495 0.5098769080310348 0.025184129864751242 0.42846570264303446
232 7.620850007319852 5.575868907504865 10.752211061283377 2.285671784765105 9.695845899395563 25.721268833630404 2.6319732814449655 0.5236615544109181 5.342517761303778 13.725778124482243 31.136575343156967 0.5080010995812153 0.04947614051246437 0.426416206721956
231 7.6281758980511265 5.590132634861866 11.162306584652578 1.9194511989316059 9.490078883355704 25.53119833749429 2.9162475132215504 0.6915532944878929 5.090429328606245 14.054291304913763 31.8717449433778 0.5097692724584251 0.02602670518990767 0.42851110272468773
236 7.865674373116797 5.677112911005575 11.27439768097209 1.739962674265035 8.499348965199959 26.483318712630417 2.912953648030135 0.6644337971608623 5.401587466919035 15.525046351439475 33.83940988011108 0.5092207939703367 0.028636766570489372 0.42811373310148826
237 7.424651720945743 5.52707649979244 10.76971333884997 2.350644546740355 10.04095579912144 24.933106689906527 3.1346023499264892 0.576592789829559 4.939969014214978 12.783171992962234 30.477789837739827 0.508387035310179 0.04668469767299673 0.42680799583347506
247 7.441369908662906 5.831668602336149 10.99817494826612 2.07571002651794 9.808666239563324 25.541173461263977 2.6585665717943487 0.3759171825746206 6.24500377765699 13.392573723161593 30.836247767509303 0.5098600378950304 0.02827869567375476 0.427787524075746
210 7.290871458600521 5.789961512441676 11.073024756832558 2.1237343678220513 9.886966704228515 24.78983392034819 3.2038499933326468 0.9915196649585811 4.982739955635435 14.154858304623563 29.48728289763635 0.50628168194066 0.06260199177187478 0.4245549248025515
246 7.774639147629524 5.672433932899151 11.083143489422143 1.9560267000679397 9.020819604647324 26.043211377658228 2.86304466876714 0.7734022287764224 4.610950488152199 13.818885747862469 33.339536069333086 0.5091980695307553 0.035696062743175445 0.427090689964279
245 7.307124770538804 5.807723837659054 10.858882028621142 2.182107666463659 9.711001517071562 25.141739209988263 3.1326561074058645 0.8741386904652365 4.6241105446789215 12.660016968595912 31.40332728098027 0.5087722636897297 0.036077906838987726 0.42667876652518866
235 7.482045465456158 5.730819414841792 10.788366472527928 2.265811708259876 9.966178285744663 25.32589664603428 2.7758384041092348 0.7237617857983593 4.649496332895447 12.096606936998766 31.628531023476437 0.50911709533471 0.03784074837864126 0.4269615091778273
211 7.5326680300985664 5.678443678963143 11.034140172840855 1.966155097624004 9.175020847256663 26.28253592298484 2.5902328093512788 0.7213632867197768 5.22573510892747 14.305357749522246 32.41936030240034 0.5074116722490298 0.04985417312204103 0.4261884614543771
212 7.728050196331174 5.677710901514511 11.03114928237912 2.014120468242364 9.490134340092428 25.76825688540355 2.7193392262707556 0.7331173472619512 4.597034821567377 13.32148173844677 32.61408975602684 0.5096008838037537 0.027333761727141113 0.42739274487363726
220 7.334879945508977 5.581220723846025 10.840051641433565 2.431538740421396 10.308857729422689 24.712351584569014 2.9223867372390897 0.6131295876853147 4.303952243943319 12.823820533434976 30.117406010361677 0.5069254803484585 0.061639728576378575 0.4244873448138455
221 7.972602534822495 5.6749602750316805 11.418140542830836 1.9152155949608125 9.586729298754124 25.265526255744874 3.058924062117978 0.7896465019521136 4.648458596968305 14.45357261984351 31.257276788496757 0.5069885540901279 0.060266647854009515 0.42418723511395456
222 7.357727450499399 5.8167282356570995 10.987880777414848 2.033828752632829 9.504207432932004 25.988968583035362 2.5164915508752554 0.8345287956541271 5.475971105022323 13.251556812114062 32.03067452267051 0.5085053324746843 0.045506413176311974 0.42642937530448405
250 7.398202574800104 5.686350355151241 10.71827573976941 2.3234465431880755 9.696910657445367 25.64954347234148 2.802399995992236 0.4513776919123641 5.706863532778602 13.750195031671273 30.548520031332867 0.5087303710560925 0.044219348782130824 0.42615450124335236
249 7.682569559355539 5.5473677902248575 11.156502914364912 1.9921831294733536 9.567713434584359 25.713725016966993 2.68781812059432 0.6498300372687897 4.967816503541793 14.073535708932733 32.168934450592225 0.5089521528980709 0.039836863407831144 0.4272341558241692
248 7.569357399480277 5.8044355858123025 11.096803112833484 1.9394425360940617 9.160983288025436 26.175449477736596 2.7643311850608243 0.8230448619936379 4.9948574017548 13.634811904394367 32.88127940266114 0.5090921778220735 0.036899777717769686 0.428042207835797
238 7.585464562612551 5.687720942630995 11.342276689913074 1.7903394665925325 9.275493806773632 26.446051442545773 2.5095563337853113 0.6643181668109592 4.855746139397865 13.699989584809824 33.00655282213259 0.5095210430988312 0.025974975198074148 0.42849564979667104
213 7.400935660804856 5.808477099157064 11.422148255237296 1.6925411750625932 9.00877332260044 26.3077847270383 2.5868801500880503 0.4882795873231736 5.93514654755616 14.998524694142693 32.89783905470747 0.5096493269640773 0.02804086767517326 0.42819325884198395
214 7.520198504589392 5.595598349602525 11.219832593590466 1.916218969347656 9.54723053443809 25.795603181203496 2.708786751222315 0.5935293726559042 5.284418840641307 14.12014757208743 31.78055367176437 0.5089893759687787 0.041936467934840335 0.4269806244170927
215 7.760591615823082 5.36165263000141 10.964201869289663 2.3564825033513146 10.524836538700304 24.44695485272844 3.036471079609857 0.6137355846250561 3.9764430970213493 12.8602090096696 30.059472602501618 0.5077673300978197 0.05374196460553618 0.42579920888130485
239 7.489603392535815 5.611351153466618 11.236980611863597 2.061684493291017 10.144710279189216 25.379002716421112 2.6328245653341744 0.7760354977291419 4.323111159939598 12.406278043564278 31.652202588963398 0.5078281990048674 0.05723710887366953 0.42494465375041696
223 7.740375922138709 5.735832344259345 11.16083849370849 1.9614550151236365 9.536325131443284 26.18651711946129 2.405526679978057 0.6619150352340538 5.575392815469593 13.695845289689116 32.426833692505134 0.5094117630031776 0.031056112170632057 0.42769779717174733
240 7.572826586096866 5.557198452841084 11.448786428428672 1.900944206669706 10.06335823213931 24.975853011772763 2.8314879374946114 1.065252057211687 4.038380323842683 13.444557002659556 31.35929443311255 0.5083062064867199 0.045606105855609404 0.42643913592123756
224 7.660847903386025 5.678061163302532 11.334820919909493 1.9525915502474158 9.814215550912769 25.764449449221512 2.5054549894166325 0.6394297296551336 5.019120661012114 13.707201595930858 31.759731012872802 0.5083075258387834 0.0470799514580365 0.4265383535725921
225 7.51471641811975 5.683173871818139 11.080024200565807 2.0877129003227326 9.855485610764804 25.243279211787883 2.8360515575894496 0.9597197203671707 4.509165657959058 12.47208955560992 32.06363656282081 0.5094255398094609 0.03132140156904001 0.42753980969210437
