# timestep 1750
# phase bcc
# id f1 f2 f3 f4 f5 f6 f7 f8 f9 f10 f11 f12 f13 f14
1 7.4740321799595275 5.615992219386167 11.089635312703358 2.0823698993308435 9.369219242258904 25.67130225754457 2.7565459537330104 0.8004546886285836 5.622653877799007 14.018395185468517 32.238838701876965 0.5064183689188128 0.06217896181153807 0.4253174369507682
2 7.479439351048409 5.71151579445799 10.540514176242192 2.3345219718618297 9.180734448694713 25.86628849415201 2.8852120208255934 0.8911837813952239 5.9354067249902265 13.960320428227362 31.175107752337855 0.5081414782371135 0.050726829922589714 0.42669632156524456
3 8.024016029642855 5.604871501966089 10.93019146160393 2.1295932732482794 9.616256406186043 25.49592049051539 2.861501923243756 0.7761368171457743 4.264720300356782 13.158658277424212 31.861660346843024 0.5094810461696834 0.031220379390301478 0.4272241983375855
11 7.54267549313762 5.918488019186869 11.11835495364841 1.848275268480122 8.61361270426744 26.51435278495017 2.7391697366356964 0.5706470149543929 6.892855445683489 15.383028307175437 32.681937739685125 0.509105415664162 0.035127945847307586 0.4273223968558204
13 7.6985996129020595 5.742116776449003 11.013927352699456 2.0930587069579714 9.042289347841486 25.311065757755323 3.2806360407498665 0.9367456718752316 4.893466310517689 14.520288432136745 32.36464464759344 0.5077913903548132 0.05114366987138538 0.4257040774701947
26 7.547465805025925 5.646893599785642 10.648111916676472 2.496946167406874 10.449352674292133 24.641675475464496 2.926365772907394 0.43732231987125103 5.100455742785766 11.951894692592564 30.232974978662423 0.5081490644699599 0.04568295720078522 0.4264428038013694
28 7.5022023185550575 5.534719288824891 10.98927841001431 2.1404121172226276 9.818483404158291 25.105890844857004 3.1816598997846524 0.7145742620208546 4.505904573092741 13.01937633020558 31.162206182846546 0.5092383053598953 0.03489691515200115 0.42735178904060855
36 7.611119183136562 5.673531119109182 10.25656913012332 2.571328144141343 9.33265526826083 25.71200239563213 2.8238570423223344 0.5871164555879793 5.716622769944944 13.041957948419945 32.23974742535762 0.5074041241368384 0.05811153067245039 0.4238674292796311
38 7.168171335533113 5.740509588857602 10.886022344365356 2.0915548240494837 8.798468112227777 25.30933301958495 3.503695869363196 1.021697683748709 4.964527730395342 14.244757807234672 32.78625499596903 0.5075283762031861 0.05262178437404441 0.42624619094292826
4 7.174788720848869 5.878003473909434 11.347130081382584 1.8523093244877933 9.29739771750439 25.78826085505093 2.898406370011806 0.4556578990678355 6.3369585584679795 14.364853427244142 31.733171157219527 0.5095631884307048 0.02388793594321662 0.42698923745581835
12 7.855253048260871 5.643954795565353 11.036490115532384 2.0600282472252123 9.34207008080502 25.30751731128901 3.149653754491283 0.6483905698460508 4.96481595746015 14.166025235153464 32.14739056905674 0.5084560403675245 0.04303820098697124 0.426269626833562
21 7.811531158548704 5.446436716117484 10.723638459486068 2.043807936938606 8.572684888738566 26.55276682439497 2.897803115287989 0.5176262851801238 5.700023305334155 15.340801410169242 33.25562266073467 0.5077575542157781 0.05073273753625272 0.4265977259044077
22 7.522070591258478 5.747459895583511 11.07390653471848 1.8648294111581545 9.003811768174293 26.238847971882766 2.8191625900993724 1.027615099446845 5.368711236394648 13.739313359665637 33.15759048577791 0.5097890416541769 0.03021817553929998 0.42786665422878506
46 7.671900292082021 5.818135076228779 11.234815320764618 1.8354925693854514 9.105547657151062 25.736861842115886 2.9901256889198358 0.707734247032514 5.472365858000607 14.165338384034033 32.68604550566401 0.5094830907084825 0.03271380297599695 0.4276911836898451
47 7.907627569978714 5.5442477306289115 10.794252835187981 2.2339288425859642 9.904632362853594 25.262362248444337 2.856731939456642 0.43160212308204565 5.200146475213255 13.561627550017718 30.666763998980475 0.5092056622877764 0.030382812274535875 0.42778479712087963
14 7.530232100796754 5.685506681322116 10.543254902512889 2.580542477866374 10.133674944132915 25.483303281873894 2.508009940104787 0.5602655772113001 4.891021074151161 12.044296668413716 30.92207596349057 0.5068088438195588 0.0570020612667765 0.4257932198673162
27 8.062575973348094 5.273658110094475 10.889963425247892 2.043091472291777 8.72696486803401 26.394001583804098 2.9107956007530498 0.7673517049047585 4.542338143132271 14.549859481059515 33.99896858580788 0.5090474192937355 0.037984588730580256 0.4268773826253755
51 7.314386418112436 5.621923899596709 10.352728864182717 2.8015271887665243 10.60257043895139 24.030450937426103 3.3717254060157766 1.1272527108098453 5.345561423027076 11.873966576253709 27.660926820590454 0.504037402967972 0.08343780720429197 0.4215039740703367
52 7.431177646723926 5.639268465094876 10.436325281952074 2.385089940602137 9.710441980354107 24.89087044866876 3.301354308461804 0.677472907939443 4.924434639317664 13.20295135239292 30.652454386019528 0.5087989052622958 0.038575209069392546 0.4268070970400738
56 7.565816191655802 5.599748860413553 10.461222289223493 2.4557866396185055 9.365093841139874 25.078669143815823 3.223842475956495 0.48894606889630327 6.394503780145511 14.088528010986115 31.165382338608186 0.5059991670796331 0.0682101800226919 0.423832351588549
57 7.360124170873863 5.784516835978924 10.72148626119897 2.481814237289311 10.092029209474248 24.787886297038366 2.9660771010631537 0.7852637953902252 4.7872424275966035 12.238414431489002 30.945730269408603 0.5076610917102041 0.05383090866027568 0.42558665649773647
29 7.718165284521127 5.822635501669313 11.059449964812593 2.007325121023506 9.850267009534015 25.468782108056878 2.698737584535976 1.019463885989215 5.162348724220194 13.549269878818146 30.914195085622065 0.5087285767639975 0.04824553009644958 0.42679085614174256
37 7.695625022653374 5.7777672923891465 10.807318649341909 2.0258958792556134 8.786862473619633 25.99690005659772 3.026602409647442 0.6139874016948677 5.733175164351248 14.675332284180957 32.644413398197685 0.5079534277835166 0.047987811946970826 0.4265452187745541
61 7.563147546792951 5.795321261241378 10.911978478450987 2.1107785857589576 9.454808087878522 25.66653265109226 2.894746121174618 0.7581631953756035 5.394974523045604 13.21612616288671 32.1412584572731 0.5096113484449126 0.03739811511020223 0.4274062898557912
62 7.8686278160500045 5.452666021243881 10.532540565191738 2.5315762987177832 9.78265241000681 24.772005055475496 3.301812059793653 0.8442809802458613 4.629484011800627 13.699514496092721 30.722972909336075 0.5057203979762898 0.0729570561366418 0.4227508323805372
39 7.718557980559201 5.592938612376682 11.063637393858206 1.8962736974995953 9.003234498196353 26.092970411789466 2.8302323188068903 0.5629889344653671 6.031504838217849 15.168429977101377 32.25600929928133 0.508565147176695 0.046825645904345986 0.4262352638333699
126 7.363857939831983 5.6790950754058995 11.23016651443386 1.8427450656905804 9.08241864454847 25.45083459597114 3.2508779029024217 0.5746627647099033 5.65187574184736 14.925377426563813 32.0607220584529 0.5084479874756144 0.04690691545451612 0.4269001824225683
127 7.356602399480196 5.714221791897417 11.119682944841273 1.9821248982157706 9.238782103218337 25.814068991973596 2.8472574075468513 0.8636655897194399 5.001288287795224 13.629390792134314 32.74277295313372 0.5088484018338446 0.041975287817772725 0.42705844209071303
151 7.473542856880791 5.600050332278233 11.026263000544704 1.9737948263475447 9.238903754459331 25.889434077462894 2.8425799057633303 1.0203308580628223 4.258905893881373 12.835352358839723 33.69383506691524 0.5083386832442116 0.043864182006433085 0.4271984156918615
152 8.002493633668308 5.6645968892548435 11.071440426050406 1.9171387014139853 8.95444020241419 25.98808400772245 2.9094746713392383 0.735538478872106 4.909297709509962 14.549858935351224 33.230496424593056 0.508249549829149 0.039388297106183676 0.42675374197536203
66 7.601614545715633 5.643162991831996 10.010349556838229 2.4657523162415536 8.695104959851307 24.93891061454773 3.66900689920189 0.9504494260034798 6.201115251601585 15.790116558657749 31.05073784878636 0.5035014881184968 0.07880595599922206 0.42238100535211176
67 8.181518064592261 5.308994729671676 10.574441561134332 2.4486654729932287 9.863870639981977 25.068244906892478 3.003499211251914 1.125495727533443 4.443500599287233 13.95241810803379 30.439041158102157 0.5065710112984302 0.0646299368408285 0.4235986022316947
71 7.593323160057091 5.8712945770245675 10.654428351598865 2.2066431435916014 8.90839508138821 26.40297553496465 2.7010036786518383 0.6750699116734702 5.633219533470433 13.644474340990055 33.06293476671347 0.5076499621307705 0.06271449974281867 0.4241467336570837
72 7.216034648743295 5.915415338487677 10.869484863559622 1.9851621828301405 9.024719375297924 26.405702326389985 2.6650339557905913 0.6234845711846667 5.932510060932102 13.698711307352266 32.72500315481031 0.5074372474435191 0.05602454784209074 0.42549005286780534
187 7.627826501596696 5.560250579678651 10.775166510437437 2.2164388821028047 9.773388861033524 25.189966824487385 3.0777743769946815 0.742253339419665 5.375842050341179 13.41007752575757 30.435870613770696 0.5075070017432501 0.05457925102452655 0.4255240587117374
186 7.936190454095181 5.325254918765368 10.900678440917407 2.220040692218981 9.693510885586482 25.557554641909476 2.6898669018655403 0.3578075588008575 5.383839658928278 14.544168616263866 31.282967499887818 0.5091083008022298 0.03890151963611258 0.4272365270361338
5 7.55434291796602 5.644182782662949 11.055552954450969 1.9127723132865282 8.975316593151637 26.45262044394479 2.5989490217969773 0.6316863480588353 5.6359523554367135 14.16760039623843 33.36745576035384 0.5090848907327656 0.035622317240712374 0.42731894106873164
15 8.13543024999551 5.313893191742622 10.979895633601414 1.9040663593880403 9.12097876980084 26.23797024615542 2.6017423963837576 0.639134833719122 5.014660679230836 15.153352436127781 32.61776411428924 0.5080530806467206 0.04594167750358774 0.4268173375864217
30 7.587119711827606 5.569376908703158 10.890163629100414 1.9410850911882453 8.919804277422697 26.151326981858976 2.9283424370570876 0.8462786179106886 5.435829934477341 14.444769352778724 32.63982664849804 0.5075716905964778 0.05740970873375501 0.42559769286204724
40 7.935392123644761 5.229138043385316 11.053675356953281 2.030180795350713 9.499671361228716 26.30471725417327 2.286124439767717 0.3734408151852192 5.722932462169926 14.87750379370186 32.1684201985923 0.5072535461581579 0.050592899764177114 0.4265853579067749
6 7.574396655593652 5.432883938708163 10.4847797865416 2.3804798273741445 9.84780530633285 25.513915683774982 2.697927299427892 0.7695217643238061 4.802628976188102 12.838089938535955 31.524475795881674 0.5056696927928765 0.06844430970626995 0.42467029408247053
7 6.9559101001570305 5.886665480005332 11.473658314628826 1.6962196259604931 9.001673296488748 26.405261854557686 2.5383629386180515 0.9115327859873105 5.377091824599483 12.744393089155501 34.8798349787044 0.5090638772745285 0.04350794962326101 0.4263704148195044
17 8.128800689839046 5.360976539351644 10.708868492500516 2.24327566246991 9.702601239782378 25.476604531962238 2.7588623531071854 0.8025286712708467 5.162592416274606 14.675189601941328 30.7329387716159 0.5071815643792321 0.05548763003148096 0.4258859500446963
32 7.869436815706888 5.28051977066274 9.636911336484522 3.188954708402732 9.999174920124629 25.124854492338976 2.863328585989831 0.8911662310087511 4.918208895290706 12.710313035686664 29.941930324779225 0.502314529143831 0.09132361007697529 0.42014449890468586
42 7.624334547594752 5.502699199233082 11.065166493827226 1.9779673251745769 9.839188134517393 24.954111831814238 3.0454428227492056 0.8279792931755354 4.90036874668521 14.334422343479234 30.515210199295502 0.506548299843539 0.06456168657891972 0.42447019698649185
23 7.7264476919336715 5.50488716754788 11.312398650437935 1.812263508293023 9.409524465071721 26.0302732701345 2.562251070906194 0.9093163895531814 5.127680540497261 14.16325135986714 32.3886033658731 0.5088553977539421 0.04372407325829284 0.42659011547444536
48 7.203885467345873 5.933248424182358 11.08340044121685 2.0181864915638332 9.312148427517617 25.748714781179075 2.824379258832423 0.9409751627742311 5.482880272274956 13.317587083182021 32.54236681789881 0.5074123036318736 0.05852740321811103 0.42468404956164757
16 6.8319231619324725 5.847431244604821 11.244034707952254 1.836496091672024 9.07223991613007 25.90657919021566 2.8366521538689216 0.7476240601842645 5.461645880385051 13.286163313167817 33.7727370763918 0.5076717567523514 0.05022829109128632 0.42630342301932217
24 7.783101134493792 5.356159828196824 11.059705654187754 1.8833829314524206 8.767289335748124 26.021992125282452 3.2750888283358215 0.8607830893007955 4.749732837664085 14.728827518729785 33.15799832076948 0.5082399749154561 0.04532224561725229 0.4267214104175433
49 7.612396875797976 5.607111242702095 10.230234501157677 2.5667078646903447 9.56662484485138 25.803398978410826 2.7432376468316235 0.510696184501738 5.5551242193618435 13.140315208196313 30.87330383709228 0.5089324165984492 0.04246395700972921 0.42607272924249373
53 8.186951577856716 5.5787209495906 10.827488251057671 2.2188224201969375 9.92467041810168 24.924614795219863 3.004631281513122 0.932368966507542 3.8804774790647114 12.93199120480802 31.398684194472445 0.508880154631655 0.037926291594305495 0.42664776241385804
58 7.313661912979607 5.623375429617225 11.279425796614529 1.9821777251013788 9.420626149496918 25.336475911736116 3.0080159136312963 0.962905421910885 4.703076257585336 13.725056114231721 32.385744198489945 0.5090502621942001 0.042570483476748265 0.42562099111914453
31 7.262847835049259 5.665232234883907 10.612960727531295 2.3100040159083286 9.744197028648147 25.037150526451104 3.0405632279327692 0.8233332091872735 5.226260511857202 13.335180066461302 31.04976591401837 0.5062389673193697 0.06996359884469557 0.4236125646514421
54 8.137983223886986 5.259487143272482 11.007164523400915 2.032735672620845 9.557731243729382 25.17445568009628 3.1308993573688753 0.6215384457098828 4.79987363992702 14.606964720207339 31.46605722277916 0.5085887427053284 0.03585353142056903 0.427786524045416
59 7.364593670498572 5.708298126402349 10.800033937382976 2.055718722292708 9.360346789749368 26.246449738149177 2.6823496666927578 0.6386407557193435 5.380188012398756 13.088227526230222 32.07444033329675 0.5084745208437681 0.03677401758240959 0.4279557239517396
63 7.71276228713553 5.593672728849539 9.995646914584901 2.883374551165314 9.949037985592392 24.839355492373567 3.2089574354337183 0.8188641046870762 5.0320613652811055 13.25880443838134 29.277010252339416 0.503455819524156 0.08569251828145925 0.421417617267476
41 8.009584499120853 5.147266764280331 10.716256409559534 2.4886247965261714 10.256672793820934 24.594207734460184 3.0879218135042636 0.9354329999652844 3.607053623586126 12.963592929640425 30.702320535545574 0.5066926109941402 0.060474793282828794 0.4250989063417428
64 7.5556612255199935 5.936456930266707 11.262776638344402 1.8727486710991352 9.441095359128964 25.472256165451693 2.9934278828103267 0.9584179894308594 4.8136001828162325 13.122410464916697 32.521719508613145 0.5098184057481392 0.024981050420249173 0.4280895389466656
128 7.835530971316398 5.598934037652959 10.687113797724638 2.3283837512569865 9.572733399726756 25.638122871088736 2.7090736413635668 0.47520372598155686 5.195138434096742 13.671834701861496 31.940606095643787 0.5090710037827865 0.032677828612433964 0.4276845377796261
153 7.980142150184766 5.740021894205921 11.014145435161174 1.9290414200610382 8.857745876786257 26.055764100580486 2.928569916538123 0.8353765132317826 5.065342280999533 14.481374621096517 33.03514291593804 0.5093658941357386 0.036376802980471336 0.42748892469410127
68 7.582096049255163 5.668049842286941 10.853488031937292 2.2618319333786086 9.917469953708931 25.096195144480422 2.9593825397116804 0.7381695400203351 4.4989195483382005 13.217517434965904 30.822210377317692 0.5084699051754655 0.04354939500338987 0.4260023641062515
73 7.353026704672883 5.594829961281152 10.642743691457415 2.2968722599350446 9.797332852518894 25.288290915428068 2.9821946238636583 0.7228248249926392 4.52198407305456 12.37908319094807 31.42032724177135 0.5076394072634361 0.05099383437981268 0.4258860454198759
188 7.429442174716077 5.638768273012226 10.717396142705192 2.3593562953232206 9.973000612959938 24.922253191129354 3.017306003044384 0.9566666330692233 4.656535457791327 12.245007658156688 31.33852682545286 0.5081725768129322 0.042103740676270825 0.42697879192543087
8 8.2637772817221 5.287766939808604 10.63574663903182 2.3897148464114353 10.072331527664106 25.320004875466434 2.685675886574448 0.929755447835591 4.131637167449635 13.028370398654936 31.171144836719563 0.5089279815672303 0.03964779799911554 0.4273801605327998
9 7.540360091285196 5.6468436127931785 10.306858166277335 2.533569961325938 9.528973800196757 26.032523308813293 2.564121044830082 0.7319241579567878 4.84810679592735 12.27816704407403 32.36705413285156 0.5081758795486196 0.04500084245951807 0.42639535467395684
10 7.5464374291975345 5.821291737695708 11.263166004563539 1.714199841777666 8.445570083027588 26.12132909821624 2.98645067030572 0.8155596177467174 6.064489129094938 15.296282676240509 34.14985789142057 0.5073609793068569 0.045637056736315046 0.426740971118675
19 7.687283843270447 5.82149230583475 11.095828602829743 1.995130944417003 8.902944552718346 26.136269988429298 2.8749526317899927 0.9543007589182605 5.466038342501919 14.175461561182892 33.006945347958215 0.5089541363198209 0.043744633202926125 0.4258273581850966
34 7.39608471141161 5.834643496532065 10.850784609870129 2.252079778118967 10.263972406287602 23.857026151809862 3.7060248273088905 0.7778822503995878 4.17680690986951 12.224608299657428 29.623456441666576 0.5084806151851322 0.05025567144693367 0.42598219188138003
44 7.5986378524294995 5.5405709406314205 10.791622323215922 2.2555014027016296 9.477800151441862 24.77077537321509 3.547403748689999 0.48190112466451707 5.403181714028324 14.56294668400815 30.61681788068424 0.506687236478373 0.06236080765959385 0.4239848329655008
18 7.416256902280757 5.77386896838631 10.869667410003606 2.12974565265876 9.343064810381753 25.18538020229306 3.269321597001391 0.6715284673497082 5.19999130185499 13.760875765943375 31.736143016528928 0.5083291963442631 0.04407299272852214 0.42743978600032645
20 7.5594931313749045 5.514206972407682 10.55120356821049 2.3812443249732658 9.18392427173392 26.171576279127493 2.617303840237885 0.6987599048955837 5.865970869689822 13.437930254821199 32.99149258541766 0.5077021154798528 0.05646996423450502 0.4248513999373917
25 7.892908299481695 5.736076646624717 11.030963744026513 1.929446704452107 8.8500925676944 26.300290486332155 2.7369907595213663 0.7980757865446365 5.202510745739851 13.963813389855614 34.012110636329986 0.5100640330993803 0.017445467114839477 0.4291860681903362
50 7.589617046083723 5.6749252859629005 10.687667511330318 2.2313545920475857 8.86089887282292 25.433703455628034 3.2669756681943025 1.1793057670549871 4.725582114781811 14.04098374217656 33.36595121618308 0.5071860888947226 0.06060763910738069 0.4244778316809294
33 7.305209303462032 5.467773796975879 10.827981872937523 2.1199509468348605 8.832331455942203 25.547915445344746 3.262559991338113 1.0253334045769036 4.848090501396218 14.827084144335828 32.56005480820991 0.5043817160512648 0.0788172660682528 0.42233535082702334
35 7.838740302557068 5.677893603784678 10.896711253794749 1.9094649311687428 8.332507302249754 26.745745941381085 2.7139176471923094 0.7147998405341578 5.748760030996487 15.412614195234545 34.12318954471027 0.5073958730127799 0.058257054877055826 0.42501704676486446
55 7.170414522180443 5.609740051694843 10.386104524928655 2.481927328058118 10.129106863749751 24.903854068047544 2.8740295425349993 0.6005178503798916 5.412761541719671 12.222434983733331 30.545839352658376 0.5075591609260262 0.05036715064266567 0.42603805401750694
60 7.327610255636669 5.865910484237556 10.32403022397669 2.6012011111067825 9.757659305609744 25.26800125728798 2.982657182435937 0.8201276528496239 5.1752373378748375 12.037425858524195 31.059159594520466 0.5082498649647216 0.04786322626121276 0.42612745867944046
43 7.909936078499144 5.602303321825118 10.854205827031373 2.125174168012719 9.236226586928456 26.073716916339233 2.5960746386413467 0.6323898149291932 5.247771251585447 14.278957441523062 32.76150418569586 0.5090852153098587 0.03692994349240678 0.426738935910665
45 7.721178825561301 5.867168056331029 11.284193793837263 1.6534841940762142 8.319185986695912 26.214728937945097 3.167165308310503 0.43896974204608163 6.55870304401575 16.40921337320812 32.99897705323667 0.5093416788807327 0.03440561234719176 0.4271712995915668
65 7.582053511798889 5.873723116579425 10.947489721162839 2.0765355673067227 9.320282452213178 25.74126680336722 2.8157595523891086 0.42020882162537876 5.964936243507994 13.955878164850075 32.18427670913151 0.5094760589423519 0.030283317843345158 0.42809240551282934
129 7.759867838913683 5.82553410561421 11.082746328550295 1.9901401142412118 9.385955914662217 25.107668417113366 3.3786964365476386 0.6446657477839256 5.596550853099548 14.623575374103272 30.50893099346749 0.5088787408721346 0.04071828241299529 0.4266567963564695
130 7.621228177393168 5.681865824039852 10.74682923871018 2.2817688414802575 9.620604639820113 25.572340146146367 2.759698057521284 0.7153317457909915 4.765080164036975 12.589607225344785 32.371573826479946 0.508722611734994 0.04380227939632457 0.42619599133030295
154 7.566181155450614 5.972784269172649 11.365860687131766 1.7188425939841907 8.926048919767778 25.927281982374524 3.012644881989695 0.7208485511477508 5.540681923110128 14.294673614849632 32.94875241287124 0.5097596885739218 0.02190419540591183 0.42860981847542373
155 7.814179710696994 5.615952897109283 10.524556985647322 2.4751249951334997 9.915742773199396 25.582642142355983 2.605490095660895 0.7689490891722406 4.556988251961155 12.420006373535104 31.764063067520265 0.5085349907075499 0.03500169135047164 0.4271374967773346
69 7.500548620491476 5.685365257589278 10.622110369053646 2.630513938214441 9.845424219513514 24.889209788829003 3.003815024215026 1.0555531935533897 5.130700048231455 13.783685141555761 29.62807787252033 0.5064313446373916 0.0671883688819676 0.4227697743176094
70 7.78377113495595 5.774179014281649 11.159674908886009 1.8352247415234486 8.541158273498235 26.50155424550587 2.815171996036537 0.8788237984956233 5.601449816356905 14.305406016273965 34.611820993399526 0.5082975400031599 0.04132408636850034 0.4271493101030892
190 7.670492187505293 5.59929867004893 11.552665078651852 1.7669177067998114 9.55788957293588 25.116380280867748 3.100340035972464 0.985920313848891 4.177724346127787 13.887904147296751 32.360447683383484 0.5090412881019499 0.04501038122733373 0.4262965377647474
74 7.918870646418278 5.833907011014659 11.461220513698764 1.7801863160263094 9.317793308157324 25.999025469824907 2.6871170822066044 0.6739125630047895 5.236210551929557 13.864739277317401 32.948369361200115 0.5099777055771437 0.01932990041284311 0.4277038229820939
189 7.456672026923798 5.634712090619013 10.931072071302468 2.0177997606699223 9.113661470774707 26.446322914903693 2.4663750819146992 0.43319685483855846 6.008976028249393 14.415121120329065 32.89899276522539 0.5101159213433889 0.018991590511490963 0.4286880513007675
75 7.830252086500275 5.63260594081635 10.38889364279732 2.425920892296654 8.796630630866922 25.92566252357415 2.9843321460026515 0.49084682320923395 6.072634156197926 15.21167757251602 32.42089572890202 0.5070030405991799 0.06323508834242685 0.42487882729072746
76 8.058820510126385 5.378737723789417 10.70274935174184 2.2783314544133044 9.52560939737787 25.12156661160012 3.266169630681132 0.8968535108698473 4.4849717374568145 13.762749837794011 31.24459412265612 0.5071842121050848 0.05987583493609111 0.4239898224467686
77 7.641490487728871 5.870609000082383 10.865581014386125 2.061895436128128 8.959730356748548 26.207873182385985 2.883508046613519 0.7036287678363435 5.4919414957100585 13.21392252772259 33.38325111798137 0.5094587767059597 0.03071252636829636 0.4273829939349993
78 7.225949150072387 5.854488620939076 10.577972215413446 2.140347728047821 8.778735150366275 26.400985617557858 2.688755958405586 0.6404218179825526 6.357490921022917 13.66289400189352 33.62041665778534 0.5069586090544318 0.05561855544574897 0.42585427969098694
86 8.190328800828679 5.486369392102129 10.553237709953537 2.279591383337854 8.98133941944189 25.389244376170254 3.293246038063017 0.5774104320999267 5.3353632647870946 14.67377419532438 32.48563185644192 0.5080998536829163 0.04698779595684668 0.42658341571076686
88 7.536296857151525 5.9441292006482325 11.035628690895859 2.0186909910057236 9.384854148256684 25.625575129388977 2.990702994280149 0.5657996161457722 5.476489064271981 13.412194908062725 31.891027425237734 0.5096438678533125 0.02662882102725864 0.42869920826946484
79 8.070410348115958 5.385520058895654 10.903044838460211 2.0644513387051764 9.066023730884552 25.788026568509256 3.0887216284814327 0.8153946835245655 4.9580301152641715 15.088088177761302 32.23006404901929 0.5068965985606602 0.05990641731281584 0.4256800247471572
227 7.76729195225441 5.652282643379189 11.001821651276744 2.1552744557856354 9.852336142102267 24.70491874462347 3.257360619370838 0.7112333403025928 4.542491388601651 13.432285743407007 31.173363604826378 0.5077862566098429 0.047685712274240254 0.4273456864031181
226 7.897815926671236 5.501829277394725 10.8826368878472 2.2489748161423337 9.990213644726259 25.700052082546083 2.3961949344592144 0.6468548138748995 4.855336376737899 12.836828370325113 31.944672157353544 0.5089994532251292 0.03647197543446649 0.42795796967829447
87 7.70543057848186 5.833849764357436 11.035871211285011 2.0711366219891514 9.255838098460025 25.4341369473294 3.0412393384558607 0.541818694814556 5.358472962270762 14.068159677319224 32.34709985595923 0.5098283269414099 0.02700277393226727 0.4279707068965145
96 7.517444473440304 5.8295279512377975 10.88616979711564 2.0396372833056375 9.260313264468133 25.77031806343215 2.991748560459934 0.7218705423429166 5.299717584254516 13.51389340592484 32.21115262206855 0.5096486617834134 0.030199696223977952 0.42810860204171597
97 7.3725338238040585 5.755535190984023 11.018659849866987 1.7976229700415145 8.434456628621358 27.145680141515516 2.5426047808130856 0.6523195005510412 6.300218159075111 14.685040609171875 34.12645960957425 0.5092258961895885 0.031632130118847426 0.4281663881285503
89 7.67033737960498 5.567167269453214 10.965763834603464 2.2779070897905567 9.999902470391376 24.72993891638698 3.053969151297838 0.4950699777335246 5.129316113774166 14.069501256124955 30.445794714487917 0.5094234147427884 0.034714068481069435 0.42686210097520577
202 7.3373074187641905 5.650957708476156 10.324794450887634 2.7590353108379544 9.956265568381447 25.34656224261143 2.681626928155219 0.5856789669771598 5.280902023524203 12.034513413032915 31.243825294478654 0.5076781697807781 0.050759182015505284 0.4263491274569756
201 7.490171818464272 5.723614383463243 11.149080528439775 1.8946135692706423 9.205673699754136 25.682088196657233 3.013120904084612 0.801743432309209 5.05569505067707 13.812004233651214 32.79387555748399 0.5093730217768494 0.03440506988013521 0.4279225594861132
101 7.70788212592142 5.4355001197961075 11.106615802823868 1.821536673017606 8.286436364735815 26.594343114841614 2.9061620991555333 0.660027560091248 6.0334180249023035 15.993740405353684 34.195357684989084 0.5090325338422999 0.043657652824338804 0.4265027457448533
102 7.711416010564413 5.8311110970919255 10.938055616085816 2.0724510173936865 9.383886855441416 25.2834018373738 3.1934209712440964 0.6671825602509174 5.334405452871625 13.112526264733132 32.26544004424899 0.5092913428283483 0.027428246350430768 0.427519744694704
103 7.753533841402577 5.91517313570698 10.98461375233703 1.9824506530803867 9.131545106557768 25.6499462318768 3.0219938992959614 0.7372063450367823 5.66271860158647 14.35463817957288 32.113016217058174 0.5081447120612584 0.046690312287573116 0.42664053351830195
111 7.672860946567318 5.858796383229886 11.124200520863548 1.7631200828720361 8.134060390333666 26.62666983804974 2.9301989963479302 1.0036441522061728 5.912525376097073 15.296407119371958 34.66871085124726 0.5092920685770186 0.03408110628726269 0.42748183417016794
113 7.812861600907661 5.76060482034722 10.667381422505786 2.268082190667918 9.286203614270384 26.098885804258696 2.6367331603784248 0.6024224242899882 5.277728642715462 13.257947247715283 32.89095276155302 0.509659705407146 0.023348503713957334 0.4284349806389982
104 7.420888465005383 5.656363830951722 10.105975578845525 2.6981000071906385 9.825776921197054 25.264564060502995 3.0383352196907527 0.9988516555341657 5.489232350910375 12.60277227662783 30.0397123747146 0.5064585561086387 0.06792237763840686 0.4232144469131969
112 7.636294792031224 5.65992651695407 10.859248013580112 2.1673472489742585 8.956547688672314 25.279462472303646 3.415251510388267 0.6569964214090304 4.960462310014505 14.602834154605189 32.76123588187056 0.5091038268477314 0.03469444785852606 0.4280875514670596
121 8.164003054654298 5.4185325810536025 10.95402005905315 2.013123532074946 9.325916326337039 25.3711983630715 3.102412992596089 0.4963333523955128 5.216144645097016 15.403722783461959 31.3558743790713 0.5093378641156516 0.036427220784151525 0.42738847694874377
122 7.480653413125604 5.799354794947545 11.023643637010053 1.9363576619097727 8.91247025660284 26.29964071356491 2.745729203535939 0.7020704792813972 5.483055119548653 14.005387648435677 33.532693234832365 0.5090410446628855 0.040946096520266456 0.4272864383741654
114 7.83682187638963 5.709940366218765 10.969860020310628 2.279210923231182 10.431529099506125 24.47461699172558 3.0454671540258156 0.766494073894718 3.764298618304237 11.917644402177062 30.52040773176703 0.510133011035996 0.017006628879699184 0.4277288254857491
80 7.045196277509849 5.752651760303591 10.833631910997017 2.339920644532878 10.149608485191749 24.753213582198516 3.0147520874758618 0.8384625681900036 4.5607619957191305 11.594357275166749 31.151209232001182 0.5080214800243315 0.047512235356998805 0.42655162490539184
90 7.506116817688522 5.464000776096669 10.58816318280992 2.539014598566306 10.150719103840618 24.9562771304619 2.937035111936955 0.4903866178968867 5.133861798789933 13.902455460715348 29.091048106974792 0.5051170227330268 0.06929808489346861 0.4241823559197517
228 7.235770577863141 5.687604063734675 10.82717125448323 2.2180808632330624 9.65063071558751 25.1535288548465 3.0648155318958477 0.6107502007436043 5.290706452326069 13.522907444458507 31.049873038994896 0.507518531438235 0.05547506185281515 0.4258736837059813
81 7.311559302805967 5.687525850032507 11.217522213543255 1.8140711502638132 9.280468747300134 25.846950815213706 2.8188181803119883 1.0531337920765502 4.2933841622032585 13.545006442730779 33.07292215613296 0.5086450970293448 0.03123935261632342 0.42737898989557754
82 7.497714989128599 5.674863269466204 11.125334628425707 2.0013346536878895 9.483607792313405 25.888554337503425 2.6661878628749136 0.8828039789245334 4.895035733296991 13.291090900658512 32.78919790033674 0.5099742479603059 0.01820433108987298 0.42769368606579916
92 7.650915202920984 5.767082781050243 11.1408817031852 1.8765510936544854 9.60146814231319 25.422492359881424 2.8557308826712293 0.6730785451752153 5.167653604923529 14.391405985547891 30.866357859670657 0.5086780573738128 0.03375965720317382 0.4275128297609821
98 8.086222488881099 5.401071389931754 11.230139920835962 1.7390027716109284 8.997171764651158 26.328023965228038 2.641092055821312 0.8685929765193512 4.340226468885138 14.878654521582714 33.16628376624054 0.5094867579559701 0.028503063778503486 0.42802275337146495
203 6.85970786643883 5.879099415378655 10.729109260723313 2.357936892210152 10.274729094280108 24.67627420913347 3.1147294873832694 0.5603080401945998 5.525979830880927 11.86204021041642 29.71419466267419 0.5077646177469733 0.04820649429184686 0.4264365425576534
91 6.975443013769744 5.705853173867799 10.9081472003551 2.4257117098027177 10.956694690641717 24.129279464597495 3.104425061391478 0.8253134672697698 4.014519177751746 10.943865809402158 28.99527002498529 0.5088416400267479 0.040022384313890366 0.42758299403076916
99 7.965209544749641 5.495593447574403 10.982028334247138 1.9429344287010413 9.280944865084225 26.13407007187035 2.71639362046104 0.6442825594933876 5.265140010598519 15.057716465951788 31.485674395420034 0.5085345195136176 0.04665618442853434 0.4269589906243355
105 7.33654750238835 5.6916870588746455 10.812681706517743 2.3324902381312804 9.870116579817184 25.282243199439716 2.7767904242670367 0.4489888476545655 5.8065623577382075 14.029239381923567 30.516492115916044 0.5092765587328084 0.035785270714923906 0.4265985085145431
115 7.327358014056675 5.638563098721868 11.374828311721343 1.6765722923871949 9.232067619123699 25.823837713955346 2.885369729766733 1.1578972013887618 4.442109107709349 13.730170414673713 32.87521163408708 0.5088095429417608 0.039315231000201595 0.4275369925773161
106 7.551258307180131 5.466524725361429 10.730765475278371 2.268976585065287 10.177055291780322 24.940738435564196 2.9570038421956375 0.46964736048224476 4.885933975782076 13.236868958315249 29.956133374499828 0.5069505159151974 0.061851263341692525 0.4250832917048593
107 7.481037733529505 5.41503039248403 10.520510780352968 2.6188250583257524 10.530654295494493 24.400068715467306 3.1978484648675214 1.1297852059377063 4.947364212953925 13.34898865865754 27.79616661211732 0.5006772763403129 0.10186980190282295 0.4181305388426577
117 8.209953859716851 5.28158877227161 11.250491201260546 1.9039541234130402 9.432006127907629 26.128231367059527 2.4739131847603653 0.8688206764994747 3.9687539838433823 14.101207863742868 33.24835526915216 0.5096744867429921 0.03660510531952991 0.4272266600505308
123 8.116730700114319 5.12782275206459 11.075586454104211 1.9621122740450472 8.909107813678343 26.33620410336865 2.5426313571857015 0.8452202741255265 5.223589687898615 15.857010860437759 33.68216307376215 0.5068280591652434 0.06104439941558876 0.4242754437785617
116 7.300077968356743 5.716878964272647 10.65914808012636 2.5418764614848377 10.942759431572307 23.92255843109778 3.057575281208198 0.710454894953192 4.154388061251285 11.382363880222812 29.25970605029693 0.5078808375647428 0.04779605804911809 0.4276417719525808
124 7.707841412352174 5.401986790818675 10.879131643902305 1.9539476523862092 8.756086246187753 26.024066289893497 3.0128216751445454 1.2750474107894831 5.242908016687932 15.6487201028065 32.64769022597695 0.5071044942323593 0.05970824747825495 0.42423854686697093
229 8.077002262082923 5.6200941075197814 10.717707150764712 2.358600034791632 10.220868972179792 25.135377338763035 2.619810893054939 0.5505217172284741 4.859640069107122 12.97446511837395 30.476113317630663 0.5094827131047809 0.0297902631942521 0.42726636052977013
230 7.1449870654431535 5.881836642987289 11.477875066774095 1.5875567258084051 8.481072297711897 26.448669723100668 2.857322192279614 0.6990308003963536 6.4831274382690065 15.109755996388863 33.980667269974475 0.5089265262280962 0.03279963426354407 0.42758458165874264
83 7.433585817339249 5.698260432349387 10.941715695336178 2.2390144664242753 10.05529101446127 25.229086336101812 2.7426047725122933 0.5191297172713623 5.381437392510986 12.622291121318481 31.04352495489945 0.5080016673717064 0.04814966798423777 0.42688835323729724
84 7.7015355566348225 5.622270399329404 11.16816406863237 1.89576676043336 8.96393125418818 26.01559321607958 2.934602891371861 0.8909626895719387 4.662329712606839 13.975197289057338 33.695622931951235 0.5090863571945901 0.0356778553022233 0.42730166142326675
85 7.484783034717586 5.821976255763383 10.682730714474996 2.3205380033464156 9.554807827057983 25.29304216759723 2.963841970456286 0.5363675631852977 5.583896582743802 13.078749790160192 31.736116214791124 0.51013777877737 0.0185956602464514 0.4286390576344783
94 7.48522205425523 5.947746961250103 11.03055863220466 1.8901432268836098 8.678235045297004 26.347747555534426 2.8997012191771856 0.7419083519695506 5.6037168007633 13.764685839912941 33.903985051130974 0.5100762753292108 0.00944816087684461 0.4287214465035066
205 7.311060900355404 5.634223342304701 10.85026622526816 2.207328126064005 9.456805668784531 25.73041952348139 2.766984624454125 0.8959031766265153 4.520167563009919 12.962110371830388 32.567356057757074 0.5080407988814168 0.047949569368827584 0.4269710957742819
204 7.689881569390999 5.5754283990220115 11.057877616919447 2.1096529123784338 10.057443184845479 25.393491087129735 2.7293116448499823 0.6168539701192093 5.008204531918045 13.19477653445037 30.637220237825378 0.5087251157191961 0.03959218280141993 0.4276427055775982
93 7.583282728070936 5.748058797806486 10.687785763572888 2.290431896454065 9.572597204709385 25.16852606479381 3.1290452143802976 0.6135483786068059 4.848086329211798 13.284081789928473 31.522464854456665 0.5099269485549052 0.01626802805737745 0.4290961938684187
95 7.790079119569576 5.703372186726655 10.898574992707449 2.1520513498524663 9.35962559556226 24.9300957688897 3.5454376516043453 0.6658870697120699 4.734402807147464 13.972479650221464 31.56411769980342 0.5098555672548017 0.024469823806195085 0.4279033094984338
100 7.428459864330385 5.796369413805403 10.821163349661498 2.1728161685337413 9.30519914173246 26.161388373739086 2.641985362120828 0.4642837120176266 6.086820224716049 13.936744128647454 32.098888752761695 0.5090314874726386 0.0402813679086208 0.4270221229862915
108 7.392410602092801 5.83988562575167 11.180390493458804 1.9048665504451594 9.481598677947426 25.199928575594186 3.1127691796396717 1.0534648322918019 4.823759950930198 13.065819189535478 32.20451283027899 0.5077821377305151 0.05173108733857633 0.4254997071527839
109 8.063019045300607 5.528146180139759 11.351701444911074 1.7480631767215828 8.985349821563826 25.761891375988824 3.087923229306481 0.7453368150697312 4.912025825795505 15.660486853964583 32.533819013466015 0.5094492458752383 0.031449924559833066 0.42790161178386
110 7.473757319322716 5.704718305005547 10.190629629840425 2.6268311926204517 9.504154027034113 25.80207870441852 2.779094991786593 0.4686597572101628 6.022314877181009 13.352110305492047 30.818901015822416 0.5088209577394617 0.04419695203642136 0.4263653830898188
119 7.800222495501025 5.822149128781485 10.954670569255873 1.8495322584892007 8.397963109265168 26.707479832910725 2.812280020069416 0.6416781245506105 5.844675165377215 15.241874949293523 33.89186988573588 0.5094164402585825 0.030215177962215786 0.4280253662601145
118 7.683642207091132 5.838513322228416 10.63649450989228 2.4916223520146192 10.394926247223843 24.735379679260138 2.893285064896592 0.6166707637017804 4.533598845694779 11.514995602017594 30.51357938763745 0.5095013138417569 0.030922331714104273 0.4280779465936454
120 7.386999818038263 5.894070794508537 10.710558107981733 2.242699844559883 9.139023002181014 25.473796314552324 3.1086501070803316 0.6564192280550203 5.72067290530068 13.564348387648383 32.58695536579857 0.5080782536039878 0.05526163873590585 0.4250835821193001
125 7.613876146295889 5.759196087713354 11.069650211410009 1.9603537657974435 9.154878577577001 26.011473028646854 2.7923012620986034 0.7113017375244199 5.554503905176146 14.207230643047486 32.39829717423571 0.5075713229217991 0.05565333868701924 0.4255649986600349
131 7.398181523068816 5.768115176833167 11.040774214209435 2.061235557480756 9.723607643618992 25.724449996286694 2.5404946559971666 0.9164142814912379 5.3174708626783005 12.851817931505275 32.09075735363725 0.5077698230861185 0.05159474338227031 0.4255555667259634
132 7.758535298180975 5.495375670601813 10.986068667216122 2.0034420776369095 9.568764958616256 26.19813543595769 2.381692583484912 0.8995393748086228 4.566844458140557 13.689790842444637 32.269237598265306 0.5088210022732735 0.03989011613764448 0.42749945177918336
133 7.561915067099681 5.472295135105712 10.702165981347505 2.21465013435935 9.34607425409433 25.60478222053902 2.895297850939852 0.8391541126791292 4.857299788946028 13.650142700837419 32.63004479846567 0.5083889639455462 0.05044408424260191 0.425745868978901
156 7.7657060391633275 5.567808635740302 10.956293937219325 2.1981871892990688 10.235806259271206 24.966388459176265 2.8298320831114636 0.5221680041155609 4.897027991279872 13.57888807388019 29.669723397240954 0.5088021658505253 0.042991899275321474 0.42624983037473496
158 7.604147042192565 5.539357876651454 11.016837479011937 2.1931070524803102 10.203068954067863 24.96003679805664 2.8610619199119887 0.5884227452581016 4.366422891012725 12.8818600618072 30.771765023232398 0.5092736720458163 0.032419160370560994 0.42717549055847387
134 7.542272276136065 5.702175582463075 11.25638177823557 1.8231746575950734 8.931039281880956 26.153561030077284 2.749540917658118 0.7575321832605614 5.295043576360612 14.669630366044142 33.45419214238295 0.5093997795845366 0.026684376233208296 0.4282158481856758
141 7.243854179894742 5.740510505386454 10.9335022054843 2.16920698764681 9.975299206994661 25.617983781018353 2.4600354387530374 0.6375595017080598 5.329427237053427 12.700788944148913 31.57284430853164 0.5093983867760491 0.03295691229829076 0.42736148305187077
142 7.754372310759427 5.502531581235821 11.125750900965812 1.935454165377451 9.153043092336556 25.71642770172744 3.136349733718727 0.9912793242925114 3.9026963798502834 14.05019703526312 32.88126086474737 0.5082034975236769 0.03473835702702309 0.42773811635748504
143 7.680086902839467 5.611731292412087 11.005748984531182 2.113124635217533 9.72308690556182 24.80040462771746 3.431370053235603 0.7235970677497788 4.140320114405036 13.573837184277851 31.042438248179366 0.5082954525183612 0.049085343838650874 0.42585524721326506
166 7.429412970743874 5.671471434281389 10.683950738935547 2.285109489288846 10.5462283277211 24.95030381291202 2.6148898803071003 0.8842408446940323 4.576803231181624 11.771936737612196 30.16734902506921 0.5091150022149207 0.03795107829124645 0.4267455281752121
168 7.014302534283741 5.846972847982533 10.911751241424273 2.128076177463036 9.889455608766653 25.23597455599349 2.779003852020867 0.7676540467287895 5.192863816060595 12.875704504644396 31.14494776847887 0.5098119127415115 0.02531444996889931 0.428375775834743
144 7.766581408329091 5.641888474516918 10.97091521806603 2.2079746530378825 10.111125148347023 24.93166886475129 2.9656560879100278 0.7326765567984649 4.245809776307574 12.758397968942594 30.669448721829312 0.5097315586908749 0.028343091412478292 0.4277398290788231
157 7.610062051080244 5.595441484396457 11.300231486683865 2.004760916760262 9.917379501399573 26.168976617851023 2.148401493664843 0.6135123175501742 5.191328517584903 13.958070207867998 31.45358734786439 0.5083712092924751 0.037274262202269724 0.4267505961399086
176 7.6177056723287455 5.253314569765198 10.563339300150707 2.4990989421777736 10.215576194897706 24.667338304717568 3.0337122295339904 1.016939652671321 4.129407467058973 13.153607787124443 30.02294482982025 0.5066624498193625 0.06415850313311618 0.4232936946312348
177 7.038913572514716 5.844179326173943 10.837275013145081 2.104470240594589 9.468560706864803 25.44258454245681 3.0571991476541194 1.0115238480973536 4.800698377856011 12.545413787282913 31.92072598747709 0.5085000685917809 0.04544954013293764 0.4259286604796388
169 7.604714632349955 5.591337178158152 10.778832605014564 2.1952813608507964 9.23607650576724 25.81500510831101 2.9261606741969106 0.7311063974711329 5.45546039289007 14.454282460447716 31.89267761536873 0.508001907827362 0.04739237557585665 0.4261100542926866
159 7.816201832930881 5.498498817050781 10.889321739956568 2.177389360304264 9.498722643266477 25.41919521140103 2.933772378005753 0.7416031274798469 4.508167429900684 14.262319915718157 31.53652060531024 0.508898992877398 0.045503558082223027 0.4267418488898786
182 7.52142886996552 5.436923967506107 10.7557228111858 2.2441516263431645 9.980021570360254 24.840102454727415 3.2187657646407044 0.557688012257942 4.88019648972439 13.454204423183258 30.232286933114903 0.509122665224784 0.03854990013916753 0.42651835139636574
181 7.417256750341847 5.45315696051589 10.745672505076959 2.4740539338754814 10.736694689086814 24.73520280683938 2.7155536117341597 1.054380598141159 4.279407573707744 11.797442123272509 29.719217148075817 0.5075887970760705 0.051517300024629106 0.4248691536204021
167 7.528587475469354 5.674526712963521 11.53240647477369 1.7616238120153558 9.097570640545236 25.750788148402066 2.928716843129882 0.8750353291588031 5.299077789700812 15.686150170987322 32.06301622525153 0.5076548040719463 0.051849072785422466 0.42598956083420814
191 7.29589124451073 5.770870548799004 11.325807615651042 1.8515799686261978 9.593555734929252 25.910804049416093 2.6155784589601967 0.8635946036067572 5.060503219738042 13.481682143344644 31.74190531839521 0.5094786085478162 0.02866899164067786 0.4268532363613175
192 7.65682970930217 5.743417360665082 10.59102099586194 2.394606285098374 9.50508607879099 24.97951655607138 3.3672294310456627 0.9237500906753585 5.132588374574942 14.016518528248032 30.53711482676419 0.506408865706574 0.05986957446547718 0.4243751248137759
196 7.478454848467215 5.606727905851081 11.20976475665064 1.935937502051192 9.210668010365936 26.662780937029552 2.239488741152778 0.6027142692270754 5.45592481589757 13.509414168198509 33.40218817998383 0.5091295893591136 0.03396519273939479 0.4273646561874612
197 7.623306261844734 5.521196936677173 10.659025981300154 2.2459889044021217 8.794434416114104 25.950329937274347 2.9693567569478496 0.8283986999575006 5.339937421767066 14.523117971594035 33.05616416647399 0.5079402629482673 0.051898628005157744 0.42490221442577547
135 7.781794962269226 5.62276092345328 10.988437287981073 1.9716538808219493 8.918287749097496 25.751644900186005 3.053439954987091 0.7018258281862779 5.191409618492369 15.248325587695568 32.58775953733808 0.5090003026148889 0.041219231594225386 0.42667824724205267
160 7.536983276941869 5.85893332089197 10.533050051709136 2.3816301670998965 9.62090401211704 26.03729657634559 2.5548037447024536 0.35104339094235265 6.2828791207972525 13.04795366525223 31.134548304506858 0.5084312440125589 0.04391972140513618 0.42716029564599356
184 7.694212032732047 5.756737842432335 11.02396845082351 2.132076612928474 9.588553934967777 25.35495500296776 3.0400576973904543 0.7679541917238352 5.412964471624399 13.991192897494509 30.92922759417847 0.5065774718739261 0.06464471531796007 0.423649608916552
136 7.268018791258036 5.960641681990985 11.139540239575838 1.908721875076421 8.651132648835077 26.391390564875724 2.766048961631061 0.726491801160755 6.065016273185701 14.060430381110708 34.26170451073141 0.5092616549153733 0.037765720216195564 0.42654695066273696
137 7.530365240730326 5.691779004631741 10.630916080967474 2.34711835246517 9.298656580639122 26.204405495486046 2.526395346140242 0.934695024228645 5.117723402200539 13.089647307236259 32.964870124211295 0.5069213890072873 0.055642632528103114 0.42539270887023356
162 7.548567914742479 5.926226419359004 11.16294871241792 1.771750433667947 8.721486287859992 26.24824950994697 3.0600273340331507 0.46839379224457156 6.448433010727196 14.60491917228598 32.75958601706151 0.5098103414124683 0.020662711907248152 0.42859955604828515
171 7.28312598968214 5.821210229218194 10.688233541139883 2.1958232309493035 9.3853234174589 26.516965028770816 2.318080186391334 0.6306864152979571 6.124038974128486 11.93226471276153 33.16912886922142 0.5085687044261683 0.0419162966309002 0.4272056540922567
145 7.852233621969184 5.75884089001453 10.981420529816239 2.0449045987353265 9.459461139640291 25.321995384275567 3.3078545754192867 0.7881286613739223 4.489688031020795 13.308279496963321 31.54973744211985 0.5096553966446569 0.027700389443080047 0.4284009988652521
170 7.690999021947534 5.795755460264586 10.908807657332803 2.100363860624146 9.206852576413832 26.027201755671545 2.740005629078728 0.6969626178975701 5.473344636520105 13.548770668788913 33.11188655242285 0.5069105777331143 0.058102401487840176 0.42474785267485327
146 8.008364879406294 5.54932115493342 10.721077204443539 2.21761033901547 9.554466493219447 25.577034594568993 2.7784486764913674 0.42362615189581576 5.626610371744422 14.26327305011126 31.16531021379178 0.508945136802965 0.0345658369605621 0.42833898512815416
147 7.872565149224421 5.546123833938898 10.428554446226082 2.4428727684675606 9.902360500740999 25.139145691778516 2.9876304653354055 0.3473025891713121 5.539960286813449 13.999638241826581 29.413881414341297 0.5089815850968334 0.037901328296323616 0.4272050151670659
172 7.694632505675983 5.8147802631363215 10.948834744070389 2.046584891920746 9.018279989262847 25.849547560748118 2.9695496646956574 0.8458489498447621 5.325494078437118 14.282022892247006 32.70148035510487 0.5089524998744721 0.04307060918232071 0.4261493837628327
183 7.556975223512857 5.591813851820757 9.938972455042833 2.869570966496016 9.856716162009539 24.55765171919136 3.409852228624792 0.8561664332076181 5.152514133713264 13.473784095010018 28.90143582586381 0.5055248410162402 0.07584286050408166 0.4212299169234584
178 7.318729388909161 5.954015801153098 11.044489502220772 1.881874806347207 8.912934451724277 25.799382005953778 3.1052755714950817 0.8228293694098711 5.414114053917618 13.365599848609357 33.38244369139735 0.5085343828349044 0.03196916868918876 0.4267727256581797
161 7.6399813026857055 5.910251040142286 10.880783805879172 1.9872947589723213 8.879849496656133 25.94217848627417 3.0281656191070416 0.6542216622202152 6.1599100588297695 14.571879347155553 32.36410151560408 0.5076855593819423 0.04899394093211596 0.42616940945277376
179 7.822154680966789 5.4063978767030845 10.564019790362872 2.2978876506821564 9.129547149657647 26.133621915248725 2.643957141256932 0.715177807032684 5.571103291607033 14.448647932316984 32.68055532406911 0.509769517682666 0.030641403911398742 0.4280446779622612
193 7.2835063832945055 5.640258286910145 10.553637946959554 2.240557518236614 8.872953369775919 26.034150247595687 2.9611816720713047 0.637738217667466 5.598716456110428 13.99667352120396 32.587756866313 0.5091975659052655 0.037751443255240984 0.4257432850814035
198 7.393294806279908 5.827500036138892 10.817201264929984 2.1599392075943444 9.575198076000097 25.45749390026395 2.959223550806709 0.9098427351188285 5.188980549356911 12.728546316562745 31.47485073186571 0.507202065892494 0.050481408348563274 0.42702055090721935
185 6.8561804942055815 5.874139867311853 11.194075890879835 1.9097538482694238 9.652463100500166 25.681911267890627 2.7595311983440696 0.6166788162518708 5.446521966829286 13.239111945303842 31.506298907447736 0.5086643658742258 0.037220405036722186 0.4274217508550991
175 8.164955857738702 5.390555053080377 11.194330551459055 2.050453825335864 9.520753315020977 26.27837819683855 2.315893827679681 0.8900517354574817 4.03245332008535 13.799571478854869 33.220393353376 0.5088739741159464 0.041387493295287826 0.4268636733481147
173 7.619665696042589 5.44076629256313 10.662443179748163 2.1648011275555175 9.430624973350474 25.656340359372376 2.7305155038203983 0.8473616392723669 5.423866336239466 14.159100099820478 31.59773700316399 0.5068796051652465 0.06071325863256325 0.4249765485888703
138 7.379919674402482 5.680699431235289 10.737735052819184 2.249458713837503 9.06584817123014 26.09150899593802 2.680636664625928 0.7280397160770036 4.963315839150257 13.395464968569808 33.68595180284391 0.5078521382652796 0.05208186192327646 0.42614722129879135
139 7.328263140576191 5.844128999033898 10.923885748143332 2.1634347713204205 9.534521668784045 25.716334576112533 2.7321079571814626 0.5217729932151602 6.182625217489738 13.805100451031665 31.223016678963262 0.5085427826804262 0.04855167889244832 0.42516716948112787
140 7.691126576784679 5.488251513990377 11.097071440038278 1.9207710738976613 9.3661951460854 25.679598358524192 2.7553985514945563 1.147791589718766 4.414052915723677 13.636241325375822 33.20952871875841 0.5070833567508853 0.05995892600589979 0.42461612827259715
164 7.732392670077058 5.629863121290048 10.271128700219922 2.707357112118818 10.091124509184683 24.562144741203596 3.264921022135683 0.7738979370142488 4.586110543431114 13.124015299292475 29.229489795277658 0.5055285485414137 0.07559358061231386 0.4220438430904109
148 7.859501892448762 5.734481301264048 11.380450735902473 1.7596329595621492 9.464710932117976 25.099753673251325 3.3946839323790865 0.7211790360050305 4.922570937146714 14.76529740632794 30.684975414831985 0.5080532998955112 0.05313123899796046 0.42571667743511327
149 7.6394508362892175 5.5944965500131305 11.215850720217063 1.9614086637779395 9.759293957614561 24.65605615751854 3.4316332820381024 0.8252968171050233 4.120061318649608 13.593410077797532 31.395683677433723 0.509138562281418 0.03647839443629168 0.42741723244388125
150 7.619564373421762 5.656340351029647 11.029112046403235 2.0444840863587004 9.383118057967916 26.02099486831354 2.610073098130673 0.8949116762548064 4.913957264306759 14.089678891924121 31.87806990069626 0.5086238232785797 0.049282773872600695 0.426448176834867
174 7.751924722907276 5.286099435998445 10.761659212967313 2.3985493293492985 10.199256279725772 24.558988098185885 3.14913894542383 0.9417689633154702 3.8587779441332275 12.70681061419344 30.947032859833996 0.5078124100517456 0.049412184337733256 0.4268430250796846
163 7.681205676146707 5.614555562593729 10.938340563117537 2.1235207473070132 9.579388184186172 26.23112719661979 2.3267673771849 0.3732318001218355 5.645506771547781 13.68829952817103 32.2549142649319 0.5086680225327022 0.03925912566578407 0.42777418876087253
165 7.13414465765063 5.613641757199238 11.340163503590222 1.7628890715455636 9.560128044641154 25.379622196493546 2.9199488521612347 0.7802403205566618 5.497027335254398 14.593310918595803 30.97133970668674 0.507447761247122 0.0542419949922363 0.4257533089928536
180 7.561421724385341 5.620178933764027 11.211807370013336 1.9552271395744678 9.774752778022748 25.49269636872032 2.691055463042807 0.7465544300741652 4.227604962860421 13.234209825337444 32.0263522705184 0.5090687016195165 0.042933258889339763 0.4262611131950713
194 7.492440590017556 5.749749721607906 11.38639457668668 1.8014344840586494 9.661681738035782 25.585108341916815 2.7093532481981724 0.9940898885523521 4.532074847761297 13.522114009422207 32.30423239194764 0.5092360608370914 0.03146854157374973 0.42805148952670585
195 7.711968028403675 5.234313380509706 10.872150983630025 2.332485708615019 10.426134606916685 24.864812929972995 2.8058495018893157 0.9328906020808228 3.9537611248920834 13.207248636069766 29.88637601541515 0.5053550538229734 0.07289328070169045 0.4224141660940274
199 7.78023593190417 5.516076419665139 11.117626279490725 1.9336600656797442 9.295372363252218 26.070857070574643 2.6703468839740894 0.4881230807093691 5.297616430991293 14.853957309267484 32.058671783898696 0.5101538469658504 0.013822960982503203 0.4283280968922256
200 7.907761735826704 5.52082900745861 10.937829419554461 1.9582634477253265 9.292040391947245 25.898530113531628 2.8032726152461285 0.9685387525106159 4.6403134259991585 14.295344194947072 32.14656370392338 0.5080466648167542 0.04262286624045441 0.42732261201053445
206 7.66590720018947 5.6706034717469125 11.235037914406123 1.9714178101416535 10.078539465664486 24.7503505984107 3.0726523016005487 0.611341160225036 4.7248946611852904 14.02974274178168 29.972843174715507 0.509519680116112 0.027413856837238983 0.42774744532190495
207 7.460300328681497 5.585213303598934 10.862188079272192 2.185833984982196 9.414576795120437 25.76843572358131 2.7141225876665507 0.7454477690440343 5.437078049941605 13.671202299083248 32.431279900043364 0.508171117443665 0.051005731254217236 0.42619381062199296
208 7.824597847629346 5.665511487639675 11.054416102787666 1.9672180992171036 9.038289308785394 26.57791168250139 2.467837860900247 0.4225776353057701 5.947538458550859 14.649015182727098 32.954575031896304 0.5095257369430003 0.020065079175585913 0.4285336058948676
209 7.447947085136963 5.984381844700989 11.03573068271949 1.9375784647455694 8.802095309490657 26.09137500955635 2.949466369373087 0.8134198947698134 5.729767492810561 13.4597714873218 33.8762916756982 0.5095924894056243 0.03068802811099537 0.4279909806307348
244 7.4535678710925986 5.865416865561511 10.994540082403892 1.9351043280714193 8.869061431725216 26.413853453757394 2.6047732371522625 0.9556720884384091 5.3809566763519205 13.420326276921353 34.16377877386184 0.5097471356388718 0.026001483079735287 0.4280147038546294
243 7.681407234756313 5.648906277906359 10.877506634364666 1.9775478301095073 8.636631704953091 26.400977024228023 2.845112513172226 0.4019376512010008 6.0361155125477515 15.2004759562391 33.04846331885094 0.5092785831444666 0.038578228339286716 0.427070652796371
242 7.297771235366982 5.645338838422949 10.857960048720965 2.0391939426559293 8.981802171500556 26.05458123479733 2.8861268533661417 0.3803214254889272 6.234953443888659 14.709168386666947 32.19708019835355 0.5095199647835629 0.03020561239961581 0.4283181554422368
234 7.772624108542679 5.786728552834014 10.964487583171433 2.1110127422771527 9.647633905944154 25.5434912489631 2.8391165698928886 0.4680782141045526 5.541784145088049 13.553053144681053 31.456295650916736 0.5098279969292528 0.026696032861862753 0.4284107769754193
241 7.61382970813122 5.402938729817288 11.259756474711683 1.8992600888148363 9.386745550988117 25.910889459373937 2.699268900198811 0.8284936078594647 4.70780362034795 13.654390824614046 33.37548256338865 0.5091812075147857 0.037146752481936454 0.4273949395411418
216 7.303980358407244 5.659778927868117 11.177312230793525 2.022237040118684 9.716918551635139 25.271433320203286 3.014485828120239 1.0047255812705262 4.270811699054443 13.10438981469396 31.36702152605596 0.5080435929363817 0.04861486164879596 0.42670782304452054
217 7.627325038392719 5.632755829328598 10.861515946261001 2.2718033936703854 9.614060256340961 25.773629924894813 2.6136346642552244 0.421388989885128 5.557618267744975 13.555090852271578 31.967054067503852 0.509117654721749 0.03921934904553244 0.4270575312487066
218 7.855663910072098 5.7324388079339315 10.879048103411344 2.1907907575027736 9.687508571773368 25.67123845117091 2.757205298074094 0.705369893581964 5.040321704282405 13.159703564861394 31.710881751025735 0.5092677061607436 0.029782556831538565 0.42833699732521996
233 7.833531644758022 5.691587564003893 11.287449972282959 1.8255612112823185 9.103615027796314 26.29786158909374 2.653779117587469 0.8047512275731716 5.155582764511228 13.756282526434626 33.62120767617874 0.508596717488268 0.04576992479931928 0.426901357442528
219 7.998973298698251 5.781611411592422 11.230590218360291 1.7673716472166765 8.702023081121961 26.306211829158453 2.8302748463868665 0.47755848958028546 6.219726113656284 15.931530490121984 32.764875993592824 0.509077225189084 0.03558187864110961 0.42738035024681026
232 7.778894690857462 5.7517529531391824 11.312164608032171 1.8508283484417973 9.587336045437148 25.597623713141832 2.7984260833586516 0.8386737505029296 4.763549542776013 13.920096477037145 31.662796924256924 0.5090109279477214 0.03734044525907635 0.4279145555950958
231 7.648975074854947 5.405892271225092 10.813444149674858 2.2526907653889032 9.88308707885922 25.20181799281765 2.97890290298298 0.8463490484602127 4.823440763027592 13.362848394040615 30.698210672909894 0.5061159465697124 0.06754931618962615 0.42442011064233576
236 7.638250604306584 5.734700139864106 10.749423175756334 2.3792628535861406 9.622914404809306 25.093643163501692 3.097921561776961 0.9041301611062001 4.607514030225321 12.881993540128681 31.99982988312851 0.5077566962515792 0.05885243231557778 0.42400100798151996
237 7.349293649305922 5.867621458726025 11.135581149260513 1.923058337063496 9.356370885736245 25.849982028301056 2.8360988757422687 0.9326754450663054 5.3549727641698315 13.681971034357591 31.66496493744886 0.5086836175018513 0.04602325999295689 0.4265407857433491
247 7.442154195147563 5.618114884069479 10.825533859420204 2.1185670843693494 9.452572121301094 26.046194520087422 2.574718672747035 0.6673511383964575 5.922793421687717 13.295792551788841 32.23614202682119 0.5087555820100362 0.03760313178057885 0.42737927903773176
210 7.735548070372358 5.678053232433121 11.134146429286515 2.0775903371068596 9.143216327826078 25.5300942478922 3.211768083393465 0.7824479375099314 4.91863989001274 14.491260249677262 31.739487769622695 0.5069492800899595 0.05995687953011671 0.4241138214770026
246 7.9645354575208955 5.429701568926929 11.37851973434229 1.7804586422641187 8.989827697991029 25.60574697111752 3.0419436368946924 0.8286688899306204 4.569306704944706 15.190871485113577 33.495592283208154 0.5099356249615035 0.017646082837840322 0.4285817320141045
245 7.589551063881013 5.84154910469044 10.861407489497042 2.128547610065732 9.256988505967653 26.016331878012195 2.6794042756274847 1.0511949164569492 5.053917055319537 12.355960627228011 33.772583831198496 0.5096608391615456 0.026957523628106654 0.4281320200244343
235 8.08725559127779 5.426130930880041 10.684153895705206 2.2196596225424865 9.182067900293957 25.74241973490911 2.9742282531200237 0.7307119503940056 5.119830180339985 14.581943739873271 32.179252447955925 0.5069016347627757 0.06130996232130968 0.4243688274113822
211 7.875392282782724 5.590488873086657 9.91445629276083 2.897061856080444 10.07298339141037 24.77094144832082 3.1763296974849697 0.9065144067652997 4.945730207729305 12.856121142248448 29.08999548168639 0.5056415132838107 0.07369290820910449 0.42198229870244874
212 7.797615579040023 5.491106555915857 11.076777018684208 1.893235950371611 8.974186431675319 25.94137919624024 3.071734989108333 0.8372171595225895 4.531766978514612 14.761129308970828 32.826057161176415 0.5091477170458683 0.029803314899438178 0.4277661426830005
220 7.58729973401809 5.81589159710989 10.698937739417897 2.220138162236635 9.174601194006563 25.66087393835447 3.2030281886748133 0.4971148751431319 6.04284529549474 13.998638409355628 31.370361635726944 0.5072670708572065 0.04832457093412065 0.42617137968145186
221 7.962986469659611 5.385633405155636 11.111044233776763 1.9444426453038393 9.009115964801762 25.955926163259008 2.977309904174805 0.6345222621160044 4.785083639989273 15.341532363962543 32.352141539858984 0.5091215382810325 0.03621026984962255 0.42742806970528224
222 7.336096907819398 5.734099083235424 10.823845092581823 2.2556475162948404 9.699174753198943 25.707557981838285 2.6148190784603638 0.551640875860191 5.451005716578269 13.01294454512237 31.624035575983914 0.5098890566822237 0.029040041574818896 0.4274725734464917
250 7.441482223904868 5.639121281770634 11.126473646050508 1.9736854541947426 9.467209759962923 25.928709460327024 2.6703302702283325 0.8499446669739068 4.752360297819406 13.2320902644029 32.84561465941751 0.50883706527991 0.038415666454825345 0.42777433947168414
249 7.778111092951236 5.548575913160051 11.067277206619611 2.1841937536902334 10.276902409353976 25.139099683673866 2.6350147996110262 0.7371061695901622 4.201729578896764 12.584123838357787 30.884817161300354 0.5086645172668294 0.04533136768629801 0.42656689999665764
248 7.658897103940369 5.592172111323231 11.022018115581485 2.1043162779177096 9.688684833984457 26.0004311300842 2.4712346314627833 0.6640147933695951 5.114942781770413 13.345571145567998 32.14616381051304 0.5077890961983642 0.05552639275569307 0.4259581750559708
238 7.409792397184236 5.630596913537778 11.16966609124102 1.8122451214915454 8.619737640852271 26.101706465256065 2.908434023972017 0.6410781128767432 5.4429689588422265 15.11969144660042 33.995695272182736 0.5087092704917572 0.04163372011103983 0.42658648938805815
213 7.52532108517337 5.888837159741674 11.278586978073747 1.9759484251890194 9.830462016805303 25.46600515734783 2.6340694146368326 0.7156542972112262 5.230233536980384 13.685277898972053 31.07475645010936 0.5088332696539368 0.040231992963370995 0.42713599669978247
214 7.679127621470552 5.617739284214724 11.263384343197346 2.028844985001072 10.25812655996065 25.216768407358543 2.613489429098422 0.8841714627586242 3.713002817912693 12.085658339800483 31.834406984055803 0.5089257030326819 0.03506696074586044 0.4279000982611966
215 7.850969107728698 5.2911967788138075 10.931354256790776 2.355356758919922 10.320529705408907 24.562138251204157 2.972695114014346 1.2971305655302379 2.8811207528085503 12.173727059217262 31.43406327622066 0.507693241838365 0.05481956759136041 0.42536770977645144
239 7.432965999707175 5.713904576154488 10.863708670201149 2.152584287814621 9.463973459972252 25.8856720746622 2.859621385159061 0.6832077166139316 5.138193051456518 13.240850560399762 31.91342864190357 0.5085416800260353 0.04385635878570179 0.42575615361360986
223 7.57826245995162 5.66153632217407 10.933575106847558 2.0548542785089117 9.385452014980885 26.28879599505951 2.446607490310838 0.7684316712745736 4.775634611956406 13.147979909174099 33.25839210861711 0.5087328962321045 0.03971099014699702 0.4271507392426811
240 8.041550208551737 5.4817821130506905 11.140292836985703 2.0230247068580924 9.92799277451242 25.452723021581555 2.652871297454772 0.7472739664973531 4.781039171912536 14.067862299729304 30.880274246601385 0.5092398247988953 0.03523965760352928 0.42766286010236476
224 7.627269713359121 5.538042436129 11.116260644290069 2.2165838511713702 10.464234053457728 25.008635400934505 2.629475478473503 0.6057153567925377 4.357960455880746 12.645310539989815 30.53979417001373 0.5084197989410149 0.04303134196769045 0.4265791756065872
225 7.212508749568099 5.8591744298154795 11.312884562344921 1.9394101346572958 9.810291830143724 24.898256997213306 3.038829250404405 0.5744826865793743 5.452617559701512 13.639337871047402 31.174537540489936 0.5084090858839021 0.041607903130000096 0.42721449666915623
