# timestep 4400
# phase bcc
# id f1 f2 f3 f4 f5 f6 f7 f8 f9 f10 f11 f12 f13 f14
1 7.744260767368099 5.8020678178677905 11.26728228404441 1.9200628296948778 9.702035180629254 24.781584376617133 3.378033568473903 1.1781465655286956 3.982157088799249 13.289210719650827 31.05741878590444 0.5088108035630807 0.039951596836468005 0.42706033220297246
2 7.547731124376906 5.820775246933916 10.94401636555005 2.049497803016484 9.502555299178312 25.982750710449604 2.6223111396682772 0.5194165619827262 5.628095942895797 13.409393142395876 31.818022765048728 0.5087218556142667 0.04125323510617847 0.4262194875442777
3 7.439871691455014 5.622172026734943 10.80686424487171 2.1183028958229264 8.857112315788944 26.48112608444529 2.603614882559096 0.4944991874116384 6.546073610104282 15.372705129090475 32.32878273819727 0.5094663011382871 0.035578626774910964 0.42700780406157035
11 7.7038806756200815 5.572822953467646 10.885296667340874 2.1017651280711447 8.875531487211035 25.84468826062533 3.0593536422795635 1.2241682041159234 4.353069232723968 13.72197737860512 33.68617771113719 0.5091990578854596 0.032882398504810166 0.4280970372362297
13 7.7625998175112 5.828627810629115 11.289439054349675 1.8909675215985042 9.508847114884704 26.248253080722776 2.2772917101444947 0.982579200797138 5.044005364885715 13.191479114597087 33.22479944184017 0.5082792028255682 0.0448463508706565 0.42675299588984705
26 7.240486216985997 5.671589508203977 10.4259096997139 2.6527941176394503 10.155952032380956 24.77160698055327 3.0175936655992257 0.8723155958180024 4.9017447944152215 11.83129103663573 30.83110951792032 0.5052479116965234 0.07012296130677279 0.4241600065060691
28 7.632915916996382 5.7010147842198435 11.05073200079255 2.1121682482301924 9.990621763358996 25.509361308141045 2.6350060104231474 0.5566883630488932 5.925014660509545 13.84066607989343 29.90846744227003 0.5083002977277457 0.04741684725638592 0.4266015829991931
36 7.563771352731219 5.635390728286848 10.901492140275154 2.291598816365992 10.347845902180062 24.383217845083895 3.297696845458099 0.672906993495329 4.406297407198096 12.44115019661564 29.4614750903938 0.5080480888715954 0.0403473124172997 0.4270372348981868
38 7.266480314338488 5.6228603576348135 10.926025565661835 2.1543001485740443 9.715733674715247 25.44871369200144 2.772272323934855 0.8413626756743225 5.234660542976156 13.760707536195758 30.763657237381285 0.5079047097248912 0.05269571818748111 0.42542801435226457
4 7.514864735308107 5.750304918059607 11.05755848427419 2.102573770628611 9.621693925918967 25.405596105976315 2.8387920604812398 0.9703725746492277 4.345690017844974 12.682751892259548 32.94036370242115 0.508289780651989 0.04059437109909382 0.4278587730921499
12 7.579427052235258 5.5928158783132575 10.312721833337394 2.5990785968493504 9.84667716120496 24.84932655008282 3.094625312623787 1.0953170941159138 4.492320463095784 13.172307037387316 30.454377162076412 0.5080177157926009 0.04755433667018376 0.42603257879070056
21 7.745854667483738 5.757079607978345 10.983177340008812 2.031978356463086 9.722685062040393 25.056004328217362 3.1450130058731975 0.8804853551836744 4.641653454513258 13.23335492307828 31.32957327532433 0.5080459338131061 0.03926141181061404 0.4278658241276796
22 7.541242326883967 5.6812346286051 11.388698426081866 1.801484747457936 9.299311454627205 26.233762312046217 2.43363469531671 0.4651864401107432 5.898181001734642 14.762311478519512 32.28673530931315 0.5095971156660293 0.021536879200352868 0.4281016971441939
46 7.308747942530917 5.739055930059165 10.437806626749744 2.3877722484934405 9.344503430756284 25.74030189807975 2.8678344913441283 0.5602655798647895 5.6596699315477945 13.373159805268966 31.622010461196055 0.5088400749303628 0.03438445445538766 0.4277101849377065
47 7.536799098663892 5.362678353134397 10.906243103889269 2.2255761297476275 9.820171724577136 25.045603262044587 3.076418889002885 0.894437018314294 4.333224964812675 13.626126836833775 31.23550076391899 0.5081718076216315 0.04332589612876051 0.4269129555770948
14 7.898457264338763 5.253498698060092 11.094506102530971 2.0778334296804926 9.977521749182394 24.943851368323113 3.2169018673892036 0.7931062618110974 4.0271247837280955 14.159391952640965 30.43889787070581 0.5094053411013045 0.026299931061983372 0.428402008839689
27 7.836987372587873 5.569184794121576 11.017366507076739 1.9847853148413697 9.12468333361128 26.416089205212064 2.5710421569337383 0.8149308594469618 5.413784675117447 14.437773558613364 32.54191313844299 0.5057974759445109 0.07060114913226272 0.42280271391921626
51 6.813881023894249 5.940573010163362 10.592846367037392 2.3223245951623976 9.662591720186613 25.24621100009339 3.058655378950081 0.6300402244337832 5.539219598020308 11.795819966041773 31.531983211484945 0.5083374675580903 0.048980339674502445 0.4266375043524111
52 7.333181567752801 5.804340980602737 10.641916126330282 2.456089559259919 10.379272139402818 25.00970930383046 2.7428272314545437 0.9364229506042536 5.067360750603186 11.679391514510167 30.03222845383409 0.5065301303894624 0.062355553948142316 0.42422428229687553
56 7.51969541711765 5.303290745908105 10.163187589457705 2.8743268260016106 10.129604672853544 23.889297262685197 3.8439265961888416 1.0480122134967482 4.215743673389307 12.265723195086336 29.784354638100247 0.5044386239617813 0.08091676339251158 0.42201033959709966
57 7.551922139582102 5.768090292730297 10.711619766674922 2.3461692232512963 9.785281279246538 25.171317447831733 2.9795909383773904 0.6088848655972353 5.351898305197656 13.53849545747352 30.650725147527258 0.5065540391047525 0.0674920950438735 0.42320205336548417
29 7.311877435846702 5.536292381417412 11.27694007692204 1.7919241889935626 9.099396094170157 25.954016648822424 2.8156277544793373 0.42920214105400767 5.741543824615175 15.057791065389017 32.687612547721564 0.509122125170676 0.028556111837269374 0.42770200832293426
37 7.497748216294099 5.4382236686591146 10.753567765594408 2.2175346956239603 9.00012100672716 26.35072210337215 2.6263491670630024 0.9758028755595597 5.254847327450498 14.091197463973016 33.391371795629574 0.5066528493097191 0.06575302986664125 0.4230479375207831
61 7.613105038788071 5.839168525269203 10.958506777678572 2.1978787465603764 9.658638536880662 25.275398952180296 2.940609064803171 0.6866741078696901 4.970105612417657 13.006038464871901 32.01996187213472 0.5089459011377292 0.04026971837816085 0.4271301521848332
62 7.7605514926453125 5.7385771612472745 11.172250540666196 2.015233355905896 9.826598484134378 25.55692827413207 2.7714842847943824 0.7792267535119598 4.576010641218431 12.820685537422372 31.710656358972635 0.5090235238902406 0.029431221325327807 0.427889153649932
39 7.377404571919521 5.450981029206082 10.759454840372038 2.3912126248485817 10.019014072861765 25.02877850706161 2.768021117803392 0.9384435665823325 4.83660198102129 13.036256565350962 30.75447662686671 0.5082089402746766 0.05204638126243134 0.4253047790643059
126 7.3498841374762796 5.67660999884104 11.09422453537955 1.9241784569900386 8.926523963119124 26.915838021784484 2.257529552648881 0.8613736340783773 5.179171174355251 13.150134167640335 34.43422684171279 0.5085257286581364 0.037888033999296904 0.4266260350297878
127 7.530251117769552 5.72582577542023 10.763374481217719 2.3545734792917714 9.702371411229942 25.158721480127827 3.0066827807157352 0.8773579280255922 5.324077356978837 13.886633141824886 30.228678428905848 0.5079243113982419 0.05198140861514457 0.4255423390620255
151 7.618991869202046 5.843299522000488 11.245249778157078 1.8969535232764574 9.799987336428025 25.42299357134094 2.8669681036905166 0.5286178479840151 6.292444723358738 14.95293142486638 29.29565282620745 0.5076177696856905 0.05630693914239074 0.4243291636421499
152 7.568178862864728 5.683292645813723 10.502554672703587 2.3811244201208486 9.406696999731713 26.157815867298925 2.457885186427286 0.5621508401523797 5.69129541122088 13.327757430849609 32.54451463026097 0.5073502102240899 0.060939146646004035 0.422770880451656
66 8.077066818942715 5.664812510425865 11.325612664059632 1.8036067399174465 9.094477958083484 26.152986750327617 2.59575489938596 0.5633083028200564 5.910381727389798 14.91148927456325 32.763935345236504 0.5084258731259254 0.04325495708917826 0.4266366692302926
67 7.130508351358229 5.448233694262919 10.833567564871718 2.2659986869256206 9.24276124546323 25.837529527323216 2.711048866295502 0.7806405591592448 4.8853113750258705 13.481461409999689 33.18443316941121 0.5068707100858683 0.057228203306715325 0.42580566628593236
71 8.045880680239833 5.427650624280356 10.998405021168868 2.0610062226945445 9.378671327014045 25.49566092049788 2.958255794269725 0.6843717642837345 5.478559862115085 14.656234125527043 31.795913727820366 0.5082188724757685 0.04375605507413498 0.42719175469140197
72 7.495207697232397 5.568819384995347 10.955050620412216 2.4320066972142484 10.652796081539728 23.71481801639512 3.527934475406807 0.903654301175904 4.931124607933936 13.090976671042378 27.54099718261678 0.5058746607844995 0.06765084286021238 0.42375135105194817
187 7.370054246377489 5.526041636508227 10.80144752553313 2.2537587227741143 9.50094104283619 25.617541004973013 2.946847938089304 0.9010545851803908 4.362949389852937 12.707008496919787 32.62105133034995 0.5089685601063921 0.03868671792700504 0.4276282220985336
186 7.385797138610322 5.6745251112813095 11.036791853338856 2.06946941184599 9.161268286985063 25.478663862719944 3.0647352164487387 1.076881005019452 3.8502539233149666 13.373576473498499 33.52875478600608 0.5087768968196928 0.044889449334329534 0.42647127031697313
5 7.909011705619767 5.65582492295416 11.272123105720954 1.968417914673849 9.781712412753514 25.449087698153615 2.6624896989694333 0.9107233309523096 4.874778326115436 13.166310465720278 32.30478484495168 0.509371563184634 0.03399632211877473 0.4269708067873953
15 7.496639448997234 5.6238746648009075 11.296328323117987 1.9729805972040144 9.798849739002083 25.830933485502836 2.433449389751761 0.7905428440274624 4.976645475105127 13.57073831637583 31.92175565200374 0.5094903851162785 0.034555863066965585 0.42712718045886183
30 8.191568315512589 5.4701507896425134 11.238513931826796 2.046372040554376 9.677750017277479 24.81834846597903 3.346265247242423 1.1619490227997338 4.018446168622919 14.180779398206816 31.393894472549086 0.5088733572950239 0.0331039802050093 0.4279350407793844
40 7.8287674865311985 5.3589066344306024 10.890538258264495 2.138723635310607 9.856690160154441 25.395570224557545 2.724810323994799 0.7338819972375131 4.089791499272449 13.43917605548163 31.9401484387231 0.5089660547044709 0.036860424315793845 0.4274813010987937
6 7.686263340130271 5.701887084133547 11.095969923203977 2.1860530136024656 10.606293852484734 24.383866983686122 3.0561906482839865 0.7465115306866464 4.20165648357955 12.173854693209718 29.84356327844676 0.509710924630877 0.02117512104434993 0.4292634343870532
7 7.97937727478366 5.174054872262373 10.96496832938025 2.129008844575784 9.48619894382856 24.87170389828112 3.3587280331746485 0.9508425740516231 4.702385064860526 15.259229961880036 30.84950412215239 0.5078478022399957 0.06038316696903354 0.42470520386637983
17 7.755079430659595 5.4524772953536695 11.182008578621778 1.7972504784819543 8.940436678744833 26.449935706068025 2.5787949724156527 0.9053375193087456 5.031795127785585 14.899614458765276 33.59636788612699 0.5075366348023611 0.0503350784539029 0.4266608122967012
32 7.669097272149728 5.561277202428666 10.576205341993395 2.330411633299921 9.70154105068017 24.815878407643435 3.3880081926988863 0.888514359541092 4.948268429555898 14.064926577906835 29.786884006235812 0.5062038854740268 0.06776185288106328 0.42375041517632533
42 7.274512052342299 5.812926490536877 11.225670686497622 1.8230594414536418 8.965792975828997 26.383281648959468 2.7204043246926464 1.0496593814532809 4.69555358668335 13.050497861670785 34.11888623261286 0.5085579760437917 0.05011329224742154 0.42685533328937997
23 7.252705652917384 5.563084839743086 10.670073065554027 2.2363608431023536 9.271020095298407 26.09250291372012 2.4947063253782624 1.062228971286993 4.357553818871757 13.170587653857146 33.45741538100181 0.5078681255884885 0.050106705558027584 0.4264198623188843
48 7.436639962958599 5.860920123654465 11.440116021922705 1.8125949927302376 9.37479615770597 24.605388943846588 3.55315658107961 0.8268632723672394 5.084081879152845 14.968821813073394 31.094622432272736 0.5096087158453385 0.029278640266656462 0.4280967405077491
16 7.55841013377249 5.491025561234157 11.3083433698002 1.9061127238293052 9.825514410376007 24.81621072095959 3.208809680302022 0.7629505307615876 4.95170853396985 14.424826863984652 30.56649849237438 0.5089583429718151 0.03982104371835234 0.42723600828733516
24 8.01509792418046 5.599877853760978 11.339615047892371 1.8094021907115325 9.17859806868822 26.167276407270506 2.5705266660822836 0.7423100238768303 5.138734636627584 15.138283300117319 32.70775615465602 0.5090109488337801 0.03552560106777711 0.42684288021479
49 8.080123132996004 5.504522174889186 10.843397449463922 2.264619605213957 9.843338306019575 25.736700360155677 2.499907977487843 0.6635767621146836 4.962157384153328 13.274762778470228 31.822915105059277 0.5090471726374626 0.031926504069616134 0.4280755340547884
53 7.245775954992695 5.41910471974082 10.479613403272252 2.339682926016937 8.902246169992127 25.992505990266693 2.8662650842967285 0.8020293824527703 6.030774979228165 15.0978315537071 32.23322957913309 0.507613615524468 0.056083260264687886 0.42513508746563916
58 7.454459557097602 5.519635718355657 11.208459720187587 1.9856023261320899 9.894025196714514 25.36219212050527 2.9306031291389187 0.6293786776258038 4.571749453834791 13.270467255028061 30.942557943617587 0.5091361918703273 0.03531008246432131 0.42789884351282303
31 7.524227223243171 5.704158568395156 11.100641988196621 2.02934705741426 9.681603022604946 26.01250184924604 2.449456143710585 0.718795534603297 4.716399891680471 12.871090563387831 32.353631023961846 0.5094654157439478 0.025250224693231377 0.42831051271565257
54 7.636324666652299 5.735251757083826 10.582882056206701 2.480956096181832 9.9407375176525 25.461587056085037 2.5785673895837293 0.8588830973287593 4.633124719693901 12.166702149784049 31.93622656927802 0.5081865619170209 0.04959996883264312 0.4260396529769118
59 7.452077893161661 5.806196055962357 10.927537229260116 2.0664637006073012 10.048462035737948 24.951404577743343 3.0099714626697582 0.578738799977218 5.405791877747306 13.504450709272913 29.394795842881315 0.5091640399149888 0.03286545395413366 0.42772677440775436
63 7.626583492534436 5.884347532994793 11.039678593522599 2.1587834888654283 9.95425556668268 25.764082973084168 2.350514493161775 1.016757913707718 5.072900901341377 12.457342182330747 31.766080396410135 0.5094565350483304 0.032828763483686935 0.4274745067046661
41 7.7646208952309275 5.668879475980961 11.157133975941065 2.196509714743025 10.296562748385083 24.99383597007632 2.728754682590745 0.910589213868588 4.261146419740985 12.362366884586756 30.9860433267999 0.5083846666521191 0.0485476551724184 0.42580980788880757
64 7.498497627249176 5.7197351707655715 11.230673522115206 1.8304983687920975 8.898556332646152 26.317670715578945 2.7870731012299066 0.6888842115078199 5.154925986992102 13.97976274808482 33.95177740670273 0.5096698467992072 0.019032831248357574 0.4285420804707083
128 7.849062843009339 5.598075650110672 10.569742249397148 2.4729985597861512 9.848361734891851 25.23960489199435 2.935989437965481 0.7460415918838159 4.3721368961946405 12.49916567824791 31.549178757435385 0.5079762257259767 0.039459718405434885 0.4266478480487676
153 7.625653812211404 5.843645305460812 10.944975579358703 2.0121217358441204 8.881599153567494 26.287116386237695 2.8318089643138884 0.6435833860878445 5.900493013194028 13.77220840906046 33.381314155344825 0.5094474827281334 0.04114219752592181 0.4269978806383562
68 7.498627310307561 5.526060357835918 11.203685306709884 1.8009607676961221 9.130649367132165 25.96826509783607 2.813557733861198 0.5167638271158321 5.540658373160305 15.349844820782806 31.97249457420567 0.5095156697187282 0.02046759784522228 0.4286983439359867
73 7.924945313273776 5.323199779953988 10.966986520057247 2.3160470877776542 10.231853771359013 24.670342259496525 2.91050388091853 0.8242886150880799 3.7550777029441162 13.357221412093175 30.84261586129559 0.5092913280390344 0.03281741064558801 0.4268140783844557
188 7.5682936565224015 5.736363526880818 10.736548380076055 2.1063443386433955 9.203472906654095 25.603188019514025 3.0851971940920007 0.5476095881504359 5.947800311170957 14.810768585371987 31.22491899096745 0.5088220916208277 0.037826511215535916 0.42787164061306393
8 7.852362956835114 5.199022183022384 10.724107638746744 2.368207932827422 9.812817162493916 25.475721940744638 2.8170386908513745 0.4092276990594378 5.279716462605417 14.012170588837897 31.392899862423846 0.5058556297434611 0.06932218622488717 0.42277440310261644
9 8.072038136176934 5.443639551949112 10.635375920324174 2.407339723779711 10.021237058825276 25.158558720834666 2.864934116074883 0.4735244051677017 5.042920957152997 13.83555315806814 29.90592912771252 0.5072647587723054 0.052131613451993755 0.4255147772649991
10 7.833248928613025 5.6880754162139375 10.238774782411946 2.513867858246015 9.721312051536778 24.69660159171681 3.3539985728439645 1.163645105541826 4.6335918169077095 13.68630681432886 30.025947913083115 0.5049129826845248 0.07301208275282205 0.42294835737769587
19 7.676388369309742 5.746830784832777 11.242082816570951 1.8047183807946174 8.815993136142596 26.086815197582748 2.934719162896862 0.8421801240314314 5.052089913036195 14.370082041636838 33.448731582275556 0.5092144939377768 0.027346383038797335 0.42822689923673674
34 7.181270363117761 5.2385291792182365 10.160922320231004 2.754555631250126 9.934409962637805 24.99809451080167 2.9952322701504785 0.991131172503863 5.988210885927542 13.17035409256116 29.957117099558143 0.50193930545044 0.09280277411272837 0.41947193674901223
44 7.210397418055032 5.683524894565909 10.615129854068575 2.3749918588198775 9.599678051683716 25.722853550643215 2.6608765874932128 0.6491828458652871 5.909097047013985 13.099103133247612 31.81907604381752 0.5069103710939569 0.060426932588808595 0.4251354083322793
18 7.736542292038973 5.363894647344038 10.827384651916306 2.3022628491427546 9.70031964805218 25.540972829808307 2.6950094611082798 0.8169664801712573 5.045750249209869 12.894077958517316 32.58096977609937 0.5068267891182837 0.06407764707240698 0.4244393445981045
20 7.59510089108054 5.804184489643896 10.654162038535576 2.358612147614159 9.322718603723354 25.2514672151425 3.2790259144086975 1.0598009044734555 5.109258933357299 13.907177000690293 30.989085215191967 0.5079195724657044 0.056926036148600735 0.4242490407323171
25 7.732011511259432 5.745042802953743 10.909623724873747 2.071892724878987 9.204116490251437 25.978456549978066 2.683884148356344 0.646149950093473 5.3941430198660365 13.917957925898573 32.631999800662435 0.5090437286361406 0.04031408407454154 0.42715686487548266
50 7.475879940830932 5.760111293798387 11.314021023248914 1.88405775973452 9.390432066637901 25.832883211629944 2.7375160617781447 0.2805297136272848 6.989087930859141 14.772981536994077 31.423589612927948 0.5081740041072074 0.04272625059385621 0.427254510622937
33 7.834989759430939 5.5709723448258694 11.084747683574077 1.9873547056882575 9.50370393523791 25.57444125126265 2.7281511796221443 0.823302624868376 5.039535634268263 14.049923224719992 32.190372410787106 0.5072811616641179 0.05677207151895574 0.42534323205704366
35 8.175824709478619 5.253613818630379 11.00924140424692 1.8548711875970574 8.46839051221505 26.470114371682882 2.8331605919178044 0.6407767747748855 5.210998043836106 16.29905487032424 33.81268240092699 0.5083783509202258 0.04082190055259062 0.42678085092238816
55 7.575494467043243 5.835174474987159 10.953181168313089 2.207565810650681 9.997210500852477 24.833898097671387 3.0261342055156595 0.6046985071211729 5.416367065734872 13.032693585114059 30.653843619139465 0.5065093409814623 0.055064552555931214 0.4252621539602752
60 7.989913014253063 5.502433115487305 10.75701892460456 2.278288230640453 9.86758479665251 24.884854069206533 3.2155020700415884 0.4955914832659371 4.882593503527843 13.687213915087005 30.35399094715363 0.5087168748300005 0.04479654499976805 0.4265848611732203
43 7.641051697245188 5.530843872472241 10.999305007793525 2.089335670788179 9.130290664095277 25.64476230778542 2.9778220820240855 0.482617661793818 5.723571889315915 15.232866988690574 32.02706400945002 0.5078513773814654 0.052866984770039975 0.4248697293028074
45 7.443942783197274 5.7707619741522596 11.487034294525838 1.5268882475710048 8.12737959389774 26.842421436316734 2.8046489726130828 0.8943442407227239 5.580396064122548 15.105356588580616 35.48665427017971 0.5098433340433722 0.020729494765921345 0.4280166785351239
65 7.625781963877879 5.59660801929911 10.905718858110127 2.1479181491933534 9.313170467312608 25.433669496369962 3.0807193284429193 1.1063956976461353 4.776404725311704 13.730404246736093 32.41702766434499 0.5071911625718185 0.05950858637015919 0.4250463508342036
129 7.0942381833900425 5.661557852823147 10.678109514950268 2.2361378258301112 8.620279873763607 26.54520048283827 2.705332815637151 0.8256571523213997 5.419319653712832 12.870639167574158 34.83018182676816 0.5073801021745131 0.05491979052678328 0.4258907061426393
130 7.898885480301858 5.702803345971536 11.245921981906696 1.952263559630476 9.584409266568066 25.111094661311135 3.0904997946532187 0.5429983589901943 5.672235872274618 14.938335920993728 30.72967099906891 0.5067373013743588 0.05709026118805576 0.42577002436342
154 7.659444662618133 5.546988330506339 10.94281683085486 2.054742577907647 9.270674415113476 25.65291121205549 3.0153173342259816 0.7911857419579004 4.884115929502391 13.854428384861817 32.41399455119215 0.5086292020398914 0.04210702208976534 0.4274233978652008
155 8.219095599079175 5.171781071233636 10.962071987639904 2.118760501816419 9.198960823549157 26.335926951516758 2.4811894418217033 0.5024179687122824 5.979100913240531 15.124917718594542 32.75627020497673 0.5086503767419309 0.04361950988935645 0.4269544386929553
69 7.641488787106807 5.567466343119542 10.973997500623291 1.9813323199147412 8.910585151923451 26.029909133891888 2.8831454124383074 0.9986743801471648 4.6567441539433005 13.214652760264451 34.65474003471461 0.5095212920385224 0.025713113422417243 0.42755771219442873
70 7.516764604309832 5.703260058036459 10.867651311265462 2.032736317915033 8.689375376938449 26.3838565151515 2.858968953309288 0.8272919940612378 5.87584922500666 14.524578977767712 33.04085714697359 0.5058231032816891 0.06717601804320422 0.42454538415541265
190 7.698116253956402 5.68950324362412 10.877429082450345 2.1895164806967706 9.829345250054667 25.13393273591739 2.9810837259303042 0.9742312321556932 4.5849227919292455 12.956539995559185 31.343894787256147 0.5052375423929952 0.07446646053796854 0.4227493674466297
74 7.392337247812272 5.516345416850899 10.61038082476186 2.47898246647871 9.751339523563141 24.95712591311548 3.3044472202847524 1.1301369986052825 4.182066682214452 12.520677158047707 31.22836924033754 0.5063116580445112 0.0651921752995761 0.42434838292851035
189 7.422160384018291 5.858940750706363 11.16490492734576 2.0200017094153573 9.729719764311755 25.61225675478166 2.63335293061047 0.543797246910139 5.338570866229466 13.15318662021452 31.917633456031027 0.5095633063555457 0.0291362241882561 0.4281713035602937
75 7.849532230473677 5.570198564305906 10.926923245674312 2.178045559173741 9.612903407598601 25.37597614819752 2.948257778331142 0.7044299493591596 5.449421928899137 13.668112620901834 31.56076622247146 0.5069836898609132 0.05635416231846698 0.42618254329979605
76 7.7099918058107075 5.619661130590859 10.349827613569408 2.563260957088506 9.77060713594935 25.80098750206613 2.541302755754312 0.6060735064731855 5.170537738334551 12.406439908488263 31.85260813171924 0.5075882082487375 0.04271470154800161 0.4269702082104974
77 7.469261284776696 5.738401273099647 11.051947382265777 1.985617537107345 9.094820253140709 25.45785389296778 3.1847543280481667 0.5480637549515804 5.226102270906682 14.382654326733952 32.515845914053756 0.5089080265788467 0.03098459399274748 0.42838283217976264
78 7.745078882698321 5.484437197264022 10.853340839380724 2.3001671222054516 9.907950938772961 24.73050441213958 3.331784745443109 1.1365458125862613 4.892092282389454 13.38705010316817 29.96174616957192 0.5073900575598711 0.05904867141670219 0.42469006432243
86 7.00814050226972 5.467103936094649 10.66739174780855 2.3132682268152682 9.102178493392591 25.85606474831024 2.975265529307367 0.8590847468547416 5.746839956326696 13.173834403666383 32.71483225783537 0.5039052586733604 0.08099552044822335 0.42200429551506674
88 7.733785517331133 5.780408832486696 10.98748915806915 2.052377920355021 9.461544442951666 25.872921010141418 2.6557266494193956 0.7908896088819489 5.405136208174879 13.308926869731028 32.16707806683287 0.5082851049555993 0.039880386994500895 0.4272262131589387
79 7.72084343801607 5.454046821145168 10.901564996193214 2.28228851622503 10.089351907252603 24.96605065797909 2.839394174475733 0.8605851130331055 4.119561304483275 12.416194416955452 31.87627144661012 0.5094399969965682 0.02691459457138169 0.4285234224982876
227 7.272908180590125 5.8088815816642825 10.888024300067276 2.1762331481148354 9.826225369857132 25.364891478692936 2.923083047778275 0.3882192819454626 5.984394884590797 13.259316819647387 30.396052415795662 0.5081076944507957 0.04927316404722712 0.4255320487278732
226 7.046189593842632 5.4059610647079275 9.531277494021255 3.283702509330653 10.458825613191104 23.605490361213047 3.5769208461763573 1.0383209358529502 4.710025374779407 12.227422080462487 27.785945640723117 0.5000367851953292 0.10357132326516678 0.4171733943623404
87 7.223795565523598 5.63923784393522 10.730444791357375 2.150877413410597 8.999645071570209 26.210387458683623 2.8454963165219325 0.8325111908253962 5.700239316944019 13.83591850940954 32.64360239409424 0.507142968122342 0.05651394887094401 0.4257818323777331
96 7.286179364611894 5.725739231299746 10.865687205891643 2.2031776881841587 9.712230090571286 25.463221969738175 2.813122343667072 0.47773452882910644 5.489152199103583 13.208027398795908 31.219797848554983 0.5088354545854192 0.03830384329144002 0.42720837250100235
97 7.694426808221002 5.588071017102765 10.547102254201132 2.3197276469209416 9.892846377847576 24.501762622001714 3.2039451335315405 1.02466900961861 5.0147118331447444 14.511634792234357 29.411299192151112 0.5075880699252139 0.05408793468764973 0.4253654568378216
89 7.488177362651618 5.6113727158856666 10.786630317290935 2.4701927869508866 10.521744468238309 24.877343721153117 2.7907591605530704 0.7979602068726923 3.917506196306053 11.062411764037899 30.877161606660838 0.5076208670312428 0.05162799923129154 0.42626144858543125
202 7.285273470749485 5.850612349518242 10.793131810669376 2.43531521015078 10.386945389851348 24.39321184117229 3.134431845035379 0.8561118597376077 4.519076219562316 12.005220219708177 29.995020601348052 0.5081330341978715 0.04942905600049055 0.42620348729752333
201 7.68012668420069 5.471461470748909 10.704069505409432 2.1977505323191235 9.77979224665183 24.848162560641143 3.3808413206628165 0.6335483248186847 4.465112453508253 13.859378549124772 29.969942713950545 0.5085258177526992 0.03312829189583766 0.4263643862529439
101 7.672449586968096 5.571063865225865 11.023734874927948 1.9279644773835896 9.002126399895293 25.725657794510287 2.956787030628272 0.7500466853429231 5.288901875953085 15.200649888194638 32.673594976042374 0.5081011129207872 0.05437251632185332 0.4253735707192463
102 7.427316348817291 5.558959371667726 10.514533965056804 2.5469951949829803 9.994211050161944 25.40389900217205 2.6416359139556693 0.6941346217907568 4.929831736084345 12.115037291307777 31.69231559607373 0.5077270206108854 0.05213085200652827 0.4262838738809878
103 7.572362497307782 5.53901355977494 10.907030142934 1.9805720363282855 8.914288274569543 25.912570488739174 3.2238596827499455 1.2692067480212097 4.391639476516179 13.788282600273671 33.158748674113355 0.5077011983724823 0.05819214714882813 0.4247748652713968
111 7.727171006083159 5.433501662344397 11.305873292992173 1.6810816556865673 8.452800895242618 26.046691788834313 3.0921988066625103 0.5753838536443587 6.051308943299063 16.840080964091136 33.419764952552654 0.508079701243242 0.047460853084763346 0.42659354435409796
113 8.205919604112488 5.482580987089276 10.928309956867608 2.106111645732395 9.55858326788612 26.373972881424102 2.2925746314540856 0.6785203362468643 5.054439291612263 13.870672706450813 32.17615551433067 0.5090009004372394 0.04066322506553969 0.4277056437738742
104 7.759255799409617 5.664406280936741 11.228103775661678 2.1761333599510913 10.335382167516352 24.25970302103601 3.1354571167529746 0.7989285250222142 4.066742902359325 12.947162946120072 30.557603015898408 0.5092391940860644 0.03841840971836994 0.42712838628095035
112 7.280308009633254 5.965762097593214 11.364275584196777 2.0013063661667694 10.089049805070227 25.138746358728824 2.8886373544443136 0.49002155915675666 5.913824426063922 12.860482456394516 30.608327099120874 0.5088035226731517 0.04064292332854947 0.42616723270651014
121 7.285344450189277 5.66832811026064 11.12995865243964 1.8945533476426335 8.91351884132327 26.68476933007686 2.4451667591030697 0.5990219347599155 5.342375043184657 14.122162700301246 34.04005341661596 0.5089360451310515 0.024541207590543304 0.4284248691135905
122 7.855330396926117 5.7074228263685995 11.617312957767785 1.5841391440365475 8.884739220388536 26.448130839530272 2.6487685291466123 0.731173551655833 5.305546731022759 15.350618014125011 33.00567210054191 0.5088703930569238 0.03218434620075539 0.42753540390619255
114 7.4723802122062315 5.654931501158017 10.425389621916233 2.563610318930498 10.43104797777393 24.977517050279914 2.708103998056926 0.7674862003780833 4.943954308252023 11.954266373455978 29.63864938493549 0.5080828658611605 0.04822649084612537 0.42652407669394937
80 7.780225203757876 5.4811843652802175 10.91267730767747 2.3503624714570903 10.008541628791026 24.64004218214551 3.144473550346897 0.700026324201252 4.834525654663863 14.203495888596855 29.945666106377697 0.5069932896923499 0.0568132527705643 0.424907427905104
90 7.311377032656003 5.638458738796888 11.151361325505928 1.8523778815817336 9.2345395957587 26.31522694873816 2.5807009328157937 1.0026180080767881 4.842272699179261 13.389306053199748 33.089051482896075 0.5093133586564923 0.03234154047737711 0.427221912720666
228 7.256027904908983 5.535680956829696 10.683624920579984 2.5419830955074336 10.398132052458497 24.376884706305187 3.1259571787916034 0.784645032402826 5.3952569503726115 13.064652483564393 28.857703059385123 0.5069394015505135 0.0592593111146624 0.4247614128792449
81 7.615936831357241 5.739751835239699 11.45597878494435 1.7618250988771673 9.771849072264876 25.372271327631434 2.868626917115612 0.49122026188654855 5.367742630324473 14.4593752293682 30.822316337210324 0.5091713311004553 0.0267355192947334 0.4281357048330514
82 7.152559156208203 5.835717080546799 10.626780300762224 2.449829482156058 9.560447256654331 24.781874680925466 3.1670514334929205 0.8176810595846942 5.962618678114599 14.441828931212395 30.142757590014217 0.5048447856148233 0.07741573348977503 0.42150481607936024
92 7.559925243852906 5.6579295485689824 11.000374999128258 2.183485749131918 9.601475319833467 26.059754991897012 2.360751338406123 1.0568153887052336 4.055933774755598 12.587305012717147 33.551822762448765 0.5085708566422061 0.0417096558395864 0.42670359089248805
98 7.809063182321464 5.205056163579516 11.252858454302295 2.015565431448836 9.578980564554005 25.26546585718164 2.961975499436714 0.9499844365741559 4.192550464691797 13.94124906083924 32.95956551723622 0.5073120550314845 0.0539476663100472 0.42549669659066386
203 7.350641825401144 5.647948953586527 10.812655302414965 2.1221548961524883 9.591882421213718 25.368029798546054 3.0077692886341163 0.662439097414937 4.928703946881317 13.207793399245237 31.879877707947205 0.5075667808440935 0.047616861947697264 0.4265057706636779
91 7.41247607470037 5.666122075127891 10.99934936229944 2.268061028277834 10.574226738495433 24.658977647244118 2.7509619686175353 0.6020928496808219 5.0253814624507545 13.286241808897277 28.809739996795585 0.5084189653057098 0.04624992570004332 0.4265482429278233
99 7.611477102214866 5.51761465572678 11.17823413700192 1.860171512389362 9.104025605801995 26.009496858516854 2.875565650209395 0.6619127361052286 5.384044812560234 15.254515029168928 31.988465717757823 0.5075055243686635 0.04953680862937426 0.426622224959543
105 7.797557246661717 5.378591879627196 10.965614015642252 2.1182951019461234 9.318336909017582 26.04577607005909 2.577874961138476 0.7524333782277848 4.93252054647536 13.920097829582126 33.51182642520401 0.5090310317921682 0.03608480034394463 0.4277526136879486
115 7.621586341929114 5.473458274578431 11.367197552801187 1.9448635670987164 9.712782919766529 24.99949823692711 3.03968155137851 1.102339704808079 4.349534548352332 14.091965704744299 31.961036769328615 0.5076044932912899 0.05345721851538889 0.4261117046783766
106 7.551907782169568 5.383349225876965 10.850819138137009 2.2827307169372215 9.950224655823469 25.377782246073302 2.6485420109369624 0.8313259670998917 4.764481863708513 13.103636229004335 31.622476013605777 0.5081456635940007 0.04947726182700331 0.426462820333871
107 7.527159384548266 5.348098172421934 10.947371102970033 2.2880848114594015 9.981532802779105 24.4986118343753 3.3116492064856677 1.1078327770734775 4.977467421860432 14.066043711652004 30.154177460786283 0.5050696112907538 0.07548894059742572 0.42208850292441297
117 7.723912929493863 5.4901342337936425 11.328325744494881 1.8138747043290444 9.408264879069776 26.43287891381265 2.301739691118038 0.6473649966447773 5.475458479755917 14.208435846849026 32.47811825079805 0.5089945691202508 0.0417732641526016 0.4272130650527149
123 7.968199571625627 5.264874541758604 11.294632227525684 1.971077218052141 9.70420466845361 25.383890481586384 2.7795021591980182 0.821614238111641 4.030267469209354 14.435115149219014 32.33027840450358 0.5074141141094598 0.055430389639564204 0.4251730994888741
116 7.476417374347985 5.4958474496196 11.029249011636422 2.1963793710354405 10.360943861010561 24.90146941727289 2.7659358733390307 0.7206321306789502 4.0076306863802 12.325874903232448 31.018797415600474 0.5083890853563746 0.04970463020026458 0.42596680585946967
124 7.773807767616283 5.647455149038015 11.591390742592763 1.5583640084799675 8.906723037177425 26.339085572329463 2.7268900498750086 0.7338721290916748 5.7954649133402105 15.917971358749321 32.56150748105675 0.5070755261982375 0.062374010105382516 0.4235632512619979
229 7.161609165801936 5.825801187364513 10.797264686964139 2.2229292297199814 9.499218257541383 25.27774164202918 3.2031499781841752 0.9251631259979246 4.937145510710744 12.568162898998354 31.802661805380794 0.5096021841185113 0.028008235994805418 0.42758631565362176
230 7.832545718061826 5.412342459402765 11.131738544277033 1.9776169756994624 9.41422589337444 25.320939232390703 3.0890708165228777 1.0041999234189913 3.8452422809869318 13.446147821907958 33.04889794881782 0.5100167785957425 0.022740673818284242 0.4279318956091741
83 7.743570507073011 5.631883683580936 10.3382347226397 2.711019910930748 10.546571378878676 24.412670285437212 3.0870132230215064 0.7999924073888872 4.778223662594099 12.255268933755035 28.506068207356204 0.5059609898823779 0.06869586171709635 0.42399752153726655
84 7.26544793514023 5.857029121298411 10.997211034506712 2.080660586995878 9.692505545547617 25.190679985827416 3.1061629328837412 0.6892166180334314 5.520780895680077 13.747900671483023 29.93028441881095 0.5082229591515849 0.049187382473218695 0.42600458188564816
85 7.572833767989426 5.752666104572731 10.851694391467323 2.279159124524289 9.55540500969532 25.100228306918332 3.010073630417615 0.39881188107275517 5.948913200268391 14.552118817212431 30.706935229531897 0.5076383267565937 0.05358559388623391 0.4248520507085713
94 7.914448173030304 5.680334883551167 10.960653512871877 2.0388727641188296 9.141693561649303 25.401638508059786 3.2759567955263216 0.7172276906389495 5.370511654019898 14.883078826889667 31.33682710652424 0.5078770938497187 0.04757972817085283 0.426287682897248
205 7.994893118370485 5.481558659752004 10.619387309471664 2.2306397993076 10.047102659020926 24.909918593762672 3.055679876215017 0.7142990927173979 4.856578990625979 14.144679822810135 29.079948976732858 0.5073082366799592 0.05493767001266325 0.42551745754048376
204 7.345347031873598 5.874604838643988 10.929741164526131 2.1280600022303853 9.679124477645425 25.204758078469226 3.092800434317689 0.7576025936272892 5.028150911888851 12.876956580684768 31.263147549895404 0.509111536311624 0.029784845342124968 0.42811600401999234
93 7.175676973952983 5.962915751765201 10.943909785784287 2.120218296982434 9.796280470228966 25.542824064510686 2.6838537722539852 0.6022723477099925 5.472647011244485 11.991558807260242 31.985603608762176 0.5101343506451969 0.018944231049271693 0.42825924530774
95 7.5346818326792375 5.412813590334548 10.692462003630798 2.2628790741931626 9.317975039139071 25.747150162232934 2.8755663664179214 0.6375811762198342 5.410799053114619 13.75890278616181 32.394992794309346 0.5082729277534446 0.045900675924107744 0.42631613260889917
100 8.012506670139384 5.567007574559752 11.12753691302291 2.021159833529772 9.686090752678453 25.272479418407563 2.99416074686962 0.8156278098671959 4.179954132219047 13.25886485038708 31.83574391887407 0.509085238210972 0.03567864112102295 0.42766475980711666
108 7.009578347404368 5.600014858272457 10.77748396062985 2.4976619488554763 9.986203003307626 24.235816568045195 3.4987153965042506 1.3932017898622706 4.263591695879619 12.151835017215419 30.77084313042611 0.5036841823070709 0.08560314002839614 0.4206216086449618
109 7.561824308139247 5.628180003407383 11.162680209687526 1.880150037993278 8.89179347273275 26.75929263681847 2.4232009962476475 1.0582449271172383 4.850467573218769 13.090277893884036 35.15257990616687 0.5084213372415245 0.04505214753279433 0.4261251685050916
110 7.614040384784938 5.762597807277777 10.889250716476749 2.2621461614058167 10.087434189295857 24.819200595885977 3.006862175130183 0.5709900455955828 5.109578665465828 12.40750483252563 30.938691399219625 0.5094242490748695 0.03776137738016226 0.42662593889713546
119 7.992936759277689 5.6329881839139535 11.013842044137556 1.9364430321852821 8.901910975169836 26.46950563781645 2.649237068299472 0.7164991926621251 5.206699637334261 14.290587176404308 33.55596465099749 0.5088565952002523 0.03697924338898417 0.4280474680917518
118 7.490045765425894 5.652675465107544 10.814847570650505 2.4004561865344187 10.212060268427361 24.84697584886051 2.841770903707715 0.4668868342339207 5.485834161399242 12.675452662226789 30.696032030291267 0.5085916513983424 0.04150076541142534 0.42653267614249873
120 7.857796058873086 5.632411846596793 10.547479152131642 2.4371298617872723 9.915926973915317 25.27438413828943 2.826136316278234 0.5132420328336975 4.980152832742252 12.980773786269983 30.892269870104517 0.5095356098803911 0.03170959854961085 0.4278578811968813
125 7.631843700044901 5.654043656669867 10.762599224205267 2.1662321430819045 8.950761961144309 26.342152643551508 2.6503750852129113 0.8930637779954268 5.3019774253684355 14.284107202832542 33.26529750480805 0.5070119921730574 0.060622606779260714 0.4250396564336477
131 7.610798846932929 5.316067830797648 10.664949227733906 2.3219023539907027 9.807176105724787 24.397356638935722 3.692180999856675 0.8469863163410357 4.420828131068982 14.232531745280085 29.435833064518572 0.5070280378459726 0.06297174848286001 0.42353364438558117
132 7.880530236327821 5.437885730671036 11.036872264131295 2.001289339193759 9.450453758498883 25.51494711852614 2.970012231833552 0.978050434762709 4.263744232607355 14.451669434618797 31.69395050592598 0.5081109469444836 0.044304647222595826 0.42752642616073705
133 7.916757840767783 5.268411947278934 10.516651818005403 2.5255064232301003 10.47642127370868 24.706980816745848 2.8227608469411263 0.6410389720350241 5.308050552643727 13.11103437549179 29.25652355326269 0.5049145134254205 0.07324273991623366 0.4221561696882942
156 7.189693340376179 5.993983441138334 10.838785849885841 2.2534514651222515 9.858891964913012 25.29310672725562 2.7298819746558154 1.0363725070217806 4.128789507865916 10.934831447017341 33.174582101493705 0.5095201133150146 0.02128738583354354 0.4282687484833399
158 7.395318898041864 5.7615695717413615 11.026647252488061 2.2487825168960316 9.985546950118886 24.98094709370276 2.830525260209878 0.9797762333990107 4.846063795366118 12.724338653507699 31.575796547542343 0.5063886631067991 0.056678304569391956 0.4257577613379804
134 7.898382540029854 5.529161148123539 11.001923093430753 2.0467147053951025 9.311387059915383 24.871854445392593 3.3863325622132585 0.789855962234276 4.356352909880204 14.596482823141184 31.780380800541124 0.5086661152792856 0.037146638419652316 0.42716788794608473
141 7.658268273853847 5.43116247490164 10.952068430688833 2.090368360754561 9.435117109221967 25.519427611038 2.989974859735584 0.6843803270456839 4.451131816525503 13.758933165535684 32.558273632581944 0.5096333028124812 0.020659021145948316 0.4281029156855381
142 7.444115929125715 5.569439150206309 11.324367143668885 1.7639428623062015 9.133847115683004 26.449594372718078 2.5280027217433108 0.5476598384616432 6.253337789976424 15.067827163485504 32.16907333922508 0.5091348093134734 0.038730373514224564 0.4274265729047247
143 7.1232962781791676 5.687358895833422 10.990897464033344 2.058010807026603 9.371304463042286 26.15844224465371 2.519565315893623 0.6763940891694582 5.37466590957859 12.742587164834932 33.28403150652688 0.5092560742763923 0.035137730142519454 0.42700048628440335
166 7.512798746253491 5.458914243725894 10.795873784558196 2.8444451598360296 11.36973806535857 22.933652479755573 3.507876296981399 1.1128616347020053 3.5347638915146837 11.437326049106417 27.80167070480322 0.5067244308167823 0.06416365344619772 0.4253925001604209
168 7.508145163759339 5.4533349740345045 11.019608289984495 2.1818313488998964 9.892045087971926 24.570216046522347 3.350286160760797 0.7101145820071173 4.611628068104857 13.76843949883523 30.7437093579163 0.5089028832245938 0.034102282843893064 0.4278544785276114
144 7.526254828284451 5.652116115156856 10.935072598404856 2.157701823478766 9.26263273051629 25.923679035877267 2.7375230210869144 0.8685007271275194 5.05577277018784 13.505242349176966 33.151930006935416 0.5077887811233976 0.043593811086920675 0.42718033686372703
157 7.929166245750792 5.261027875975476 11.191643218827156 1.95596001986886 9.351832804533387 26.47277073870176 2.3334992161525068 1.0851948041195218 4.749530174360388 13.934915341451983 33.38033170942115 0.5087250569046967 0.04373973894958496 0.4264715879235818
176 7.769191974386943 5.684251570588636 10.984130932204684 2.3004080601606423 10.756633210836178 24.605618595319555 2.66118731488315 0.5331062048800148 4.829969966742889 12.582388440798887 29.329686980623396 0.5087815831684386 0.04074953611152534 0.4270002492515292
177 7.213487888794866 5.54850041538605 10.80818200212269 2.097372781853271 9.390547484784939 25.293436390569987 2.985713389637599 0.4215369814502335 6.040273266434732 15.216585719336106 30.570792755609318 0.5060467603837373 0.06369362959328664 0.42531562046714405
169 7.7105866650895845 5.540373364415534 11.078958462354596 2.01363946568443 9.548981568804322 25.579255859623295 2.8759496521532735 0.70217553839836 4.840336603990064 13.664114698663495 32.043346032230744 0.5085016778834571 0.03710730327506418 0.4274078145249018
159 7.453067189630413 4.933539017647012 10.73097312616747 2.411231002088191 9.365383257124698 24.90022102094982 3.3093683070235382 1.0365091016052967 5.581398202428014 14.883831158365181 31.59794205356928 0.5044322475230879 0.0837153888369921 0.4211838268793913
182 7.323272288752417 5.575238985750593 10.414471078682483 2.6340372684486772 9.863225224976471 24.916946646700993 3.082154330534145 0.7099241202210183 4.515719184928271 13.06538848765896 30.75378476391136 0.5073777141393027 0.05663193771549128 0.4250838195636835
181 7.575816649918373 5.687830883487011 11.044677492926244 2.3615169653653303 11.113173785743282 23.98029139355276 2.933200573962056 0.5881366836964366 3.9454807290031337 11.606790677610691 28.78703940235733 0.5094742415358965 0.019700591642321814 0.42795804047762415
167 7.964684205568527 5.40322698702584 10.971084921161214 1.8909014150661339 8.944779188028761 26.172989747953384 2.7294762875086636 1.2011848943514978 4.995760569002346 15.115981530995874 33.19372130234691 0.5055263977461465 0.07235067879790921 0.42233718421677446
191 7.496335014892587 5.502089032778383 11.190332967298579 1.8953015746082433 9.07074192618861 25.77255796981231 2.9531819110506854 0.8187813995994819 4.908692023570424 14.925667950068952 32.71032780271802 0.5095527844915662 0.02278826430017827 0.4289785007594922
192 7.6171824645588435 5.664098908363536 10.954391937394528 2.1267947445129307 9.188971797602516 25.46565442903996 3.037190741100657 0.5286295234660097 5.9163224502341984 14.852751209431688 32.260821531314946 0.5071970777692212 0.05563522508749265 0.42506666484661415
196 8.09388364008812 5.495492590725149 10.97546288718622 2.026757896509891 9.358590503491408 25.22492301052008 3.1495120578237157 0.7355040949591705 4.860139716393747 15.051224153265775 31.605623370568967 0.5082942261183179 0.05083461134913477 0.42516412241370577
197 7.6428714483240645 5.64947556310355 10.820249544130165 2.199051638626248 9.221695778758153 25.546964916129916 3.0443326050230644 0.8353599870040843 4.704342582427347 13.41170354687325 32.7490461733739 0.5074533774243084 0.048673641977407894 0.42650241136151407
135 7.173656523615316 5.650581409348109 10.636718374858392 2.3949871313953874 9.495462938205694 25.0700240390132 3.12213191671597 0.9419682170099838 5.22051126390828 12.995494555958944 31.82510585425893 0.5053219371566768 0.06310067208622508 0.42606773458803543
160 7.959369023507199 5.639202199392827 10.58244421250688 2.3701501172790844 9.522197656947258 25.443865543733672 2.9716407849820636 0.6733980405634432 5.082301475416447 12.983565943318508 31.99039088891995 0.5082087579728733 0.04558803725889239 0.42612820817006813
184 7.412522729062827 5.88349617243155 10.6694704125074 2.0907754879737808 8.557488451410128 26.239647853045895 3.3041060905050768 0.6411431042013267 5.8194346447919685 13.889468171872013 33.11951565277103 0.5095984146982455 0.03215698742176575 0.42696778361514254
136 7.585404720811807 5.734531324510504 10.559899067982446 2.327518781682998 8.972090480740817 25.142592900113296 3.5552546262158438 0.7930066642297612 5.232461507710247 14.310723874505996 31.2656988811513 0.506655281427165 0.06459289324268012 0.42307077382288455
137 7.473218177972825 5.723849356383529 10.841130504828252 2.0435932770676777 9.004208079339715 24.79054386635649 3.892081307850369 0.8440461139857173 5.523454029939093 15.22514015488233 29.995562388187647 0.5052057670402806 0.0694570586408608 0.4241259789882904
162 7.5946378141535185 5.656859705555281 10.71582923772365 2.394150719243301 9.218332449409784 25.296427161817775 3.1752641810974858 0.810039467556364 5.1895270742775805 13.70124778455263 32.33486104338701 0.5061174075435556 0.0650908709218509 0.42387051944641907
171 7.854461795688933 5.6627678145824865 10.78131549438556 2.2077209864083644 9.396243125106507 25.632850090656348 2.9027173608568093 0.6053761629511423 5.503041908684647 13.856409578370215 31.859711522619747 0.5089137898937135 0.03806012609994425 0.42642193531475947
145 6.743015450639588 5.916413169323073 10.100915668719123 2.6078547648873807 9.39745562625643 25.791425341856975 2.8617152888444517 0.6618935623649047 6.2854214941879585 12.406538810279606 30.718605886602067 0.5031475747189637 0.08866009747632413 0.4196105626615076
170 7.9949127970804446 5.564821447556087 10.187088779290143 2.853051927051876 9.870267668261635 24.288969223177315 3.7556866737462586 1.1449000742202204 4.2789048304151835 13.331284494814414 29.166527333929608 0.5070427912405586 0.05921790044007995 0.42569994066638417
146 7.40192230686676 5.979098887915272 10.735637180766645 2.249880356647903 9.572343895272573 25.918933071368357 2.5925314532200345 0.7585213889240724 5.12209651178943 11.624479985973503 32.746036118529354 0.5093453828146017 0.017644557135878508 0.42880312875422544
147 7.568442592459713 5.824636822610726 10.22644073132948 2.4764181571037147 9.316741914907887 26.072562083536496 2.686031847293784 0.6379708187650244 5.522609770604226 12.582304237563733 32.262699046994996 0.5084451303164653 0.043653118462822056 0.42620102674502847
172 7.4361236022993396 5.811004633437246 10.54807393121128 2.1406014673919285 8.707352679418205 25.740000926900613 3.303124568178456 0.6679016793020792 6.376211052462863 14.851129598913742 31.758563728577997 0.5063392912627336 0.0629707113349072 0.42372860805793094
183 7.4848418721084595 5.925359273053116 10.819289307519979 2.0422830550106372 8.90483239147389 25.90621100490885 3.11407306304565 0.8308173604484144 5.596144181833514 13.351441472075251 32.911826672588326 0.5091183016936074 0.034559896842676664 0.4279738434744865
178 7.556709865820232 5.7573471761292865 11.057086601622744 1.9404857304199752 8.649475046419154 26.47400250861067 2.686657659432208 0.40458888209154015 6.8479128991554745 15.559485448653335 32.90010476788531 0.5082437699325253 0.04895992688154555 0.4259084025376371
161 7.763990773747022 5.117634290073658 10.379241688051959 2.6087204412623906 9.126883408231393 24.994396687146576 3.437699343189956 1.1960592305979094 5.751627477405894 14.28954499904179 32.07474356672671 0.5015042055839125 0.09841790826138473 0.417461116702813
179 7.805554768413788 5.773179421664298 10.85825003977651 2.054920816056617 8.994425759183795 25.922774027381205 2.9141091729957296 0.6257291878085837 5.295205683155021 14.152818787294235 33.20797249135679 0.5095598951861401 0.026350177779979056 0.42895968535740897
193 8.008606057971663 5.87929142270677 10.959669662765831 2.106380678167308 9.323278924988573 25.49076956168831 2.9629940108811135 0.5590315462721189 5.987045988425151 13.792433172784133 32.004922728497164 0.509562579958734 0.02906091409697775 0.4279877192429503
198 7.836798504878585 5.7802243514459875 10.919926864431249 2.1048433530755544 9.134187650032203 25.784948725906467 2.906655772210375 0.565878130775736 5.816070810074305 14.309356394296303 32.26301721732246 0.5098365157386103 0.0141447837506002 0.42875824553954145
185 7.401522623912475 5.594030538026058 10.734045603713707 2.3297878666390437 9.999791027511973 24.69231361492539 3.2856110140130586 1.34107481736738 4.410260828154378 13.23774488409671 29.578645530740552 0.507977500727662 0.04687290704526405 0.42698409556424893
175 8.17986797507395 5.134559993894524 10.777491772569565 1.917233462165746 8.915200252967836 25.973991281013507 2.9725947627272915 0.6359803910193009 5.070607066895184 16.037982014148106 32.03183537373595 0.5061848787629211 0.07177550809497522 0.4240135018975685
173 7.467540174600356 5.719663511600458 11.100054258856417 1.8390520830147539 8.939623458688871 25.822399411610434 3.1132504382515322 0.5864155729555358 6.152239480042574 15.577711170663763 31.254728278843356 0.5066750170329253 0.05768942161156182 0.4256932633890993
138 7.501040398703089 5.856773380285456 11.099561129581279 1.9286429933129154 9.045323770425096 25.4178487999917 3.1340024989242616 0.3690817114275632 6.735978890427106 15.623138729153636 31.071205962071847 0.508250819688061 0.0433787606922557 0.42711237374628086
139 7.838308650466548 5.389048085044487 10.546638709321586 2.476012054420724 9.499560383523205 25.274767516142415 3.220943455751511 1.0670343134009388 4.079108085206959 12.969010384637082 31.96886035888959 0.5067772790383909 0.05972737477636714 0.4241002544325536
140 8.003307474950502 5.55778218564557 11.26436180244749 1.9459428438211381 9.30290776080971 26.04959217583299 2.5740256502311714 0.6832932363567757 5.376095783273682 15.01927778156545 32.327978087535115 0.5091269348394445 0.02691561676011698 0.42798479177448306
164 7.402748744732529 5.470439539649044 10.508211163915556 2.593918949659409 9.610367139240523 25.010355482246904 3.074410259443877 1.1051558793628382 5.376525456097579 13.562387055764512 31.424344875333006 0.5059277768346869 0.07256516857169763 0.42245650967653187
148 6.995145769688888 5.902512578966477 11.11000017675073 1.7679611933065853 8.017625311424894 27.19465455665305 2.617321340037841 0.8445781272235124 5.986500623294865 14.48559834565129 35.80765290410197 0.5092010369300013 0.023731238200430448 0.42776200501515943
149 7.2954893349519905 5.936108652300051 11.000129102538873 1.9858247313457147 9.371937671559369 25.816456543822667 2.7204037879159144 0.7057833935528396 5.971291863325192 13.238800364027322 32.255184016703154 0.5086421433600063 0.04015741611851326 0.4277520458114941
150 7.77132394574878 5.40741155873946 10.75118744385286 2.273153872975929 9.269912056765323 26.3690631409299 2.3930591068935363 1.2524828863580961 4.7023090869886515 13.323489730418945 33.340865087086016 0.5064829203869303 0.06378161518256091 0.4256494584158981
174 7.658413101479116 5.347451765537529 10.827836575424001 2.500832337853927 10.328046920482432 24.91069570454879 2.667015259768437 0.43485861697657124 5.603670372595422 12.926327032982163 30.841955443585125 0.5085633364227024 0.044427222484005324 0.4264656969158751
163 7.882252631271847 5.328537807699651 10.875779741638215 2.1761029257433373 9.174374240179189 25.50615028029901 3.0971095697897337 0.7199443674366597 5.131989519317396 15.167556223580872 32.30206381628382 0.5077887612503267 0.052043503680433104 0.4254979458124151
165 7.738073128755983 5.659459515247682 11.401969114886395 1.6649779641793163 8.994592995980756 26.202651674490458 2.721069576696808 1.7173946555129747 3.76966730808067 13.31261300055739 34.479565705835924 0.5088244221817744 0.040575377168039294 0.4273566643525507
180 7.774115476307915 5.441379161290612 11.313974189199396 1.938076837153706 9.744507768707022 24.567181460607905 3.455181047495433 0.5933574304497358 4.221936234778232 14.4535191295855 31.014605543545926 0.5094912543727664 0.03796456301569553 0.4272952321640058
194 7.390263837685324 5.727888020230707 11.02673069508619 2.0505833928330506 9.350286479157115 25.26576589909985 3.1236565034111825 0.7751046355253836 4.577323196823305 13.688018503008735 32.544056853965884 0.5102189646386293 0.020850594354616503 0.42845434398550786
195 7.41267079731857 5.58118691946452 11.156386282239978 1.9498103777375564 9.444733161006207 26.39521861452688 2.3157552864852424 0.47495822964360895 5.351405896053134 14.000046929179424 32.63756709351377 0.5097601321384396 0.01832606229305585 0.42849433352734845
199 7.6174205217257525 5.859124969592579 10.945042321206849 2.044367839348428 9.316334459832106 25.960384005258067 2.7156336610401635 0.6600834432106352 5.294235553190779 13.43657694630597 32.63292079922922 0.5096039521984096 0.01927318235606723 0.4280254412178227
200 7.174250197944783 5.8258886874803855 10.51531447346166 2.362920792095411 9.627300965234912 25.693013237417855 2.5920714010147567 0.9889121931427094 5.671392634840989 13.457385362382983 30.521686386203225 0.5036565627676316 0.07978912045124388 0.42218781416086454
206 7.128496289254079 5.790198596162382 10.428498780515895 2.378429416380606 9.655485284938797 26.271744933163273 2.2530902238675026 0.8117054046893246 5.279629707087477 11.942696037317289 32.51198080560838 0.5080312995962314 0.05080244295781346 0.4253419594441805
207 7.628122243968475 5.689507136708303 10.567506401968531 2.604216734568419 10.515219431425113 24.721445311353076 2.7554365016286035 0.806010919228427 5.138692420864588 11.717576642936443 29.51610594219097 0.5064229618860095 0.060489890145998704 0.4257703497216228
208 8.19128012964364 5.038596199230923 10.751824037717132 2.196850852959558 9.334287005115712 25.488686936357066 2.9675168009506714 0.7937723853688085 4.065488746228513 14.100932905025052 33.34307014123768 0.5095980549274726 0.03311563332493958 0.4280484424844322
209 7.682506523981496 5.799969561439443 10.177147658885149 2.7011535515495817 9.53461457723546 25.083168233261063 3.066851610770562 0.6489844146852288 6.326642833501551 13.31220617241744 30.960143755655746 0.5056160750684713 0.07369127552306008 0.4237928411602311
244 7.499110118712046 5.632928461810645 11.180913434490565 2.0058499865085446 9.222399617840406 25.1011138658498 3.2062288421744274 0.3510493175802568 6.036202355641769 16.21108516692815 30.620787232075266 0.5091490847683827 0.038384271506207 0.4271999129609874
243 7.959735910793418 5.877723392638214 10.938661198573927 2.093753209056499 9.417016070827112 25.84759835778056 2.7894392351112964 0.694626961789598 5.4492217687842635 13.28234123493367 32.12225809518321 0.5090669232702331 0.03655033431361226 0.4275134529847613
242 7.671445149416816 5.623882706778999 11.118353979965882 2.1235230327638375 9.767416570643407 24.98416119420226 3.0658672020513493 0.8368475981786243 4.295469751109535 13.544934050826646 31.829290944085745 0.509666354401476 0.02690179548606516 0.42830804278910445
234 7.861067956859451 5.598203571557465 10.144940582420515 2.6667622407727087 9.320386918857453 25.41797244385364 3.069665435760979 1.0858152217604067 4.877645201385234 13.527022249168743 31.66329271566464 0.5042428099053939 0.0726712319318893 0.4241731235949693
241 7.938699820466097 5.529695937136445 10.638957005198689 2.3365067350741637 9.867376163202938 25.09034008828969 2.8389170182061396 0.49409395995905603 4.899035611696386 14.02835398133685 30.515797314337163 0.5085764263715654 0.043175456410345925 0.42683251568269437
216 7.338580190802786 5.759264690921025 11.362801374515271 1.6942072649303368 8.950353197329921 25.82358577675776 2.9388783599780366 0.7707121350253893 5.5795895123644375 14.633536220560948 33.282633333292516 0.5089712928658753 0.03192692456918652 0.427658713420865
217 7.826654362886708 5.680038577704388 10.778015669602086 2.218616865395151 9.500790444227377 25.378962667324977 3.039013206956565 0.8351543753540326 4.604723870058631 13.048498840263427 32.16501484969631 0.5092962809688253 0.03302964210726469 0.4280079584252353
218 7.961784010301864 5.5926253095030685 10.55450741373933 2.2865844640799287 9.014078399655016 24.981048374775842 3.5815195725645035 1.1088686748484244 5.118828305734663 14.710118540633681 31.83253400025557 0.5068323283584099 0.06332605217471905 0.4243243592062168
233 7.775414606596946 5.659513567916761 11.086246671063867 2.001802760062534 9.281941282538407 25.541640811527135 3.0069394977477018 1.0254859169914163 5.107273557738742 14.020477966418067 31.99054657661699 0.5067130597846005 0.056999858781066046 0.42589332717527795
219 7.4817999428310955 5.793207981783856 10.83372197227848 2.154879739601297 8.797694992918608 25.669221753444447 3.1134300679706675 0.809756951520987 5.288834364981311 13.878902152560105 34.028954896627546 0.5094668786286102 0.02648250841571794 0.42821158924323255
232 7.33541615002448 5.461799500583251 10.83354384740131 2.085747920868988 8.917692639782697 25.926463107118508 2.999090143232716 1.0546684977681196 4.667205811566913 13.213250400697603 34.20842085714058 0.5092519974469744 0.041923505095832723 0.42643545947031414
231 7.135467350850232 5.757962571320988 11.16322768792059 1.9390045107522649 9.27746650267128 25.92122501415495 2.74552900955482 0.7381680199589304 5.286993251848098 13.352097179293494 32.52132534593648 0.5086686360418042 0.03625057318726365 0.42687921744671076
236 7.692227897990215 5.439004022694177 10.954464761879406 2.0323512514626403 8.71185821315325 25.775982983006724 3.1692691151196333 0.6900111340378724 6.22848512804603 15.868389374456592 32.500832544637134 0.5058149306152845 0.06488677931389315 0.4238898200563281
237 7.815642470816599 5.584488753166627 10.561012690390886 2.4504717966871805 9.546421907546746 25.897158548830753 2.6099940687119694 0.8134292466200469 4.702564870362753 13.123539626009153 31.666137439090086 0.5077949784405205 0.05719849939252945 0.42405692741837037
247 7.43998849238392 5.717055892804489 10.861757691128952 2.2327285618290724 9.338622385646264 25.338395564980345 3.120569761303718 0.9211557687117617 4.033026831800897 12.69017437183616 33.40847412340663 0.5091121446698198 0.03277658213853532 0.42737655269493585
210 7.583752527482352 5.1568931603762955 10.532969534012322 2.50084300466497 9.105446084767213 24.85136487226738 3.462210744013255 1.3129417748473133 5.106280829028086 14.326270842282762 32.69788073968658 0.505017480518593 0.07479216032031223 0.42356765247547384
246 7.605161381106282 5.61069683837915 11.323089403364396 1.795510872797959 8.986160915652484 25.953461653951635 2.863371198288607 0.4608946603575111 5.932563343650209 15.133935801129528 32.85698075441222 0.5086719070794328 0.035792043070368186 0.427659810680633
245 7.483379492591753 5.842610939282097 10.979229947778302 1.818233917935982 8.334107227673737 26.270059682688807 3.279953269711001 0.26882510444889557 7.378613926209098 16.27432303197913 32.24207808838232 0.5086093542970489 0.041562247316189446 0.4268278193077605
235 7.791552766487355 5.4906068945593 10.86921772110907 2.0642413692436197 8.666443432291874 26.155466657811786 2.9257911972252737 0.8820736028567031 5.539100872044857 15.257191170728806 33.56184540036988 0.5080493875086286 0.049588736788300204 0.4259235626796243
211 7.853635279062574 5.5368594388005175 10.402765394891798 2.5843560893563207 9.73136935839629 24.724064403214964 3.32725496300056 0.8627335612985922 4.9435056898427066 13.305620344471688 30.466114903114267 0.508773170532019 0.042134274891872735 0.42678249547008046
212 7.708569050832718 5.755955172498768 10.89820758409694 2.0377546925359558 9.257669705208485 26.06692402519287 2.678640190380955 0.7095004637260172 5.75316855164736 14.043955123532047 32.158126695442526 0.5090611764326891 0.035405121492834785 0.42650926447501597
220 7.996110835167539 5.582386720865958 10.358571402360862 2.373015534179007 9.056126060788223 26.159830796529604 2.781384723778172 0.7103649668942063 5.751996602420792 12.996881385798936 33.16638240753289 0.5079485593701891 0.048662537062964396 0.4267228896388958
221 7.363155756251499 5.84912029054835 11.037593196020753 1.922237731835081 8.636289459277965 26.6287597381487 2.646204291206001 0.7015904906667914 5.52549702802429 13.849681217751957 34.53780942409411 0.5094460644183277 0.025622672728012195 0.4285427195793711
222 7.9182910887935165 5.810364483700917 10.636166106863598 2.3503969446268536 9.767995002901984 24.98429501242504 3.1651845994055505 0.7764374437966965 4.755642146024705 12.929191995056678 30.84772764364882 0.5102967361691402 0.011242679088010498 0.42800300580644735
250 7.513934148717841 5.632391849306471 11.064199645608301 2.1046311481851867 9.896478988186807 24.774034567083525 3.232019937711657 0.5928641873487365 4.98676365391034 13.399625432172652 30.677534877228293 0.5086464478295241 0.04205658121197254 0.4265864845233439
249 7.386367684058302 5.561735257548136 10.147657685434533 2.53281602421241 9.64163451520318 25.070063196373958 3.0770143228901463 1.0839137951756381 5.5808948742032864 14.04807570255936 29.923795427904906 0.5069156732712399 0.06352498009985678 0.42386395181981873
248 8.154424857259595 5.290543856407072 10.749342884266639 2.299154623712266 9.837735200654626 24.92768096968023 3.119485167682526 0.6717131335769473 4.41613161117042 14.032212922250109 31.028955402767345 0.5087236527111036 0.032291014767143224 0.428203065383622
238 7.926024715087667 5.7606414026181705 10.651773508487953 2.2683358135726603 9.841496612359668 25.39222945015572 2.8083965769891215 1.0438421780615506 5.261794198267034 12.956813418432143 30.6765039130662 0.5082623473083869 0.04506963259558478 0.4267497365250966
213 7.579954538545229 5.62492351331355 10.953290475389696 2.1131092159427483 9.290645142672366 25.342830914283915 3.2500233561716527 1.2253041989499782 3.690267286892383 13.155624231393443 32.995258680530135 0.5093442865468252 0.02120877514280913 0.42814378946758025
214 7.468036843568693 5.635010780973604 10.959227911105412 1.9527767100850306 9.219308347523278 25.883468461131923 2.79817218027051 0.6276902382946383 5.69142824523772 14.543011373651503 31.950131739873136 0.5087126182439607 0.04119065173804075 0.42621489368336146
215 7.5395597222751976 5.647570264983969 11.174706783143876 2.095191166399224 9.774034894584048 26.011005943643777 2.3305260553726974 0.4900595528333365 6.004219129826397 14.211539870513398 31.173267584042236 0.5084338253871227 0.04053261463187195 0.42662368761272124
239 7.512593915905807 5.934821824597144 11.072944520004247 2.0146934618278443 9.759731996401488 25.364361436182026 2.829696074854266 0.5948099296951835 5.487652736374014 13.584344913397985 30.82631304685147 0.5087944986829804 0.04240522383559066 0.4266547902121338
223 7.647859847071608 5.519431705396076 10.910735598309873 2.0689001253019987 9.598893699074749 24.75811687460865 3.40942515859403 0.7035127528376607 4.106913657870098 13.99360890612122 30.854047698876823 0.509569011164042 0.02543364997926582 0.42874778217030096
240 7.259385597365251 5.706644597676357 11.007026573253697 1.9470828735623193 9.096164146392718 26.3032865573147 2.5190745331894893 0.58648277543813 5.949311145988239 14.132099248438749 32.89068701837545 0.5091479113395578 0.031360966331657594 0.42788443594364933
224 7.99653143174413 5.12827967193819 10.946076552725135 2.120850630525739 9.583516956276524 25.45782491248678 2.9236313943692815 0.7534782317400907 4.115255475727204 14.422697142648744 31.974685937971852 0.5099637876409222 0.01456444415219548 0.4287339891473733
225 7.0814193547081405 5.821835307374523 11.240567543641198 1.889959171087179 9.101889006068557 26.296852423824436 2.5559189328262146 0.5228853337768673 5.9266392144893345 14.066496612128432 33.18650199839277 0.5094469546171708 0.03272728016451128 0.4275522982410828
