# timestep 1850
# phase bcc
# id f1 f2 f3 f4 f5 f6 f7 f8 f9 f10 f11 f12 f13 f14
1 7.37783610685601 5.512940872632428 10.812488092061631 2.2516253414791207 9.6677154172022 24.766176597609277 3.1801098458030106 1.0973768036865459 4.670238108278099 13.722130257511303 31.25589884093726 0.5067452156705755 0.05969670425035146 0.42521752035800514
2 7.577000126970741 5.652227028809993 11.205239698074731 1.961957412589056 9.884192094037347 25.544175660998135 2.6592324588798926 0.9796716335862704 4.506632115875565 12.693076053992646 31.82395347794456 0.5096096643680571 0.02892414363236584 0.42816586751920604
3 7.0591317099149204 5.8441632182628975 11.23954934983518 1.9223112837640668 9.388334665313113 26.0338621338394 2.536430206937796 0.5322047160436217 5.770934424892381 13.697735119381042 32.68552658209925 0.5092088993573303 0.03719265381217798 0.4267589777799701
11 7.667965245714992 5.643796572125054 11.121182707837843 2.2872230436859513 10.516346776508666 24.651364252937963 2.7952518128439263 1.3264262111439233 3.258442413789113 11.615262994368894 31.08892782293397 0.5078778930818736 0.047764174951433896 0.42637130333403955
13 7.356441611476769 5.6064251765388855 11.13495030622044 2.026501911735464 9.84525042599477 25.70984463269478 2.5127879432223588 0.7187195251471594 5.02028019334132 13.652350579594671 31.266551508668677 0.5078636047419682 0.05116945326341114 0.4259282394885348
26 7.685223077650499 5.572212706069338 11.07536157718876 1.987368536409518 8.943172278026232 25.72244795987223 2.9813243145131305 0.6341423624570703 5.073055001800355 15.096325370351574 33.059512756017654 0.5081271847801314 0.04571750357834733 0.42686376286499145
28 7.5640320893107456 5.896072690835445 11.1628396443827 2.005235463227519 9.606750264486038 25.492984772777973 2.8476311065094713 0.6511070485144955 5.6213657742249215 13.67211951483001 31.41140132265775 0.5093469454477118 0.03070479306579498 0.42801893835603533
36 7.719717252651602 5.66662060917157 11.333891258961884 2.1180090168314543 10.486342980235191 24.51759860780907 2.854099079386776 0.7341537509254028 4.417965966242829 13.470145990199853 29.593150374294705 0.5083357022748729 0.04780473222542534 0.426081215608921
38 7.8700662429085 5.447326778891618 10.976354020742635 2.357441789656398 10.658542261973329 25.17327632071172 2.316807645762692 0.4588174407635384 4.420499591218252 12.769391194992808 30.256319259551272 0.5093906425785992 0.026531194667750082 0.42847861336732107
4 7.770126054484308 5.364186283402585 10.66543199911926 2.2860498669936464 9.437910339160002 25.788330292942174 2.652603952923106 0.9959941029743485 4.193556440917654 13.64353636833442 32.88061992152715 0.5095303647172192 0.023967730820674767 0.42890480449877855
12 7.368216730787608 5.470864383125837 10.597858632292427 2.3769705858435852 9.986745614776309 24.893372350786326 3.0691225959104256 1.0005474406474 4.30894055319037 12.530338962558039 30.78484774464915 0.505448195892279 0.07412629221050133 0.42190509484267275
21 7.296510358020423 5.803984488453078 11.033963108919435 2.1646255632751292 9.95877351422343 25.204819243159495 2.908220121515799 0.6841691824058991 5.221713872203203 12.786483924554167 30.34503847682513 0.506188774998229 0.06314484519939376 0.42499301178617777
22 7.704431146396592 5.64954672166916 11.013738077910034 2.0760859353991044 9.798992051104214 25.668220598029876 2.7022305830054494 0.5747031191089704 5.2646189189461 13.657330479032824 30.552373031164628 0.509432857660264 0.029019321279519776 0.42805566954743374
46 7.718910516120588 5.597302899346564 10.872016053208581 2.2975068587995167 10.108333250993494 25.316225273995784 2.6692478531417936 0.6877734565691072 4.394326846441126 12.32406783750037 31.67116045116084 0.5080167821952283 0.0418030118867404 0.42670601218086046
47 7.186571288518745 5.463256756387459 10.914786224797561 2.039739987553442 8.978407382073245 25.611986868102242 3.1180608185034338 0.7979131138206847 4.955553445730123 14.363325393827456 33.16869273023618 0.5087097474963331 0.03660677050026718 0.42793081899080576
14 7.346003522911767 5.538403113207725 11.399521706181568 1.9146359286074186 9.532717773373145 24.967987680632174 3.1828324501812513 0.7030621668380086 4.953152293204506 15.161074701324464 31.426339306115654 0.5080533889320856 0.04422791715456341 0.42672429868103245
27 7.398185375988378 5.812242164750451 10.969235020553803 2.0549429702935758 9.892257504480996 25.584874529672117 2.686268918437255 0.6490168628150504 5.362233797959412 12.760750924361849 30.94599140413663 0.5094884863420465 0.03225774199958184 0.42758744590861847
51 7.612484094506444 5.429171386931868 10.54012166971721 2.4839960600308637 9.505379949881469 25.04303189656542 3.2806860673393583 1.1079187355352857 3.99232188039107 13.488501589676948 31.667744144864166 0.5065816303592235 0.06203994765187173 0.4249269376965103
52 7.4515175097383075 5.672110418808939 10.734270880449237 2.2260825538451523 9.433008236165586 25.4665627475275 3.051340950313172 0.9014126077286218 5.089021219293738 13.31222104489107 31.711669147888774 0.5080226250609852 0.049664146493801326 0.4261146701347762
56 7.606086788229531 5.140209942287235 11.028528935664696 2.203285781420603 10.063618580078952 25.25624724653105 2.6007805132757222 0.777192291406419 4.1399135201093005 13.379693264402695 31.98806461840332 0.5075807180519345 0.05553315737987133 0.4257097953291672
57 7.355070635591831 5.8585591626306375 11.165179152102693 2.242101243944841 10.31217277760926 24.73805355162308 2.862067770803397 0.9381210771440968 4.523295665557616 12.57098586203822 30.163655735629852 0.5081331421517803 0.04426865028688466 0.4268338436399811
29 7.640564892095652 5.764065501707851 11.107593646658636 1.9904344647806524 9.24329149826819 25.90718073959598 2.849238477914215 0.9282467821104617 5.3695717592071555 14.360027932922613 31.8841382946777 0.5095486418662712 0.029340267008542593 0.42716269297967485
37 7.774299257231691 5.358258220439643 10.666637097095805 2.2232989824918987 9.69968512817952 25.89652361029969 2.540521293133409 1.0418315526670578 3.808454591083551 12.626345025975525 32.78191570882647 0.5093171414465986 0.03510477048477669 0.4264160212310938
61 7.576710650505837 5.77635178629244 10.990263553290163 2.1104766435353723 9.973869607569828 25.195084181794318 2.8802533576944063 0.8522567617959731 4.769462757474917 13.081969958900943 30.50676023560078 0.5097566379658698 0.027219299540230595 0.42788409421188206
62 7.266866959563061 5.696849759815567 10.858271004543369 2.107159355138559 9.777515754416292 25.34841414532323 2.7752086700048566 0.6682545915055705 5.324385685581012 13.128564332692116 31.43029518902655 0.5076424801869708 0.05213956039032473 0.4255292870163677
39 7.596794925739993 5.5226019903802275 10.785386606533088 2.2362602189274305 9.540524562002954 25.939496600313923 2.6823402067139144 0.7117082950270543 4.7789667106043865 13.457668992069776 31.766899605486778 0.5094774360166412 0.031834325261927296 0.42800165923932393
126 7.963765519571154 5.281125949028473 10.474772244094762 2.5457048866374445 9.744932240598322 25.653017226230745 2.7597325315046914 0.8294894896393888 4.4807395274122905 12.512535221395837 32.12471131585468 0.50648783824039 0.06194705755167886 0.4241494839147454
127 7.648897031902657 5.807564722474727 10.79707244429781 2.181994291537071 9.904810014943326 25.357126533121768 2.6945993747333916 0.4834827085353831 5.471075238712334 13.420719438834936 30.270396856936657 0.5098354547125246 0.028093689776729942 0.42790681314123274
151 8.043375030342045 5.4537522915505505 10.987787316463969 2.048621313547805 9.302733726089116 25.36407478303568 3.082904265838213 0.45642130049895313 6.002581564641406 15.68287723716389 31.103503888844127 0.5077410453612127 0.055493795776743925 0.4246800327619706
152 7.456701720437554 5.557335998357532 10.807345201678713 2.2585472961471975 9.75052887557461 25.458140700406474 2.788973596141459 0.7940629459700322 5.310267674772545 13.497422453058311 31.042533139091404 0.5066071940364906 0.059051981802008796 0.42529938414063634
66 7.885712346626115 5.283243936817629 10.093491903958022 3.025502025765727 10.945653520321459 24.35191794717792 2.7418609431036267 0.8978423539511777 4.394269057272629 12.821022524374456 27.959147205825627 0.5038293471134022 0.08539431603236408 0.4202993136166183
67 7.040864969818597 5.750081583971798 11.106656913709557 1.8981883262879675 9.097227379767627 26.122861832200424 2.793773500286727 0.7487399988161652 6.0187612400269215 13.819832641044343 32.70774783375593 0.5066144092695101 0.060984532608377 0.42416501833543674
71 7.527012657703317 5.585976021009947 11.162436997995536 2.1244932109946286 10.136675491627017 24.61472080678896 3.104458517708575 0.9094506078622873 4.148804892901853 13.209935289890627 30.388287975297526 0.5066993448890268 0.06460215212815426 0.42413498059907584
72 7.864412043440674 5.719850133773247 10.897578211263767 2.2489381735970513 10.213341847527667 24.947567975490365 2.7549631834343016 0.48120710803124545 5.0229186865536395 13.362914275558337 29.668597571896303 0.507873843959099 0.05328595184041347 0.42509987985959813
187 7.442793425859193 5.675737069285631 11.18939784964593 1.860036621256747 9.254147257696271 26.545581483180875 2.4192884078824477 0.7375230909896244 4.81896207581046 13.304518260803276 33.17585303716292 0.5094130680342549 0.02535699303487151 0.428352500701474
186 7.218952245906001 5.759668211713361 10.970807795184362 1.9154089425579766 8.55163940523613 26.298234458712653 3.0033834502949883 0.9328820725220782 5.135912212406831 13.922534901654295 34.09963898056291 0.5101376463366047 0.018800323013285193 0.4289160316372485
5 7.679846796423819 5.758068512258339 11.002559999156652 2.136024525291849 9.960443461045562 25.04979227963251 2.8508365733769123 0.902352053410387 4.702879909283464 13.100424700342426 30.858021401685853 0.5079588104640205 0.049490017909133356 0.426896875894609
15 7.453925993156524 5.390462685231697 11.026150764534083 2.0485011229681853 9.401343003639612 25.438172257344956 2.896893571832402 0.4820339972801008 5.865062537480486 14.798966636451775 32.06255561939549 0.5078796564197599 0.049218525431535876 0.4266717363090762
30 7.4846455014075115 5.793174247128852 10.824011132637201 2.2826271677892045 10.083310586590276 25.227516196754813 2.8242846569451534 0.5777089899301155 4.9893543320248215 12.485889048820347 30.439134940934043 0.5086839069904721 0.036940096221549 0.427323367237399
40 7.513846398841901 5.777820660231972 10.860146059437403 2.114453800097997 9.370758620191353 25.204004846801574 3.0682258151151953 0.9231841373075657 4.809644063274163 13.522527714087838 32.51714153282919 0.5088442257816125 0.038002673089087995 0.4276095066108756
6 7.501624016981121 5.493450741626814 10.720678279888709 2.253637067418194 9.466884492762686 25.112781629885134 3.234412112551824 0.9480179172034928 4.85465295629644 13.04339286143769 31.973620461960227 0.505961933593593 0.06176631623492154 0.42533489174797373
7 8.428717596297684 5.109837973561906 10.607144315021166 2.4114577854879675 9.503828741248725 25.27996419132853 3.0271213804611232 0.7717409025478517 4.358924269199335 14.52535793306435 31.807599746246233 0.5082163022205977 0.04535465232321391 0.42537835150008907
17 7.490514766695523 5.334368823915119 9.856160163469646 2.8072021573028096 9.47060913202047 24.917720967414013 3.3888576128264267 1.2035926058483366 5.011860040295478 13.7494009755079 30.32854306118887 0.5044879869301209 0.07704049813414814 0.4228882372608416
32 7.764134829542927 5.381215759233803 9.905369170483569 2.7806856093101895 9.69501505761704 24.03086341026979 3.81330783085273 0.8328648188331871 5.516912647384701 14.743458968386184 28.61702555100831 0.5004951615501838 0.09515918460388421 0.4195140985971751
42 7.942563633639988 5.885640105885089 10.666219252461726 2.350854178815486 9.61695543441019 25.934389329313415 2.4342180411128305 0.7415360421027646 5.354533685642266 12.365859183475909 32.454344936201245 0.508657495834926 0.04753723750126204 0.42603803839940435
23 7.567192467844141 5.633936364160291 10.852109454516192 2.196651606313353 9.375994854726832 25.703572600410705 2.7124078844852675 1.3382302398602737 4.385887669184494 12.74000067661812 33.57289440457352 0.5088505172446728 0.03753127186372395 0.42690701969338074
48 7.593200151853982 5.258507189842154 10.637222670123244 2.5325826704211627 9.924350867399358 24.514629732230155 3.3966718955357527 0.7483142007156512 4.219519831245264 13.643173605617827 30.13712892168916 0.5068238805657727 0.06701242821077602 0.42269178570857846
16 8.131322241047018 5.459145469540619 10.622856118041753 2.5116400758323367 10.39507565967993 24.885815202861213 2.6981553342931783 0.5811600519624366 4.844884441585533 13.005945418726046 29.904705731958003 0.5078034078663639 0.05187217428107447 0.4262719923938227
24 7.685265919484852 5.676491401239772 10.975463705220758 2.107962133128744 9.563033332065828 25.729147836139234 2.7956276694624487 0.576764106825444 5.460693246800771 13.73431008390759 31.475325110213735 0.5091240014369701 0.02687378628914061 0.42802452605107305
49 7.638561839588593 5.697727596230221 10.6849935071803 1.9095536795985084 8.556495524127154 26.20443267120866 3.055083793047873 0.789612335688725 5.257622630113687 14.667364091723554 33.43457973139279 0.5096635281761311 0.020459544716759252 0.4282373917375821
53 7.125877562377155 5.7140111320486024 10.68955336768226 2.2800450266335193 9.238551913177801 26.19155461620863 2.605642209961069 0.4888433111979701 6.161445383204203 13.709147417813847 32.23671254134969 0.5074105175723286 0.05505885780536279 0.42501835432622215
58 7.7466305106331355 5.638617075752602 10.910181794549255 2.1171170501389196 9.2816769210658 25.813820034079882 2.8179168670392474 0.28945765427622483 6.089341359384513 14.859956487128654 31.572314524536182 0.5096055636101796 0.026560197952847274 0.4272253925288555
31 7.795140617427674 5.542895015807314 9.960223221487082 2.772104385500006 9.481307325178237 25.442711535212997 3.000778836252877 0.9891400061892082 5.039380147657538 13.317949761086231 30.711162683345872 0.5052472052360887 0.07163931119751826 0.42384514764475373
54 7.147441691999126 5.6222363668119035 10.855962292738496 2.079961004843599 8.915387379857512 26.177511325932244 2.836384787974967 0.8329547783873991 5.382047558888278 12.765572124009473 34.10010479475337 0.5086943511747856 0.03130259586440102 0.42811908248595526
59 7.765874855244554 5.677341956071606 10.842403667873896 2.1883531476314912 9.294801021503508 25.396866781723226 3.207507731759511 0.5550963261593966 5.436617518206354 14.382726212770864 31.032211388948983 0.5088398072602626 0.03360419714037025 0.4282426408284303
63 7.436903394173546 5.540450594550242 10.101560527443464 2.7162770439286406 9.828986227984084 25.182027389191486 3.0262541235311406 1.274771727236699 5.0995144846002045 12.566799684807073 29.552574320114214 0.5017810930921459 0.09707588387187034 0.4182512016228475
41 7.362436851414232 5.779468167250364 11.079845788537769 2.023323282026387 9.21103858957163 25.70989487910365 2.875599641888788 0.8884195815200921 6.522532011040627 13.570859728933527 32.565717623331935 0.5078176115316743 0.04829536128194277 0.42644820648006054
64 8.014305791443983 5.587302800683486 11.084766708250145 2.0146497412258753 9.237348351068166 25.862611430290475 2.803025921564004 0.6558820460566896 5.239301201034647 14.645231532969365 32.41942240222562 0.5096904901239072 0.02226361304673548 0.4277295701813747
128 7.465326498725936 5.848965327418639 10.999934372133003 2.2640411055130514 10.054287403900245 24.28284045627748 3.3758494393927796 0.8899244174821526 4.441842984065234 13.055333221587208 30.482149480399002 0.5058452682682764 0.06303132015637854 0.42456409978971743
153 7.067613683426467 5.796118245215988 11.055026585235419 2.093434366575661 9.731510014754882 25.322117960315378 2.8990002036095444 0.6479037311245371 5.471439115350287 13.13805695470786 31.26312152285144 0.5092294670239472 0.037686078863162324 0.4272488863971991
68 7.108364466042056 5.665259986266965 10.625398373540369 2.1162259739416567 8.615531170398643 25.689211212518284 3.3917894017509242 0.5410238648348935 6.298899466806487 15.574816763954995 31.854124111330474 0.5084550501771931 0.049247853325548534 0.4246114188002517
73 7.58090555950264 5.41345653846583 10.337998764613989 2.5254414046328124 9.222140484619652 25.597249619283712 2.8755784659742267 0.7388434414673173 5.794440969942941 13.962729769361452 32.156172318456626 0.5056122198935085 0.06877131472960753 0.4236929528621781
188 7.548475320867626 5.814969155437544 10.886431199564285 2.068177706028067 9.110496535196893 25.719640043322123 3.048876349260127 0.9586955532531437 5.273717782888421 13.943236424212532 32.103612358965954 0.5075994396941584 0.047615030100419384 0.42627648956477715
8 6.9880562627901135 5.640047765817757 11.01717017593557 1.9458059874531952 9.072933956695929 25.559173919699127 2.9615709509211774 0.7939200436961673 6.163013175412805 14.495752962751368 32.653713932233245 0.5092459601204165 0.037714896002434786 0.42761506988257075
9 7.498662053776953 5.49743924266571 10.70704351444901 2.1223307847617936 9.262526361821092 25.326509645831717 3.2293655319503656 0.6852486670814537 5.364922633957194 14.728404192957978 31.25922867911218 0.5083355977038408 0.04734110695403278 0.4260936746544444
10 7.795867973497096 5.35741276423554 10.718183588731225 2.4455029238310915 10.377046794560382 24.964247517498826 2.6617749048242687 0.7078349784818219 4.361641819347098 13.154947841170175 30.5124702304413 0.5085012571776706 0.04007047824919671 0.42641835891452456
19 7.25902075017544 5.490397661653063 11.279733662081389 1.9361461994527178 9.599304529172686 25.333829131087153 3.1290582432834326 0.8266344103462608 4.858427476034699 14.508099677451284 30.932573854170272 0.5087002063921543 0.045465289668620276 0.425858051390758
34 7.738741082618772 5.555965285817141 10.787526254568164 2.154184016753474 8.995868549060862 26.810767266067117 2.3909487349658876 0.4919435507675426 5.393240358261949 14.171813490927912 33.37937212476547 0.5081331873414688 0.04744676277663329 0.4257924922564018
44 7.592039287100523 5.800591107593898 10.971429394422888 2.0786458489596993 9.505454931185241 26.26650841728196 2.4590693161192156 0.6374824751804646 5.282428602114411 13.256211122944393 32.29830312115146 0.50875861283879 0.04133070444626475 0.42673021895978297
18 7.741218146136396 5.741826430663999 10.995124093968434 2.170513877062826 9.736406610316488 25.54704851232719 2.778849802926683 0.5253428425932121 5.133255422587527 13.707267837015971 31.293973351727697 0.509941300565756 0.021857842810121958 0.4280184114269543
20 7.590765334137781 5.58814064050983 11.060936531765469 2.1006387335359316 9.974944352030125 24.9876525342243 2.966878344099184 1.298200980835249 4.00997105449159 12.573621814582172 31.52005511550796 0.5082206349867389 0.052493533081557256 0.42475566353310623
25 7.420828400634955 5.809363648395841 11.122235687379899 2.198531291353137 10.440799728613785 24.818516084346065 2.658630675525253 0.9194284424872984 4.223201260343354 12.333125215193366 30.619323217389617 0.5086411790709661 0.035404361865767855 0.428346997195663
50 7.410637768874063 5.762552198167784 11.18934103318456 2.0299153809368837 9.960567638404486 25.12649323763488 2.8738317759463525 0.42402530578261266 5.693048143302899 14.097009085067985 30.10604196214157 0.5077525979829883 0.0539458894357314 0.4260610609433451
33 7.695593467233816 5.615064398629284 10.22732468236493 2.7300960140185797 10.248495349534284 24.85066013565159 2.871553540775849 0.6679691086793237 5.057393097204079 11.969148486352823 29.730478589534442 0.5047441708183195 0.07865555529998965 0.4211604803350856
35 7.144293813397482 5.689340600016027 10.881747759952946 2.2338894593432297 9.951112190158595 25.165442478419187 3.042578485256729 0.656259906345456 5.004483295930565 13.320238406148706 29.786590082778492 0.5066462170226812 0.06494340806330681 0.42401640000469465
55 7.670000358344579 5.707429313382711 10.934960376060129 2.1787532422463958 9.496470086496634 25.019305584463957 3.2684598884217952 0.7233355443136804 4.8755478433805735 14.184628092279572 30.882779981518137 0.5090622374176816 0.02819156966923611 0.4276251736404223
60 7.276918757395767 5.669476301882203 11.062147747126733 2.1050593605845176 9.952509256535135 24.88188395199107 3.1572684094768335 0.9912099157549522 4.538980848051379 13.344935996941704 30.133537581066292 0.5086626926377467 0.04538166405991813 0.4263196426251359
43 7.647110898356158 5.734796001448007 10.550112194037252 2.4971479965132635 9.943062391105153 24.57068340347056 3.2575168422665643 0.7711347327288163 5.250444968245079 13.372002526987133 29.929247811484046 0.5081215904271588 0.051133409783610126 0.4256186137141495
45 7.669603346156215 5.468373818519913 10.878419105133906 2.1733670584113756 9.789763022158823 25.843915529261153 2.419470835423533 0.8143024975739119 4.308960066720539 12.849525603837487 32.57286118379893 0.5091160635669174 0.04013362123324566 0.42615020922387215
65 7.390297800394964 5.625341762607021 10.911444509275691 2.1137518758950464 9.294273874024372 25.788014733085866 2.7556544192325156 0.9507881552415726 4.580055688174 13.209030270063828 33.22142682897228 0.5067135058442102 0.057760498275832066 0.4249951398469012
129 7.232258683865267 5.574724954143552 10.453440518254455 2.3521890663908165 9.530921324831922 26.080178456879956 2.459497813782612 0.7783309942320316 4.780364239536954 12.413204914248205 32.44437320872557 0.5095994222950038 0.030182044012221198 0.42769608692510674
130 7.47359111949686 5.635382996472163 11.206718950036798 1.903388693410757 9.586997584442196 25.239683777731667 2.94891797442302 0.47679540322199687 5.83637543409003 15.101285799058301 30.401560728379057 0.5080714627557023 0.0387607260860205 0.42702983285617785
154 7.637871972783323 5.371698986631724 10.890002019533108 2.255447552873646 9.366552911827602 25.39232215182413 3.049165510775301 0.7655658665669808 4.389392041014045 14.36865942756231 32.34713821257989 0.509375226966105 0.033757375924499754 0.4271107022350019
155 7.568733900661825 5.49595073335729 10.76504083303218 1.992030338636236 8.548870904096665 26.104504335753372 3.0106046905359896 0.7940789672086327 6.366732278893238 16.049022804613845 32.73656017360356 0.5065199820154536 0.06217738082840672 0.42341019659241874
69 7.61666812630143 5.669694863677494 10.773355149207223 2.3066019407231573 9.69101842576601 24.958313006885184 3.1493897751749707 0.9569304543501129 4.967926735644758 13.900694645785595 30.723656791770697 0.5083718483688164 0.0469122054906093 0.4256574675950284
70 7.799142707532261 5.242988793962997 11.423661343751581 1.9069979905507841 9.929592350262041 25.321381070232515 2.7914258167765484 0.7793271166292319 4.125199371881802 14.14255063957146 31.7765450143726 0.507974258717842 0.04757176169550276 0.4265189899307168
190 7.778493268162045 5.896063386346575 10.71533557960369 2.3121029532714656 9.633634410651771 25.961720791672818 2.4122479583331535 0.5713025915350473 5.749296610736109 12.736347389149797 32.10105010428304 0.5087763648993341 0.04582836580466275 0.4263928411131702
74 7.566004887820024 5.578277278100871 10.93486921087326 2.0881642773752866 9.43351536168963 25.73415742769493 2.9644074737383557 0.7127792414362575 4.395317500645075 13.329375995227785 32.33585086915229 0.5093285478026537 0.025663893859591863 0.42732538756857436
189 7.749458374263119 5.794481725659848 11.089989120353136 1.8867286590373622 8.904029627730946 25.851956056900374 3.0815182852308376 0.8210555012879814 5.585379910092774 14.627181493246939 32.33372347261174 0.5100476296631359 0.018336747164068606 0.4284556361553794
75 7.489395144293553 5.272568877425767 10.756232794741688 2.524224694018275 10.579823292913835 23.981235484610625 3.1785150680483687 0.8848047063143856 4.170760279844673 13.358225838946838 28.935069394723314 0.5042371765992051 0.07896704354337428 0.42239519866528386
76 7.182774168994904 5.840748407409845 11.355561462615178 1.8387179114709644 9.508735266376203 26.011904232797708 2.5626446201738453 0.9019878227125759 5.376920130505557 13.146463320315503 32.47473844585923 0.5092759861894642 0.032787634977817795 0.42796300697670003
77 7.601666907499881 5.399302076645665 11.214199916413317 1.993154398101847 9.848025171303055 25.552644271120112 2.6236546990081573 0.7536401454484158 4.143843949359029 13.253084093137096 32.402923858486304 0.5097546961757101 0.031072826281966982 0.42767644736123506
78 8.221497653247265 5.126259488724912 10.641064366004661 2.341220674723285 10.150226948183924 25.13922768235815 2.7261967687509285 0.8336666304799382 4.6270304228128705 13.92025204609189 30.448106431905327 0.5069737082006279 0.05644350140369406 0.42569879117348636
86 7.322755258023884 5.415689689549353 11.136412523732467 2.1938676866457896 10.467966670239635 25.201141937653667 2.3868106164177174 0.6478931441342035 5.111863928582509 13.24766567889911 30.241892435223946 0.5039214444649274 0.08186377387934429 0.422032905907075
88 7.400386445869092 5.622123335374063 11.193946091075686 1.9568463421246955 9.80410432275766 25.69824440248797 2.7973084967738773 0.648907965840722 4.732868770216225 13.199756548287663 30.972927781757935 0.5083752699918505 0.04540605251721342 0.4265935451444197
79 7.25385665110627 5.719119864164442 10.788311446885595 2.2594622034138627 9.947104697065624 25.246225642093975 2.7973041371909635 0.7806975434146879 5.08942707014534 12.644557834549332 31.239334400126893 0.5081249425973224 0.049277717498153836 0.42626042236397815
227 7.701560443813365 5.513066151759895 10.718793505703777 2.158037093955165 9.505069000475226 26.217810331214316 2.38920396744849 0.4977332290727696 5.889205625649137 13.311678892871619 32.31257687901586 0.5088222560646133 0.03904115509827168 0.4277037923567142
226 7.362909030621983 5.508819273278941 10.538834127140753 2.3542444456440106 9.536939025882019 24.29112603437838 3.6297261104211995 1.2291140663926408 5.001175137907669 13.65670876777959 30.99790004069399 0.5049060821860636 0.07452935967820552 0.4231887331041859
87 7.423277115940128 5.623082410568543 11.215982553337133 1.9748117425441083 9.695305500694493 25.674515471070457 2.648261121890147 0.7385051388800675 4.420331217680931 12.915645566830992 32.82186884058239 0.5091400050266428 0.03060371609522622 0.4285278304302833
96 8.225777784167748 5.405284976239552 11.104807979348719 2.1815943372043036 10.218298524003545 25.097122323790323 2.797410994784226 0.7196107763849645 4.169781936523798 12.883738677458155 31.27946139212532 0.5095361515514736 0.033114139293196086 0.42728470514892336
97 7.690516410119761 5.412630697381849 10.811650883193682 2.32540589135648 9.880709326241334 24.94164668035613 3.030856840209411 0.7779734455796533 4.297511867822176 13.221315144075493 31.260936738515344 0.5088449884727578 0.03972718563060243 0.4268573728020904
89 7.772264165935637 5.677107012430494 10.88710146088359 2.2376721671992748 9.617287954472708 25.636482615201473 2.656760376746303 0.5124583646845783 5.548532279520268 14.057962262251046 31.607682470718142 0.5084113466683968 0.048317738662201036 0.4259383919690555
202 7.834850557924642 5.622269104524899 11.511214039444592 1.6644528528347367 9.177769535971835 25.61244797082233 3.016831588174934 0.6029749060416443 4.931357816149233 15.5775635624182 32.170474293485334 0.5092366916803821 0.028928948321704707 0.42854110941539875
201 7.698743508594703 5.711732906793348 10.878117952633339 2.1572025738668867 9.7267698817319 25.56402345618745 2.730859327329621 0.682028655777694 5.000917454209255 13.042667293389338 31.729001347806726 0.5095483245231276 0.03401364543152259 0.427748031061042
101 7.796800727035316 5.679150170846753 10.879097001309997 2.456127406629745 10.706192050740315 24.282701252090156 2.9708439068742916 0.7957801497718529 4.1056119563804065 11.845141789231985 29.70043410113861 0.5099627491552261 0.026095626026771828 0.4278290941333384
102 7.685233556390312 5.61740744645274 11.022066175039736 2.0593947321910164 10.083249508098943 25.8638910012831 2.280709439958584 0.8961078259886933 4.735663605583858 12.920347573943838 31.217314593385435 0.509487451755428 0.029585410847235764 0.4279056101219225
103 7.514748247677644 5.546299285763774 10.77464849120105 2.2003868719959763 9.718591413773044 25.494343592505633 2.78423410369651 0.9831768685814427 4.171141205422921 13.03495571677009 31.97039116666877 0.5087992290005209 0.041778194508234875 0.4273757720484543
111 7.838808901392372 5.54572751258184 11.262555347231272 2.094617941342015 10.439413712143171 25.146885760058126 2.4737510248883625 0.6275237645677137 4.349326486664609 13.111023068201792 30.800738044870226 0.5098301090935762 0.028305979265773298 0.42789049790633366
113 7.433956681759212 5.609492663962714 11.494685088637048 1.652959415829107 9.024644452659249 26.2854345224174 2.6455764328010796 0.6576878753983705 5.257000946589962 15.03692208046791 33.194546288939385 0.5097926319656503 0.02468288268506363 0.4288547601578775
104 7.843955809065355 5.415281688970666 11.019851024528387 2.106157049966065 9.915791943268651 24.913259725914617 3.0656700024943833 0.6030412005967352 4.884390722789898 14.670909605267713 30.25080083674039 0.508601397909908 0.04116474660570071 0.42711749690843803
112 7.4944811326688665 5.801848886718575 11.21020463961968 2.070687035819707 10.075780341560625 25.458709578565927 2.5734965099175056 0.4628675710593767 5.517303540991905 13.285964857678671 30.840580486677315 0.5097670832543534 0.02173756496681156 0.42807822312071164
121 7.514564966109625 5.85852836387162 11.171851084624247 1.8520019254678943 9.070017464631935 26.5847525502983 2.4051120597695754 0.8082013517157233 5.16500160373851 13.375565131181574 34.005242892636836 0.5090503496130803 0.03779480492404586 0.4277301207732044
122 7.925486043404903 5.674478397066209 11.265407948112369 1.8730292401245823 9.388137473764191 25.76802144478323 2.801456342579814 0.5755893744705374 5.116721195301279 14.622864884174911 32.002379458436806 0.5097233392240716 0.025977490312953672 0.42824423724572525
114 7.191615520929102 5.867495705376389 11.224940786041806 1.8660611180442577 9.175241783587222 26.51598615922216 2.4228100734512203 0.554489191316733 5.779849646571732 13.67264735818958 33.11864468657016 0.5099721883630653 0.020547321091961838 0.4279450644308087
80 7.8917425436860515 5.582593062717112 11.161468464269538 2.022727159089681 9.639025722706608 25.386366470619194 2.848978406737619 0.6058000033157196 5.450207131662564 15.209821987962068 30.352138407307798 0.5071001272332724 0.056722918940461456 0.4250978357106798
90 7.519215246608557 5.837369087239906 10.382742252000265 2.276202650027341 8.898420955796546 25.780496143214602 3.2696790165414233 0.6455617078336401 5.544495915319646 14.296436764385895 31.532983391960112 0.5067096975760256 0.0574165763303214 0.4258102364314885
228 7.828378820870244 5.5091222351015325 10.75210452215537 2.1881031937223883 9.138611000374361 25.696678666777693 2.953444559206348 0.7651409923141622 5.262539283650074 13.97855179968065 32.89149048494144 0.5061272788922839 0.06291143699877298 0.42482578167548446
81 7.794451985000506 5.964947127173532 10.655874204437973 2.298460183640957 9.727835235559931 25.58604975941835 2.685020840006224 0.5749380959556689 5.6098283810041085 12.364098315122959 31.765754613901507 0.5086889735026454 0.02873117683646963 0.42712938957384056
82 7.672103396648188 5.725047390278278 10.835010367724191 2.18882063295522 9.140947985753144 25.850600427259916 2.887789553427045 0.8024750382289242 6.009059386741384 14.777546760291598 31.41400739808955 0.5084556835777772 0.044602116934031565 0.42611007292099073
92 7.397988797215906 5.687641107682209 10.796168189017141 2.0992984022082384 8.734804827309768 26.401358789318593 2.702612487654486 0.7269905855052438 4.959422645637616 13.531338062387118 34.40300764018537 0.5088904860383336 0.03468566638818198 0.427465310654273
98 7.239961723963134 5.853520844465147 10.867364107786006 2.1641141779897834 9.418212528338724 25.876402457479283 2.6962512164281836 0.6907802117716138 5.44773895856358 12.084941329964053 33.33035848665757 0.5091673528832731 0.03410419299264926 0.42782096540078984
203 8.214489893959595 5.439187048294947 10.303253820987564 2.4398688607847223 9.021000259591682 26.01801540727497 2.96529444039869 0.8533080880531889 4.330026079507104 13.886162410364399 32.994296088851534 0.5088034903051474 0.03892659701070179 0.42772648589855056
91 8.03620445034668 5.745072261718614 11.248207905307725 1.9064248565211726 9.150397984700822 25.435397071673314 3.1724010456025176 0.8909834734392394 5.098099675742908 14.489339825875941 32.421463588683 0.5093801064084771 0.035649194980965214 0.4278528005941683
99 7.578047857912059 5.818599501236594 10.778905282051491 2.1907539572986714 9.165737212796031 25.519028539262145 3.094061107675282 0.5819893968395702 5.694492771833069 14.069056570238544 32.165776174792406 0.509147864140202 0.037261462646484424 0.4266021122186002
105 7.798540229831381 5.790310599218991 11.146782656690648 1.8755202554995107 8.804776924074588 26.52076484631676 2.5377758481431307 1.0158449384586825 4.97802606868328 14.234912588209228 34.25644065658107 0.5100091942058699 0.02598557156134035 0.4270507718705799
115 7.914648180083824 5.618667499078485 10.53045744506017 2.493901295042845 9.968305627637312 25.279390465556563 2.7155854356382987 0.6314775653778553 4.9235616791513985 12.682035642141129 31.151188080606655 0.5094226262939796 0.030008413607146452 0.42834804276974797
106 7.613973389246711 5.835936003421955 10.699345451847092 2.260357918486936 9.278539043204026 25.481175718995516 3.0652665651854973 0.8757964012786316 4.809074936513305 12.791929312652739 32.76256516635112 0.5082896964825199 0.03961347501504559 0.4275763806920729
107 7.591465115307246 5.74886047775725 10.098093762263046 2.598513540332741 9.238878266408957 24.973941590917537 3.4747960381506546 1.3354069578395165 5.5707405576516225 14.045111873071805 29.997468858508867 0.5020862944134756 0.0939395001753018 0.4183224941619685
117 7.523365138761692 5.756692322097372 11.092674898062985 1.9469517600592638 9.168919775735066 26.18190329648041 2.711455971824624 0.5756725060255176 5.9898497878301065 13.402118730171278 33.1913980254757 0.5100196499287455 0.022848687294826024 0.4276599952216673
123 7.582541537503303 5.657525159516393 10.784504701561097 2.213201146964375 9.555694091677866 25.09315912718742 3.1276610244463763 0.762629087277993 5.042210550246553 13.211746681236878 32.104382273749884 0.5082246114573571 0.045882977166447285 0.42682438800383643
116 7.841205114685186 5.5438721885023154 10.7087612283522 2.314546899230494 9.197596886257088 25.493723421672122 2.9805481407455656 0.9284282341561295 5.293791158008599 14.506247974760399 32.16634975313313 0.507183079806524 0.05615046173532424 0.4259925782338943
124 7.994835317390171 5.553692151995226 10.528774701481026 2.4889794109672425 10.006086093664404 25.092561832940504 3.0097726914661314 0.815472877144347 5.186396487562253 13.120541572520711 29.97936651251435 0.5065316307219352 0.06054147640126262 0.42579035024725165
229 7.132763888862946 5.604824707872203 10.340820787740473 2.571694682986188 9.526049473589985 24.691595009501214 3.366543045160562 1.2295885004057714 5.273681495725931 13.36336801233126 30.70604686708865 0.5060857428801722 0.06937549898072677 0.4218903967399787
230 8.144249372744053 5.085730495781748 10.556082080607538 2.5043308928415007 10.016116361047583 25.289632238555633 2.7071601887379217 0.576748860172966 4.146879554453649 13.47179896031019 31.456662998199842 0.5101866500300305 0.017817903890887277 0.4280085678581117
83 7.62338731834818 5.792357494575082 10.909351964841452 2.1870218763502 9.5379291951482 25.62722886160288 2.6986023078709285 0.8021614673713963 4.863772490245358 13.378762802671005 31.875803472343616 0.5080552475396318 0.04233653391936027 0.4273422940329019
84 7.556885377286981 5.755227741632073 11.183813799049195 2.1137253011061627 9.978891220958193 25.336089737274417 2.577366453488887 0.5733039930946996 5.591558889048451 13.415162478609652 31.340731872458754 0.5098909809818204 0.019268128679709114 0.4285766245857115
85 7.722822061966707 5.484538506593519 11.208387432195694 1.8450319950790057 9.465453487994518 25.937031870902118 2.5719863029647803 0.827017929363552 4.606183147971074 14.09252137756803 32.76524788335342 0.510098460160523 0.020366222389909726 0.42885440446551537
94 7.457683591163806 5.5091149275686435 11.150452690095198 2.081557820951664 10.24290260652005 25.05020919178859 2.705515812344401 0.5855516137890503 4.471085299851964 13.497581826906051 30.481491595827254 0.5082993597308957 0.04006743099151833 0.4273487644475424
205 7.677280040418516 5.899878504048178 10.781254528685643 2.3970300593477223 10.119127064068527 24.81310838747888 2.9626341238205582 0.560322849857694 5.611421274423389 13.358784227203639 29.69094725286755 0.5082360011939108 0.045245526064646255 0.4273496584631
204 7.485037842230818 5.874995686143811 11.028513338553863 1.8931971067871285 8.658259811002708 26.0982993238653 3.1432467139722444 0.6938914583181144 5.774511490126734 14.089765483396334 33.48692517029669 0.508765928611832 0.04552081671760192 0.4265621353125498
93 7.3994656793531135 5.653472457274311 11.010346399575216 2.090634976638635 9.49627281532025 25.693071201305532 2.7251691867989 0.4837188139427382 5.522013243034612 14.43246479725607 31.593728551333594 0.5096651919837761 0.027457189518738916 0.4274539363153446
95 7.37374287147028 5.428770354709333 11.062960508189327 2.139169926375005 10.105302468432154 25.527065122289 2.4993851122049597 0.7996946083250268 4.456691888301594 12.51676270644384 31.779885437633617 0.5089359150219928 0.04222282292825773 0.42719757485043625
100 7.762179635675217 5.464153854557289 10.82324228758181 2.1616615287921506 9.305412206110464 25.34336156647934 3.130804817091614 0.8857496448216476 4.346942946184952 13.818157841324213 32.57482617633973 0.5096792309294056 0.030315881875935508 0.42795344173737415
108 7.387747402652091 5.477009674988962 10.867990337871943 2.2890344417214106 9.670528302798658 25.68092650195012 2.687712352434828 0.46421313661179286 5.126819596468397 13.743962216821926 31.38094772882793 0.509645532260419 0.02382980446968378 0.4282388897279079
109 7.489744850983205 5.833412606902267 10.691901240718929 2.327976311941962 9.589533330588814 25.88786177819991 2.622665872778435 0.7026224473003208 5.202013468507696 12.16424585968198 32.78048436506579 0.509150177031037 0.030595516300915213 0.4276767388054792
110 7.494809221983358 5.723809177004026 11.104448353123185 1.9932145643868326 9.667844062287708 25.13979427023423 3.0645643474079214 0.7271721573477876 4.999711420915446 14.27505924644559 30.44986301207719 0.5087338793056706 0.04514097403915997 0.42619146427015653
119 7.265982127723654 5.561610557654606 10.671952772098768 2.208072263329715 9.8525943228743 25.348978813034478 2.9025664351613814 0.643864388313737 4.50375037547872 13.171188557633752 30.67398426577046 0.5095591940286949 0.031160938187421484 0.42787982576856876
118 7.308812519585536 5.602161804315725 10.711519786076998 2.22417077084504 9.391811749394753 25.344899343781666 3.0975813519817454 0.7606035834360986 5.106217785552194 14.561954538607235 30.9575333330864 0.5078476248613109 0.051604190494683295 0.42597630212817245
120 7.771008069642098 5.628376710736385 11.116100668931336 2.1338445060211093 10.393196427971288 25.02394326838066 2.6203260560998096 1.0245284324641604 4.177260934337102 12.918886796310309 30.32697902455673 0.5075874732585505 0.0593495863994409 0.42394808042704596
125 7.759726678249012 5.507021262297099 11.163626253512714 1.9727689593945974 9.592902701265412 25.59977130682973 2.840672472471531 0.6818796003706891 4.3978304727636335 13.759467201719623 32.25291592939688 0.5087146724107752 0.03669976405905732 0.42774941544348827
131 7.4532627750867 5.623251994145879 10.811912166737121 2.0489311139672877 9.07343610403679 25.23303860418618 3.429856064138298 0.8487843293089881 5.036338419083928 14.645963051519232 31.404101157031647 0.508140082134275 0.04380669383651042 0.42614768530568625
132 7.527208830596409 5.914601065179925 11.071756749724765 1.9412657467474703 8.758585215256435 25.69276116286978 3.2477592499379857 0.9343947019162708 5.7247189250044626 14.1927826784594 33.27313069955727 0.5095410522194581 0.029083991671725366 0.42760333002884987
133 7.875425979670658 5.763435396810272 10.75963394637605 2.1988500783385843 9.727375949764353 25.61177095369669 2.6871632332904256 0.5664660608129786 5.750377175209285 13.59462083199674 30.888087933328887 0.5088029906465361 0.04336243722238334 0.4268354772473355
156 7.074351005279886 5.939869923143897 10.217921854030498 2.6274437245161057 9.265826723188301 25.098874249934536 3.3662072644124015 0.8365766367365889 5.404182090393973 12.822956956775396 31.338278927233752 0.5073603150445601 0.05514260029034039 0.42491462789168594
158 7.549353332843607 6.038706172713147 11.106464485243903 1.9520081367424407 9.02393376981356 26.008093696293997 2.841564993293342 0.7807430434081166 5.836954929292773 13.517656834605633 33.222883683866385 0.5094516918061361 0.02856777367971124 0.42805802754094957
134 7.724911671834724 5.683244652863891 10.779639501727548 2.1834554552871457 9.298333691397392 25.74521403853531 2.844898705112604 0.4782924971476475 5.59762122917892 14.276055417395002 32.03326551921297 0.5096765279275001 0.02603227910002519 0.4283948923456529
141 7.96887030417202 5.566037608238723 11.011492257040306 1.957581188235344 8.787468467107221 26.005848268289597 3.0423645576096514 0.7503800057220101 4.918571485536162 14.75094617123549 33.587527734809015 0.5090402189969679 0.024077985732616408 0.4276378029749552
142 7.555459508477061 5.727589312178787 10.970076487736051 1.992671217910393 8.902422579408942 26.004844578603215 2.9948891235405153 0.32894234922919485 6.455271633765383 15.202905251569344 32.32747485439824 0.5090816976684177 0.02711351142171392 0.42847087869010436
143 7.56642092150366 5.695580137344489 11.023882112123895 2.086842768748862 9.27733812046757 25.861003536914705 2.774582371144927 0.5344796489328503 5.423659933102283 14.348050528718383 32.35067589910837 0.5079379843556949 0.05283528600721955 0.4261648000788001
166 7.762133756863761 5.7477145069046855 10.525879527407747 2.1884002357493446 8.645116489456061 26.068368575976812 3.0942757456451107 0.5943597052500689 6.0279167788718215 14.568851464486423 32.64858045164675 0.5085784631877198 0.04410450809571485 0.42643501120031807
168 8.149450843058752 5.773825580285597 10.784270293373165 2.2154286227699544 9.248835023872921 25.684128768817544 3.0008436350209835 0.7863174669852027 5.427651510050143 14.046493848011194 31.81512432060286 0.5095496569469975 0.026992463785932612 0.4284046554665967
144 7.478877891688923 5.691005461595116 11.365788370046028 1.7592814843445927 9.180657187588336 26.290758916051093 2.6477532275080953 0.9153906970207994 5.221031956272156 13.243462833762928 33.59364804690375 0.5098645976680857 0.02676323237137228 0.427926413007053
157 7.906735249468775 5.740265034063886 10.773134989953805 2.188101955944729 8.685553742517614 25.61972017180057 3.2250626116938235 0.9944029897332366 5.570850465303779 14.243196103296803 33.64219708544342 0.5080122510490237 0.04785538037540741 0.42598238919036185
176 7.683007136702609 5.926280474998438 10.858302557182801 2.1061474255363812 9.039661433206657 25.59377602426874 3.0886564255623417 0.30617128488876133 6.916244191737328 14.970495462382207 31.759714138711974 0.5086893900636174 0.03782186588789326 0.4270025305695942
177 7.961517973551119 5.503058058841607 10.745135432667006 2.2528659799357476 9.574801630875065 25.736758768063364 2.7009883762121163 0.6624263144070845 5.063771452090472 13.663432809066673 31.919242208838067 0.509551549450383 0.03381081352691962 0.4275016094839778
169 7.858065824857529 5.2503586932718465 10.447716491486828 2.3794685961106117 9.369342257854674 25.336438792439207 3.104054975917816 0.9216060289560364 5.139470708318437 14.249622280416608 31.448211750994993 0.5056553490237723 0.07213662305504434 0.42321401752943527
159 7.406735029859235 5.8214924358846085 11.16379082147194 1.9482136196967912 9.342971910410037 25.694771720523867 2.8035965764451998 0.5187983304262959 5.814110410639364 13.825816928047018 32.56263691005231 0.5102082444550889 0.027320773983048954 0.42785091470547926
182 7.650361200882117 5.82605052128345 10.627687554708034 2.22651712121698 8.945908323114347 26.17554447602088 2.871431791734489 0.6678952894762198 5.326394096971767 13.302635009669462 33.45801914572753 0.509449002571628 0.024927910112580758 0.4284858203696411
181 7.769847196365632 5.837116831563016 10.921084587858841 2.010639910433119 8.674250011944249 25.67494960612105 3.3825373143564788 0.9212155811941725 5.680191377907434 14.398766096397729 33.02962678654845 0.5083220797890841 0.04273727123244738 0.42745152683756166
167 7.86471076005057 5.638346702495944 10.242264966577578 2.782211242642353 9.887920350178346 24.816925948328873 3.0472641165534773 1.025434898685094 5.041432326665539 12.728617321533832 30.8081507885687 0.5062597245030542 0.06093025560421679 0.4251323083645607
191 7.673405286853562 5.493168420846505 10.692248212549137 2.173140585895833 8.625291279004294 25.94004952060314 3.173849024873837 0.6374988099481981 5.300272479645408 14.738791281836667 33.600022477409446 0.5095380233603231 0.02359183071239593 0.42841004415421796
192 7.469228594734876 5.6791887932283895 10.900016749537661 2.1119726420985723 9.84878542747588 25.51974663072889 2.7041953951010433 0.718698896643862 5.1563693717909995 13.776219601251542 30.661607337219674 0.5074327642564548 0.05215345345867189 0.42549350131227526
196 7.74867043838713 5.7128801161332206 11.38838768301051 1.8716350341808967 9.364063428174532 25.078326869489747 3.201187423858882 0.6050130066809627 5.290102438324754 14.890229157804074 31.64201376827877 0.509777153077658 0.02323659766607804 0.4282451483705524
197 7.846035046500333 5.422832404806049 10.88083083274389 2.217442859772626 9.823056375135733 25.70676258786723 2.538324794655569 0.7394562880906576 4.879104504123148 13.23098185149723 31.95218987909716 0.5075900374432822 0.04924793139761922 0.4263387850103836
135 7.3856143466094855 5.579619647826213 10.911898227135273 2.2225431676300222 9.538546238574831 25.53066230619286 2.7547279289909876 0.5520175606371537 5.4583835438685995 13.577197198286873 32.30720321715707 0.5072650479355408 0.05626859036172497 0.42558505460608675
160 7.659331328136347 5.66824142993164 11.33993493033035 1.7209716843721647 9.088977942830253 25.671160440393226 3.101454288531408 0.9942176633225648 4.658081739090879 14.747662607753126 32.559252887707025 0.5094341790050229 0.02277063724650619 0.42848563507725856
184 7.667539383225506 5.79749687462182 10.65867632039638 2.435232908208321 9.73646173998036 24.888828628613062 3.1917456822226735 0.8843779086552566 4.20243692445805 12.37370904645695 31.892151028901274 0.5082294787194921 0.05133124658149552 0.4256031048103369
136 7.66265957027174 5.363683407767895 10.852513976504431 2.314338621148784 9.791699924555909 25.033644158667474 2.956031824442784 0.8560567137315147 4.49042829173376 13.899193087853558 31.219614747344554 0.508738027736374 0.038935040496362754 0.4273196883572144
137 7.529962210512454 5.517847362218115 10.6134402361722 2.38248932878147 10.095156273634961 24.297533743312595 3.4376191513544154 0.7717488295205286 5.629352021404617 13.980103476383963 28.108056327444352 0.5048699045516589 0.07332926677189684 0.422710370290076
162 7.993353285967774 5.306941248922056 10.778629747445548 2.313362708506457 10.163675742240068 25.31431063168543 2.7295305466956186 0.8734803014303362 3.580258443328689 12.599380702211855 31.271036989216302 0.5098589152807234 0.02187603365847532 0.42819217752128297
171 8.179794855683793 5.271437670481229 11.360361271924159 1.759403665278094 9.075335443715787 25.375008020829068 3.32031600731122 0.8317009267048043 4.2841534712278975 15.84457233508623 32.15372803270823 0.5094302993403919 0.026344587634370774 0.42695244637349916
145 7.426694483878512 5.645787436262831 11.082302925487745 1.9492743539142674 9.408395062152834 26.148798737391935 2.5960859968145424 0.6260245375401732 5.307813264296397 13.401695267198859 32.632191716070466 0.5097632386208922 0.02788437058535634 0.4279420513534511
170 7.567681631121984 5.494092755384943 11.062121429348318 2.0971228825686694 9.524694030247803 25.17202734786858 3.135770935212536 0.675625517227282 4.420800465274379 14.040126319073636 32.076459554648366 0.50849416484409 0.04569842255851546 0.42705147014504447
146 7.116358440268458 5.611464899897709 10.397201963748051 2.3956573993636714 9.463380378291577 25.16764172721372 3.0939599439732017 0.8069219249243617 5.3261217658929185 13.503950277864671 30.93213062250372 0.505246471638121 0.06803336675017074 0.42444738977151275
147 7.347889761986016 5.689835155885342 10.869355528749708 1.9111427995038588 8.603963589896342 26.337370072789664 2.8401267238743046 1.0660783141097132 5.953426407936376 14.1173472801251 33.83762120035123 0.506651846784801 0.06062204693574143 0.42416797017607477
172 7.3047115155314675 5.705321192017703 10.807029480357253 2.210212782030247 9.621325736534601 25.27182261416754 3.071106012404502 0.7185393176490369 5.565050036421102 13.940831669130924 30.345202377711363 0.509083855451437 0.04403439073490165 0.42578986881504605
183 7.2442833627279715 5.688730369716057 11.062074370466204 2.094024891895245 9.798184671066437 24.91593654180358 3.11025652197372 0.7823306332131742 4.84496283697988 13.377752672256985 31.333130801551196 0.5074207130730495 0.05227359021834358 0.4261069188715749
178 8.016440384061452 5.416587769131003 11.215872430798187 1.970199642013496 9.717242319704612 25.803915023674165 2.560522025994728 0.5588930231692759 4.905787263578922 14.515980979863892 31.569539094155427 0.5088200774025838 0.029527042293920683 0.4277317595238311
161 7.471500621509941 5.51924377080898 10.79209677960714 2.164651332289433 9.6232051628124 25.706090273494542 2.7123653885372714 0.950306884238829 4.635115256126792 13.411628228852337 31.87974410318013 0.5092743449105103 0.0331314041965202 0.4280236417154943
179 7.605412795013949 5.691899428806564 10.789208493237979 2.036242010793294 8.926237740493807 25.935006771511144 3.05750180924124 0.9766641964147229 5.552856736699043 14.585961894263 32.24563884923296 0.5092802184202884 0.037824588138224535 0.4272532692762166
193 7.47199949474933 5.751255188457859 11.130646681419588 1.9900381850694153 9.516974917476304 25.678722579897123 2.7780970238581855 0.754530581497374 5.520160487692806 13.784570448607392 31.753373785684325 0.5087870596910529 0.03338102009845942 0.4274580868835354
198 7.6008052224452385 5.6148076169886885 10.34282811492293 2.549079462128611 10.15262956488575 24.624038534557567 3.160072015432339 0.9917234260931529 4.300045895289826 12.538833340122784 29.66211485334227 0.5062227588847499 0.06260586211180494 0.4246518704458628
185 8.044349517662027 5.725047423107632 10.231739359097006 2.570730659189075 9.241404394018941 25.42164638313996 3.164878703636911 0.8138349492392352 4.797048626832523 13.158578713803474 32.14019346540541 0.5086789257706859 0.03766073863374414 0.427486621753062
175 7.303226493790538 5.864003210098233 11.126486330714593 2.0580649349099187 9.4178077155051 24.66130648852702 3.526508818462729 0.702315296904991 5.609574736255824 13.888703897562227 31.449490916550268 0.5078761339002418 0.04924011589811385 0.4259304546316573
173 7.70180529480403 5.663227945864017 10.425401579792837 2.426452089309931 9.246293814831493 25.606713199129775 3.0117185541258285 0.6483224051945401 5.906993463673331 14.218495383082422 31.20650434331248 0.50826772407141 0.04807269985814214 0.42540850149381365
138 7.682645206459243 5.8797512960017135 10.986742815335726 2.0345071188795463 9.562886189567317 25.231819324031324 3.2609693904401196 0.6750861695197574 5.099777543959434 13.81568748543312 30.695084829286156 0.5071642945175764 0.054973647981305766 0.4250937620782113
139 7.319843330047007 5.52678337254225 10.674561241118342 2.2549022671621857 9.119049659452251 25.583618096736412 3.0430761412925214 1.024600527620572 3.974596166586148 13.371361605802997 33.300587624258185 0.5086598072779157 0.03834497706009561 0.42598624325914014
140 7.507444765713132 5.553183717239914 10.539645219967202 2.466562339063909 9.434530618259927 25.33927482913112 2.889926838896091 0.8354793665060635 5.598389452147788 14.27539960141946 31.38261024048983 0.502793336265653 0.08858262718479007 0.4195979610294905
164 7.118371015209246 5.682740813924365 10.141268792341561 2.7942093032160558 9.863891438252866 24.45006584213413 3.4316528206202803 0.8052525043904418 4.960145389863544 13.280006697767003 29.252678068212802 0.5050881642090275 0.07167062405904545 0.4233478480733911
148 7.491547433658907 5.689071364202883 10.28147406028662 2.3780824417978907 9.025950919580684 26.399928304952397 2.5578918124295353 0.5068694449038139 5.574604779893433 13.345979977869856 33.219544692883616 0.5081769787278335 0.044100634953477096 0.42644699732570596
149 7.578645391237279 5.731400863050061 10.397805035672798 2.537954315017867 9.831621930320598 25.489609629785257 2.702760001120271 0.5599008875104312 5.967133745208516 12.925254797871407 30.56669405554131 0.5056678281908642 0.0734004942332198 0.42192193143769
150 7.275081541414313 5.748275799834224 10.982172816929197 2.0053803664502876 9.035677568405871 25.753966520657684 3.0416522246083844 0.9367402345172651 4.868252463283451 13.392841109076574 33.143853108117796 0.5093226525969747 0.03467401794102795 0.4277230745792408
174 7.476835464340175 5.853983532154718 11.129970775268735 2.0202415311445616 9.357821499820066 25.37204611474412 2.8685415116208084 0.7211238440124801 6.087817998334046 14.207448821532157 31.996101950723556 0.5074862508666402 0.053856054451093587 0.42543645939967256
163 7.6971606369737975 5.830538276260592 11.216614025242393 1.8178191570475104 8.940105462631642 25.74483783430547 3.131803050494272 0.9651503452348283 4.8056071562709155 13.97267436661723 33.33161174345898 0.5091134607475681 0.034027473217146775 0.42837664563591754
165 7.986367599663763 5.396210066305433 10.008058884112982 2.5699965286455675 8.82172549220672 25.891987905786603 3.134880983825723 0.6942099466224225 5.259623657331574 13.849704364986426 32.55984339636272 0.5070195796427717 0.059110413072578534 0.4244212632561553
180 7.440697679932132 5.851459205103648 10.886462245318706 2.0736480215106554 8.880050922228753 25.723086067436657 3.1544280120338053 0.5181037347284017 6.19797640531578 14.165501416486084 32.93318978800842 0.5097332067840178 0.027887138175868468 0.4277310053411778
194 8.034571506454418 5.843202077308248 10.868803196102252 2.1473095824626482 9.137571183782075 25.788270505676774 2.953728202578188 0.5735622230274044 5.7402179052620514 14.187664711174147 32.36451209201851 0.5091796959474445 0.03412306282037455 0.42819301829710826
195 7.671424683314347 5.977689320470098 10.874568574411086 1.9352163755512326 7.972270959818596 26.294517113817076 3.23534347772195 0.6255043508573725 6.953645411602158 16.206721993309948 34.07043319308769 0.5073970819239203 0.05694059153027174 0.425521402678662
199 7.702701852927675 5.9160708821267445 10.796251626154646 2.03497860972507 9.017070666321478 25.97801326446349 2.9845551173702 0.7480043402321483 5.682638423383597 13.699651105986147 32.555214329444965 0.5100483420690652 0.021263417075185895 0.4277772186136355
200 7.438244365823621 5.819107294169874 10.37442196703053 2.346867271456756 8.85805109635279 26.323711238245366 2.6293451823018166 0.8454866230053707 6.1396018353579835 14.08203719930176 32.984531658679856 0.5079965869778578 0.04876445448923032 0.4265710811442606
206 7.7339537448706706 5.639459725963496 10.829333894408263 2.1507503018863687 8.884209069869737 26.03398257466675 2.7479338153735533 0.851083279431795 5.389724679960383 13.97504159377366 33.906139759786456 0.5075690736584315 0.0533469969068782 0.4260400607246188
207 7.80734631556074 5.580553617855596 10.583083343426784 2.4120059064993424 9.856372305605817 25.096499223355277 2.873839245341255 1.2121886865591072 5.181783357776446 13.298476413802439 30.773283503216952 0.5075613885772536 0.05057301235720467 0.42645579405280903
208 7.2148825588834935 5.256922981839294 10.609544412275001 2.360517387723886 9.66675519166717 24.714780365185504 3.30470593069887 0.8995167628663897 4.473457538636885 13.604044490510558 31.128891869867864 0.5051759806289438 0.07497806892149712 0.4224446110529032
209 7.6146759213793995 5.384634875830331 11.413098640487966 1.920533387771825 10.15559736994358 25.467686006485685 2.5595401211813864 0.5686281067063006 4.401863047026054 13.897588812212744 30.571433220523602 0.5094009715283075 0.03227115606123612 0.42797479479701883
244 7.798640865250571 5.571404634896537 11.265737889257414 2.0113583218529536 10.011152286534255 25.375281459627384 2.5590873138299535 0.795657145601972 4.921231897019371 14.098271823226645 30.813995042000492 0.5095850587869145 0.030679714905057356 0.4282142126155541
243 7.372458489188008 5.744655930211235 10.86804581059778 2.2570605841698073 10.063874100944082 25.185718076921994 2.7258712788690262 0.7153315845766212 4.723103882837585 12.700044177361391 30.93163249429039 0.5098198535253778 0.030919851631866373 0.4281175387391249
242 7.9203380576054645 5.555385823421065 10.837785210902343 2.0935314178338 9.355258767531812 25.94567111430594 2.771215164103938 0.865206582000062 4.29835223736333 13.333135218794302 32.81190420031702 0.5097275250086256 0.022147321392671063 0.42864360929158657
234 7.523175219180663 5.550637406765559 11.340154962559476 1.7259739884346659 8.727872121362534 26.40948007911965 2.8105565727468385 0.7583686765967979 4.809836030090287 14.925533742302065 34.075494937080435 0.5098174191577276 0.022444198626839124 0.4286649076919387
241 7.642240012071819 5.885945765396588 10.917109675287072 2.2737881778147746 9.808668272381063 24.991461741885075 3.0292025137441843 0.8160551438944066 4.959730111117735 12.855276940809727 30.98988868734099 0.5076463049639905 0.053789166265261965 0.425989495516958
216 7.821813411691739 5.651094720924036 10.736758357493581 2.287730228666922 9.197195336210298 25.723387810035906 2.9344702204678983 0.29605732397301815 6.585469434153662 15.170046586833452 31.324901134346696 0.5081615877827508 0.04668910491315759 0.4272002344703593
217 7.776452491413637 5.699836345235843 11.291185246255685 1.954367840242014 9.460411533069495 25.172587969760876 3.193328935916455 1.007121714944781 4.301957359292353 13.559201305318714 32.537907030124636 0.5091858357070068 0.037240690392416446 0.42780720111169623
218 7.393842951903263 5.80983104575625 11.158597054128977 2.111601679731285 9.95613930261221 24.61712421029006 3.2713614524077834 1.108965880891832 4.666233861969328 13.356590998354276 30.49280175027157 0.5087352014410612 0.03886359567813856 0.42647293445341755
233 7.861138188910715 5.460591580282287 11.331515953153673 2.0048606298138303 10.023067715535728 25.23487369337171 2.7090309621985176 0.7576670516663959 4.3345666980595405 12.840300360145847 32.356661860459624 0.5090485524920603 0.03221511615480011 0.4279750439308909
219 7.470252177755551 5.600092508667753 11.138566988284664 2.1145467997643403 10.09205920285717 25.078082391800212 2.805822314379611 0.8803534386432775 4.292991288909574 12.867598582083941 31.362985866428144 0.5092146444971332 0.02959556451295128 0.4287815827527231
232 7.54790932966871 5.7080205272616915 10.811682391011304 2.138523081990706 9.25003145269723 25.90710701246004 2.764632498024578 0.6247397163458909 5.123667338245883 13.174861544683145 33.18577006596917 0.5099783727574209 0.024416142020985222 0.42734174042746276
231 7.6415167240860775 5.719049844486947 10.915775718546486 1.9973671950389302 8.768851590760649 26.24925983796235 2.9150198633543356 0.6418109138967201 5.401142639688489 14.350524746774674 33.38435539727533 0.5078076943153337 0.04585697353270019 0.4269435936616419
236 7.561487583292955 5.6885263170506555 11.013519476841074 2.1658249806437686 9.751646718320135 25.20195996027816 2.880691858512006 0.6445090768769237 5.407119876901899 13.947883898071632 30.730097886367556 0.5087692505953083 0.04310253617369279 0.42674658763508594
237 7.933375346746521 5.79218643524044 10.986189264579947 2.0819769779954647 9.515037563792626 25.855644563480585 2.672518879792608 1.032843220395151 4.702762827640675 12.862644804385743 32.499621389732134 0.5098088572145589 0.020309384141661963 0.42792253501350264
247 8.10541751681519 5.308183126514825 10.324499471276148 2.395341655584559 8.874265464996263 25.790434124660383 3.1709044954092263 1.0035755406895188 4.60082916081448 14.391336935420778 32.99114161292245 0.5087115274954928 0.03989808768627363 0.4269655544055204
210 7.222475125178643 5.610572603863862 11.099925703442597 2.1429086316718386 10.103522486584257 24.986094853005152 2.844270379602896 0.670156679445167 4.683787300156564 12.915158570203918 30.96021164381697 0.5079834176486534 0.04835268234029185 0.42628036010610054
246 7.53336417014283 5.8547029643489985 10.994701367968466 2.229074250415182 10.045331058247044 25.341101155842335 2.626520029820937 0.4823377638828078 5.656346852586574 12.392793623310599 31.348595873836683 0.509390979118394 0.02364127686606109 0.4280818859915227
245 7.576201349911307 5.46244022537 11.072747418836357 1.8162345550308265 9.164170729503885 25.672535927103063 3.2290338849784637 0.6650621339294278 5.0082202405293765 15.173553605000603 31.521075387983775 0.5091234183806654 0.03778657220632721 0.4271588134662036
235 7.1682650499228755 5.568156072983096 10.847557475679592 2.108067693236226 9.498888742181252 25.418441207265836 2.9854943850010254 0.5856895171358188 5.40317710491669 13.701105674024134 31.667053507479785 0.5089871759353655 0.04097254838988083 0.42721431284973294
211 7.2918737173295 5.673824622743485 10.747948466239462 2.258586391913478 9.582210394240734 25.134092359862006 3.239525123204381 0.9612877095461783 5.196219861784896 13.799659840329126 30.585434573363298 0.5083651117678125 0.048834381542649165 0.42635358772724147
212 7.751799003174575 5.864289420183204 10.628860996169498 2.2658312717427997 9.50926373458082 25.616385250554977 2.7787548673138893 0.4485781224091982 6.271532683297103 13.868199624792487 31.20956226097286 0.5094610006423039 0.02886685726830058 0.4275904288190005
220 7.392119938243869 5.415010989738244 10.54184438679051 2.494385568412647 10.349513190016802 25.00256405439094 2.6478866319802576 0.7861131081797708 4.239172736015519 12.439261824134446 30.154756445525813 0.5061127020914576 0.06537895108033943 0.42451474213693796
221 6.938571480260387 5.943489220712002 10.652905818659278 2.2816706786878065 9.345841886924715 25.484016221240754 3.1225999793131964 0.7017615309590364 5.426190171572687 12.534275845644887 32.16726315205409 0.5082163382455089 0.041019223719044734 0.42616035503171373
222 7.977869432724452 5.562002147260996 10.87801997752053 1.983849409543809 9.02889345692645 25.27024944463019 3.3397045364112823 0.9382412676701877 5.384061768139675 15.368751584345738 31.557310803356565 0.5086155128667634 0.03902167241718946 0.4263487431243159
250 7.750645685835036 5.628071642836674 10.808830398371581 2.390668146958239 9.854152370674235 24.82345015017944 3.1563700767756044 1.0421456839475625 5.283886241559725 13.443224617734439 30.292758553568483 0.5058352245208215 0.07163449936734277 0.4219820317895588
249 7.285945608699537 5.867598906207967 10.911348387251925 1.9212402142114657 8.350768041398583 26.342896298445634 3.132484685107451 0.5326820281470882 6.404141132004608 15.057166528157348 33.3628839261202 0.5093339682049748 0.030670731869803187 0.42750402198893706
248 7.738191144647025 5.945918587756967 10.923022126432052 2.103129859196586 9.26499862321908 25.201255634938647 3.4345389481131394 0.8581145914236548 4.932469514889365 13.487474834853796 31.801767050221248 0.5078607610584079 0.03894959554209968 0.4275054313292137
238 7.617502820091856 5.8386144799895 10.303221583167307 2.672714414550136 9.886085839603874 25.118901745808504 2.925453088745954 0.5015468694099025 5.459178775826047 12.976066795592345 30.022336997209596 0.5082081874053478 0.047222037581146854 0.4248919675939206
213 7.717845766800467 5.5732200104510925 10.485188512707733 2.406727844976399 9.030467477303686 25.716825171949356 3.0748019762734358 0.6523722011218751 4.966097279813502 13.644104604025815 33.18175606999806 0.5098906468294185 0.0209483666186819 0.4285179822784261
214 7.578655807893163 5.65489058651047 10.714710760262866 2.253529923220614 8.679911195964086 25.86206651314564 3.0953425835168504 0.7365352350788004 6.125078882854222 14.332264747828445 33.521054390294786 0.5072906546556548 0.05482385337613565 0.42626039587491704
215 7.213574869596466 5.751379715010725 10.790805514144923 1.9633978094729645 8.449745993573865 26.30426434456502 2.9369249780612705 0.25700159489160895 7.860606914726304 15.972021429501703 32.41288604924899 0.508037682146293 0.04719702242208962 0.42589578499288244
239 7.637950661448654 5.644417293305834 10.954417188804547 1.9310328150554323 8.560349351538578 25.748519317049556 3.312915575330072 0.4980273890931396 5.7871381776337305 16.114540455869815 32.63738867696119 0.5093918584806205 0.016656518043728606 0.42924792011410484
223 7.66664719848966 5.617424252349391 10.56722828417018 2.1752521481840015 8.884933811873092 25.19028107241207 3.6457229794801256 0.4991661763103393 5.744913097981588 15.12822973336397 31.37749800547598 0.5080631945738101 0.04364295553773987 0.4271459961609566
240 6.973987794379687 5.569496217360541 10.560086413768992 2.2260703060185483 9.123510631360428 25.28519296661895 3.1432977882561604 0.9585794862521593 6.4082073080155 14.616218555106517 31.04842249577827 0.5070512228360304 0.06305794145703657 0.42321813731590696
224 7.4603883917162 5.671441131211235 10.852186988687507 1.8980048129915454 7.762184340346463 26.80486494124983 3.1055921278173915 0.6120790496955646 6.241541207070419 15.764761839084127 35.34145055015461 0.5095761610330573 0.031069723721004763 0.4276567659302214
225 7.956766328365243 5.38894289988156 10.458121533813333 2.3045005468716435 8.907732883896786 26.16459556283419 2.8308413937636705 0.7543325012099821 4.8086161707331465 13.797312606787175 33.71336769092087 0.5085648725398215 0.042004843161455516 0.42669801309058397
