# timestep 5550
# phase bcc
# id f1 f2 f3 f4 f5 f6 f7 f8 f9 f10 f11 f12 f13 f14
1 7.887473776328877 5.486311107485625 11.27393186461772 1.9329450819459797 9.50475580162183 24.889317818724418 3.3585403396585667 0.6289611555818433 4.784433749359677 14.932831347207566 31.083358481395983 0.5096018349640987 0.021746193299608366 0.4288342025703773
2 7.216037299091547 5.8007079197629325 10.91060870781484 1.9245194568273865 8.945630952337813 26.5500591348933 2.543314594483665 0.6482344345170057 5.877175488010411 13.688554999592206 33.33939953430788 0.5092638059300911 0.03286131906162588 0.42786308048882277
3 7.654495876515251 5.54224844844544 10.9771773527709 2.0502396351254792 9.32511602442328 25.679973463129667 2.860440050255812 0.5973255006150183 5.533327092685818 14.527097050224322 31.975540775562557 0.5092904476491968 0.03697227801920201 0.42733360290475586
11 7.5254993318769365 5.792650485010186 10.862908745458453 2.0652676111030934 9.152773911372366 25.63308606307635 3.0292497221749186 0.9271588713263049 5.130573698823051 13.905086262219333 32.22200009735382 0.5093508869839323 0.022706681149227408 0.42860815040539596
13 7.07235708610535 5.732743665437123 10.621343944922364 2.2828830705355143 9.38075160263134 25.748293213250758 2.936755566984573 0.6433968649187598 5.516613327738012 13.026129182384642 31.676202675374036 0.5063703550567024 0.064759378425456 0.4239960871049164
26 7.786722618517375 5.548297995557801 10.715226086976351 2.36641658605924 9.465952241241093 25.439937045864916 2.9507289062387594 0.7247475620056113 5.06417050602699 14.529749371364737 31.198151299087876 0.5059859536226612 0.0671906230911772 0.42469172084890106
28 7.491863126530655 5.6622704097879355 10.918232759430497 2.072145270997528 9.540632350166929 25.67170464258612 2.6971247952243207 0.5988421727293729 5.832654085126818 14.355225657824867 31.44514943157321 0.5083769006759384 0.04726185653418985 0.426201190936894
36 7.973684445925692 5.627260662697144 10.978702693676937 2.0594297180043775 9.333821716034228 25.879725537505895 2.769357388471481 0.83549706531534 4.496886291890412 13.47275523793318 33.03106225883498 0.5089400204624668 0.03812177223293173 0.4280331032707292
38 7.6810600075589415 5.665108782615468 10.877574922591908 2.2000595408000323 9.714129955365138 25.42230804805154 2.90425658761701 0.7556686371933751 4.8417388366584 12.901777278546255 31.867912478643472 0.5078958495016573 0.04960699239880667 0.42572791548232347
4 7.502477181617383 5.690382020444748 11.443999200464045 1.6745758060055493 8.768513550477808 26.228746596446328 2.926018616523871 0.5890225622464086 5.744317897741627 15.69204238288781 32.775014577267314 0.5093184158902275 0.0355199184621792 0.4276527529434421
12 7.962886636396378 5.444128678588294 10.9262393748607 2.280636877162297 9.817290380020218 24.932539989643786 3.151751136936153 0.9455872260114564 4.216093655956853 13.45591753658131 31.26488918233175 0.5078917455135166 0.05378260815295707 0.4251950919488273
21 7.902516781097452 5.331242782797351 10.643484139691864 2.2856505748137184 9.266389398826535 25.1053689868305 3.3792891576256667 0.6294457542877901 4.6549476802449625 14.770868671330362 31.58459293746588 0.5084974618083664 0.04136612946313937 0.42733863680065803
22 7.371139186806259 5.639811619888698 10.552823382090478 2.2557296360181023 9.25168925614242 26.176655088109005 2.60477167781043 0.6454011982626615 5.5555349275199255 13.2144260564696 32.521805385611756 0.5083768998265423 0.04517792909317334 0.4264327396048297
46 7.405358589989405 5.923879107543945 11.217385447728004 1.855810879404603 9.085795649395257 26.127986197470957 2.6722058838052476 0.6227372069770171 6.622352674802314 14.549346338585178 32.39051405528972 0.5096206698950934 0.02240327122395061 0.42822251009820134
47 7.973346759069834 5.4938756126280675 10.63779988829648 2.307370249890038 9.566967099313665 25.25872067112122 3.1247603945518283 1.050778610102462 5.040642689001151 13.840111900956485 31.14223822566716 0.5071982966241464 0.0571170063409601 0.42511920268699016
14 8.124979035064987 5.5036179987440725 10.533186874206754 2.479599100365074 10.211879783300645 24.59490908826048 3.0898720246608735 0.9507307736137461 4.208940256104012 13.115003461085458 29.76143526036796 0.5065016269534264 0.0668032156824276 0.4236015397311532
27 7.797096698417138 5.495718524344748 10.924147346533491 2.105877441674073 9.388678525603268 25.821466370649212 2.754511307659378 0.47644800822884076 4.869034475231947 13.858260328203535 32.683267656596044 0.5095213993545931 0.03329011793310119 0.42732531487790415
51 7.4471671830018495 5.903670772055332 11.12298079566878 1.9175458738367872 9.235930142267406 26.182788216817332 2.57877264237781 0.7377365850355148 5.244849376031672 13.319177047840597 33.29755531089914 0.50941976983932 0.04043113605682568 0.4274928274902175
52 7.381860741523328 5.7491628498682905 11.08149902719573 1.9669180716872552 9.289280370357675 26.203067044120917 2.572576935239846 0.5828657117050197 5.680463427158518 13.610875764905959 32.91874422181455 0.5095161845267007 0.03162362612372777 0.42770887117711454
56 7.850632185692176 5.6708912444367545 11.111261950041875 1.911443084872691 8.694077507095935 25.52846479046808 3.4330985904650175 0.7770811240433779 5.308598296314486 15.79371600743195 32.467679632465575 0.5074489933006275 0.05393433789032095 0.4261024389448746
57 7.637731642583317 5.6663364604438655 10.901329853832447 2.0170953294188285 9.159651976758623 25.972375312274302 2.904697415530805 0.8723291911494891 4.398179439572812 13.178723644449837 33.13409829522567 0.5093207756074674 0.031369573910277664 0.42798009060572456
29 7.616394520552418 5.727158692175605 10.904696468891265 2.0800896866342735 9.467847935550022 25.697247813625502 2.713043136480307 1.054870721482741 4.824866882625197 13.259963979191655 32.52737632243654 0.5081007902250991 0.05205783998211018 0.42604177958981077
37 7.646407278257371 5.745668809587936 10.702852689558316 2.2747370088037897 9.636957065524095 25.619454199597566 2.7050621514463193 0.7375251106575977 5.035922778535821 12.603205109658072 32.1934878127079 0.508843684523254 0.04472386665112511 0.42593956582172604
61 7.550503228372522 5.948923808423981 11.19985375751128 1.8531807891828678 8.966914130835669 26.20997833489099 2.684386371383157 0.540271368632195 6.080707962545437 14.461262509027543 33.173498159538006 0.5090936523663234 0.03307106528147013 0.4277928293321114
62 7.6175981936063 5.61262791165541 10.486698611738367 2.3445449869482955 9.282705900456474 25.71637578924783 2.9224249794321047 0.7839057386225996 4.675624993140904 13.299675012178618 32.454921449331884 0.5077058087080862 0.05473739129060036 0.42481195209146616
39 7.434600571728485 5.798747154880504 11.08321786828308 2.1350831658646907 9.50366702402115 25.568127132284033 2.8984062052490067 0.7785214816334808 5.512465852724403 13.6044605585921 31.76189948519763 0.5076508265649343 0.055807259279361476 0.4251061547626137
126 7.1224830068119624 5.8338382070840185 11.31345603257505 1.8050664680230388 8.921366576182852 25.934327728982645 2.9209522263868783 0.5408814190499709 5.871367195188804 14.770518853883381 32.900837189915 0.5076699920442372 0.048959608253475666 0.42654224990337347
127 7.3759411307057 5.862621012013115 11.30228600261051 1.8864109077594606 9.367723468677802 25.9401933157243 2.654744836534089 0.6951805563450351 5.464435645188628 13.38847617860538 32.914011657234404 0.509045277380346 0.027357533008275977 0.427662151636062
151 7.552760136378284 5.794251391126687 11.2052916987451 1.8291927168257418 8.878052467205759 26.30631568267363 2.6806879164748865 0.35645378357345414 6.475869922002046 15.393186605042297 32.63424679258352 0.5092784859279456 0.027256664740290294 0.4284460752333811
152 7.359492023064949 5.780345486316793 10.800936549820017 2.216555568576377 9.53714253228766 25.786251670429913 2.63931518346286 0.6164504141589479 5.874607426726573 13.362542916951172 31.69280229760505 0.5062905024773299 0.06482464477900562 0.4242662166245656
66 7.539305909625715 5.764359117084976 11.183254207532245 1.9352359403573658 9.227295001873454 25.642917862704678 2.877469806544267 0.43553457341502394 6.0859652639803645 15.000268986138126 31.88023377695034 0.5089720756120336 0.03961014930655277 0.42726445158696635
67 7.864939845731148 5.727283799176154 11.024074715452507 2.095878928815737 9.699834827858906 25.854404491303235 2.5341011746101234 0.6808920194910493 4.568043780826395 12.820902996067147 32.635486891486 0.5098288265909431 0.026840073294458294 0.42766727007306865
71 7.538410440566915 5.750721894341568 10.90435525353501 2.044497647603197 9.347632711780875 25.902043074387755 2.8147614637188982 0.5567883767417585 5.493589377318832 13.755312948017602 31.87267899780004 0.5088196282921473 0.037041415835729015 0.4272530958390712
72 7.394902787848322 5.7735476633043925 11.202830568632994 1.867722713561123 9.310785542004199 25.352678161435193 3.1317871611122907 0.5193283690088935 5.463303452540349 14.739001134484532 31.36294627884513 0.5096203407706151 0.02656682703865722 0.4276214986465652
187 7.651953583066886 5.700251559385301 10.861254830135422 2.0777670657074916 9.00191276434788 26.182154659295662 2.671096555273108 1.0185248881598792 5.250747440080035 13.978677965038967 33.05922750507475 0.5085474525672498 0.04234110866397545 0.4265435432473667
186 8.028613766562714 5.479479462091571 10.943985244042809 2.0013652607673937 8.95567626189648 25.92172165172955 3.1180469240262774 1.0323621339721993 4.196406151044116 14.233074160214027 33.20050101104713 0.5089939614237239 0.03209731256909278 0.4274969622927287
5 7.450359694081226 5.6589365363662925 11.101015377591777 1.9813661976983745 9.386780537066299 25.66891646347507 2.921252647569776 0.6060531952222196 5.107875261764232 13.993214467340435 32.0261178211234 0.5092979104892201 0.03207208179360497 0.42781640457363723
15 7.584433171749495 5.679364505247153 10.834471907860536 2.2765878100739307 10.077062937359766 25.703027794319738 2.4321307126493505 0.7073716374640828 4.604395972044841 12.08660974211626 31.78478715407219 0.508941812678853 0.0358184350063905 0.42735171076884393
30 7.753126175182496 5.566680660635293 11.021852032003995 2.1059266461363766 9.687973947105093 25.074831409952846 3.178543167461399 0.8655603796844321 3.916540946490234 13.261016052717684 31.76638469275065 0.5093866381519104 0.0325581379325854 0.42787038487224577
40 7.671062475568211 5.824711219572177 11.22729470658493 1.9179495745696167 9.820545867546715 25.252350455324205 2.9178333583982337 0.5296032162624139 5.057470283308847 13.61921245580446 30.924354800717758 0.509974905333274 0.026174696655193497 0.4283987706402439
6 7.965094240723698 5.3989502918030245 11.041854000047122 2.1190086039430116 9.863547923896062 25.221891068352082 2.9886084121064203 0.9196268960633098 3.3157810267205154 12.825679664301452 32.261148144943164 0.5094270635119217 0.030431338976185947 0.42838834353519056
7 7.637704797624912 5.797625942761783 11.43776649258944 1.884592556326147 9.644806129807394 25.080497454910635 3.066914045105662 0.5933194410647562 5.450121215688108 14.539822560090126 31.09771028244601 0.5068898132805616 0.05339524013715633 0.4265053779951038
17 7.681266572985684 5.725973918140382 10.81297821039367 2.275844061695054 9.931433546764564 25.20408187324021 2.78963616177464 0.8625096646584947 4.668303878851171 12.849327919626651 31.39469006378729 0.507842750128666 0.05534030600045315 0.425516403788446
32 7.578783832798701 5.518082703108044 10.879728313976827 2.1037047509538502 9.349391983712469 25.71733343616544 2.916608984436282 0.9058868642377772 4.531945047935649 13.187783480856988 32.71781468298947 0.5085948146235345 0.04001160887452861 0.42793562245073363
42 7.328861162703044 5.692808856262578 11.134415805374163 1.8781839094689736 8.871162854775163 26.31937744817927 2.652346356868657 0.5648799367232985 5.375964557253016 14.438235731823639 33.83716555600686 0.510256013372062 0.01927435660938181 0.42822460404372387
23 7.293488721590088 5.957483468757364 11.014752201516352 1.9951856236552201 9.565948841470254 25.516389091864994 2.832588138088937 0.6978518950740967 5.365310900524162 13.223229360049354 31.620495486363275 0.5092033779583605 0.03387648859629141 0.42714326119819357
48 7.953356450092793 5.47405896703963 11.066731452283964 2.0107190427148063 9.392482103619415 25.74865539983758 2.835078632554173 0.8869466811732712 4.44207791505731 13.805133356909801 32.57589718022451 0.5098282589056 0.023798490595361786 0.42841029494025057
16 7.418358637021904 5.842097603778063 11.45944921830213 1.7117080154642532 9.342178476881555 25.107442206173694 3.290568110101542 0.9466586141788736 5.328160348632474 14.709323507643418 31.35670115118089 0.5094136227359773 0.03216750613839612 0.4280904247956691
24 7.68997335723302 5.6453079766686445 10.955769855869223 2.0003887380117886 9.22987910610929 25.665725862851062 2.907167705798664 0.5337197410206639 5.502166941199548 14.90155122243083 31.80774791275514 0.5080287064354382 0.05004763742694049 0.4256701467462252
49 7.737986922254471 5.542964351913375 10.49288361634914 2.526495182252616 9.735942689086553 24.990141813222003 3.061618898085563 0.7239715672732201 5.61584526430027 14.868760434974128 29.588694198637736 0.5071443825143183 0.060616617899865666 0.4246887859937746
53 7.898395077464411 5.756657476253803 11.098058586328994 1.9860820619198751 9.536613590743686 26.05373514686973 2.5285402568167665 0.8637923723710506 4.545203236670069 12.872024247708275 32.90999658655881 0.5098677392810088 0.024598244038223225 0.42826214230797605
58 7.571217158090647 5.858586962297004 11.253769303484601 1.9019074790612214 9.521393793191379 25.746091913482527 2.7076720534990293 0.4265692740735071 5.971704076224418 14.445635433928814 31.399675879495355 0.5091827467969592 0.03447947949622452 0.42785637888199685
31 7.5112559135191415 5.828120017831304 11.270768651439042 1.7948450864805676 9.318861534667773 25.948605416190155 2.6970781517011067 0.5070491954132541 5.66428363871346 14.296543020656868 32.191258350866356 0.5100323427452883 0.020078997694234213 0.4286900173832129
54 7.574768917676785 5.646363979056708 10.866293903613569 2.2829872811813585 9.808278922153882 25.10727834516359 2.972593983705436 0.6163303145638934 4.777007556055304 13.422360039952522 31.203139419717843 0.5067993109540724 0.061432624851481245 0.4250749999699628
59 7.423587762586748 5.83014739059632 11.261301650132502 1.9480574557788517 9.528238919066956 25.746763680486783 2.6378624787288976 0.5449580368562732 5.437267521928087 13.745715824720772 32.33292136539148 0.5097014141337806 0.021438027436482827 0.42827803742424864
63 7.404320343175803 5.693855475294685 11.104545257353932 1.8526665410898377 9.0740781763034 25.874813665238474 3.086704601118288 0.6275334117130986 5.149783802316427 14.312083795481028 32.327520730858815 0.5091016290073895 0.036078078860804226 0.4280859435090941
41 7.614068483383415 5.42399187720003 10.807893394197214 2.1003109091687335 9.220606032607765 25.986836006490925 2.708077803766044 0.9072906028325469 4.852786804802671 14.150600380835765 32.86272590294527 0.5084892377823059 0.04508510717454691 0.4270948270707261
64 7.372255556563984 5.830921399626269 11.064200520381153 2.0577911382846477 9.366773636382769 25.99669093551077 2.581521703297358 0.8190583128530915 4.680952432327101 12.826849419465525 33.5713198384466 0.5091359075842845 0.03663817371486905 0.4275997302175962
128 7.360768712499736 5.715310966745882 10.654066437790918 2.340248398623477 9.697943214319167 25.52073143913467 2.8384331139249355 0.869411668055639 4.477348125505516 11.962040918216639 32.51806899158745 0.5093170186976261 0.026530861188032107 0.4287437170582798
153 7.767715687427845 5.4537314322441075 10.89543161300079 2.145575763500779 9.38508514152906 25.43951294209566 3.03175445256169 0.6953799293289662 4.738769983907559 13.72725299748629 32.770607541523056 0.508708894052419 0.029919535005795115 0.4283848348772226
68 7.578074690516101 5.827134107433806 11.136930639793643 1.9139797351726153 9.187497730642766 26.34389716192788 2.542818535633945 0.4562620364311336 5.753362803097506 13.846466583822721 32.789578085943056 0.5098343998346768 0.025018402235007967 0.4279965428956782
73 8.119343534019357 5.39794874422332 11.062688000580899 1.996915009466059 9.538480812645782 25.39361166374875 2.9953500933436463 0.5560746644025832 4.637797038810166 14.71431924516073 31.44239877583749 0.5098552282128224 0.015778390171790575 0.4287207690470035
188 7.713942060436615 5.616555952103104 10.89534230117084 2.024938100121788 9.432690177976587 25.92052552285722 2.578073431679427 0.7719731079961714 5.508375501933421 13.931696486070912 32.22708004748562 0.5085078135736707 0.04876482440322582 0.42578707161810203
8 7.9601148298160265 5.535160287919826 10.430296406340496 2.620186429377528 10.189053275332306 25.477006112966368 2.352890576795465 0.8209784955737128 5.378595939538013 12.616048807088365 30.728637011670056 0.5078444807055853 0.04842561124212048 0.4267857802984257
9 7.770222956120826 5.7297910073967975 10.785969221531786 2.328788228493981 9.971563591650224 25.443259685335416 2.6245532170906576 0.6359649705472838 4.704081427860435 12.642293570311283 30.91905302777268 0.5089391178281446 0.036580458036938705 0.428024006905655
10 7.5924346331737524 5.460819213330894 10.76115166041653 2.245492366572485 9.64861539095483 24.685836519612327 3.523805528182825 1.0671755216426573 4.78604236315275 13.306567408645089 31.06564374254778 0.5063583468688864 0.06551803491322164 0.423436828689305
19 7.5052888527504535 5.72654642637454 10.975587237748286 2.013109179244645 8.81482229235712 25.99463782580297 2.9265015929502085 0.9060531037412628 5.28960752179578 13.917894672970258 34.02669397069691 0.5089674205810626 0.026397217724372497 0.4284552801319731
34 7.487710426352671 5.887730321865445 11.141467794987525 1.9650803793404938 9.385294844410327 25.869488449957643 2.7365012285130708 0.9080821696758372 5.210946531554768 12.95384348453026 32.65248358687375 0.5086006634545364 0.042330923750799436 0.4269257334450862
44 7.69849947769932 5.617182561559008 11.038455296091742 1.8794954965520876 8.466649435152217 26.350714731857124 2.912209917626189 0.6161474652121092 5.928684203722514 15.531028149385758 33.99191048921242 0.5085670892659087 0.03568157715070162 0.4282214498145986
18 7.43687360379636 5.724763426476608 11.296293856545505 1.7043787670133876 8.59466940012486 26.63656905034969 2.6277781638167292 0.4033881687714089 7.051529985645375 15.829590743584195 33.28800582122917 0.5090950552195678 0.029552336223436327 0.42750945643546956
20 7.697371004613005 5.466178786596653 10.373710054145576 2.4863958052739905 9.051604236245586 25.317632898275576 3.265643535296418 0.9588006548501621 5.182927485067404 14.724758094152875 31.950669131387016 0.507657240229913 0.058634209993220235 0.42383518775319995
25 7.816407804220498 5.7279451400679 10.859706010905015 2.13026219585002 9.357004652524736 25.690927403052527 2.97701295555241 0.6274971714796347 5.24339807563022 13.503385478738995 32.18944929033306 0.5093066392012103 0.02755658233083357 0.4280039584463942
50 7.39570021264346 5.92269036000796 10.558489962207531 2.3701178883317398 9.419241119793776 25.805876566326457 2.64882898467069 0.6799135361218377 6.315520664812287 13.550827604356536 31.557067693065342 0.5077982959304657 0.05625484201547303 0.4251182694699643
33 7.699485926731274 5.662090511132525 11.356704677569653 1.8235587259141588 9.16308775217378 25.596163595766217 2.992399412488009 0.4905489619998208 5.52741282867319 15.045053263330395 32.36021251871988 0.5092063366022388 0.034889656309788616 0.4260931314989163
35 7.74499114850654 5.164584683063498 10.478103833971018 2.6887224048812803 10.02969868539306 24.584196569036507 3.1844826444621614 0.9751749478145255 4.724644045002811 12.730929566548363 31.02018145738058 0.5032882110112323 0.08650691092484511 0.4203416463080701
55 7.234473781749285 5.741637500391889 10.35524586941145 2.4405270404661925 9.40956658255385 25.643154737238508 2.873195612291188 0.5759988245286443 5.719585029415161 13.196045221413105 31.46431661522951 0.504620013363271 0.07601755901465544 0.42247692151507343
60 7.945365342939305 5.557837206277012 10.763460654366733 2.4423777938103957 10.223578974577782 24.139938391905826 3.377527978582611 1.007671382459879 3.95719715166675 13.267765136414951 29.383069075332887 0.5067468979660726 0.06540743687477353 0.42410491917703047
43 7.574111341221057 5.63178445801452 10.540319866723685 2.2712140452364817 9.187544462344752 26.485638961939067 2.5407173218480192 0.7469992879954909 5.722532028710359 13.647755146248786 32.47866350043745 0.5098472322348295 0.03028822668989005 0.42786476763684483
45 7.55059937397633 5.573610970536566 10.857896701153836 2.01078038840434 9.002672080669711 25.722020715465963 3.1750192360892244 0.9224466378399502 5.844020431758614 13.791292919211227 33.00615081673647 0.5070303595516255 0.06214320391079331 0.4240832305235159
65 7.887308489318397 5.666648163934816 11.15340859470004 1.8783715902790232 8.825745501962357 25.565319967667612 3.266411776986604 0.8875485091740608 4.517681655695636 14.53073035050268 33.63937308552963 0.5097517258838906 0.02514239060820491 0.4286322055244858
129 7.545149297183618 5.805583759173129 10.856197167579838 2.1796030046476065 9.133896513791424 26.04342549390238 2.653235241514651 1.1210303002812316 4.536234672855655 12.710190086286072 33.92904345904214 0.5100959847279889 0.017790449782498215 0.42840815847420155
130 7.881458466142241 5.683408342143924 10.630018822051627 2.240837197990006 9.36079104164429 25.054529547503588 3.2674675697265982 0.9607037832083369 4.652363297747808 14.153893930288913 31.32444721346985 0.5070205979794273 0.053990238446602355 0.4260782127590802
154 7.793496001703763 5.906438531353217 11.12372383429856 2.0083800441536477 9.674959733499238 25.273347403485374 3.022978361793133 0.6150278061509666 5.636751304110579 13.836323391518237 30.654492767446243 0.5095037687665428 0.028371442880570627 0.42775660509575053
155 7.89884342702429 5.5986654331583825 10.92119832340898 2.089636179693725 9.244868120848114 25.95666161359484 2.658148385548057 0.5470494289412072 5.558405400226418 14.298156655474253 32.671189301860814 0.5096244032546643 0.029480469020207296 0.4277813705773684
69 7.295302362101838 5.604994602112321 10.589859017986202 2.3398897044234506 9.226263397078476 25.804250214683783 2.903107348615667 1.2303457148264987 4.117237515129164 12.313980390021074 33.180282910741035 0.5077566510223465 0.0523991347983082 0.4255196812858897
70 7.359272763023422 5.971696054155137 11.158710117794339 1.8766558977253185 9.020099162430153 26.46551923168417 2.5374166460042544 0.6339129628172043 5.7708885868144435 13.201289522728592 33.75547490148082 0.5095897289928096 0.01981472529508923 0.42832804507506406
190 7.463012701349801 5.562771832467001 10.707318418753989 2.2994165247017304 9.642070668290504 24.971002637129164 3.1987471861813814 1.0887809860339788 4.776919450582386 13.910051667620095 30.743601285023804 0.506786420441293 0.058198596555084595 0.4257548246030515
74 7.8852400298141525 5.69293452476998 11.129659087544752 1.9995536762024166 9.766507041096956 24.80397363617204 3.3781642151789977 0.9196289305673275 3.9877812207887873 13.05076974845667 31.313353620409934 0.5098076636793828 0.02002253656542699 0.428179042058713
189 7.147157184077316 5.833014445669281 11.0680171691512 2.088843457739106 9.432896891013932 26.25332510291646 2.3670853949343162 0.7333905009084706 6.529983597067955 13.787810424569871 31.886618788890654 0.5068862292819919 0.059007593239355734 0.425084759037203
75 7.710095322983321 5.639039286515913 10.686985136385262 2.271559412854305 9.312871529893709 25.51869085472665 2.974021765404963 0.4478497234959755 5.65601866487598 14.192323442352677 31.9871158963072 0.5094532087220107 0.025178835770193624 0.4285599620186858
76 7.651664546346071 5.796602084612461 10.981522160434185 2.0799077586174515 9.64449367079912 25.72564752350662 2.69714179043471 0.5384376629683881 5.711615258735662 13.789224365838244 31.23427628207148 0.5097297371566429 0.022590546571289397 0.42863814641785286
77 7.722538912052132 5.587958413654008 10.918559251483423 2.1554317978905293 9.200935318678514 25.44351388064365 3.047697022607866 0.7981034620487796 4.546881386278613 13.903416242280427 33.14977670958999 0.5094919594308698 0.03356669395833814 0.4279248021706745
78 7.724503380285497 5.639932483847683 11.002984766128668 2.0661871688734745 9.570857072893558 25.438368472369167 3.070015715293547 0.8814130706118892 4.487071877776576 13.246211605624048 31.908463771785048 0.5099921054159027 0.02370097036880765 0.4282435959044826
86 7.736844641301209 5.597046165569324 10.765905019868695 2.1374074306756965 8.840137418859419 26.56991496215386 2.5479571920758177 0.5756133113177594 5.859653038381361 14.313760567013066 33.852715736800064 0.5084399823859644 0.04646330936239985 0.42633121159230203
88 7.664768481251664 5.585500336826845 11.061732039886714 1.9245829736360893 9.140651821794005 25.737935620392904 3.013332359006817 0.7666362951994438 5.0156432454438615 14.30759221747419 32.44885382520258 0.508505574173689 0.047592552464328274 0.4261969964364198
79 7.821858184461079 5.623650961942391 10.985636962973587 2.1809563432443895 10.025724811113575 24.885979402726694 3.005524646104983 0.6991163683941993 4.542220670597716 13.090163228398744 31.018213449956864 0.5093249892603509 0.03524674229362192 0.42753360505046883
227 7.85418455630795 5.616088447441277 11.279136310521725 1.9722424756875916 9.757360212617591 25.181314920354936 2.8480546390013126 0.546584111922555 5.377272532901361 14.643837006232769 30.92750309485971 0.5082454441977741 0.04803824474394725 0.426994258632825
226 7.553304770612417 5.49789538427386 10.28956324373858 2.5604605338263333 9.713695381937722 25.792819137464996 2.5887697184470118 0.8697752803373845 4.702271366779758 12.161447083478569 32.54067901453463 0.5060492544024074 0.0673227291944061 0.42430736446421846
87 7.2398312587907405 5.831334255936153 11.21259930915398 1.823652985077779 8.790845044489647 26.521893268982037 2.561486625417186 0.745928713589997 6.28068408067905 14.044407558097905 34.08426220064582 0.5087423165040832 0.04321249947657108 0.42733222856504127
96 7.328340341099044 5.820912168483269 10.721769634560506 2.1744000198456144 9.367665029482916 25.99503481537269 2.685402646006788 0.8272936847882624 5.313199288002108 12.914973199118412 32.468719700674406 0.5070898599473433 0.06391889317749662 0.42417281652280303
97 7.5802507114470234 5.718543801564443 11.076605006458975 2.248885481151888 10.188682584086758 24.153299427904763 3.46214617082746 0.5928531305997943 4.762791409324391 13.565722963283871 29.251914577190167 0.5073959751259147 0.06386183866216608 0.42201424541582583
89 7.414983456470832 5.679986133958301 10.983205527644758 2.0412141437411107 9.251247016348646 25.769347101731626 2.866529769210202 0.9204760059655501 4.568189280411242 13.407438008531022 33.196184605118106 0.5089671135016944 0.028853771287712254 0.42823086978064845
202 7.947306622310636 5.597185487166967 10.808915505594127 2.2088816083095053 9.56861076554397 25.601614010255556 2.73601454051498 0.9341092126772743 4.2824313689826585 13.068591325610418 32.497727126760125 0.5088358163639233 0.038505366594774895 0.4275498353754793
201 8.084574518847871 5.454626705484093 11.060423119486636 2.0964373660163966 9.835100320813186 24.676305462517067 3.3175878158784093 0.6454648242293408 4.5440650791673 14.287240523983787 30.509115196715236 0.5086454101277954 0.04028421693738401 0.4273078117180226
101 7.307619089335497 5.91420834571795 10.95154985918416 2.093942071861732 9.488827769380226 26.108146877855525 2.551914738331164 0.7082534193987624 5.318714955306729 12.334419281518189 32.7303423628897 0.5087933124655042 0.03413169801648513 0.4278666042342344
102 7.628382404383736 5.823304629657487 11.089543651079177 2.053925433253086 9.513023826969771 25.823968886398582 2.6929407928927307 0.5972472743950024 5.396540141450284 13.569891533350267 31.980127045065867 0.5098612977934599 0.027662931999026977 0.42797518258116046
103 7.675643941937514 5.793595816131479 10.861807705796053 2.1057126559409958 9.489030767085502 25.40821388624639 2.979556403160652 1.309800116255784 3.620947635626222 11.968619316493804 33.3224401620564 0.5099498890233521 0.02301207838466613 0.42853842079559645
111 7.70792161386894 5.775692766489481 11.101513077391212 1.9539153602577957 9.16414655499555 25.937154709651526 2.81317799976514 0.6275771275019696 6.195255970083475 14.249681368732324 32.411942169707935 0.5089792118444569 0.03662032072963657 0.4275027852953945
113 7.845581807592337 5.381184407345962 11.014611516789792 2.106182047186922 9.448376795876158 25.285934003247718 3.045160915423854 0.6763864868678783 5.635763682535685 15.142805133789093 31.454262729823657 0.5080252552949658 0.052305720729244616 0.42572680443553795
104 7.444814136943431 5.7833733704435515 11.15508446763115 1.8953507115232653 9.18950403825985 26.081955218341843 2.717023327217075 0.5998957425465363 5.4924492099540725 14.066989864867091 32.63785260631622 0.5087957294706332 0.03720225849141231 0.42770563054523325
112 7.478429996758004 5.782756338423485 10.501818265664776 2.201851468864529 9.010190918829414 26.22168971326317 2.5836209024558614 0.4949183341885253 6.906180975860602 14.99223492522432 31.98599324243931 0.5084581386323109 0.043678963564781535 0.42675326192023083
121 8.084420736887196 5.581171674505636 10.616230992922269 2.327064554345854 9.366390013321984 25.63125412481543 2.9106920280316118 0.8061223767352393 5.001364505525032 14.132680201732752 31.774617199949986 0.5077586234483706 0.053289987781634754 0.42565914271940786
122 7.6251129307874495 5.401080078198254 10.953957903509789 2.0551033090601454 9.359776297406956 25.834232769164167 2.741541925383342 0.8170656083401209 5.244882923596403 13.390947967077658 33.262835142397506 0.5074202458664033 0.05704635318391848 0.4249338812081518
114 7.905617871597625 5.579657337376819 11.254029108956614 1.9417420830267875 9.553364697822612 25.60598601684004 2.7689221890150204 0.8251585442407529 4.6484822658699585 14.213379789883788 31.95717919044772 0.509339513121298 0.03333931577829851 0.42689489853786866
80 7.668496321056922 5.767830842589586 11.22527755704695 1.7618422757975392 8.864860332683428 26.050069736336265 2.9182869699517493 0.4748789720019624 6.29905472659327 15.455401943017932 32.387616807167255 0.5089209782439831 0.040445703554727055 0.42724785858139613
90 7.303997915266608 5.766331963048862 10.835883807986734 2.077010411018324 9.167404415649422 26.29817873857643 2.6203010569635787 0.8709657881066873 4.827917082894494 12.91556770834605 33.281524264809036 0.5086122058429291 0.047704424758657 0.4257383406741734
228 7.657731772763672 5.652395277471238 11.199506983864904 1.9186480332149176 9.40047983687486 25.980399845487863 2.6688664525602808 0.5690821134496151 5.50951872393399 14.308798027307098 32.234109323126525 0.5095954670017534 0.028290603823709796 0.4285513025734974
81 7.274834068017754 5.862791244851954 10.721111091632709 2.3025620936566478 9.84718377973717 25.114600242456167 2.856665712820125 0.5690636013026835 5.788895520838519 13.3791822671272 30.53797899097759 0.5072909369519367 0.056563918014244874 0.42523975724108926
82 7.756369260068 5.598653488724203 10.818451104546087 2.118713800109684 9.276254656674174 25.85840492705341 2.794883796747809 0.674029759284966 5.0060021510895645 13.955008142173353 32.44733190798626 0.5085270133317946 0.040533517044031436 0.42720343159336405
92 7.598891620721216 5.700805827797879 10.63298770626488 2.269081029892843 9.748636805741683 25.722357378225016 2.6224355892681377 0.6972016906343803 5.706826500641696 13.208792690152649 31.04978470760333 0.5078651797594091 0.04947453182605596 0.4259516483374326
98 7.804646253621753 5.51198876838828 10.711699853373004 2.3380275372567 10.118384090383067 24.811837437421165 3.0614407315321657 0.6741286363555957 4.088954250657579 12.827207283670099 30.68648009056058 0.5090099543580194 0.038552148116289146 0.4264418276519493
203 7.58396993373456 5.700663429961601 11.473845598968516 1.7403468644009097 9.131902372459459 25.877135703916917 2.8611382357164534 0.6410570612292844 5.538996041247813 14.830569338008308 32.69387726169105 0.5096049319731437 0.03514691219791441 0.4280641022769052
91 7.430476082257555 5.514745781191689 10.961770023421845 2.0711554971372106 9.62939897259787 25.800322935336492 2.663358019984484 1.0181983033772384 5.088695279727358 13.116951970777599 31.95579760422497 0.5077538389924076 0.05068544886536799 0.42657218938402436
99 7.456058987925401 5.65633553331581 11.014174506669455 2.134275768564218 9.877545558312896 24.967530360644748 2.9259552794704535 0.5910033312680708 5.237337646908764 13.569276196503838 31.089396530952747 0.5080447421552411 0.05155823428194956 0.4254300910811638
105 7.6559903101385 5.6655194636762385 10.80632852374121 2.030280893914744 8.790651946195073 26.597435387482008 2.5399607429733884 0.7022909274601308 5.651255597705868 14.314557956121027 33.63822525597892 0.5088511843785851 0.037925799675566606 0.4271389089556984
115 8.068570412572212 5.519770276903842 11.26001497812534 2.0086284843090416 9.978898229164962 24.858627957879506 3.035095282015266 0.8732140748095709 3.6845724171195964 13.599029608998283 31.261884766818802 0.5094058623893426 0.026235533827268565 0.42759113007179494
106 7.509316983787674 5.658627830614568 10.777989981875969 2.1403041585419023 9.493963904021786 25.676845472782894 2.7614469478060704 0.9318670010765868 4.499527751599927 12.80223892157117 32.7496130127458 0.5095346715047255 0.02955959689451081 0.4279264492654679
107 7.518886704702885 5.749854989008319 11.122773009924982 1.8480789862614957 8.67398943405285 26.36582598989493 2.7427730420071907 0.7927871888151465 5.27427724650614 14.585137081723845 34.08920584047296 0.5091674737383245 0.03422708015578265 0.4278504514256168
117 7.7404604577915785 5.561747621315645 10.972933159106072 2.090423233174609 9.465904885835917 25.5368499124436 2.9513618504331705 0.6154491559486922 5.15703745087381 14.644685642939637 30.92334698236811 0.509265144700488 0.03364889688447185 0.4275075062902075
123 7.442280306190379 5.673287161817511 10.600523516816375 2.366892643419923 9.711761474346018 25.41605291599279 2.895510647845596 0.6395515687645593 5.288340917070116 13.544116445789708 30.781693703962596 0.5070802701290715 0.06621049369751653 0.4244784949539126
116 7.568185924232766 5.5012484511529705 10.866388485200847 2.1587855494262156 9.541709737069523 25.77262152519702 2.787630722423838 0.8945370089229293 4.417055755915127 12.915368697916051 32.598417354238535 0.5077498658162375 0.053935428612119814 0.4258222767281381
124 7.485949470374222 5.496356203128026 10.932810874630093 2.076247153588522 9.291141652570866 26.31462759205288 2.4577448033610954 0.6792493326578359 5.313085826066017 13.466828438960379 33.501688766855956 0.5078519122145059 0.05765237774773651 0.42528526622146984
229 8.011812274324576 5.542650199100791 11.083853689259078 2.1489598296197103 9.876394543752314 25.059838309195992 2.860592928964363 1.002585949003305 4.3429684504930455 13.550194225865576 31.894986520029413 0.5094046916429272 0.030105569617594582 0.42777734152877184
230 7.404924756348046 5.864348572620801 11.142046687334828 1.954021279030332 9.296367155553606 25.369777142265942 3.1348035773692664 0.7371772169415872 5.348387219072618 13.404851517614926 32.40765491204182 0.5090443313499966 0.03700117438150325 0.42804276797597873
83 7.510316609330911 5.738370692945279 11.033422879994783 2.046023523968213 9.126803307911777 25.624748554743434 3.1092718251367004 0.4578503446107644 5.932841173691893 15.137591883316347 31.585145215867062 0.508247713066935 0.0455032631588922 0.4271096988537008
84 7.702221696842631 5.621337507608657 10.942746154466711 2.022297997425305 9.148470386641542 25.7454163903404 2.9309964351677964 0.5116262577412293 5.479996521661806 14.51410794739241 32.44910857099583 0.5097412769376003 0.02593668218358876 0.4281483675338768
85 7.769410943369547 5.692091463206706 10.76981840738062 2.139758981445702 8.99485036877973 25.61645444432046 3.052403847493021 0.6330012767485125 5.682442673808616 15.172119850133775 32.05473811831903 0.5065952157998961 0.06115565532655944 0.42466332739308943
94 7.7232708101549425 5.844424563930875 10.818750891666708 2.0959841172118514 9.276909480215046 25.685609615056794 2.9027289701958416 0.9438227527631531 4.834704599229877 13.28060400698666 32.668583350983134 0.5089368481026841 0.040323398090572275 0.4267870377014129
205 7.733780163509195 5.55569960131887 11.106847126600218 2.0495662213263417 9.562267185743664 25.234996740126345 3.012989483298529 0.7638086603590162 4.825255035015349 14.352704169058008 31.73907600125209 0.5077759001679082 0.05077278101139103 0.42619256921008947
204 7.705404891591966 5.503666435122845 11.02707716239138 2.1058462950790138 9.553885203783773 25.41047843191577 2.840061655089818 0.6950404822791304 4.939260379531456 14.382578248427796 31.783459493794997 0.50735437021293 0.05667839949700953 0.4261064750750367
93 7.737741979324516 5.714271363387856 10.90993532488218 2.0821193375227427 9.197897795368887 25.860884245495956 2.802009159024283 0.8071438016129827 5.1563288684831035 14.18097670310437 32.710431105087466 0.5086785945862679 0.043610792582424736 0.42711212516569513
95 7.7023189605478795 5.753577984795044 10.60199243467578 2.2436195856472665 9.279728458194489 26.179986112881775 2.6118415462896247 0.7300189936318682 5.221183040287729 12.910981970401982 32.6729048052063 0.5087920935984411 0.04928758968008395 0.42604585989240434
100 7.576312545877767 5.442795527865043 10.835877606998443 2.118818344724799 9.105357042206231 25.58361825944404 3.130473369483277 0.4732025642571909 5.222036777562573 14.715437910834865 32.12491007879614 0.5087556007911264 0.04232736667449786 0.4273423060885957
108 7.679083428469046 5.471409350765055 11.02122182108824 1.9408461437697582 9.03462757389343 25.70884584549698 3.036049502815446 0.7501528105813681 5.303382069461038 14.323013989426137 32.979764002110535 0.5092127049835 0.034768876776221376 0.42743339128522856
109 7.374800533614992 5.783106936823162 10.921246621284663 2.095500722063773 9.261808102894497 25.64789519438422 2.939187244029415 0.7580051290508308 4.818478421965665 13.123128671334799 32.90731497531501 0.5084210820609849 0.04589702916807646 0.42546114948936675
110 7.895130172603986 5.351645366478742 10.51820772294428 2.4231964776250985 9.299904969485143 24.956251375322978 3.434498815101253 1.1998418076915915 3.858433775289692 13.59256934952803 32.01225478087934 0.5072286845337176 0.058068899561564954 0.42438263549169747
119 7.497622178249081 5.737056781066766 10.71859530641932 2.1610293166578107 9.06432653497378 25.697252668565987 3.149843089367118 0.5672484213377894 6.2355359073572325 14.469474852830533 31.915585705790136 0.5078577338284858 0.04848788236814024 0.42564724325417475
118 7.606986118736823 5.703404473517661 10.791950219484628 2.292013469815144 9.56324896906217 25.497080839291133 2.7475272819948766 0.7545147816344131 5.87850241788024 14.231252102586003 31.163433057234975 0.5075448388093888 0.054107561384837737 0.4254419431986692
120 7.587449767699728 5.736267345972107 10.625435588181734 2.2355472362240367 9.296061145750633 25.538336593254662 2.9737467019372246 0.9860707068713365 5.912027981452012 13.762754954652088 31.599080409635945 0.5070233036471576 0.058566805195919024 0.4252428523764012
125 7.531444601823463 5.884084154099049 10.767398425063412 2.3253954111636763 9.662893679627995 25.09394625970009 2.987628541450115 0.9916139099789065 4.489284906859529 12.612618207556597 31.953498469372562 0.5079645375662888 0.05293044122703187 0.4261490289625581
131 7.911517080385736 5.618977697243877 10.935729314206535 2.2348606087535723 10.195627933379185 24.672892026358724 2.9699264357246995 0.7561068975799726 4.588797536717133 13.209664103512347 30.200842179783148 0.5077697483979526 0.04869287503802852 0.4260541924057413
132 7.806755563289422 5.446592704966111 11.14514175255767 2.049323502607077 10.032343713478475 25.21632839849514 2.7036844787025656 0.7046832594287844 4.179807505191449 13.209830064100247 31.360153968727875 0.5092752989922466 0.026015379194774233 0.4286874023990293
133 7.394918608520159 5.609714291176465 10.733101585535655 2.4785043281681434 10.224734652707149 24.164088235849167 3.3186075968947906 0.6581157593419932 4.9757583661914 14.23724889640992 28.568600742194732 0.5050016281229361 0.07906098347967933 0.42137085186726625
156 7.086294916592149 5.745937762033167 10.551687638160995 2.385789891370651 9.545603990737611 25.277767564540447 3.0490757767078156 0.7768203684886524 5.279172232001204 13.611336242177238 30.669304993888126 0.506520390174302 0.06302045368479915 0.42419538127884754
158 7.639522772552268 5.446723771544804 10.576087190754857 2.273505803822977 9.101903732398863 25.992204584166345 2.860712649926979 0.8899924700197014 5.020270040389899 13.804668027838385 33.14140541441021 0.5063147485875208 0.06052438982897442 0.4241710581031718
134 7.976048217507597 5.424566201417587 10.557889386699697 2.498013805771377 9.869754004502893 24.65120159514888 3.2823697622768946 0.5692367033112536 4.540840265518817 14.018059782214953 30.038320035432022 0.5064621375714305 0.06005602158101889 0.4241942592637685
141 7.507835453050377 5.7305793703016725 11.003888194464214 2.07715356156581 9.508948724379405 26.039942003795066 2.4913382835253213 0.6817627738160249 5.146534075833564 13.245807036894861 32.524080051849104 0.5087187896794398 0.04157035076922634 0.4269842625908624
142 7.34133706675649 5.896212733984665 11.047362895308497 1.9946300268862827 9.366286359556138 26.940517990205137 2.0321380273409586 0.4129865268239358 6.286273442020122 13.506868126465056 32.60507692286489 0.5103049987944621 0.012812814748218014 0.4286062477102634
143 7.031905528146256 5.921089697871257 10.692078410567657 2.1954346542283445 9.64755616603433 25.848268086153425 2.570267790854798 0.9418226136744432 5.15776297516116 11.844966635465521 32.107405948449774 0.5082286875946369 0.04826825397381131 0.42578634932840054
166 7.7971356159035645 5.495632427576997 11.005432711801772 2.197491269387143 10.015468469345118 24.52052222338633 3.386323509981822 0.7739563277832696 3.934360123214513 14.05746026334125 29.83865284231266 0.5080044943659886 0.049271977607677195 0.4262215681998071
168 7.251715534440766 5.798635087481044 10.797265308770292 2.092437955003051 9.3936171799248 26.06861712844611 2.6477303597352795 0.915036347881759 4.81273883294469 12.18137502363551 33.27746365085877 0.5094837936545641 0.025899087956844022 0.428065159274231
144 7.765253493707778 5.829170131412116 11.301078573899321 1.888440567378476 9.492860025327003 25.82556224153387 2.5988705991953887 0.8477665599784343 4.994060987454689 13.922245230960833 32.177959759458034 0.5095498467695121 0.02516364417722542 0.42715586369903213
157 7.463665209070411 5.521631071662517 10.846973152313984 2.20627214959048 9.531964313769429 25.436743082569556 2.836593613714276 0.8517409354621556 5.135284636244487 13.975047481842752 31.699290014257024 0.5077873844410515 0.050860619928631584 0.42647944970572527
176 7.9262480160483815 5.568697781110082 10.831671675642623 2.2037057516080796 10.022083702888727 25.345688164700523 2.696538029053614 0.5692881489474584 4.9621139110535255 13.636777737546263 30.51057229194469 0.5090691001778287 0.027950717200105092 0.42813161378691417
177 7.332501330982349 6.026647210241994 10.847632365341603 2.0227165204635718 9.34038950197461 26.08068719871171 2.619122522913816 0.612812375901283 6.361001465968654 13.252224116017333 31.694437537856814 0.5099431413326772 0.024471981901651025 0.42818708045624915
169 8.024512083187128 5.375911757766988 11.032834219187574 2.0195332164387074 9.299059663519616 25.827603279138447 2.801097628761083 0.6779475510271754 4.649191289018555 14.091890904253662 33.13682219566254 0.5097070887346896 0.025951086076734495 0.4280661622660263
159 7.638759242188385 5.7925160856049045 10.940308033808785 2.1172557659223363 9.358299010808588 25.50684476517956 2.8866353950162633 1.0983838799244319 5.4641052325253865 14.209919146696379 31.314210913900048 0.5080359957247087 0.05531346072626918 0.4244235554941631
182 7.5330292459801464 5.761037638193781 11.059771771188727 2.0872844603791347 9.766657968215448 25.138304359337884 3.1101146969368374 0.9011370406370239 5.335464381491236 13.540625816818244 30.69355934789408 0.5089103707282616 0.03842567324404448 0.4276721443208328
181 8.188181967459098 5.314740513557499 10.8628257412059 2.320469283363212 10.619903481225121 24.593283631807125 2.9399081618860587 0.7545138121192891 3.5062763533533254 12.555348208683872 29.896806938893633 0.5096639997642107 0.031393285603448555 0.42791453662614964
167 7.6060422455245575 5.701508390318265 11.422401251449855 1.7496379877233619 9.415032095643367 25.258925280501643 3.219299263155009 0.6411343101388914 4.913220027062935 14.63422380198057 31.536333599798684 0.5094543384772353 0.031762445512813806 0.4282562410009843
191 7.743172745173994 5.710391563617131 11.262578970663816 1.958697251996817 9.51447164144607 25.739949266426922 2.6334414635007857 0.6912125439324135 4.8579483991798895 13.603369617552907 32.79852080018875 0.5102141239523834 0.012709231212745026 0.42880632283514786
192 7.847497029626702 5.886357548664079 11.288602865291203 1.8470160042796762 9.328912407805765 25.974351139567954 2.6586686539880575 0.46485861809121715 6.070388492093835 14.566655026461637 31.86666977954705 0.509600639746275 0.026857512069602622 0.42805191154358974
196 7.727378945024129 5.701787677359002 11.177914971784379 1.9755613663484484 9.503493502981675 25.705475138720693 2.692299248277283 1.0274354166816717 4.512460691082973 13.481472504758292 32.73428826716729 0.5097705802538894 0.025547124467586658 0.4283499155092464
197 7.623865611295632 5.699457141094623 11.018814520854258 1.9302988540408517 8.930298127539334 26.26830294548129 2.681812445522435 0.5659588356848848 5.565170502989182 14.542488394181696 33.398118720802195 0.5099758211705447 0.01923794141896516 0.4287897991320917
135 7.519653135066234 5.662347726680766 10.694667976114069 2.3129987279318542 9.262394553229685 25.22142444965888 3.205210896351718 0.8321646016360683 4.688191218569286 14.30288781939716 31.699944779828808 0.5058638872703682 0.06645321455271092 0.4250143952228701
160 7.954218599032705 5.69799644532086 10.959206478484134 2.0471299017901785 9.230024230500687 25.684779230851333 3.047507705579663 0.6572867968756977 4.8754730620140965 14.207638435709235 32.07411894282873 0.5084189884905865 0.040115341548376156 0.4269728017690098
184 7.289648966349173 5.821456561957583 11.289558721132051 1.8241171829752008 9.176638676603806 26.032291728456144 2.6789742402457772 0.6477771562783282 5.740253609420472 13.838172774236542 33.2376171717427 0.5096704577929718 0.02152860716562709 0.4285069676711546
136 7.331624689024376 5.748644415754329 10.846022020414011 2.1835348292431274 9.527854895524278 24.940116918049476 3.3513984233286367 0.5379358200674988 5.665055633147731 13.506851763127678 31.033762983606373 0.508331024554429 0.04620394253141031 0.42690946223132786
137 7.811865029386411 5.521136585180017 11.080827057816522 2.2147597250161475 9.525651159214247 24.93736051999294 3.2013454821697014 0.8229455400492272 3.9924921439558805 14.262588949108174 32.18990184941178 0.5081521228483719 0.05107699631241898 0.4264802868187673
162 7.820744404546203 5.7674013957149715 11.144104105799894 1.9340135637026181 9.221433231478361 25.582459715713494 3.039352004739265 0.8011187339939161 5.172730798620172 13.931473855240558 32.49270810364732 0.5089435959482189 0.034174582008109994 0.4274360745203157
171 7.491133736558752 5.764330913817013 11.070052977398218 2.042249048974077 9.586808130119039 25.698484446765377 2.77166665115488 0.7829843426055085 4.918028106085447 12.86208298910952 32.50975505801991 0.5081282515870992 0.043335962218297185 0.42655717423297534
145 7.425446297535589 5.910628068510124 10.960871161679307 2.053125146713851 9.154209536557813 26.5093735599754 2.414026888519835 0.6346282021315465 5.875778718960586 13.35314383694068 33.00762405875134 0.5077431638030447 0.043235582133593436 0.4270328869631149
170 7.667010373959291 5.853829551091135 10.917018160713374 2.2036006458037476 9.988637916074692 24.626787210040174 3.244106357255099 0.8660303470021495 4.862283757039418 13.307159224656056 29.599700636789407 0.5081905629310267 0.05279243289589402 0.42509459434659114
146 7.265488060597925 5.5611261909909855 10.45774992491147 2.4071494521247145 9.254922133042438 25.753743343566907 2.8824172812949147 0.8673557686253665 4.553926912869872 12.980327790565006 32.60567457859882 0.5078447592114368 0.05026543413083976 0.4261835761178368
147 7.511528617846931 5.61232118025954 11.135441210915616 1.9674630136851579 8.821884860235611 26.437211452659376 2.558026034939696 0.5836402693709608 5.667704676530002 15.206900274059146 33.36415046764019 0.5083001680637649 0.04865370798124787 0.4271127800452145
172 7.630459311994498 5.709733709123548 10.910640998015541 2.054076781692951 9.311934824039634 25.889964294878816 2.8906535127288326 0.4807135071804668 5.940075405184848 14.25871399163048 31.21384510729597 0.5075868882773817 0.04769879172806387 0.4267156681707403
183 7.722551307307449 5.523991493962212 10.868426932388731 2.093632663824211 9.064724331876663 26.180900295404868 2.743135579436231 0.6724907589757895 5.158510105644982 14.058237811597802 33.29269142807864 0.5091616520204668 0.03200599207055028 0.4281437856153899
178 7.387484210005354 5.9279824449123 10.910506568622106 2.0638158468591623 9.23239162766695 26.08609924155942 2.6956370614503866 0.469119582415918 6.5320941646900135 14.217384346359253 31.67651554283598 0.5082197075153164 0.04603699545862311 0.426861142068836
161 7.521730858260763 5.710595404283591 10.628140740990187 2.2150201931868176 8.975042604066541 25.725968659997243 2.992867875887046 0.8879701083017393 5.42859905704613 13.906669209865782 32.87043916374573 0.5080269118786401 0.0495968926206539 0.426359746268602
179 7.581120914273861 5.671836719550276 10.98265384663857 2.0789829617045146 9.078543321611182 26.057506596491244 2.669132713373068 0.629674904656662 5.30742207413329 14.040375445038238 33.60203635704306 0.5092740417206776 0.034061558289418266 0.42797199156345545
193 7.6800957910453755 5.432896268796044 10.889021079727717 2.0070639996211623 8.707907065843537 26.47912984343486 2.7147959533742654 0.4039928794549206 5.63695011179675 15.273089805840605 33.67045518244833 0.5097664747988355 0.029509556360211964 0.42819648283743406
198 7.265119649229292 5.820836420429909 11.359399841065951 1.8295579182119497 9.336601595427897 25.74988715942041 2.740145441228883 0.576547766626584 5.988108300197226 14.194902504059636 32.33870650177061 0.509180008662149 0.035384169392252 0.4276428241142776
185 7.354032133252839 5.660782645978188 10.811809524959987 2.1784310803193105 9.59542371418662 25.335601439719746 3.048183104089578 1.0369612148572107 5.265159009234653 13.50267230794994 31.335666563171348 0.5083113726877935 0.04536127708704232 0.42686965663166654
175 7.886131025174271 5.361946203053525 10.921520807929168 2.1369417489561258 9.76940874877353 25.535281400083424 2.7128655985454397 0.9997112064949895 4.298036861089464 13.06180715123482 32.0514975391038 0.5087262516404532 0.04632786770213935 0.4266780216041426
173 8.050535094873194 5.395130852876935 11.026834464778553 2.0382762516758812 9.361495472609285 25.15256909086306 3.196884689658628 0.7388018620653711 5.221139963238697 15.595237038177501 31.09152364669158 0.5066708038558465 0.05632357831870757 0.4258183674520322
138 7.590943572095818 5.783096303677681 11.15738274089871 2.0297816503078194 9.329270908613513 25.765097635724377 2.6968772568751658 0.3905839871840435 6.113040713662062 14.868136205087264 31.809287095244414 0.508647850983337 0.04487435881038708 0.4263485122523143
139 7.491229243608226 5.785700673197647 10.849125765005306 2.0581008884084118 9.263340182262027 25.59731668077611 3.1477287667388487 0.8870982041853493 5.446644867968341 13.66478114200295 31.845755055601693 0.5085978450833044 0.04052275950253856 0.4271330062149016
140 7.6268357668387186 5.683900611261351 11.024392053270196 2.168421006832834 10.001664509076582 24.793305492596673 3.0398499228143945 0.6585256914378395 5.076135523771916 14.084375204180388 29.49113892517119 0.5059667782432439 0.06593531102045896 0.4247931033351409
164 7.135166256923538 5.878522715285341 10.673849107659812 2.414804220971161 9.531498671034331 25.59746242196527 2.703119716171601 0.8481410448468683 5.291171733768373 12.064845240091966 32.50516180547314 0.5085759679813179 0.04413346208697591 0.426552649361599
148 7.31521130125263 5.795966366824999 10.903056496511962 2.153188746510468 9.14523344731263 26.5097427137692 2.267394174544086 0.8101577954388257 5.82691330942494 13.344007455844515 33.7723582725735 0.5079580128746599 0.050226160540408925 0.4257601697934486
149 7.299238370781063 5.723332236316442 11.200958213386606 1.7624718020578294 8.52621991729592 26.714629464012436 2.6211738611086037 0.6616893789704617 5.684057131201222 14.886867443148871 34.28204607601541 0.5087042253726564 0.0347508528768286 0.42760679178332445
150 7.287469705757737 5.609412748880348 10.952777690799797 2.0623735130141023 9.328820584924117 25.905420489731792 2.733826638809089 0.6237506142999701 5.608330364570223 13.431768820532563 32.86167853080854 0.5078776898866653 0.046183506224092806 0.42678523302617893
174 7.602772652472351 5.6230874780586335 10.905302871476382 2.210811658147499 9.655456086065298 25.90104971108697 2.4378405650439166 0.5320286539537756 5.517038757166617 13.481406652664097 32.209561588183 0.5087624435019177 0.033266667096545695 0.42760539889846677
163 7.897540132147853 5.568112955541295 10.66595800426533 2.3052664829034124 9.441538149679985 25.5640843803958 3.0036596819551935 0.6863315416245744 5.387927459390047 14.265288910067811 30.968807395348822 0.5085538307006218 0.04334268757981774 0.42686767372699913
165 7.300107468380345 5.56746476243311 11.137430272646919 1.8479218906316965 8.79121837974561 26.254230687955847 2.832972115012343 1.3901228074787804 4.057369722648433 13.157085282885541 35.14234104609333 0.5090711243944761 0.026346918824696766 0.42773070734184615
180 7.965767421342315 5.601724405331143 11.05244746952763 2.1162291071800854 9.834923215838733 24.710861983678814 3.3391101036622763 0.9545753905243692 4.061906953608233 13.677343820396734 30.771904838239664 0.5098069023843833 0.0233075894501758 0.4285493843867425
194 7.815216409813616 5.66920061453818 11.195833572896072 1.9074329939807844 9.688921093146604 25.48135812657514 2.8714638181855663 0.9697726105277438 4.722540876933598 13.541926497877348 31.587014989176947 0.5095495912079666 0.03204582849333366 0.42759185546562817
195 7.499173616558524 5.578444026477314 10.86067183466747 2.260450170658334 9.822683415374845 25.7014143389486 2.568874600101339 0.5816004920722099 4.991507835807395 13.093966915922708 31.799185602041906 0.5083444915649425 0.046701330708335674 0.42663433099926745
199 7.93189827428313 5.299818703227849 10.964314804803857 2.139165031194522 9.410921366888003 25.537150905910394 2.844277543282755 0.8632635654980393 4.803869334483375 14.663605471023544 32.1247960425175 0.5079012761201854 0.05258218995610182 0.4259766574992612
200 7.7469905762870575 5.629208992483828 11.218922555758079 1.9219923734861952 9.370720645630684 25.877723205352172 2.700293532534332 0.5325016392585871 5.442638848417317 14.71028933679267 32.202171388449564 0.5093331784484987 0.034598801177560146 0.4277090556163102
206 7.10122488212299 5.842439984333068 11.156789096982799 1.8863013718657706 9.213944303139447 26.498069832923978 2.381883514454365 0.4983972081269802 5.921761982228468 13.534044363913534 33.10489930218938 0.510092695007561 0.020365959721332108 0.4283569135433733
207 7.3723430761644915 5.7624509139604205 10.937119603574047 1.995382565045363 9.31608352175248 25.628717208946025 2.7972025558417104 0.4723719063783642 6.189380862583297 15.227634629663173 31.116607021171898 0.5083625258049236 0.046820233040862365 0.4263760719679759
208 7.510774574689509 5.792844667901064 10.041028850699778 2.782930800694613 10.025731285628904 24.509757220832807 3.2396539585963353 1.008615017585084 4.723436950008833 12.343287863659452 30.20969946869112 0.5074449657727818 0.0604434713583693 0.4246006215576278
209 7.438059841524267 5.856681249268873 11.244248593679673 1.9126328385189568 9.126955639678178 26.09796730613333 2.7336007353825393 0.6199051824592031 5.793653164363822 13.852006103005694 33.0950492712828 0.5081151680985642 0.04432440550006589 0.42740663815966085
244 7.7719582530840885 5.859730148137961 11.172504810155214 2.022877802750927 9.512596942005866 25.89232736864971 2.6213120367744387 0.480630213995864 5.634674687012342 13.876822315028308 31.925145330953338 0.5089253466852289 0.03180808026183183 0.42740751042265573
243 7.866151130125814 5.400893694107948 10.705695760378417 2.1647841124436606 9.295276205248026 25.441476854220184 3.0756878994257284 0.46008327550796657 5.626610217126615 15.01101224514543 31.51811769645053 0.5083673622909334 0.04170377907202509 0.426234866352649
242 7.853904583066211 5.6410726510346345 10.672578941998543 2.3008733526043184 9.702153535924621 24.660633274636528 3.495189681357998 0.7048283287447704 4.720488704227196 14.28222406889775 30.042670478897747 0.5075361735190054 0.06033775067604241 0.4234603694931798
234 7.537554058020213 5.590131913811858 10.709701009466183 2.15359546878053 8.993714774812384 26.058674503953178 2.7336393365170384 0.8132194527091431 5.945778680076604 14.519162406261003 32.65910497349138 0.506687290475341 0.0554131996542763 0.4261601854759969
241 7.529367584280252 5.761723142788483 11.072415966708483 2.182538771477523 9.960711346926718 25.168914239876717 2.8666758862303587 0.599102863647583 5.7484726785166185 14.21839347331027 29.703670874992802 0.5057896652956184 0.0655597325032731 0.4250574541007464
216 7.388260831698194 5.783898949826823 11.012004296330723 1.9885278860626556 9.128559902408893 26.137650668249126 2.5969756187950774 0.5109673431811762 5.8800729301348245 14.605252789883744 32.63683009817219 0.5086972199804448 0.03744736493261036 0.42784278749575455
217 7.706452040464026 5.512833844794879 10.810180310646055 2.244755789527912 9.520235098382893 25.54760529411377 2.8123493776959423 0.9103853509753872 3.7461589260604584 12.839488877152142 32.8480850839318 0.5096417784982984 0.028927239348194068 0.4278944624972857
218 7.688734626971694 5.544210470386269 10.671432883730692 2.3458434484325457 9.614317279370704 24.798880564819207 3.365263109477281 1.0885097877183352 3.800439968627715 13.087288473262989 31.664586562436547 0.507890761005409 0.05320868729817557 0.42517657450110913
233 7.76142073692527 5.230584564872847 10.523478341480208 2.32374798065141 9.337039300769405 25.369797955985312 3.0529354564435107 0.9616284667201147 4.72168006258653 13.79051167173903 32.634233269521275 0.5069496776259258 0.06159331412603925 0.4240533129703585
219 7.540983038421132 5.880241277676889 11.11492849929097 1.9310177290012802 9.280310168207993 25.509382397505338 2.98110712237805 0.7028405287537296 5.189239261430166 13.625871179292332 32.666503788788454 0.5095817236119109 0.031165250847652596 0.4279197802955998
232 7.417490258507403 5.684220244847416 10.998278212174991 1.9571692186720455 9.182417276130806 25.989262240784374 2.784637744425676 1.0171142334823087 4.565994263600449 13.028448327996177 33.428744464648155 0.5088182741506354 0.037819832851399025 0.427201349804856
231 7.772987554742066 5.586555467810268 10.774217635881923 2.150407775241536 9.538311204703147 25.702170317480075 2.7493933863250155 0.7578231820192091 5.11122507612671 14.033002165352142 31.491650433474515 0.5065687587776665 0.06531115431679953 0.4241264924480679
236 7.433131053367353 5.783531426164607 11.080424793396178 2.022018341219028 9.67527790466868 25.928442163598046 2.4378905934591106 0.6616314380866659 5.280964296062564 12.250219585393898 32.934994454579254 0.5094888071139158 0.030234368585921427 0.42809232770708977
237 7.641710901124309 5.6349764814399395 11.395758618729184 1.8422255881037168 9.550688654325773 25.418706095527597 2.9044372788311628 0.7142811494188624 4.999247125367989 14.113532167476668 32.18637825495849 0.5087228357163888 0.04080517330548639 0.42758376410991294
247 7.708241727863441 5.646145354794698 11.20430272673223 1.9316334671334856 9.371493844490272 25.813403249723283 2.7675176113601694 0.9408250227432069 4.419188504128296 13.457916276275194 32.99743003893498 0.5098162987047288 0.020497328772456365 0.4287388495471306
210 7.685745379853107 5.840027179769052 11.077845194692635 1.9837457240888148 9.42454035485492 25.81966769485827 2.7399961811058455 0.7320476084953602 4.901705078101489 13.088495474903004 32.81721743222176 0.5101407011340098 0.017820369148833323 0.42847005714922476
246 7.379736888398209 5.705857918007423 10.640088260288493 2.4252518556081433 9.65630218877691 24.93249576073209 3.232326130047254 0.5354970408126836 5.67447826964303 14.2391723821839 29.733002698230283 0.5069334454543766 0.0625943105002467 0.4236408237923126
245 7.760048647218182 5.948705139867937 11.342068742716215 1.830429061015036 9.220066138951998 26.221684253150567 2.5678931985667486 0.6392915987672847 6.145720198382197 14.418125776704741 31.96539156856524 0.5088249215719836 0.040541022472197895 0.42686803103964954
235 7.84571712147424 5.770583128515591 11.028775164258539 1.9840489527520253 9.344780032528039 26.172223292783087 2.5969423562792504 0.4847698148190608 5.579670950654697 13.88666087498027 32.37542517008384 0.5095798670520676 0.03444522460616192 0.42767960994381726
211 7.6963940851383965 5.541729936892888 10.53388442884786 2.482006263807843 9.6813574889961 25.08779783421982 3.0912582006690137 1.110965765917251 3.8549216972085243 12.378594368191704 32.22065211753685 0.5084201393430817 0.04828095757527849 0.42657468608011173
212 7.643033105280277 5.6518247029204876 11.095541003255201 2.1188657466804255 9.782637857089354 25.63254782705391 2.5383666631198776 0.4681473523615122 5.340402402367457 13.862450479921941 31.54556110121602 0.5081897957151317 0.05076154586554529 0.4263408769549676
220 7.734797692261273 5.6393078140258135 11.217736126430184 1.8349683006688249 8.669940107103214 26.22296206148781 2.841160057038113 0.5811728105423228 5.964982193826733 15.928934421411318 33.27378546162232 0.5091808464940902 0.03570307953811982 0.42754622437680734
221 7.452244319101275 5.778599166153211 10.635575467251234 2.3346820855497903 9.635408792294841 25.653360498906522 2.6561636831963145 0.616090431338645 5.436331530570776 12.921649395597827 31.747899255469036 0.507915969619793 0.05302501926600099 0.42509806429109886
222 7.726257531374916 5.695292181633917 11.03912041530581 2.1266596673779716 9.905874703609701 25.245194901870548 2.741554355737768 0.9021113809441402 4.233503731936056 12.862742899302948 31.856854820857617 0.508663166506153 0.04158491385348297 0.4274274476814903
250 7.584159121897796 5.406793591824692 10.679799015458267 2.529578366277144 9.7637074575604 24.838972545531878 3.1687204066670547 1.2451841498122147 4.181529516022564 13.37996309994604 31.160641980087235 0.5063042785181304 0.07029075377086783 0.42175669549398687
249 7.721240224535795 5.48372498873203 11.064902389410063 2.089750118849673 9.760290618256038 25.366287472215802 2.845714844549621 0.7502085792391147 4.119675442201887 13.197240785074328 31.925374954406003 0.5087050382678112 0.038771832435605724 0.42751715608202323
248 7.611929824707795 5.522828522912575 10.817759392082696 2.3636821927307006 10.100986854909346 24.52662181702273 3.1683808571391197 0.6432836294725627 5.092721455413469 13.797414732446809 29.77596585050565 0.5069397926715183 0.061688422033081294 0.42331209063744807
238 7.673333037477111 5.4391424658753085 11.005234692697211 2.1499151038709674 9.584684150882275 25.412025894977102 2.917965968098641 0.5185836381898173 5.199526159978191 14.430756538958022 31.665193680456298 0.5092652507958465 0.04166173817443366 0.42661045081862714
213 7.724535149508377 5.641251889626196 10.904795024836538 2.221351478281433 9.94150365927094 24.800447571275527 3.2539539145164795 0.9562988850028714 3.448981051048833 12.480329032489216 31.411002318498248 0.5091268842412489 0.041697399214672914 0.426832211986917
214 7.766490065088263 5.532016741266265 11.1551497109443 1.996490178880922 9.827303130646362 25.324932758282774 2.72908990226304 0.876491395945994 4.302373630886779 13.440537900331977 32.113491182097455 0.5083088452035951 0.045613441818213474 0.42678608631038933
215 7.442668934547756 5.633730049053785 10.893865304363349 2.1332125633664125 9.611552591279814 26.49822706974736 2.146171143998387 0.4317329717520333 5.905369946610105 13.264402685224841 32.33128615629686 0.509416460284437 0.037619569038393946 0.4268986061389692
239 7.680977088453161 5.578845853087395 10.89138300386747 2.1266658014876834 9.42727560290817 25.78152726379811 2.7234971299048834 0.6352031629606018 4.8826524176797035 14.098737120251403 32.27473404500966 0.5090661837194547 0.04306756734479617 0.4270805724431108
223 7.745518103127648 5.803439108984826 11.112150661695345 2.1235734829002757 10.182937264146519 25.25238540152231 2.662003789092183 0.7364235107187753 4.371824257553398 12.190368455904446 31.349042938107115 0.509733758379879 0.03118542380861494 0.4278092798362921
240 7.4610159230039015 5.7414924664413 10.657721159015365 2.316475872186862 9.86569147699859 25.479453570101498 2.580350560203313 0.9475487193496467 4.929551975239665 12.487094042925804 31.728512200229346 0.5066613062548435 0.05851502529744736 0.4257179579049528
224 7.721032431957671 5.639519779213826 11.248716681770368 1.9718024979628013 9.748709475402395 25.441816777899646 2.7874743157937583 0.7193842074806684 4.639426205011962 13.308629826873968 32.16686947753606 0.5094143881533614 0.032266047506252456 0.42835843784124744
225 7.390962141827418 5.769510560582568 10.957064143382977 2.027830779424449 9.246198529460646 25.901726054416134 2.6611308633686153 0.6880398345058262 6.240299321545659 14.488405415651835 31.83578582466596 0.5060415309573126 0.06246500568883786 0.42554389902676615
