# timestep 8500
# phase bcc
# id f1 f2 f3 f4 f5 f6 f7 f8 f9 f10 f11 f12 f13 f14
1 7.835487395337539 5.472422868159211 10.84422635000443 2.1884317392114228 9.432308794091973 25.078206527318162 3.311185712486902 0.5733851601928545 5.2233767017865835 15.109696114401553 30.282489319459405 0.5088342980290277 0.045030737139458855 0.4266970342561745
2 7.515112649364339 5.689005349748867 10.726764272058016 2.288386786870903 9.041670460053773 25.460512155454524 3.26040376327393 0.9524632055741532 5.078750860076086 13.793032010477134 32.6925133474907 0.5054889603142724 0.06618534784453467 0.4239659999526674
3 8.002597116124928 5.523779454167961 10.58816458428468 2.3052487097102543 9.589268894629829 25.28595354446853 2.9933830012145397 0.8322364580806978 4.515405398966304 13.488784425883242 31.383518889865826 0.5071388206412524 0.06013854129154314 0.4248700548043707
11 7.541264300948102 5.777121201144141 10.305538351404499 2.3952915905990277 8.750660764670666 25.357559071321205 3.494498577142762 0.8949392692538994 5.228923688061143 14.003352709494289 32.351587807762755 0.5071757202962628 0.055265108725819856 0.42597895369039135
13 7.066757272540429 5.8272216205445675 10.29242069519481 2.450962053335517 8.849869670636092 25.57646992349257 3.272775022957266 0.6938149376072382 6.017128521269033 14.135021086730976 31.91264198760316 0.5036276526127865 0.07972932167530677 0.4218993869834227
26 7.54287834826857 5.710626769782053 10.910859462474855 2.1070377035421934 9.626701520411482 25.43317144145287 2.9786838651134464 1.117983473709325 4.7949861702271805 13.002171253930838 31.82674197388211 0.5090582772758044 0.027486381918607264 0.42715583512090144
28 7.408621777009124 5.637506671023251 10.411626987183716 2.3698736464621577 9.481060587560805 25.159248486881598 3.27019325593911 1.0856072748531918 5.253566051131484 14.066725040727148 30.0258793472952 0.5038141781543569 0.08327442757540028 0.4218917368685138
36 7.4291196845627425 5.849219500708854 10.626322896156895 2.2778848048836484 9.377304847983465 25.653546659233708 3.027734375317821 0.6143301685102156 6.4501963277114625 13.308179330625066 31.343102842871403 0.5066278211341397 0.05939250360905835 0.4253776998551521
38 7.485774695991981 5.979655898235171 10.7459077682151 2.063129735128543 8.985535184229727 26.171871743882253 2.7357659556180787 0.7271134204641675 6.430164432674767 14.214359301161313 32.02992037453651 0.5088866835443164 0.04413992594333716 0.4254969951993787
4 7.2702822354194145 5.535177754560468 10.182781835185933 2.776970181181712 9.758592956402909 24.690938854772536 3.34082398359321 0.701383470273063 5.0588505740244445 13.284299152696983 29.837510145526863 0.5034558078146909 0.08480272768795492 0.42271509263580986
12 7.777023073983573 5.702270340525576 10.804285836995389 2.1543508311103166 9.012899598786037 26.14259453963282 2.6295569395511587 0.3149476079512922 6.919839491202202 15.085851380569633 32.2248332912864 0.5072372466162073 0.048274572690538566 0.4272194415284011
21 7.785009439922818 5.62364968526837 10.640531234075976 2.2357569692544144 9.088228522513614 25.492988352580134 3.3403435093098186 0.5029367275165648 5.417017300630899 14.398137254070514 31.61225936360266 0.5093896775435325 0.026874884518938436 0.4276491358729616
22 7.404258966014258 5.8741861722222986 11.02497365006197 2.001571302345182 9.08763098463052 25.811121185930443 2.930284600803447 0.6062361672862404 5.6691604306022905 13.745052066708054 33.070211485600545 0.5095685953545552 0.021887759024488584 0.4280239807413469
46 7.074864493390003 5.651789227254929 9.949291939517702 3.019217900512978 10.300626466988343 24.3489369999389 3.185722985983754 1.2485196899315583 4.822255752786147 12.109281868773406 28.307262992506203 0.5031235445906023 0.08568665056619655 0.4209345678408308
47 7.800989970590691 5.5401952700639345 10.49056736563026 2.4841911077933663 9.642384317881437 25.313264320316694 3.006352871738417 0.59192943319636 5.402864179293894 14.222476052215207 30.075906580699236 0.508170389594535 0.04617176084301064 0.4259968460879701
14 7.854793610524608 5.697115734571541 11.15860850599181 2.1078602041057297 9.785795872347794 24.474434374538273 3.497245156164062 0.9774917871248117 4.4271058438031 13.98250092236103 30.06977094436564 0.508193564195239 0.0418409215467517 0.42735197326663527
27 7.339284039739839 5.729934735319815 10.849929471204552 2.108309562965118 8.965544899248806 25.90796011079504 2.951534037602417 0.6617282017540279 5.677766602927125 14.590285779447555 32.08115831251631 0.5085950626479138 0.040889313849911395 0.4268871727158262
51 7.539014150794785 5.768807782744103 11.0166950239994 2.10334614434474 9.819280738480668 25.722588902636673 2.658308353569291 0.7762303987321958 4.723201569371717 12.626639236607744 31.74355443609699 0.5093102024468428 0.03803759250803672 0.42649938632934437
52 7.472820709548463 5.847326992506203 10.663865194060085 2.3288736484698656 9.299216571243992 26.30473184213776 2.5574494443070335 0.5947107559358107 6.416861234795506 13.93968743462588 31.39365974184655 0.5075515444907827 0.05652306057334525 0.42400360982277835
56 7.751593966516347 5.5595591299872735 11.017217994794223 2.0226854063932675 9.229676303082794 25.207956281059857 3.441484544916232 0.729675601099412 4.337800842104624 14.095983125680391 32.199836650274605 0.5096826377842032 0.03064298378920691 0.4281463674626507
57 7.611806573601387 5.808165777330545 10.827513503663996 2.053637251123895 8.91605105653633 25.937708115832184 2.9769483273469297 0.6921252718431453 5.379076875454766 14.326782244970978 32.84422394465053 0.5092684966735678 0.03134364041017009 0.4272066230475587
29 7.517992826590503 5.808797519455602 10.877772887351833 2.202166308068995 9.611142365998486 25.232134864328536 3.045818216525357 0.5527781769753942 5.766949621634755 13.64468574560405 31.19359533372832 0.5082025326765884 0.04653859783762865 0.42558621802964036
37 7.179501769586697 6.006867789091065 11.06918915244222 1.963177396159185 9.195702957254042 26.17887808163049 2.65114721110505 0.6605655397251008 6.304866556584778 13.546851595678454 32.30256044749034 0.5081347659377683 0.04117600929956064 0.42740916949633817
61 7.409978732427138 5.695578468512456 10.996765642389494 2.1337028289248217 9.573247501785959 25.761425726919732 2.6881221434197826 0.9308076313441316 4.434549530702587 12.799733918441772 32.66250606432728 0.5075352053387353 0.05584679908227244 0.42504167208149835
62 7.797187863285953 5.493466406669615 11.16822625607412 1.956579763338813 9.315931989980944 25.64269702219554 2.9055573726945827 0.5907403858989181 4.881372761979563 14.618638712053727 32.4412644087265 0.5092068645628238 0.022464947814345694 0.4286919876559292
39 7.302609679370855 5.408045872531252 10.07710421501073 2.586121336501125 9.546352009129484 25.145591174803233 2.903535857446665 1.0247553459877068 5.731134848507241 13.534043719083039 30.94041914393936 0.5050470437188469 0.07554576436950593 0.42269815301055436
126 7.168257467441677 5.710563326671119 11.003824378083431 2.0128858804477883 9.036784166906063 25.89627988581649 2.833279826682811 0.9128801473528663 4.584021794600109 13.108453017732904 34.22840244758591 0.5096187454572663 0.02383851877966981 0.4276526607100184
127 7.722387873672182 5.6718504622965416 10.826962702805046 2.120450767153351 9.159840666607613 25.641081892553636 2.9911826711355705 1.1288531573664415 4.319314378624563 13.555910893043386 33.20886585257044 0.5093137494843197 0.03700529707040298 0.42627503758314533
151 7.471611758195692 5.478090547463091 10.513134004913704 2.5426575068804906 10.163601541530737 24.45475628775095 3.297718105534511 0.7567329455481373 4.748490043608407 13.54147819699937 29.196905096762745 0.5071989064977638 0.05725960498786762 0.424808773195758
152 7.459016369817636 5.668784843334756 11.026297600559255 2.053063180182699 9.304920419191442 26.026177928758752 2.63659377516183 0.5677818618851205 5.432340581434753 14.148434642464554 32.60933585747693 0.5089327994244783 0.03988802908636524 0.42587851944845
66 7.594143663284025 5.590413459008145 11.0118195994629 1.9938439798384013 8.862221233580971 25.857504765822444 2.917198913898625 0.7749841422269519 5.390663972350171 14.596675661990462 33.56300100986357 0.5095500024718144 0.032153824727337355 0.42784656053678305
67 8.051363563248737 5.78430231991754 11.024361365860559 1.9329508912906304 8.770732760624607 26.473614366475232 2.669670521343898 0.6877019855221045 5.28750116788985 14.223683925812288 33.9833711234758 0.5094879970446944 0.02610673572951283 0.4280007593004698
71 7.944908512114072 5.402535966714703 10.949293598964939 2.0966403430096467 9.389933543741483 25.279774530267755 3.2511221453832615 0.5834170203910539 4.871011123362863 14.650817932941454 31.463334675047047 0.5082436093614102 0.04545459606574148 0.42678097855787483
72 7.776097108601813 5.39970796825037 11.13718255686966 1.9684455862447132 9.184694260550728 24.890700676462718 3.5015720661716183 0.7382314700955307 4.673073250108152 14.714036005882692 32.571030989635 0.5093751997899111 0.028904973013588374 0.427400059942192
187 7.307914571711827 5.968725369036311 10.53295528349714 2.2725935541578592 9.49169444828646 26.348897295845493 2.4332528613977717 0.7808659382991379 5.714043505749629 12.286196163329622 31.880482793740097 0.508846367920976 0.03431619219296956 0.42778991113393333
186 7.696261048366816 5.464584307357639 11.218785134677233 1.9950282405589854 9.420749907769483 25.225849334806718 3.1462132584277867 1.0579656618772315 3.9604796335546544 13.879233877339136 32.57393038151006 0.5082575368094419 0.045862180977588526 0.4271340231787126
5 7.653754144164958 5.358599996864479 10.437524775639433 2.3124236665598596 9.109163972222973 25.812391312440283 3.209230101590461 0.7097328945939452 5.507987828873791 14.377866108593599 31.657829155483224 0.5061759447997689 0.0665448704732103 0.42337063597777885
15 7.094013272288069 5.563038328334194 11.082091294397989 2.1848029083451816 9.85531499447882 24.62059012151053 3.3227121752334554 0.7044432241816055 4.872367567573518 13.103871283839934 30.630770549584014 0.5062529283290456 0.06552937089886407 0.4245141958436123
30 8.219316935946054 5.203540625430556 11.242645494108745 1.7240986826452647 8.369527178249445 25.70647807985464 3.6050324182217457 0.9762840237430339 4.305608541360668 16.523700782906843 33.71082463957761 0.5087717029262837 0.044946159857811106 0.42719052180087963
40 7.94522093407397 5.339541850295541 10.450682008504858 2.5537470592216236 9.722579213835777 24.908060947472382 3.213187019660526 1.1898260182532274 3.6721458861615925 12.542986675493305 31.936456754195042 0.5079423734458509 0.04636209688700358 0.4256068297687697
6 7.542772962231247 5.69361796897972 10.984084814341717 2.1627605206537956 10.041067426497285 24.72145072162208 3.1395811933507614 0.5395340694595364 5.308377841149201 13.388531990658715 30.262200135562292 0.507355165415149 0.050607708232085775 0.4263351984777685
7 7.600055560418071 5.710062157327501 10.967455496954338 2.1022634072743998 9.793642046553872 24.865752122191896 3.152424609647207 0.6554905931504988 5.291232937956118 14.385032306404895 29.63668518860991 0.5083245461487497 0.054395144606640945 0.4246168236169039
17 7.787072815617088 5.5484117284468075 11.082779507317023 2.0265755801404186 9.536918201314924 25.736576623433855 2.7340797800005023 0.8753285257017349 5.150930979028947 13.634991590242686 32.098101230483984 0.5077797730929615 0.0441875856865365 0.42579479402132736
32 8.02898544328548 5.388354399436416 10.640381981662625 2.1448140475195707 9.022814812708797 25.150479393903083 3.275680950698241 0.8998571280768699 5.055914532127609 15.833024950157503 31.96889913642579 0.506939293828516 0.04919635283606719 0.42565906033247547
42 7.475325204281589 5.729906322091657 10.797873602250903 2.279659723359513 9.490214414711609 25.62523234953324 2.7454079636409965 1.2067285224368702 4.930420323686485 12.520097879126586 32.49165123472246 0.5070333501821833 0.0538516078812395 0.426102237340555
23 7.638904645701177 5.789447278363376 10.574847617141751 2.452799996534104 10.171456269986423 25.540150403500007 2.4786902766042225 1.1131251600215877 3.8273646439531337 10.423975384844123 32.47114319620369 0.5093810526422471 0.025731319552756884 0.4277332284981583
48 7.521723210946673 5.836935717519201 11.13619004050162 2.168598534393574 10.276657190040911 24.12070822771421 3.4788034741343226 0.6776800195214908 5.096327649171619 13.740325506405979 28.721011784543304 0.5079491160532373 0.04442781044578255 0.42700192351537125
16 7.587688252007453 5.513839379248082 10.765227143891462 2.4656379659355965 10.030861624578732 23.822353494342448 3.6908525727855275 1.6353182324183761 3.4343454797036848 13.24321166390236 29.56544911426911 0.5053927160998473 0.06910126027016689 0.42373691957859067
24 7.345976342299342 5.700248422124728 10.898875604548348 2.223207315027643 9.575108139013853 25.370793868035665 2.985862575383544 0.6037723419776838 5.318738407324398 13.96918088652271 30.583940436736043 0.5070889977897479 0.054576199099105376 0.42534257788976326
49 7.255698099191038 5.635783108185351 11.0369690402933 2.272130502191051 9.869264979245981 24.80525970546969 3.0357210209372623 0.5278817667280612 5.772713357832373 14.637884706326515 30.15066996945136 0.5074424956760512 0.05992726870236643 0.4247130272537857
53 7.671657621498943 5.911616412761999 11.032337914289965 1.976534903893113 9.037739885012073 26.069357694521727 2.7611900964830878 0.7651661396443611 5.330029341498001 13.89004782787646 33.18287390356929 0.5090680435721108 0.041556934076682775 0.4270169316853653
58 7.59313266427898 5.667665233753716 10.397675902819936 2.431994255787615 9.302066452293692 25.470753848856916 3.087693956321596 0.5582800783958861 5.769223628026385 13.592240679039822 31.82608174978024 0.5066439541613853 0.05815917476175172 0.4250857576427737
31 7.3151544154438515 5.8809892960906245 10.831093672781943 2.2060007094521863 9.484132922496565 25.760048963680212 2.699639947413817 0.8987138779878899 5.433052792578875 12.506738276868044 32.48583033206799 0.5086832410470888 0.04618780707883004 0.4269003749286178
54 7.643611784157276 5.661285954380638 11.066192431442916 2.016656327028453 9.217444060668154 26.502414555228448 2.3540545938068207 0.7116252115004034 5.753134385152989 14.314235163975036 32.65774511541843 0.5096238764312713 0.04149928655743721 0.4260174120929557
59 7.86029101084844 5.842555264265996 10.99744227521267 2.033567978716883 9.529802927444432 25.761336377537262 2.6913971032304875 0.48746118131515764 6.434903124488607 14.214814647223168 31.143847263507602 0.5080255769968794 0.04128592574298635 0.4271644373395419
63 7.147174808790353 5.548679725022696 10.761282961338265 2.1210422090322134 9.074826025563494 26.077253282565046 2.8297189070336537 0.8598221414701748 5.665611765387156 13.5528643863966 32.73280047082163 0.5081283665063867 0.04885227175194578 0.42598889096019554
41 8.040883762476994 5.303300740328787 10.755803704662059 2.2701886605906454 9.202783813379343 25.35263526374143 3.092431267802174 0.8964142819038995 4.446473267788544 14.739525614355463 32.7086942066248 0.5073705280569804 0.04347832864201937 0.4266909594834354
64 7.456848168403537 5.341666837390808 10.710177222136377 2.318040047969299 9.501532579921278 25.527551690990855 2.8543523816635243 0.8630040935007003 5.318411289802306 13.408223776644725 32.379189852328096 0.5066736905156379 0.06243533835081433 0.42494734451915506
128 7.758875534539721 5.421282052199454 11.025166290055653 2.0058751295544957 8.950629838331889 26.35461393345145 2.6191579923102206 0.776298987002455 4.546389455518197 13.89014593230771 34.44956588693899 0.509643483023614 0.027952903183041708 0.42810226166124216
153 7.565400416257634 5.634575393021077 11.373228961960232 1.654543505527313 8.857361830938181 26.535558044961885 2.5497438216058486 0.4143307366730551 6.149488219618691 15.898588521097636 32.45009444437918 0.5092906149487726 0.038537831062066694 0.42762536023428876
68 8.07736718484188 5.581425068407474 10.79103785024499 2.034842112206346 8.904837509878398 26.027572992440334 2.9291047591088093 0.524324060726032 5.901466492224356 15.140503616338313 32.38148670785828 0.5079093633207001 0.05240661993018994 0.42542145621388977
73 8.036134229197685 5.49890235026942 10.535071344179203 2.40123543009368 9.691079236858927 24.42718526162343 3.44819880444273 0.810217038231366 4.940290659638376 14.671446312041008 30.077577585078892 0.5063779823400442 0.06536014579605057 0.42407031353366353
188 7.755063316891091 5.88199582530273 11.062382375901137 2.0059005163482233 9.570612472399862 26.33353189543443 2.430239678781243 0.5312539385054966 5.751425104652111 13.641572784194183 31.56694267251601 0.5088432196169422 0.04051363097661836 0.4277013715619316
8 7.745024192101935 5.699246021263724 10.66027630321204 2.1908419349019184 9.823027804320748 25.91210370513624 2.5527220762531684 0.5560892619805999 5.627513674597457 12.659515373152637 30.911222650123467 0.5081033756362388 0.04590739126004038 0.4268665813276486
9 7.7395564720262975 5.912267972575673 11.456669502188614 1.8650244431105039 9.978945984770478 25.233431294098185 2.8985668620528764 0.5017771373266284 5.792194134087758 14.137279481636355 29.96643053847286 0.5088515633651324 0.03438028506893387 0.4279041749954243
10 7.790784101133364 5.677245552751989 11.0355128125964 1.994685270169677 8.89116262194384 25.509617724926137 3.214055357322069 0.4734775563344211 5.669250114459592 15.786864746394643 31.96759671808467 0.5096077757384385 0.034030536036872325 0.42708274511982247
19 7.730474927827894 5.636369867497662 10.626795273149567 2.2893285366295153 9.231363488820135 25.451640128428927 3.1666070789056517 0.7669543905332955 5.086226538985996 13.899616152268543 32.14362712221894 0.5082531063695093 0.045180657853230465 0.4269904702784267
34 6.802736937147343 5.875790751382059 10.626622438129802 2.3793822991688827 9.615747667874995 25.881044972010756 2.5027307128351572 0.7102174772891046 5.875049169135396 12.566314386730124 31.455881351423415 0.5078300861941808 0.04727308456781274 0.42597310555712237
44 7.065667813739877 5.92883207589723 10.7011073045572 2.2666823502021054 9.016491790996366 25.902053398071395 2.8537601681818887 0.8333558605441949 5.352363788579884 12.523735951541926 33.77797584972656 0.5098868922286065 0.024015349194166966 0.42809182432677556
18 7.736199021356462 5.596194379943459 10.841234600902 2.026249377842627 8.884969088555229 26.485541910680222 2.5844656222761406 0.627850250161558 5.98950636988425 14.873143550522979 33.09827237068687 0.5087607837467734 0.034498303221578694 0.42607395888137983
20 7.9536630088016755 5.60731420307518 10.868321226798244 2.068958580975452 9.100860052459469 25.219093550743825 3.325578533523599 0.8311394636278011 5.411388562879163 15.077394334621111 31.462487118450152 0.5079878624924078 0.04410445273280806 0.42655509291487387
25 7.672860179837377 5.412854235635938 10.524915364470743 2.5958030333354767 10.193256123345298 24.332855950122244 3.251070128777794 1.0620811338886478 4.549061058413835 12.819410368048581 29.980833876723842 0.5037603284455905 0.08023443640832173 0.42278386374630866
50 7.5629728225406705 5.640641325220086 10.879188942782479 2.187359995397766 9.380034895520868 25.943407833553135 2.5892276701845507 0.380164833573108 6.0367636665380005 14.433076729154115 31.98548033310107 0.508446414125669 0.043530568345655676 0.424497698344574
33 7.737723363872516 5.3858942096437445 10.582110179322799 2.355929580851686 9.483467257938077 25.275378367960403 3.193199027466893 1.1664810364230978 5.640574743314049 14.313963783359846 30.40123656773813 0.507264575027746 0.05420305412489255 0.4245857634752676
35 7.956278858355939 5.483607342623452 10.491224367686838 2.2641309117310406 9.396738311782478 25.063903686002448 3.2475300045477806 1.006738702282773 4.585472078254692 14.423297583202283 30.97923789339679 0.5049425680297542 0.06847643744339484 0.4240829555117027
55 7.0728872269187235 5.511407199996758 10.067255206493758 2.6335051694408302 10.127889631130309 24.41078472116662 3.369825621027837 1.1211611350315214 5.013701337247897 12.821176013653954 28.333196830130834 0.49954918389079606 0.10402506711066793 0.4174354950486361
60 8.26972165489257 5.5090293347762085 10.903461968667564 2.183400983739202 10.022396046082605 24.784984067564764 3.239804260719279 0.631905565848717 4.491742006616633 13.904549250708852 29.674813155066033 0.5079992141823718 0.04731905074144187 0.42665556635879315
43 7.361122441968941 5.709568389012544 10.94438437527181 2.0507492827829354 9.121419763052211 25.664842936306602 3.0546708649867274 0.925765881773419 5.991940636446261 14.52313823201704 31.78095655460985 0.5080404855467261 0.052457111610368465 0.4263055070813645
45 7.5793061264004145 5.716768354160289 10.803945283805211 2.2572391470441793 9.51366189237667 25.74912487401767 2.7167123768470867 1.0862765983827907 4.629530037519551 12.554565350734249 32.540063793286585 0.5071220400724457 0.05304108393954292 0.42522706088553264
65 8.022637849806145 5.484287638252956 11.326996984265955 1.8231050246504017 9.250548742647645 25.31001195403488 3.1962571570941134 1.3041000651364438 3.781471765264779 14.195586492513181 32.989558241225055 0.5093972688026721 0.030049664934570248 0.42812264426101004
129 7.108385664896295 5.844363674089876 11.205286240231105 1.790177360996981 8.997532805442164 26.9194092440136 2.2462025198240876 0.6607912151953167 6.021302234251472 13.45210151271557 33.73776135766092 0.5092504948947528 0.026850993924173543 0.4285189959055494
130 7.552551066593052 5.632308421945171 10.921263014417564 2.2116397239092525 9.839201124968943 24.5669958607775 3.3297369453375163 0.8887210136369224 3.906368096459513 13.215798183596451 31.1990793166521 0.508187127626903 0.034310189743977516 0.42850190652876397
154 7.454339844932785 5.853336979999089 11.18777854919112 2.065620312703356 9.834212463638977 25.597485832275627 2.623767043072528 0.6534877395337865 5.719950064303231 13.830552535509359 31.06367303030252 0.5075979518709027 0.0530338968489711 0.42624186432168415
155 7.653884791446204 5.5011498095395135 10.772115868156414 2.3931741517789864 10.507516662274579 24.48563480850993 2.9060606800452353 0.6676856282538 4.163794796758809 12.563562354874117 29.959880201264493 0.5074931269239734 0.0533232706795663 0.4251715779116157
69 7.096680735787098 5.754591504826858 10.79452538693753 2.1233628501871404 9.12259769590511 25.66674787341715 3.015198534327254 1.01399212738726 5.544009031342595 13.629846961613408 32.45279489006595 0.5087668985923798 0.04379626449399687 0.4266365531841653
70 7.288721122657945 5.776695708053866 10.992926894732479 2.0347033063667723 9.499589439543424 25.559255660636353 2.9325859099526452 0.6959290210675888 4.985957407481334 13.064565835774395 32.095286549739534 0.5096230216245294 0.03264528408803259 0.42768032801832295
190 7.441574708788038 5.452749652156454 10.766024427971436 2.2181886116683334 9.644381028035987 25.568853330148087 2.824978349227033 0.9305883510006462 5.07684426906005 13.592685637136183 31.477279410386345 0.5066592059538362 0.06715536267151563 0.4236306537059463
74 7.52044948474295 5.660844510942509 10.78374237506394 2.4197998629154607 9.731941777487613 25.08731412590055 2.9700960600919397 0.8713504723123688 4.667846654474527 12.733983975461744 32.24577682091171 0.5085447988541624 0.04154218097086526 0.42720559061027824
189 7.469538983100667 5.751332234238044 11.006219436060848 2.1622916775620977 10.023814502860812 25.356322782566895 2.715620998160412 1.0408532938535098 4.528198667430663 12.213023149917797 31.39385879632977 0.5093461438734003 0.03874402647291904 0.4270442133629611
75 7.764926745827525 5.512656168238804 10.737814379734566 2.4425316375611974 10.061249423832628 24.89060213577012 2.9799704597429058 0.5708857845591613 5.13424660457548 13.60339668282903 30.10662278541715 0.5071150034250731 0.057268419943786286 0.4254130223460705
76 7.7657869570744165 5.322928969028641 10.836389031689269 2.0207733191782102 8.787108090694847 26.644256935046595 2.5688159558105315 0.6914926413457871 5.579411286240452 14.371423622852427 34.24465850318999 0.5094747129684551 0.02473929194139194 0.42823407529306656
77 7.8458043605139185 5.915402833725947 11.025096486223646 2.0340704422451936 9.075151042380835 25.516408841771486 3.0954078070041056 0.44948400688277435 6.395686683866712 14.607886344519908 32.06452604482738 0.5076692535788291 0.05186391856094999 0.42582826546761227
78 7.8274512719414275 5.703655387654668 10.840007243837347 2.0519612428750493 9.218503225786865 25.64452918379947 3.0215768469476063 0.44437215455316714 6.4364592386079265 14.82732061990828 31.30151381696716 0.509922308888157 0.024319514069632574 0.4284534853567711
86 7.321810697994753 5.601111155549271 10.07631106420642 2.812081283271514 9.331478686380562 25.262223622833417 2.992229079223617 1.0489096462350498 4.996648992990442 12.81935212587867 32.311355017641226 0.5043828564476021 0.07942566199430247 0.422294481440868
88 7.718022084596978 5.6919647638805015 10.56968800018809 2.369284480635158 9.403135617542311 25.194415489154366 3.4256279839547408 0.7923508823001219 4.606684823875287 13.081696802685059 31.506199240534727 0.5084514135119066 0.04449154025994779 0.4260885961198413
79 7.971651496288575 5.709022987319239 10.604356660998839 2.128134336232011 8.997821904487342 25.853693431595875 2.9990520653820276 0.5036215631684539 5.890367975523988 14.877970302633493 31.79496656412531 0.5088829883058485 0.04003727824853714 0.42689800230314806
227 7.788197458121144 5.613304638667381 11.00143949738554 2.1071685059956984 9.434510323670237 25.76707312825696 2.6481475675418267 0.6417944226926143 4.968363973988044 13.581216748062129 32.95214221898997 0.5098323790113187 0.03219328365679903 0.42773271681604647
226 7.555381965944774 5.631859834376393 10.862288210568295 2.1032168701076364 9.19819114529437 25.653677009422804 2.960002536037034 0.6061192059878527 5.492823002188269 14.46361847451162 32.09480357552652 0.5055260021004597 0.0700464474555455 0.4242778631845383
87 7.867010319125669 5.6777244307118275 10.465116769410722 2.291606861554327 8.970680778776192 26.127563352008828 2.856120841289517 1.0279232725985068 5.407639084287201 13.439017835568333 33.082379013843855 0.5072537686173874 0.05511236938415591 0.42507695484599267
96 7.126727068740699 5.609034773602695 11.272467307123627 1.9082983421460284 9.577041266801922 25.733400114495158 2.6066991391936405 0.3834108966235353 6.512108897539499 13.403747752480133 32.48827501725428 0.509548471467344 0.030521263989021823 0.4282390366793063
97 7.7009822727896 5.474886570296913 10.500421931713715 2.607877954524994 10.090263718305723 24.1533727693038 3.561705893908491 0.9036498452332473 5.137814903194745 14.195031543465497 27.998144445426306 0.5032184028219562 0.08413801970869847 0.42246021047838694
89 6.890124561037073 5.60713814835665 10.402444645245568 2.4097029370665326 8.77273117144385 25.76081818352752 3.2793173108807014 0.8874583726702996 5.021510412838051 12.955266839391145 33.30994352184001 0.5061348424938098 0.06694632818459935 0.4237428357529151
202 7.299954269161385 5.803302840167363 10.990601176867985 2.0460777023271444 9.36760697599706 25.296483648967726 3.153331354559052 0.6471925313199122 5.478553351214278 13.08362746670244 32.419955564450106 0.5094621499671272 0.01663123234087961 0.4288604375780605
201 8.060401815740509 5.413517523064582 10.564634942615152 2.2542576281840474 9.494395264021593 25.01596317629646 3.333762582828528 0.8782693092860222 4.910778534382368 14.766116183996981 30.26715021616281 0.5052973228896358 0.06848090794553473 0.42452472546037867
101 7.412722784323328 5.625211696159545 10.587420863994923 2.3524404959220466 9.147669266382067 25.326161397419686 3.2581714330845695 1.0281136603340646 5.929978809289196 14.392607186881316 31.273800244104372 0.5040738043118508 0.0836496015704669 0.4206466770556921
102 7.294849636275522 5.960562626191194 10.451919366810417 2.3723019497528046 9.064185260370431 26.129808913401423 2.8645280174792704 0.6771852528561917 5.432501943827091 12.322493655483793 33.011088039919024 0.5096239685588609 0.02261456775004447 0.4280840688313
103 7.7385703321838255 5.926492172453983 10.972101317423794 1.9352395361883674 8.63555931743462 26.477340818089186 2.7093356395389447 0.8229862573752967 6.11070787804537 14.5738510481854 33.844567063655255 0.5094130111345491 0.03636460128172264 0.4260074610248243
111 7.94529004569514 5.780774214472534 11.045139402839053 2.141018860286224 9.233229468636743 25.072964416601568 3.3285655591214742 0.701302031028206 5.47688045563068 14.283060010242334 32.122467050067705 0.5078987708543503 0.05568635427350713 0.4241970913192821
113 7.510675442729749 5.6937300156172395 10.325613401374548 2.5488873795684888 9.20327362382832 25.028469496685524 3.431117830189409 0.5831390504694026 5.769738811637296 14.347088712448427 30.35906840383452 0.507415117788318 0.057711068109826485 0.42481167305159895
104 7.525974172025953 5.753629668404279 11.231993651912232 1.7995428045820325 8.681297505880886 26.102152024780448 3.100052911868887 0.5925327840264845 5.826872208580065 15.198877027915147 32.90939567449532 0.5096079529554531 0.019851075050255095 0.4272379627021289
112 7.7359972652661675 5.802793861121667 10.946586832855257 2.0044405556755547 8.748662030539041 26.072242642318386 3.0070065275575337 0.47535827405822834 6.2668626278851365 15.062506193626684 32.68334779422648 0.5080723386431603 0.04469628355505766 0.4268342623479793
121 7.3788008805012355 5.764585540134285 9.934737564825552 2.7363112857601974 9.631861102301155 25.781729717686463 2.8162249973769717 0.60554391541444 5.662680991024411 11.9519907305608 30.843305580849826 0.5052681533196163 0.07574862585899392 0.4216079613425391
122 7.587117120471349 5.641366199363338 10.910885181517864 1.9950251878521932 8.814834674530863 25.97131046169313 3.021443911707393 0.5856937740398722 5.826664694426938 14.854114287461591 32.801748846664886 0.5079041096938938 0.04909808692437261 0.4256408155386457
114 7.799196008114092 5.598172565017826 10.814970135103048 2.0195540419113303 8.979045418072438 25.850800972680695 3.101485952805493 0.5958945496862555 5.368381700284478 14.97709289953912 32.12256273146029 0.508365974291277 0.03829732979630337 0.4273487150145121
80 7.4668819385266145 5.770737392419214 10.680767032715643 2.2994035354056894 9.67006039122662 25.29451714595358 3.0504568194935464 0.669721314603014 5.1030326686532295 12.41289960118822 31.88799632561792 0.509753718764183 0.023434575625743543 0.4283319274959234
90 7.283498434326951 5.863338011422689 10.660472182784906 2.1174436063764497 8.8267419757124 25.64809375904185 3.285049744198769 0.7782679243811655 5.31542868980457 13.54317163602294 33.08669914537839 0.5080824761057903 0.04432889964751021 0.42739996582475703
228 7.627033203821963 5.872327775470305 10.902246654284674 2.2295259380168058 9.839203318719777 25.33352236669404 2.6626708347437202 0.45314231816164185 5.823024682995114 13.763177645845246 30.740365083766246 0.5067753880938386 0.06075011432098324 0.42506691684141085
81 8.019954223434857 5.550293248828308 11.04112482679302 1.995653270825449 9.654847898725757 25.84515697805865 2.6315140514665285 0.6775565536709424 5.099932880136777 13.891735705666258 31.327760471382284 0.5080049267349468 0.04683625080612719 0.42630741697213165
82 7.417433129909004 5.689613783883639 10.852372218311519 2.133667264653718 9.624947732905046 24.95085761249119 3.2315699438466328 0.9202949369107252 4.668260903613394 13.42321011025506 31.227693298773556 0.5083930378439444 0.04288547989332051 0.4274074264587509
92 7.509198550267867 5.824108801740207 10.860849441202356 2.2010119488523863 9.528731665420032 26.452052876313758 2.4477881477892405 0.5958666229013062 5.27723684268753 12.521106891502077 32.347261676520915 0.5083380939739259 0.040209344559857696 0.4279381987076024
98 8.13708047283756 5.465647694994004 10.95692531733505 2.280912301907432 9.786813829906711 25.087043429110526 2.835663943979824 0.6893546848112259 4.577257793369619 13.974908283153457 31.569872305012925 0.5082158379704289 0.04679687580810022 0.4266259267400419
203 7.792664671626497 5.824689740435553 10.86128452058947 2.2050656754892186 9.979109420806656 25.526146200096225 2.6181665177655544 0.7014992119461183 5.247172487710408 12.48904153234153 31.26057033001692 0.5094281350742798 0.022061624839733392 0.4277376209294425
91 7.240594579714323 5.733022668495201 10.839302184441927 2.335867797942312 9.651797324236316 25.28425392054043 2.9342485723754494 0.6292000054885476 5.484252112501571 13.43869541627895 31.384385632066586 0.5059961444359758 0.06601290100595798 0.42429155616431535
99 7.6283462608652055 5.650448441111864 11.058887771836975 2.0323842663656584 9.588042159957709 25.141828626570632 3.1624849009188765 1.1252206871336505 4.741165424397831 13.705379667418386 31.15044069662381 0.5093175385715297 0.03509655582163883 0.42742749481153447
105 7.215291518848595 5.895299809247864 10.584077021083699 2.4194699540088123 9.939632618579948 25.007927691679203 2.9686388083253346 1.0062764133013986 4.548619888066418 11.550319242573885 31.324531194215616 0.5083660334539662 0.04770595723207735 0.425750557560929
115 7.646249458726903 5.529265679414052 11.17361403702215 2.005147190590559 9.272012142204263 25.54123327015035 2.983949216258176 0.3999867322707041 5.708717390286043 15.334757117765767 31.793107809281516 0.5086313397827895 0.03888620388872379 0.42681999893631467
106 7.474850094822925 5.527452362945748 10.87949163544555 2.0441321152004535 9.192566188959308 26.15295015377878 2.7839997617186434 1.0197201551748174 4.840736878002927 13.219456940120052 33.0264286155258 0.5070405227964744 0.05706273526145142 0.42517054624212547
107 7.578447628508545 5.516662754848863 10.742934335930414 2.325985405204005 9.940492656400863 24.972643502233304 2.968218480957118 0.8201632395990333 3.880766736932777 12.2001800966837 32.01047408141316 0.5085517237310556 0.03271524665693034 0.4276624941243355
117 7.388348250816661 5.601316967091043 11.03457083134537 2.111008813791272 9.930430792894748 25.224600605198646 2.788299242046152 0.8900102221167753 4.60010012350299 13.271308713506965 30.330531570147386 0.5073223042794992 0.051273967293826425 0.4263862217418115
123 7.806504297732873 5.629604602532398 10.695940340357934 2.0310747627669725 9.006738156489597 25.693702412863473 3.1516210227180017 0.5400079657572645 5.571789579707884 15.292421658779809 31.317139914146654 0.5084884664587868 0.04383443467634709 0.4267999288694499
116 7.481366324513675 5.761181560382591 11.197275937308996 1.8784962116124886 9.209236052090892 26.245608823800655 2.6075920523129223 0.6114668774271672 5.610961663210144 13.97329145616022 32.87196146543019 0.5089799999353068 0.02638980849828915 0.4272517562440759
124 7.285495255875719 5.749763992675494 11.14538467412635 1.8432350412239384 8.748451549230483 26.40958826674471 2.776168287813036 0.6923037263090953 5.436212915322626 14.410430295668263 33.797837159683866 0.5078103496289387 0.04202873427193048 0.4265038022968641
229 7.647761433473936 5.365004218970137 10.354227283196332 2.7625417960095358 10.303224326628596 24.375281670804398 2.977858169675184 1.0322951799873203 4.879809261292672 13.307080280021532 29.537751472259732 0.50135349592823 0.09171189339187703 0.42087969923271557
230 7.303918336259927 5.796458577013657 11.079163816846997 2.0388092966186155 9.405983078770262 25.45775141516658 2.9360952050059117 0.8448577504863399 4.850553270909364 13.476685152566462 31.911257239689192 0.5059406464793323 0.07375574729364119 0.4224523218212594
83 7.681581774058181 5.422539799789294 11.068537636850929 2.1310119017349076 9.926604096477819 25.354792060105645 2.741663981318372 0.6725916181777574 4.2842785137564 12.910667498465417 32.243794307865876 0.5097317751428874 0.01807023309853053 0.42806527770451724
84 8.04200525051176 5.329624235448575 11.186519453084244 1.9275433576163215 9.197690990308342 25.760455222912572 2.8692597028122164 0.6181277829779858 4.606453117433746 15.031591166514668 32.92782902917426 0.50945196949082 0.032181929961490684 0.4278115149756138
85 7.492938996716829 5.828242942229112 10.724739526175021 2.3138370031347177 9.887083781976274 25.245658635520062 2.852743556620277 0.2780855954359095 6.18620401157403 13.960233666365932 29.534204737398486 0.5085455412748723 0.04250526740553176 0.4275028560893644
94 7.75458366381923 5.72522813967764 11.344650531304053 1.630471147926912 8.879855440011736 25.914536431751092 3.0467928050618354 0.7731191038091062 4.985867215033934 15.201721194678107 32.89861098574694 0.5090459656708228 0.02527369598548572 0.42840822309987797
205 7.826771339880855 5.400166342703772 11.061806110990519 2.00413333094075 8.926737887754614 25.391687884607986 3.1972057608272695 0.5242084520821336 5.430594483683175 16.50334692472553 31.727946917617782 0.5049950135352775 0.07354001577964847 0.4222901847061344
204 8.0324069843861 5.076816783309326 10.603940693079537 2.272947971018773 9.500788880458181 25.08479278772659 3.19565128704911 0.9765812573547065 3.788738875614879 13.844199687669803 32.23007184949215 0.5075147022736707 0.05902126831140691 0.4248325691437045
93 7.184220662972347 5.417395847368929 10.560256189184937 2.4136558031196125 9.91298503763661 24.83528847011798 3.199954944593158 0.9917931485614655 4.817977853721014 13.424735260538732 29.848772013430466 0.5048632894679373 0.0772036002477996 0.42177652731109777
95 7.561591910782914 5.713197287647204 11.050709012201276 1.909806366091773 8.92299696911243 26.693324811244036 2.463306771269409 0.7107572823619929 5.986547972243111 14.007248605244895 33.35006549710997 0.5086185151718381 0.030717684606996108 0.4282549168770204
100 7.714929278963599 5.406469888551071 10.901188970573845 2.29648566369689 9.675546738201717 25.54189257274846 2.6933949596389715 0.5408394067709478 5.236615345197516 14.093954581029672 31.59320010731231 0.5089737890979179 0.033747704392199165 0.4276366004834284
108 7.207871187006714 5.362490420250622 10.89711878948765 2.3247073240067007 9.742120361278491 24.679446635187695 3.2971974675344002 1.3455055762174433 4.437192146780921 13.076031208712898 31.458971923541515 0.5071437928132623 0.05710128120696376 0.42511473345564604
109 7.519182063635263 5.503684265686653 10.94691019233444 1.993624022937209 8.877467090631452 26.748304974998256 2.481256838800566 1.251955079078195 4.5064848813623914 13.074326212031568 34.89590849927028 0.5086961207985299 0.04693382389479341 0.42675796544566263
110 7.499935819138203 5.757173689662051 10.913427803588133 2.040873724527941 8.808074132082583 25.000836944240955 3.7733179934192886 0.9656018136281297 4.439879721990386 14.218749446689289 33.06273797312511 0.5094112591071466 0.018074395976873915 0.4276451472132728
119 7.488106573551779 5.5921192046211186 11.0957998939994 2.0136529629745827 9.396747961167637 25.31179904549832 3.1470631786983017 0.5218471477213794 5.29275491680491 14.951527233411962 30.66464600285374 0.5077060811915138 0.050257610832333766 0.4248527938028134
118 7.268632977941104 5.663005198478925 11.052082647856144 2.1385683063246463 9.754918188900106 25.160299995912776 2.9344851647380623 0.7513368796148125 5.266946435773277 13.63839279341584 30.656197735898637 0.5076044303053321 0.05265579824804505 0.4243982430869994
120 7.4908216259097085 5.788570837623691 10.431706663394323 2.5006614682165464 9.536685540581683 25.308655608514925 2.8711852188521 0.7466868236654439 5.678102160699616 13.194630208263806 31.207824343139652 0.5062965859814117 0.06288103282461162 0.4243560938684375
125 7.137032938917514 5.472058913953096 10.623823809773981 2.6562957976430783 10.232208602164429 24.499194604667487 2.960086698513488 0.9865198113647076 4.850631384833719 12.250521459625274 30.43549525384251 0.5038676850173113 0.08263428495400539 0.42074211326263317
131 7.865319181218895 5.536080408317011 11.10273736462585 2.0300060856596422 10.15542171217122 24.699014984182423 3.242660379531115 0.7811662151377058 4.2114978449848195 13.476339736093124 29.680865442584867 0.509632212169919 0.03647155357388109 0.427745713480499
132 7.749259744113805 5.732129397834064 11.224215186278405 2.0531087060634503 9.92892213284728 25.242308678905435 2.7081569740552225 0.5676051527926487 5.0031732342476065 13.721824031372815 31.326254346127044 0.5091942037127409 0.033549859733697056 0.4273597341969614
133 7.5702266327093355 5.7765380362721555 10.963658183619094 2.026960816732031 9.434727324742408 25.861889707467718 2.9173277182125568 0.4596537115591707 5.857817777149752 14.287535297668871 30.95146689939192 0.5089097672890817 0.04193758983654135 0.42713270273930537
156 7.4186951854529015 5.5381331149004245 10.498637024481472 2.3826932754795638 9.765112618588256 25.21966398564803 2.8751710942604882 1.0365712893001229 4.410404179166453 13.80596472246146 30.572038706070472 0.5056108210132966 0.07365170341239823 0.42268135278938107
158 7.67920175997406 5.688675769308971 10.795550829397875 2.1655825161953834 9.531713275001522 25.998442699266175 2.6097599602431094 0.8814597427226019 4.551699332062709 12.884795374162465 32.4045425377318 0.5093606815968765 0.030373935948750444 0.4273357239995621
134 7.822293089797964 5.666210483801271 11.16909930114426 1.920422818558986 9.067517321207342 25.546103281706028 3.230774531958945 0.43858884432103784 6.097816703718115 15.983200118771407 30.679157954027723 0.5075852692134303 0.05602413839158904 0.4255865911294469
141 7.668035996837849 5.743994441386098 11.169836377404865 1.8525313943967376 9.264540769148429 25.679065207634643 2.8813186785980336 1.04390910573878 4.46851979862124 13.866705180852257 32.89161721785984 0.509475825966114 0.022846687546266283 0.4279036003894886
142 7.578077026061696 5.592383405034668 10.416055482505172 2.6162326957112585 10.046626667412113 24.9949030234118 2.8344660367551664 0.8337994923411689 4.8933184919292785 12.62475566956918 30.801332793033154 0.5066957813202565 0.05983004896029625 0.4250478995743359
143 7.188543790328696 5.85244198219379 10.500131147252914 2.3443079504904047 9.189647771471337 26.14412832741426 2.701527593816989 0.9174083225030302 5.9267298597377644 12.817844218501294 32.32533621169439 0.505859411882075 0.06838055636762293 0.42407027580978496
166 7.6610870782601195 5.438795560428793 10.993397760736745 2.069160924124397 9.695305850309294 25.342028183813582 3.0766967260011824 0.8792252544190081 4.038105833929593 13.589907902480313 31.313429233500944 0.5090934961800223 0.03897105440413837 0.4270563912387731
168 7.571581107389007 5.7362430072135275 11.238659684895088 1.8445233950513247 9.201884730964265 25.725872780831008 2.9388672019920183 0.8017541261721366 5.347569658192878 13.809931613318732 32.90210227366744 0.5093271254751162 0.03659884808644381 0.4266459396370597
144 7.672358468638128 5.718567930350151 11.025887559630124 2.0671592944531274 9.432059704696197 25.967671509395892 2.6361668193207666 0.730013721132992 4.90253924868265 12.793044861873216 33.136802814014324 0.5089974220122967 0.03114909488871913 0.42840522363728384
157 7.5406257611991725 5.808078468939076 11.011271082612048 2.173997441504686 10.080367058097893 25.431229200102702 2.498735669102123 0.6339540343384197 4.75133316503395 12.460367323667832 31.48740696000475 0.5096128633920727 0.02684082090970603 0.4280349593308293
176 7.562431537415255 5.486581534348137 11.109508931695748 1.9045011859145224 9.336110240196543 25.780666488323785 2.8634174455963883 0.6107454414275879 5.374975273181708 14.993314555148569 31.53207699151086 0.5086085533688107 0.042174797147733964 0.4268266088627083
177 7.5146639715063195 5.871714570436656 11.1643652340785 1.9174575040176913 9.50556023864755 25.710383066808657 2.8664866160406635 0.9238456264638962 4.987984557470869 13.079892014319803 31.97741713685024 0.5089983837781492 0.03394292846517191 0.42790833945274465
169 7.411045152451377 5.803443504226632 10.866932200513286 2.079285435634421 9.28620690249534 25.550595735344917 3.0372987820430084 0.4328823502842397 5.82481259478096 14.052606506566315 31.79529760633869 0.5092724344346742 0.023189732195820413 0.428482756358287
159 7.709210086702755 5.715255562975331 11.035063065291155 2.1196976300146977 9.570361694854881 25.671414495725955 2.690478612823793 0.9681832714186579 4.55537598800012 12.921275649106748 32.737909060709214 0.5086473199180684 0.04098049451561492 0.42677556357949553
182 7.756254205699418 5.80067014305487 11.137339901019054 1.9742594000001312 9.471815847710989 26.1724618185081 2.4719765273243537 0.9138440317543138 5.281308694457985 13.32630369627609 32.57087283366496 0.5096258028682706 0.030562498132177384 0.42775002216184094
181 7.850310654441857 5.6124070159531625 10.626686016257441 2.2242284802778536 9.667535043911846 25.2624987687564 2.9776953770919232 0.74610429053594 5.13551348065535 14.451632259561348 30.568600193681146 0.5069825279901911 0.06270989293891234 0.42476430732497594
167 7.642064932136785 5.560682281664724 11.005376650149946 2.0653677273437765 9.327753542538366 25.192982969857784 3.310937829306506 1.1099458474833044 3.6312223472704415 13.361546668032727 32.74813280591533 0.5091950093292523 0.027046774496024016 0.427906918224505
191 7.872834910014152 5.652492205253478 11.20407996133577 2.1083223257832207 10.149437392618442 24.83303118048137 2.8199214566794097 0.4285434127299963 5.131104282157657 13.980784225470341 30.44190777997075 0.5097560827513676 0.032208943447749265 0.4282376544723568
192 7.5686751399971826 5.7942629966637895 11.01405825004113 2.1716563532266795 10.11297850554835 25.25042734422607 2.6352387151825734 0.6269855667584773 5.072543364281814 12.82225698733103 30.8193783100875 0.5095484048179971 0.030857598463355316 0.4276441996330743
196 7.508325371280123 5.644646861275536 10.963529160885809 2.1805089148330845 9.483148491800401 24.546617015804326 3.455853653077039 0.9900192964869279 4.608359379387049 14.27915254743794 31.629227088711882 0.5087163398118504 0.04486259152675542 0.4269410178244245
197 7.543495222091601 5.775002630141745 11.232364956308496 1.8902894188621293 9.143005065555116 26.19529265442175 2.608265441950346 0.6152160917419838 5.373074090850375 13.664542586753631 33.64704566922024 0.5099129037312726 0.021084886058155748 0.42882444970896805
135 7.56902869750457 5.639913698704083 10.657117115856382 2.347407413692642 9.357156154954522 25.37187927172797 3.071739280914214 0.559546404928025 5.353097522571209 13.671241639860998 32.12872614494096 0.5081637038337274 0.04112687176370858 0.42719135835361327
160 7.463648163045104 5.768057182209684 10.949470129208226 2.178116807643555 9.895886455141348 25.06446056304797 2.954696355710738 0.8277458172910521 4.870007153606296 13.024542090054144 31.06610010881749 0.5080632857935291 0.05063890335084147 0.4259681188281041
184 7.364574501690295 5.687417579750868 10.532513051201775 2.375521139518008 10.126010148200557 25.094513868343363 2.8263533395691325 1.063029064678016 4.119050960884206 12.095563938188908 30.59739676474129 0.5052286748399007 0.07515048169666323 0.42261678045928636
136 7.574113729824938 5.640026519126093 11.042008864742067 2.111228704760844 9.591429063656694 24.829735138748365 3.38735599218921 1.0703956345755368 5.126545701937053 14.541702759098476 29.941389847677637 0.5068593964950915 0.05553923773735053 0.42591370050094923
137 7.752591229069851 5.461242120095632 10.878623087544614 2.149914430119807 9.686687026016322 24.094760052349287 3.8886641105336968 0.8487746908203518 4.474933096964887 14.636752448828455 29.98302516995172 0.508094077466151 0.05398411654955708 0.4246613283995789
162 7.450762784004986 5.65339975886152 11.0593144802699 2.255250378067861 10.245204831533002 25.451096234255562 2.371726165761947 0.8264859308544894 4.745389388660838 11.966102324840996 31.479016294584003 0.5078389887586994 0.05132345080124576 0.4253752596715367
171 6.962270806550297 5.875895575639148 11.099426437156112 2.0806461288501032 10.075088875527337 25.129384839106464 2.766768969265178 0.43720368355492356 5.81519785677588 12.632681334498583 30.573367500590102 0.5085113712929529 0.03620814866437698 0.4279458096330865
145 7.190941370534337 6.0235890911877785 10.870108771918412 2.0389438938445545 9.1846633620764 26.80194972572706 2.182601253599763 0.574881316358217 6.45619200042964 12.265948841246402 33.802655129350995 0.5099355098970405 0.02531183089178244 0.4266229273999641
170 7.55186801700372 5.581849569233325 9.656845047483705 2.843063987500496 9.756569760957268 24.91263544816654 3.382684790761618 0.9662723995426414 5.698174865858395 13.91065257838867 27.859060395698844 0.5025415379669204 0.09052148505303875 0.41897811759138004
146 7.1820012945881775 5.778775181618897 10.634770070302867 2.2344674463773115 9.551952562114025 25.858795706744786 2.615599904759975 0.6747452404132396 5.753120215115123 12.886065684139927 32.12184731720479 0.5074383857789599 0.04762509147403367 0.42741446054820004
147 7.593743331039165 5.484021462048556 10.453615079761564 2.668064253701211 9.783666293747514 25.4016588891567 2.730890486143618 0.9239538308181613 4.461610771207112 12.90048897006261 31.67486473805974 0.5084904928155762 0.04564566001408121 0.42597833937563456
172 7.577774590506909 5.432230271446074 10.351609699047978 2.527559328004289 10.32754821633285 24.374491360762242 3.353232264626005 0.964531753205203 4.153008191608691 12.945046128018594 28.072197708041926 0.5047067235659765 0.0760567070932319 0.4210813169214666
183 7.655066525527469 5.618833409522694 10.966810740993232 2.092568978703175 9.333798107922245 25.908400444104146 2.63726785602691 0.7839519092717405 5.033308808679461 14.189191710674553 32.43819845647376 0.5087890456747749 0.0480187853491377 0.42526210757412064
178 7.435649305729551 5.69631972983199 11.0144616912649 2.10783064802285 9.686946786927932 25.822819090187966 2.660248956785122 0.4371655724646052 5.652578197262973 13.729759183117517 31.191542256946047 0.5094767568728563 0.03561393754959966 0.42647629949831684
161 7.4098479724229405 5.55303920554849 10.870675814074902 2.2540627216241864 9.91755757652786 25.1729322244669 2.782174412239072 1.2906618438790767 3.798094299263732 12.286224115472082 31.800311093341893 0.5063708637923017 0.052451215559637034 0.4249742495723508
179 7.459151454421169 5.647872223160304 10.754133384702667 2.230795118653914 9.644384261909066 25.280235595786024 2.917932383563795 0.9483272175800972 4.615406426251958 13.280686964462014 31.720369768377278 0.5088712641436691 0.04174588247851592 0.42588477256902474
193 7.618992158805895 5.421769935696953 11.406130241273697 1.7542203057726844 9.037700184742867 25.788903763886044 3.009638921729341 0.40510373466103267 5.5556462219653815 16.154821578502894 32.02593617770032 0.5097391787236829 0.024568613013710085 0.42827158776652113
198 7.679172610748012 5.632741864137882 11.294274671478062 1.9081782602448036 9.563523970723498 25.94112107125941 2.5273911339283903 0.7371517932728496 5.361212228980476 14.073969821401388 32.245195316033424 0.5092905867665232 0.031957416227717916 0.4280059817919126
185 7.761113516611973 5.5063955486522564 11.30438560607883 1.880540600980728 9.492263524022261 26.01393739082926 2.53628046334502 0.9736362682279353 4.648481603036063 13.508415114401366 33.04763964304727 0.507727203740233 0.04583045098003643 0.4253848498354676
175 7.379467017488049 5.588478614519864 11.051481526959476 2.2360497799088908 10.29777833983744 24.83917040425143 2.847264112276356 0.7634446687335619 4.688368132830192 13.33036548816916 29.415410197857103 0.5073992019722491 0.0516407203952344 0.4260884256760275
173 7.802246050879796 5.168709184339242 10.677434952655751 2.3817153777740825 10.078800088701 24.405061546690774 3.340550957310559 0.8200248327686951 4.562523798670013 14.31141193529888 29.51849114960706 0.5060279306050265 0.061899481182988346 0.4240208562683607
138 7.625335287003282 5.657810598750179 10.700408297464259 2.318811891463417 10.217609125195791 25.058042033146364 2.782388113420745 0.5842157140682277 4.616343940210393 12.90397183810086 30.155580913337175 0.5081836193121945 0.04576491445865203 0.4259003790343041
139 7.96900807947348 5.351050429688699 10.895393310270546 2.215442549480798 10.020251418078873 25.37836682177222 2.645368233864671 0.7860787498339298 4.409661013183576 13.230963234822697 31.68723302922819 0.507823889978005 0.04726261965686617 0.42647779792614066
140 7.723510575002444 5.350015409098168 11.084737670091059 2.580930821514326 10.924070062396995 24.123816869996848 2.7811558353086205 0.7586004699279673 3.965291745304944 12.940241750685681 29.291460486977805 0.5062246188615722 0.062585527938654 0.4249035550435727
164 7.2918639544891155 5.692787553570806 10.966753650490547 2.0445674315522933 9.537564610917244 26.221545787298357 2.328423569004814 0.9487465504438987 5.498018963612892 13.50586315698275 32.01114251151295 0.5072818972734077 0.05974563276322909 0.42412444734754545
148 6.9935762839493485 5.851005298174651 11.043583497342219 2.0169750147527177 9.319799900901625 26.722042058856864 2.1450754650567125 0.7277393887848693 5.476249644158151 12.477974569200319 33.61708827384065 0.5092231262799888 0.035375487758345585 0.4269258552284478
149 7.396397261374258 5.430088934540888 10.694409164945666 2.393609014550766 9.735337912121587 25.890975913513135 2.393113348736865 1.0223967448919093 4.729180045187905 12.894273504477132 32.59849141066703 0.5058215497098469 0.06997970703187405 0.42423494030354936
150 7.322092360779902 5.681618598931201 11.467882716246299 1.9606566049948633 9.653218543785984 25.579891725560504 2.6034469001510865 0.6282497126576145 5.14492525710047 13.84175162130937 32.356160667006364 0.5082566180441774 0.04698605340552429 0.42599080246863164
174 7.447973966483962 5.518974194172461 10.691580699463211 2.1723796339095394 9.711516541330017 25.989387335537522 2.443571677789467 0.5599620583980274 5.264614825396839 13.604192761233065 31.091930380794718 0.5079005377315808 0.04614828056937839 0.4260406486421667
163 7.522977488711736 5.67491105261215 10.565203886036453 2.8546945593247006 11.125780359922514 23.767515229757727 3.208648945374422 1.2624008069885813 3.5671800306713686 11.32245523721642 27.176319053302954 0.5055647891266118 0.07379079599689566 0.4215553055855857
165 6.864579282426957 5.743686610532527 10.942799014278368 2.177823142548416 9.7024052643088 25.674638239155936 2.478944833480081 0.712215817843111 6.293323233783793 13.622315893354164 31.237941392658197 0.5066908353894444 0.057500424626820874 0.4251016297798945
180 8.200506024553775 5.3646808237386585 10.99851278755809 2.1174788330409284 9.794157278306647 25.254489600096047 2.905558268800749 0.7829771180861227 4.288755411508128 14.24167266028246 31.08559079643771 0.508297672691294 0.04661414309348442 0.42679249771064337
194 7.596870023737761 5.726098682478153 10.81430876382947 2.227024769019093 9.917419524420955 25.080486348481365 3.011783030743895 0.9119801101234882 3.9659954827251527 12.245139756725381 31.418964029043465 0.5093732365981954 0.024940775386653728 0.4277079018719727
195 7.352354914041184 5.628559887800011 10.777267099134649 2.284699631602139 9.79746441151374 25.953002314437846 2.34658878568815 0.5257421371229922 5.89902223807772 12.831013867009883 31.963071884594598 0.5059629246230428 0.06280237293185924 0.42491797635550604
199 7.506105450194784 5.5599664237580155 10.833836221385834 2.189137415978018 9.759047840478493 25.383702295997676 2.9554566728661698 0.8213580780953427 4.165273435861509 12.57865836374798 31.751974812325304 0.507972152641181 0.049164535586356625 0.427089659687132
200 7.491499963161956 5.7506079340009 10.754061349359107 2.3563368426577047 10.203556435315921 25.48981369393522 2.478911959089127 0.6801875095292114 5.092388301929571 12.229463541050789 30.80288129801855 0.5081299851400339 0.05172594759620577 0.42614072784446816
206 7.0214495692997545 5.6823569016454 10.892767558024676 2.1549744049674637 9.524316990235018 26.395139599533348 2.258466596965045 0.4412828400980507 5.941329279753175 12.744440084781775 32.88672050497203 0.5088318316261123 0.03598714563398554 0.4283469329715626
207 7.7239903160197585 5.546651864184586 11.055704291341183 2.1384102377047234 10.056557757702292 25.055882104966557 2.829672365264738 0.9137537450731965 3.924694757275679 12.848268041402365 31.351594754412467 0.5087405124721955 0.03956668217778597 0.42740844739882666
208 7.966192090255991 5.661150377625747 10.896101868827651 2.1632513743873645 9.79008292016033 25.65419412725443 2.645831541716112 0.8686161647797569 4.333705991203109 12.431837799603572 32.36655731950586 0.5091912503628331 0.022150438952874 0.42797773468017325
209 7.246836612623048 5.734264217773608 11.008729370643996 2.0814284771835236 9.582294201464585 25.493524932113417 2.816025017572625 0.7060126269724046 4.66314305628077 12.789673798305062 32.56544377204835 0.5097067506444188 0.01776657561451279 0.4283332236442002
244 7.829333721291334 5.840921931334928 11.00904221227374 2.039438177790907 9.44484274598931 25.246758184144124 3.1727408323738997 0.560610918463325 5.418500403304042 14.411192635090806 30.85187131007602 0.5086228800494638 0.03213992343142026 0.4274463489604922
243 7.717836891991729 5.416109736767901 10.52724743547167 2.44313387012129 9.793310049772947 24.56374975852374 3.6103098302605168 1.1202830467246725 4.395313918564775 14.61149256351828 28.933025799196045 0.5068399115644783 0.06085426871111293 0.4249649385855582
242 7.186398209773393 5.829261609686738 10.987036778175899 2.0987475499865416 9.322019609747512 25.207029423470185 3.2956438261362155 0.5997518456290154 5.492405629240226 13.459217655825798 31.75222035645114 0.5087011037665389 0.03289052708792731 0.4284361202514537
234 7.378023712610933 5.725848311554718 11.10760931173283 1.8458663688369354 8.329352921070239 26.854940174467686 2.671583844232295 0.5123278701145477 6.2158569845613005 15.342557155740556 34.297088114003046 0.5075202831043358 0.04617491343454945 0.42679518712792197
241 7.9748462650133165 5.460784106334198 10.841432840705352 2.1491691030965896 9.692716476011823 25.504529871769435 2.8162394542375737 0.7446820536686038 4.3720782937233285 13.645319650386174 31.822998830047943 0.5085353270819974 0.057536319560680754 0.42510091199343575
216 7.520961944578318 5.609243904620538 10.996658306882793 1.8880716044383583 8.819299504281917 26.081875640275292 2.8838886516988183 0.8936057118175501 5.050209550704335 14.626489707480554 33.491436257070106 0.5093662939675626 0.03209006934395888 0.4278750373619739
217 7.395038822359983 5.701470258432744 10.870619243617966 2.2482905383554956 9.575280958088529 25.222339008955892 3.0113603095785937 0.6515734234692662 5.138701695896763 13.673632572196837 31.71045182891897 0.5096854934185727 0.02749821743822714 0.4281366551237368
218 7.9142072006582715 5.311827343806786 11.234026967395229 1.9159025722450989 9.432349336236843 25.157051697667093 3.408542763253851 1.1177383069021303 3.667403071908394 14.103529678469117 32.01737598726359 0.5091746132880656 0.03666514313069407 0.4280604685939059
233 7.674871784364461 5.541189411185996 10.690140618389346 2.2352996309984157 9.404740513108562 25.28201573579958 3.1019843832084786 0.8245413961098337 4.891406355521388 14.054926173766374 31.778127729271418 0.5063668646219616 0.07142403597797262 0.4232009000592099
219 7.479143328199356 5.649451578096662 10.998355564853481 2.0449636480873647 8.954962478577094 25.672288659848796 3.049385364358071 1.002250448100037 3.92188242882987 13.594779912340224 34.326251940941496 0.5099211961652806 0.016952335518881055 0.4284897661083257
232 7.501382910543517 5.714033202494601 11.26456704601716 1.9971933135765352 9.804240619422092 25.99189122277115 2.3467542000568002 0.5965828989315246 5.216142834677189 12.85245011125894 32.31292563910035 0.509029098963953 0.034088030944147446 0.4284471419659666
231 7.361211732746976 5.593661337092118 10.148545081282535 2.8986176025662576 10.285834619613897 24.352395689128148 3.2922138420659657 1.0263633612622862 4.200829079448168 11.888676352623428 29.840793918587124 0.5014349755405446 0.09380274442302095 0.41858124532465507
236 7.6605001535992985 5.644762202478187 10.94518231123259 2.2344403255174856 9.446792881152556 25.47701545589407 2.868204712849401 1.0479761793182343 5.48210558902834 14.128094514524342 31.640098217841878 0.5061882431618787 0.06131453172718271 0.4255223985877556
237 7.626334391789048 5.745123245232855 10.840895865482247 2.1855495958488373 9.617239099869511 25.74082408992459 2.7221880623989336 0.8624452872764422 4.09191475149863 11.683673950524447 33.32112181212986 0.5087046223405883 0.037920960783558465 0.42769694764714705
247 7.239645419041313 5.783985152125691 10.851838517834679 2.1987720169017257 9.872573289436998 25.036470747414665 3.114682619221773 0.6992878441472635 5.663924587578262 12.893958345360202 30.247824082312356 0.5065505544711405 0.061384188265799035 0.4257247977232921
210 7.525426738287543 5.838657109123115 11.189146932574511 1.7998831496313836 8.737678983210941 26.157259620749958 2.892358444115317 0.7183129222734538 5.651346013996742 14.972229018467338 33.285793457797254 0.5095746722311325 0.02969007012095707 0.42770702409247097
246 7.813281147794082 5.451158692286131 10.89791964392585 2.089065266643449 9.141199129530861 25.774299116871312 2.9264858660809705 0.8778838131286033 4.351387203904785 13.82343295878817 32.83501721804886 0.5089248017755463 0.040394712359015296 0.42641948643094985
245 7.48270828857824 5.721521106345223 10.531458966318432 2.4501497610867826 10.193050179505748 24.96183998322579 2.8483324701505626 0.6892353174844321 5.653630654856179 12.951148736809104 29.296282017622513 0.5074553542023278 0.048923141447928205 0.42582742638913124
235 7.603719743989094 5.732904718731331 10.994508453333125 2.045364419762303 9.15734569308626 25.910562582977434 2.9178679922743562 0.7220944312079118 5.23528105434015 13.792913906172931 32.35088679021037 0.5088167501054666 0.040847693455885056 0.42696263624889796
211 7.600868040703336 5.456577828007757 10.857391687246476 2.136315891664678 9.159528991966969 25.74772616965956 2.906743662445024 0.8606984706344571 5.99462391791404 15.113841709930178 31.662296936872906 0.5082083144136231 0.04950758218370159 0.42588721539363994
212 7.459607628580654 5.732580074370956 10.740758953247619 2.271407799357614 9.801176451381895 25.353220217359514 2.7264980741994744 0.6737824901747741 4.866495398307814 12.83628645024855 31.70196790714111 0.5097367360872233 0.022044342331014974 0.42827407125373956
220 7.564466700115399 5.540006610961155 11.066990645139276 1.9696939882068436 9.411897144852162 25.842806627203224 2.75406729858408 0.6810126668295283 4.918277756146659 14.150393011851948 32.36800693434716 0.5098278405322364 0.022605768689829917 0.42838400670493804
221 7.871074972249532 5.558972109172956 11.110587666835801 1.964392398714086 9.05495239569534 26.03677751516166 2.669496346737254 0.9971097682425621 4.404130561200093 14.39621812390767 33.75869290512356 0.5078217135734303 0.05161360787656298 0.4255865801911437
222 7.3819496324231055 5.7597822857801235 11.06222931541973 2.027704326273875 9.60487180241085 25.715054322827083 2.651875471025401 0.3191413363101657 6.159107377723048 14.28145641288218 31.28088479659683 0.5093826374360149 0.035215301844816776 0.42750634135456805
250 7.821560461397712 5.413498442497488 10.703654556005992 2.421586411427834 9.980431007184718 25.078173811069785 2.960074179072127 0.7824777182001763 4.557661720851525 13.107844059256104 30.964891557055914 0.5066033982218638 0.0669789381749951 0.42445990650738524
249 7.578150263845831 5.404526592915147 10.749567484117629 2.474197214178675 9.76707505533587 25.03785279683125 2.9253036522329956 0.8489150017337355 5.165452523833797 13.617874909782644 31.39112206367446 0.5040117042494753 0.07934121030334824 0.4225007877445829
248 8.024495352972357 5.37276571629883 11.191860537953053 2.0751426177200023 9.935898503747985 24.633791374489157 3.1883203914695493 0.5614722573218128 4.610761856178168 14.425009677373584 30.785458752612392 0.5085807906331163 0.04081746574120576 0.426473261668042
238 7.629312786783451 5.523980830108482 11.00135383268861 2.0275255148640143 9.029688550627261 26.042270675309915 2.7480046779366893 0.5270715705134672 5.46625356777781 15.005457179776837 32.89328426815761 0.5084586041993112 0.04371035563421235 0.42734461475893165
213 7.514234394248004 5.889096306976643 11.25605160690702 1.7750221570645155 8.80426504485325 26.2592184641882 2.8837813392910663 0.9026966378431209 5.147195110762954 14.017805248458341 33.46656160292725 0.5095124626922498 0.02900327918290956 0.4278259184142957
214 7.620579227428415 5.734375671588349 10.961356195041246 2.3256308626951254 10.493791506821553 24.5362491068479 3.0382253434326607 0.795505527352529 4.589222965671888 12.682248505379986 29.043839102216673 0.5059460422535924 0.0653857866135012 0.4249319785184846
215 7.710891153870257 5.31292333847541 10.796736975236524 2.0893972973238553 9.328177635790079 26.48275511087474 2.401565089593062 0.8069652260331622 5.411913745898049 13.6565532758068 32.85271184376651 0.508805732418333 0.040295974599360324 0.4276345251098857
239 7.3636853832607985 5.667158140019541 10.872771968934025 2.2749673371690977 10.325916321056685 24.65984881999686 2.931332975405967 0.33000582325921296 5.724496459074452 13.580038508996875 29.243559883006913 0.5070497796915663 0.06600984594195676 0.4242221716152446
223 7.5641455449254575 5.666020197393983 11.240107417942202 2.0036343023119683 9.572343054120779 25.611858000899154 2.7317745070546477 0.5373346981887087 6.038484028457314 14.58027476696639 31.12363744222532 0.5067807265479783 0.05886670502829734 0.42560078267681206
240 7.740683816633303 5.449212505133244 11.000513424115827 2.167549710790475 9.813780637212814 25.30828206118161 2.7251882733009536 1.247095971916167 4.277254805536227 13.328371204023224 32.093207868155936 0.5079794855539469 0.052212254334804635 0.42633997919846583
224 7.827812514453277 5.672704525722503 10.991307961806848 2.236394439247115 9.951356118729981 25.300640999691858 2.7045670117829235 0.840808085854568 5.21173959531238 13.582081136340838 30.39280376065159 0.5077435392967576 0.0550152481839847 0.42521421241458324
225 7.596608075498222 5.684872293631536 10.89407388858226 2.3994023279149133 10.164367855524736 24.91306756702612 2.7883309686238817 0.7693654353502329 5.150703206103963 12.85596314035349 30.967653693200027 0.5053803549263155 0.07576947197335666 0.42252542574066865
