# timestep 4350
# phase bcc
# id f1 f2 f3 f4 f5 f6 f7 f8 f9 f10 f11 f12 f13 f14
1 7.736158847399664 5.634239597844549 10.934161259775017 2.0976241338823565 9.546385393287867 26.05649017126566 2.471022286038547 0.5648131330226146 5.264800800069412 13.548683388451781 32.313351644599614 0.5091028449226852 0.03712221102056801 0.4269680903345502
2 7.638956283971501 5.651825469909746 11.030905965368882 2.088547420995298 9.8131200759543 25.60889056869514 2.6039316388203524 0.5330832814981544 5.10656347882177 13.621327442502341 31.470955013697747 0.5096245792393991 0.0345621073142538 0.42759923278371476
3 8.01839952117084 5.465165826534003 11.178745092963418 2.1046942769781376 10.30746157700032 25.371013451685158 2.5332185178826205 1.050885191919031 3.4394492825835155 11.967863552152956 31.88879116380345 0.5098182866437831 0.025401274087758302 0.4281842772091516
11 7.6506360867846155 5.841618782298833 11.271182224771412 1.9565113259603726 9.717682276090791 25.489417558568437 2.7639265705994265 0.6339094943218799 5.366803358998021 13.591779052314433 31.555290975709998 0.5091550564825398 0.03619610642527448 0.42789054288566747
13 7.325318877941154 5.599620974060363 11.09087022722946 1.9983942648084017 9.70841986677464 25.675916035205233 2.6657375114731385 0.5155382302445961 5.124346519107393 13.517587939341233 31.76166694534092 0.5093606917182565 0.030924859034725007 0.4279710812713875
26 7.751840176795604 5.650750374076418 10.895007444803248 2.1487031211482206 9.834195503014948 25.021412909748108 3.0461098270316977 0.5154501863790287 5.094245695256813 14.21450129309376 30.42634940471923 0.5082484150653918 0.045463053588453484 0.4268739638583686
28 7.685833834993681 5.460282961074577 11.131705489870466 2.0371373686026657 9.47006746037736 25.78833624669354 2.6567091437508217 0.8761573798424249 4.251653756648867 13.386443726462007 33.47717368405144 0.5093029122312459 0.03298724988638267 0.4279046451198394
36 7.57659021666651 5.796358899557309 11.202046537660111 1.7825412042593896 8.676858463756941 26.967503272864352 2.4343818674049054 0.6441004896849907 5.8688184081716 14.458529727095161 34.071038313880535 0.5098571128275765 0.02011465151336401 0.4285753238399281
38 7.338668199741541 5.863026950087527 11.24648914983289 1.732760973296363 9.009777913288733 26.300579214469607 2.720435156825789 0.8903240116757694 4.9171752542604725 13.770635038262785 33.502761963053025 0.5095133271508226 0.033626814688129086 0.42674125727474066
4 7.485073699134044 5.692449080742898 11.199656281279264 1.9768640894797027 10.148852378271734 25.46984790108469 2.5490340888364105 0.7134709678135308 4.397503398964693 12.594923573956839 31.231338475837063 0.5100828023443201 0.022504301054992876 0.4281333242030784
12 7.51005938729046 5.710220749302195 10.955542735414962 2.1399543377981964 9.953972608580976 25.813061654700267 2.406088178269146 0.6150715825734411 5.521731801512087 13.177877713474139 30.781444794687296 0.5075037053024395 0.053858954228878826 0.4261889525293483
21 7.823446287335746 5.549303822177525 11.007364344457892 2.0013983408060922 9.35453779196158 25.64008633263573 2.906440962426282 0.50447909859535 5.07324556270488 14.438023408397408 32.006878331207815 0.5095545815542234 0.026133069526664627 0.42842460412156724
22 6.927866390298258 5.913553814953763 11.206710112618271 1.9817182809494578 9.684750300072853 25.52166643051688 2.6837176693077223 0.8462672715979154 5.178003584483569 12.442644506545468 32.39776038143539 0.5084478063382849 0.04005863385523629 0.42742719719113226
46 7.736703535947205 5.65831281697981 11.132190396180333 1.829411268572635 9.105292217150602 26.429149017151747 2.572387424866744 0.7437490385395323 5.0004067634103375 14.32725827687189 32.48545804873916 0.5087853083357209 0.04246720207802777 0.4272214525715599
47 7.837186397731434 5.417466260672884 10.774296488027472 2.384598460850014 10.245254465939095 25.290483723229233 2.5790782547830586 0.6780245060950174 4.747453259746566 13.33140229904036 30.259670732671932 0.5061978023286307 0.06263064350423311 0.4251892970188114
14 7.595496521765983 5.6443750412406315 11.203592223429427 2.0133718760443977 10.028783837292666 25.490147004541267 2.5987147192290996 0.7559393114766126 4.357487110917701 12.848084612264747 31.390714687440912 0.5082838387381972 0.04212406094754828 0.42732093438513313
27 7.380972673807979 5.4677935655982814 11.118147074576223 2.192940914972396 10.101577191106495 24.57625966239099 3.1176674093600827 0.5156053648097768 4.713037192663465 13.668315695447946 30.513768766427425 0.507515461481715 0.05488868322548701 0.42637304125009107
51 7.566674590545186 5.737404013037187 11.451248915482475 1.7386681716128678 9.454483632813028 26.104229006311385 2.5531071182571776 0.5182736169947324 5.373946289451872 14.475434376292677 31.679451671646728 0.5095492842548032 0.03435189781567595 0.4275305301831785
52 7.694244512143554 5.534667305212106 10.816275252203226 2.163747417564281 9.354283051809654 25.94799375578008 2.664175342981023 0.6103741814637591 5.6208664636213905 14.534491642404324 32.005354657401156 0.50725490437942 0.057071534438667235 0.42488962697888405
56 7.902407558669495 5.41759570156903 11.086187184575236 1.993704165349784 9.54067606987541 26.066929118438033 2.478688435810641 0.7288375878607753 4.751866916062085 14.145583480672421 32.27974287933698 0.507884580321649 0.050327071356225994 0.4265786242004325
57 7.507380769773796 5.606254099929439 10.90488931080022 2.1013454146833013 9.603532536399662 25.703781323994324 2.692554791295925 0.6080504763972412 5.092110074847113 14.047546332194296 31.07963698339678 0.5079529460059037 0.05266649513394391 0.42558929667132384
29 7.710651348337339 5.796381416440529 10.836388124180425 2.218524332933333 10.295026707901936 25.483878976252395 2.4677118793567567 0.5870732110813937 4.8418204357507655 11.892756164182376 30.81148687800552 0.5096110861022605 0.020971577745406072 0.42863452752933195
37 7.410096756811634 5.670812159257648 11.136711099077395 2.128589566799875 10.481384232875271 25.130142912528335 2.486810869985771 0.45616868533519944 5.395119970045469 12.78614497583458 29.99461738093843 0.5089054259935399 0.034921552533167116 0.4278374283988393
61 7.583432887890627 5.655111182622673 11.258315444717168 1.7973981195408575 9.164471574371223 26.144700246397697 2.716392222386509 0.7627233978114524 4.844761172017511 14.557745890525469 32.84994591095342 0.5084806265944551 0.041959374212566694 0.4267265663546432
62 7.6613708660842175 5.4363100599515795 11.089952975445414 2.031484151810766 9.571002556340297 25.455500956329246 2.9401936348165965 0.7969193077431804 4.167290739180096 13.99958600664571 32.00968889249534 0.5091844818029042 0.029989553354820054 0.42757753936398835
39 7.308284380534326 5.612654914094422 11.104193505656601 1.971485437999115 9.66946253152484 25.510836890740222 2.817069477076402 0.8058536514356803 5.103368577638324 13.59357424742707 31.15565472424692 0.5077923620900289 0.05059693588982448 0.42643281066912875
126 7.448366937168545 5.63480206081718 11.170795853636038 1.9745239529281198 9.547362385065393 25.338435234171552 3.058651084985504 0.6361926158789774 4.769745582073377 13.348600065626075 32.25313688550144 0.5089969056342595 0.031283995067547324 0.42701268336151793
127 7.504394583946372 5.6506117440304084 10.42189283912199 2.282094003808775 9.164320654023973 25.633085659361644 2.9125152539538406 0.872716002098072 5.205629646449912 13.763782992035859 32.14883315782486 0.5072217909375493 0.05719870101733566 0.4247542251097491
151 7.039893221048228 5.413206834189376 10.332454002051977 2.451839956159379 9.75401932523665 25.3163473119594 2.957363284199979 0.9551835929328178 4.741139903827036 12.401848076993897 31.24542490428479 0.5056540068024361 0.0723726967087467 0.42251700918475027
152 7.708126833317729 5.650913301057624 11.214766690622373 1.9590310846038377 9.32270091629882 25.433949242799535 2.95845030953036 0.695455339836648 4.926253167107926 14.792437725788385 32.21392110637298 0.5073192896009844 0.05813985325255724 0.4236941064138625
66 7.199555063789119 5.57988046495485 10.701290847021326 2.2780405013362692 9.55093519915879 25.930410461406446 2.6673243817385823 0.7198571874738409 4.5414301773375545 12.295640612919044 32.97472837573966 0.5086375810983488 0.043036226992927175 0.42633383037266726
67 7.919363638927464 5.707023276680599 10.948414029147596 2.191798763759706 9.946809442950732 24.955532690679213 3.028530677297581 0.4958741719379286 5.217082095831695 13.755811436669832 29.988320741051385 0.5088232083210008 0.03801998794639513 0.4272774422657269
71 7.353343538857213 5.728129307856877 11.18581512880549 1.999605955806344 9.913248042430519 25.612191108945293 2.5743517944357235 0.7339341639216036 4.49544337784498 12.578484731380112 32.08300057882899 0.5092161142457717 0.03250724251460272 0.42755766882845675
72 7.396819623551784 5.652947711345056 10.892149908050717 2.1064247821628657 9.339720611816619 25.70106675733295 2.9463777723940057 0.7696242510567637 4.9927121345976175 13.369982782804344 32.4760266521315 0.5091682469899411 0.03697463753444555 0.4264382623279801
187 7.731292260369955 5.810914156054824 10.887480718471704 2.038418920415105 9.52101465961586 25.88640264850766 2.707786503290913 0.7105767896001126 5.2225503615985645 13.280236822538528 31.503366455894962 0.509126179417494 0.029938799312099078 0.4279792931882395
186 7.897662318471916 5.421786873070675 11.064731949607912 2.1554657587457173 10.198870623945337 25.02996072415192 2.7290998803448367 0.36363875631384773 5.364369325629306 14.572607851032917 29.544445767915374 0.5090927238714497 0.042941025445245924 0.4262333755821686
5 7.362349802257342 5.662775563146592 10.968629354819106 1.9279655380193237 9.129582375634335 26.061988735739224 2.7203112066154524 0.6102432777344545 5.398826719874032 14.429554136924889 32.327930108155805 0.5093035285720305 0.03471031203282341 0.42762323441601136
15 7.671913665504207 5.5661302512031225 11.436576708169882 2.0570375368145397 10.482379843992518 24.396210975355324 3.0057480693036696 0.9663926583189602 3.4416046665685793 13.07589009620027 30.203736369922343 0.5086028451187959 0.0410782213037077 0.42777442523874465
30 7.510426932543063 5.6752816484697926 11.385008657447587 1.7724261493700018 9.002645514152407 25.89368689004828 2.9840791430088376 0.7447557159366509 4.742409849173068 14.520572207372297 33.09536425985995 0.5094098801024828 0.027098921889767043 0.42810676240034984
40 8.054416779304857 5.445198683251685 10.790162163702435 2.5587631511744187 10.772750049070305 24.653369820239806 2.6720469514403495 0.7946211420830025 3.31345511305932 11.876160380075415 30.18086447062103 0.5088511904619182 0.04049458068359622 0.4271720580847321
6 7.99389874413476 5.184126691650273 10.910931552707357 2.138093960154994 9.817158363302921 25.097753024037395 3.018259839705643 0.7311354264617425 4.2658077218159995 14.11395239305456 31.307244474992572 0.5069930762197854 0.058498044795777096 0.425508781127593
7 6.882021303963966 5.846565708476745 11.143224124538847 1.8910256025549446 9.194874820187968 26.47344466204212 2.443935755679799 1.0485040222476527 5.598520641499944 12.247694537402106 33.96190681660536 0.5086708910989034 0.03857700085516308 0.42707343717841995
17 7.6629597323808865 5.482475588254628 10.934620220715239 2.254622274554808 10.446357611857271 25.12240693481987 2.532410408310546 0.6147876582314592 4.5895809120887 12.604194985194722 30.625581360823098 0.5093811029437527 0.03414876788451783 0.4280489281692155
32 7.466647151554568 5.493626792947473 10.572082855251022 2.2603656361495146 9.123863826351 26.189801952354276 2.5969056075647856 0.5708710654602303 6.2540494330214 14.384192863407304 32.37298720890464 0.5050071671415697 0.06808133235589192 0.42453911262759353
42 7.611749695804242 5.879552786883238 11.373203768918863 1.890115632931318 9.69446328265564 25.399787418571005 2.8358209583425893 0.6159678257909247 5.136143341568408 13.566677933733887 31.619117096878536 0.5093406212312233 0.03189666428498869 0.4284090758377036
23 7.632841482677786 5.8000860701405985 11.118763491256223 2.2173390126580506 10.64833082593948 24.7705261622733 2.6105123260310656 0.5522506436629977 4.693762641057858 12.34930849578982 29.71853285644583 0.5091807490851019 0.023191050711361808 0.4286955470745766
48 7.242556941209394 5.868451120977839 11.29804398594828 2.0063964073149463 10.25750165484714 24.57153843234376 3.092286454387729 0.5960692421105018 4.917490208136247 13.087808588808452 29.681389342443303 0.5084091645937018 0.04040133920285919 0.42715403195828716
16 7.381172888622518 5.643112028344103 10.918258491757866 2.0380847826613175 9.348456657859744 25.883486162124047 2.6727595837807048 1.497170504172646 3.381794675623612 12.231040417649348 34.010978263152346 0.5084048894454177 0.04461163778870542 0.4265590405635105
24 7.229784600726549 5.4993888455984195 10.784962025186188 2.290228386984612 9.764476420197903 25.256132092342938 2.9226328932727075 0.7576685561635981 4.65902890205892 12.649148007469647 31.802362223379067 0.5082135368521448 0.046884420555275426 0.4267692815714516
49 7.3237096966018544 5.763968504271163 10.768649097986048 2.245681811152716 9.572671667164293 26.122321760571133 2.41161750057235 0.33495721958615676 5.980397192269274 13.295766671734059 32.10787113940051 0.5098510088015733 0.015396671730096574 0.4280882077109038
53 8.018359269805295 5.639240881847905 10.878028768085766 2.006860771229158 9.170005826064036 25.999777774394534 2.788921524659488 0.7327501046791421 5.33632742329052 14.342250119943785 32.18612370978205 0.5090788637169552 0.03511927556598948 0.42783488622258803
58 7.499402957418768 5.731956315315044 10.813242630197344 2.123325835927498 9.140661384198424 25.802985292781653 2.943215563709689 1.1269393668038281 4.854420011978511 13.361432812701729 32.84866658705849 0.5085231632025917 0.04810252359717668 0.4258055528089097
31 7.290207277230646 5.918912701332289 10.928567402442626 2.084455614185531 9.513291448104654 25.46350935790274 3.0478448818912742 0.6718877709926875 5.269304718752538 13.140198855023769 31.59409335365698 0.5094679227349401 0.031443557443065456 0.4280738522864298
54 8.087991074459996 5.3985975492763085 11.094831886653237 1.9052206429882987 8.909522600549902 26.145412003834554 2.8354237639121287 0.5872914661456007 5.1060443097119155 15.49481726963472 32.997187063424626 0.5102814948513943 0.013964978821340682 0.42835499863273657
59 7.4794852596224795 5.825583866184536 11.058067385366895 2.004198631201066 9.07335344534509 26.363223192486355 2.5704656454278405 0.5866170224825513 6.02737746542658 14.134912144501243 32.821483170760935 0.5092666556025802 0.036460994665553734 0.42731300154388163
63 7.138505453124814 5.631658911822426 10.467046303651365 2.432773053216129 9.627733968606286 25.80840391116556 2.578594682367474 0.5577790076462686 5.940034456839474 13.06591894718928 31.089122891936277 0.5074782868373618 0.05466842713889677 0.42553943081184814
41 7.982413018833532 5.292304137167989 11.01313284555977 2.0424154550868736 9.270702694846321 25.73992537003256 2.965336907888098 0.7254226480463478 4.607186168502498 14.55189375662723 32.514808792402796 0.5092028251342263 0.033442886283698785 0.42746025660868264
64 7.173051530094003 5.923644679633396 11.131664947911766 1.8773433087178637 8.968435949662302 25.575330031942716 3.228695926502288 0.5541538897002384 6.0063493709127735 14.17571894425194 32.47941451728953 0.5078227445978012 0.045118335286279 0.42633332787574296
128 7.468910599451386 5.658067421590571 10.68864685132189 2.111184299593648 8.868258093701366 25.959737868228437 3.2690401075950644 0.701335302412607 5.58584506862173 14.681218880448883 31.209786279662925 0.5075068746605218 0.056044880645333625 0.4249619753860884
153 7.892323988850822 5.500348940924089 11.233375405382825 1.6467062906160401 8.126970574833198 27.02636107568294 2.7721257930570267 0.6807406492541255 5.642486811060502 16.483359903176982 34.10509625809155 0.5098524223495658 0.02649462187357868 0.427928390838538
68 7.602489863198817 5.846549665352357 11.014635012948647 2.072199275500066 9.64707011100792 25.91458969927234 2.5299105361785 0.573947038775876 5.341411308485798 12.895010745388387 32.05060373277715 0.5099042986607016 0.027834340608716465 0.42768652812001834
73 7.548652483562777 5.480641197211762 10.527670715502929 2.468383916285917 9.553984099981259 25.063136420699557 3.0254156979075595 0.8875937791280323 5.3934395963637005 13.90656827864063 31.327991829728322 0.5028995528047598 0.08494565642350933 0.42098016283645345
188 7.571801673367105 5.759176932327124 10.896269629236876 2.0145569314081744 9.062473808640545 26.658111508968982 2.3939504044590127 0.5902323657310542 6.286351467580338 14.015035716948931 32.62311081294086 0.5086915534850084 0.037510336264711196 0.4269659295156907
8 8.217481321053189 5.532234671890398 10.89174424179216 2.163591671720803 9.623126347824167 25.60810335295618 2.7462843023359342 0.7530049954114202 4.886444392404826 13.877002875862312 31.86936104040824 0.5072985896368005 0.0516174847081709 0.42664027431289864
9 7.324064528306931 5.704055366826104 10.549716755593295 2.3826571838328747 9.365867760454705 25.47518998458501 2.9627500693503577 0.8451895352913211 5.76240096945268 13.442941596202157 31.356459595639095 0.5062521495859353 0.07087163018944163 0.42325824632535153
10 7.573153900946441 5.799638951823026 11.070774302530857 1.935219868112366 8.745351992472852 26.08901535361366 2.9092434678825536 0.9162731395820841 5.086041880989705 13.888004491844882 34.40498560289003 0.5085652702012547 0.04242262160038097 0.42722091370758264
19 7.7382803717816975 5.71964671519985 10.923325043366392 2.194770334027463 9.736950972864197 24.928927726289302 3.071136871980001 0.5691159436774422 5.00471937170985 13.915643883001385 31.212577153495488 0.5076196830294563 0.054053025426430895 0.4256610925912804
34 7.638157481861742 5.62159324147048 10.916366066899373 2.143371688140769 9.381456401840294 25.60411834431163 2.8610208051089683 0.6913511176749128 5.469953700431673 13.290989262737991 32.7743999827932 0.5075694544138318 0.054318462815902614 0.4260000233079422
44 8.052635234141068 5.523300534814437 10.750038451931882 2.2184855398359313 9.301811119513092 25.662776844724927 2.8662891666734107 0.7329991772981341 5.0081866590558475 13.74228009940086 32.73413525735439 0.5090257836853667 0.04157625047164113 0.426593199425971
18 7.516800207637249 5.632836348275849 11.191416865898042 1.8478248666449217 8.94984422029884 26.71945092222023 2.445445943666924 0.647328990324596 5.605426703056005 14.007678841673696 33.800129291750864 0.509961102076091 0.0218937220571476 0.42861723434558496
20 7.52332108225932 5.747524670588937 10.8975404853521 2.1473018510776107 9.76529653358923 25.310449519375563 2.859501609133324 0.5459319642565608 5.559346082413391 13.156660267187382 31.318645604441237 0.5096992374577689 0.029644201105966245 0.42816986266201673
25 7.673170659516011 5.666919573180149 11.12541441547629 1.950878320603122 9.174057237730414 25.666956517807556 2.947261857699082 0.7288031621043639 4.652402955948593 13.985922941388985 33.20973987340786 0.5097978093339527 0.021276995921615412 0.42819334284505906
50 7.720453545276415 5.71568230677988 11.332300011724723 1.6356929666594848 8.074016976472773 26.778755275474968 2.909636257753452 0.870822302622193 5.21144266295303 15.230107149462125 35.59522017122722 0.5095285907470122 0.024240195461052036 0.4285669269421995
33 7.483969472186283 5.823294953711088 10.893003290741948 1.994147711512282 8.71425548537253 26.389421586553237 2.80541251057346 0.5135257311651845 5.873960335210532 14.24444392172259 33.668357620347194 0.5091618811557341 0.03302165815735331 0.4282943907816675
35 7.433694834584249 5.839651111703085 10.806769584330068 2.303486402371619 9.781324674549262 25.217271500383777 3.0047410105233063 0.9663795490067068 4.394396051058919 12.243434229860732 31.63836036490945 0.5091600805295966 0.030637810049830128 0.42799647605786206
55 7.474804889040871 5.810871841880885 10.993413256116071 2.046928530829546 9.135782163559004 25.904897759174993 2.752931952639052 0.8834340773088823 5.260803509640279 13.745127960567826 32.98583884333498 0.5083514917522187 0.04792924799628062 0.42597105431131493
60 7.714177011013475 5.689130195245833 11.213424353482424 1.9762010375881602 9.130382620417974 25.50026288501927 3.0025060775308217 0.7563196231977445 4.933406216421252 14.546646972470935 32.92874002949568 0.50798652839758 0.05238926033928374 0.4252819059687859
43 7.677336493763815 5.938217533951008 11.064453850003016 1.9132883838246992 9.174613839192837 26.011331282183964 2.7782142842216757 0.6603193749377908 6.035498411556073 14.126024288119924 32.20024899335382 0.5090188398017249 0.04085909805977638 0.426471322468931
45 7.7367133908748364 5.557054066236047 10.713530370622719 2.5325490053460564 10.412396278232407 24.56299386870245 2.9972140320274248 0.5691507124107181 4.73676812513481 12.309875955900266 30.2484157120023 0.5076563537960959 0.051783064520764276 0.4261349429492608
65 7.909591497253662 5.647945578153763 10.922219738460994 2.1247024704643342 9.403562693284922 25.544398856854503 2.9548833246188795 0.7988160372435928 4.687802947077497 13.594590462244001 32.28085364819387 0.5087535473917408 0.041597022472487234 0.4276730936437054
129 7.7007750047536545 5.709279243659279 10.883659311743493 2.141292159761351 9.698721562577395 25.08704223987641 3.1170465632806366 0.48056837267709107 5.831517982300565 14.451353858069451 29.69831948828487 0.5082295159642785 0.045437629784420085 0.4262656989351166
130 7.365467027533742 5.66983661355795 10.581184650202486 2.386794196333849 9.674225003826091 25.144662809810896 3.0634406373429477 0.7469482593815846 4.239637640730367 12.073077149979307 32.53483895926919 0.5095935470177692 0.019853076001746343 0.4277027490157348
154 7.6050262006637945 5.809984613978433 10.992328995087936 1.8957578126679533 8.506917114889418 26.76931564821264 2.6376599704131922 0.4028220022296878 6.581024326511212 15.042170228624368 33.908113969535336 0.5092360731843047 0.030098195237035365 0.42780829809733517
155 7.201205945003371 5.608910259499087 10.493669750538725 2.6371034780647387 10.483745489584837 24.192708705187222 3.2883244842301274 0.9830005228732227 4.365748306157142 11.242092611997684 29.731346003268687 0.5067143110532917 0.06567124475438461 0.4234266136868564
69 7.57388904144672 5.677790939229297 11.122298386251384 1.9397079580990817 9.444159193624785 25.351896894894843 3.032038398604305 0.5128562253191439 5.429235103357439 14.472039254889252 31.51125030450291 0.5101146489966005 0.01859902048932665 0.4287126320912204
70 7.248598950688898 5.783343785879969 11.094693157594332 2.084902384404266 10.006294808985146 24.85800919273673 3.128528944852163 0.5408865873404956 4.898191426219891 12.669500794560582 30.776416232128085 0.5090942525562011 0.03518826610623366 0.4274690071809308
190 7.723165377077014 5.532680344285555 10.722130634300632 2.169105669591804 9.20996259759716 25.416110168655564 3.097919206149578 0.6516931995124141 5.164189070162025 14.396686555144255 32.368174168578726 0.5087349907034635 0.04794461443280064 0.42553805736508815
74 7.8454016971912 5.745212797504043 10.709834975028482 2.1572621067515616 9.341002650632644 26.014089336324282 2.7162580816153694 0.6684236924966188 5.172691606336852 13.684381059100136 32.00007285149652 0.5083051378557528 0.048524722449808565 0.4256591102946242
189 7.714597795569838 5.673067411899333 10.997008907264094 1.9629628306871174 8.862184394922025 25.650092680326658 3.294111198585762 0.7337100581995503 5.126789668675043 14.24991848112897 32.90546667286082 0.5089888283365153 0.036784791046856634 0.4277635039014926
75 7.589543628439382 5.479961474070521 11.040718674701747 2.051379869343596 9.509153008106063 25.490416222511126 2.949378963692942 0.8273161627106144 4.510484517040584 13.167700997944218 32.65679478088749 0.5071027979536759 0.057194512321228554 0.42600404592214747
76 7.849204638256605 5.476698900396918 11.228189427441038 1.8126805812468856 8.752126055843771 26.4719659465299 2.6920721261628344 0.5856210620245215 5.098461504552475 15.185949046374384 33.647665575373765 0.5098112255074098 0.02493125134474452 0.4281791983212084
77 7.625608667551238 5.904579077855387 11.058087699592003 1.9592442769404839 9.482683426792264 26.15205195672627 2.5632152370982193 0.365026737859978 6.426574373908865 14.155666191583514 31.13579794410701 0.5087929092561981 0.03525065584648794 0.4278146677566124
78 7.088938385708681 5.733915742320299 10.899990079921011 1.9503212074150478 8.791223050310421 26.301388609721016 2.7920354677217536 0.8493454657323536 5.9516818052100495 13.930928031588039 33.46772091224457 0.5075916702310705 0.04953651155825934 0.4270224293707643
86 7.921944295376464 5.343239112497967 10.446487082074166 2.5411914544869627 9.988335190820875 24.668913615617786 3.0631209193411832 1.0119087101448248 4.576573783056371 14.085460948987107 29.839057208816467 0.5045660364466361 0.07237871897898066 0.4244532201401225
88 7.72598870742753 5.635635077529747 10.992642354545833 2.084064177405618 9.68744730728209 25.462787510867358 2.895843721910707 0.8079422459219441 4.528968714376081 13.227080069667311 31.757631772727766 0.5097767730518418 0.021227550310461626 0.42821708853853613
79 8.000138304559568 5.613943444412961 11.197612578395807 1.8386534838655728 9.097793541896937 26.063709997431886 2.7932587905283692 0.7824225894594281 4.800374744291212 14.6065304405176 32.699666860141875 0.5095748695197845 0.0280396730283645 0.4281386344157026
227 8.083583716656948 5.338040581102962 10.615142333861094 2.3069775276628883 9.439797751414973 25.95127015511128 2.748768631405965 0.9647689731435533 4.439662793226363 13.27102289813173 32.55971001855723 0.5081181787688213 0.0446035787962993 0.426857908244419
226 7.9781816754497195 5.461022535503229 11.001275215686015 1.9108141979082902 9.535454801871508 25.977166137790512 2.497422653936577 0.5470099022105936 6.447615467015639 15.249564945415267 30.781900120627583 0.507397640278388 0.05925204996645442 0.42485074236965403
87 7.798548008355814 5.745755669511014 11.165049134805479 1.8695177120122115 9.410889915178084 26.098116195960312 2.5851986627620445 0.648654396249526 5.352622520321522 14.264093636981462 31.64560758573734 0.508664622732772 0.04208138511856713 0.42704829178947684
96 7.262172631147605 5.825758514573364 11.273896538496322 1.8444205612104545 9.358801456373131 26.008993843212863 2.6486909239138643 0.4705661531060222 5.84440825563302 13.747148407827181 32.40976129441794 0.5098816839675121 0.025416949563358673 0.42816363890581005
97 7.575811942809255 5.816137871124801 11.003985404178378 2.058018851751656 9.675924811729887 25.625108476679692 2.704926804195112 0.9010439330461294 4.4389936487554325 12.508048063813767 32.52650521659091 0.5094045654418995 0.027707038872827043 0.4278739702714028
89 7.729704866313939 5.550844712832207 11.216111686627913 1.836744086800938 9.03151496949207 25.968071578762924 2.9245147339957582 0.928635407145598 4.364097012491777 14.08658260985482 33.651461925983995 0.5101072538159303 0.02474222495284159 0.4282238327930771
202 7.533883557648934 5.815781868020605 11.070810538454303 1.9456092185068605 9.130839129541469 25.759461551062426 2.982922432907836 0.720721149143662 5.59287520400615 14.211141161038201 32.42951004509409 0.5094955586569071 0.02372117736150326 0.4285288767456378
201 7.815052429326528 5.696338509546698 11.306836144521853 1.739156085974303 8.90243679561777 26.85287520468356 2.349348555348867 0.791426625278083 5.003710402860948 14.17244405689452 34.22146399664762 0.5094079636044604 0.034026796886824064 0.4273292987644887
101 7.736263249692815 5.900591139738853 11.355487775490495 1.7685339354329852 9.065971748069622 26.028902513154716 2.742671836826212 0.49032832903680196 5.79059274126318 14.804742951243218 32.69893624180666 0.5100371526660582 0.01772064653565615 0.42881655361873805
102 7.656525072927961 5.750102646223715 11.235394147561404 1.8002995027972115 8.997573589740167 26.140061650724057 2.794737000504615 0.9947353003312901 4.625353443752485 13.781108853538221 33.867678807951386 0.5091093166038946 0.03563343814062146 0.4275469438206689
103 7.569551308405892 5.700750805446279 10.882689828837785 2.1950691071844797 9.775742134953118 25.243625713419572 2.808930899213573 0.5730621602866801 5.641589981391791 13.923894256196393 30.729294706842623 0.5073749102773246 0.055822499439218125 0.4255313770504435
111 7.463409847055363 5.983864367901175 11.081226022058463 1.9845131889953391 9.452955555355384 26.280364366371106 2.379178865595586 0.6715371357252833 5.444997696950967 12.376427035956747 33.22744066154557 0.510157663580541 0.01939714797306697 0.42871925572322067
113 7.232957856131148 5.756496714106581 11.03224667176534 2.119941437999805 9.96872651092204 25.514669814929658 2.579625075016081 0.515308969641261 5.021904992328927 12.377313440529127 31.851864223331823 0.5100587642972968 0.02126217495095376 0.4283490270740633
104 7.327981858694017 5.635464193462671 11.191836070486646 1.8850280581266452 9.362590935328253 26.432696253174225 2.3853014298505144 0.7810407963575869 5.523991618480388 13.934534404909805 32.4691152308494 0.5085863935349358 0.0395886348903707 0.42717777899756654
112 7.999510759950616 5.471349651976569 11.388171301833452 1.6599220196269442 8.615767938248975 27.067265268631395 2.361960258904656 0.6155272190224017 5.3658064816398925 15.59963878302449 34.345442757555 0.50964432635272 0.02784674347314748 0.4278093620485712
121 7.755000122279824 5.690015042699969 10.6612710232551 2.4061633937898637 10.1641490326031 25.105554331068397 2.805720763400322 0.5519385449941874 4.933114815440955 12.545708310271207 30.54950207647387 0.5089523141194078 0.03924725494810218 0.4273213081647204
122 7.066628339479007 5.812127076866315 11.011112823171567 2.1067290041163353 9.883634474517258 25.124405039221642 2.9037883148867665 0.5746598211537935 5.195465297633813 12.585649548675699 31.59787183921374 0.5093671914306229 0.03706278473323034 0.42750067143693915
114 7.828754950183033 5.38211227652486 11.138913700191006 1.9130770408469988 9.57159072166994 25.732857659549655 2.866985715975095 0.7250182568963371 4.410386912466129 14.540535960715975 31.154693463180465 0.5082790975621846 0.04846591966146366 0.4268230550398255
80 7.282375740923207 5.782096372779822 10.439485048546974 2.4180600310090457 9.564576901801674 25.69335975747876 2.8422201377399476 0.9634723835629133 4.7664113172447555 11.575856025836652 32.394589471504204 0.5069226052755806 0.05833093853754823 0.425691701320204
90 7.879696334347294 5.732567886629669 11.082464702149828 2.007994746711851 9.785542392943759 25.44093920670292 2.8374921324468914 0.48399850997734895 5.667223109922784 13.885776203478603 30.754898116993637 0.5092033304419726 0.03357967074315059 0.4279056458711425
228 7.752273057257319 5.578162872811158 10.544667610844847 2.388009546845692 9.723362479222056 25.315948568042618 3.070963722512111 0.7482721256685936 5.131397653668907 13.28147363363044 30.807273039307674 0.5059903208000278 0.06996342892522536 0.42399720376490346
81 7.715686343339884 5.582000311666887 11.274473095661302 1.9354659675371133 9.445975290107548 25.794343926119723 2.704619653539135 1.0148445161394486 3.937911109847298 13.235397077822897 33.57447618019233 0.5096876865540554 0.03032077555847161 0.42754596275215234
82 7.50086134989684 5.642593816198447 11.262063437978503 1.8254846452907354 9.178984629133824 25.67211276615188 3.1720528481245758 0.872385255032646 4.725636925793822 14.149817971099381 32.54408578418925 0.5094743345917849 0.02968280367266045 0.4277684648827477
92 7.484992852391558 5.668786337791035 11.087040943603638 2.034424049135069 9.74496247846502 25.457393906982087 2.7298530181575864 0.6917737115104434 5.397550661870963 13.813317351697654 31.229154028906382 0.5087608918694103 0.04111095198014854 0.4276184924748158
98 8.147552444005061 5.580513368391093 11.2555839352488 1.9244343852432033 9.629065697885494 25.386121165578057 2.949535924570664 0.7054995943508653 5.04285911269168 14.37784192037767 31.227061134276514 0.5093006799013594 0.02471169473375973 0.4281911024987414
203 7.1896593275591485 5.865267111133291 10.387839285529356 2.525963286352596 9.885636498619412 25.337292698171368 2.8656397726451788 0.6919695499321232 5.625769316489786 12.375247137653156 30.359286064962806 0.5070854982030463 0.05642054692674221 0.425989874053536
91 7.303713446889762 5.486860674302887 11.03705011437302 2.0026264755933525 9.441876753424296 26.099812700062863 2.5219616141754986 0.5454609888900435 5.549814068468476 13.66938300026103 32.65580750820869 0.5098130838988637 0.02616712026730214 0.4281652781014165
99 7.665370366855768 5.54558167310008 10.564705877279712 2.421847204738932 9.793435309123046 25.27766907727955 2.945799868716485 0.7889091703928951 4.3076073268637565 12.459475738028342 31.69062541112957 0.5080548380969018 0.04509443286518506 0.4276098567644636
105 7.695966496412384 5.768221924960989 10.978926103299337 2.2531191405938893 10.378832283122092 24.623784609318303 2.8999428207791325 0.6101377589392005 4.332824531512153 12.299920754075766 30.55188581958537 0.5097712932468781 0.030406586194734415 0.42641146591453677
115 7.407259258841151 5.729015769914142 11.424701052268944 1.9441565468200117 10.093563932855243 25.201277610969452 2.648054043114352 0.7824045467273483 4.61623960562804 13.151118693197299 31.456744332686934 0.508798709075739 0.041324922518422395 0.4272085924437117
106 7.69882049811727 5.508175692030629 11.159289848632994 1.8566710115925487 9.822193499763719 25.930813783122343 2.4101862350402903 0.7053258867220396 4.657612403664457 13.408565101299743 31.844817885959646 0.5090238163793384 0.041019299156350185 0.4264525459811717
107 7.780700797725684 5.5792685896989385 10.744532668869674 2.354398112442838 10.165836711262804 25.07325201959657 2.773157333606162 0.8208945931097227 4.306366476737557 12.564945308465786 30.96702289346069 0.5090131038349689 0.03867717567266036 0.4276698705950345
117 7.56490895884038 5.437075111294859 11.231112301489663 2.0750859848403103 10.3218736647164 25.3739944695241 2.425094409438044 0.6242520036016148 4.114429793871562 12.787342206420298 31.383055414079962 0.5102773976771617 0.01927428767966132 0.42869328598442674
123 7.684343208197546 5.692407515117654 11.259447061819577 1.9795102695651157 9.75631309168466 25.880059835405284 2.4104058664219847 0.5050775633866781 4.957077806016386 13.50053901646103 32.28773476307788 0.5098103632931335 0.022344653407000318 0.4287600043762734
116 7.37450733754655 5.774101779935846 11.410015191314024 1.7497124457315467 9.764638123638964 26.188559713780702 2.240312387432683 0.6576116088368482 5.254458284461926 13.683090050687706 31.890397498972845 0.509639457121457 0.035382646404613693 0.4268122769444162
124 7.19258197941893 5.520833151175312 11.036835833319351 2.0283125853689423 9.351171513167998 25.206704556768347 3.243514604287991 0.8649347591964237 4.5533663583299635 13.80265364073787 32.331413373838345 0.508850183339621 0.03757547186078608 0.4279787909032061
229 8.195547290561565 5.4918537905245985 10.916730389562968 2.0687814218918805 9.74831390304183 25.62473894984177 2.705708967666672 0.7506147684382362 5.205368611056937 14.129666628124562 30.90534766255776 0.5089172114046525 0.039778552040761715 0.4269968392985777
230 7.358636577773477 5.867812935050474 11.342586390111173 1.670878105976453 8.546784681334836 26.551352141211478 2.779126216706844 0.8196336721265406 5.469580995296949 14.225084730205678 34.7010812857687 0.510231398504249 0.015050468697385865 0.42875023648262756
83 7.543266546270359 5.523223903334276 10.981098728878557 2.133661539286895 9.733067474530335 25.597821897446742 2.658417061925159 0.9135858390374921 4.522875976496071 13.218385653326607 32.303008757713314 0.5088463177229681 0.04173152553179752 0.4272957111274808
84 7.910614641284134 5.535192485041984 10.897816725666104 1.998247314968194 8.78076873588339 26.17941210169143 2.982587988627721 1.1060248578275627 4.181257415607815 14.096002786305853 33.98983681612344 0.5092859384065109 0.031002886415656187 0.4277613541738586
85 7.431888733650253 5.876157813810929 10.777947638274307 2.232111425643871 9.765425721662973 25.79537452737937 2.5747355646715624 0.8255802799389714 5.231211221145623 12.078825657824106 31.921017249117007 0.5069974190516209 0.05855702314692233 0.4248505677081697
94 7.424839236495866 5.571545322939371 11.000395559772723 2.0505114587373146 9.470529745328605 25.712881296068943 2.7212175465005317 0.866158009576978 5.230024899037195 13.735418347288583 31.962967614500783 0.5059164504142927 0.06759365065959506 0.423979121129638
205 7.580007268563356 5.721003484193994 11.277872231288796 1.6375694778892338 7.922146229386864 27.448953291266747 2.5127469327930996 0.726039015144979 5.504333442026375 15.133919762202005 36.53134243988276 0.5103016053866263 0.01557767335429421 0.42812161532341375
204 7.999003541230537 5.570663018717574 10.734015145266998 2.1134859603927647 9.130705187601787 26.000217268406175 2.8767733872822605 0.7123652227417131 5.072242257846928 14.42095945588943 32.04886758287067 0.5092485138574611 0.03723109791569553 0.42751538327156574
93 7.844727411283489 5.483852571919825 11.326923397964183 1.751769761907651 9.332603469627092 25.756899508359854 2.8844892538624114 0.6719379579740083 4.524401075156739 14.818027881711274 32.08702517557091 0.5100448004520939 0.012837816927482726 0.4288335033632689
95 7.69888915060266 5.58085867670688 11.039174420404859 2.0308624155883646 9.406208163286024 25.851038689877715 2.6693114137389626 0.5645873101152901 5.249444406025189 14.127807463659728 31.983896778883796 0.508251803620344 0.05215203933903054 0.4259369044612818
100 7.397655483458653 5.7383642994694615 11.002992659607944 2.0557289256866795 9.527869695428132 25.632029910489457 2.7680773158632044 0.5158712541625995 5.386330862577697 13.087276945793862 32.405652060529725 0.5095393064719984 0.025023683586953647 0.4281924830373094
108 7.718792689450884 5.614136918135255 11.283537862288663 1.8669089952936135 9.409244663888156 25.318200792872883 3.0389222354861833 0.927303694151634 4.607446078039488 14.551970124223201 32.02527114267215 0.5089211246219976 0.04250689515821164 0.4266523115658036
109 8.106173485084147 5.505842226025533 11.098231642678366 1.9389784866579196 9.14676086595651 25.56615739492063 3.059371352974844 0.6994920738496286 4.558987859053463 14.600959877063437 32.810376957456135 0.5095379530870656 0.02655559292545975 0.4280100042744818
110 7.926348959767515 5.462971709702695 10.692062365307958 2.2053748742891157 9.218624642077515 25.4890517194746 3.1578723453012514 0.5911774234520668 4.580899494083601 13.99204157794221 32.352442676851936 0.509606150770619 0.03047851860196593 0.42777763629849286
119 7.323052228285905 5.838486187963563 11.138516557019894 1.977473709924662 9.774856724962742 25.761015060460753 2.54763546580322 0.6114667288842272 5.310064689555488 12.946271755502934 31.64426707359863 0.5100361643854003 0.02269113637405896 0.42843878490501686
118 7.669082469106513 5.535979783643225 11.311612701758618 1.7465983672100125 9.229297571533062 26.583729594321223 2.4507204882869895 0.6327180774299156 5.102752938736268 14.499895047936567 32.76186765001523 0.5094334909699645 0.029611163713255544 0.42860367709620345
120 7.699766167260498 5.759365505727963 11.179831801544115 1.7760587216244916 8.86569771221486 26.198061701177657 2.8123810617756786 0.9241094251059918 4.842757975078043 14.075063291675411 33.926043445533274 0.5092535864159348 0.03775106318519087 0.4276595026210942
125 7.467513917128539 5.804572050965502 11.160657025672824 2.0677163490877604 10.102881682969297 25.221051681430467 2.7429576434488743 0.4741127753069651 5.115801437765172 12.632332517266198 31.1814289271784 0.5097185718966354 0.024894301140441524 0.4283047630456949
131 7.614300502881353 5.636446870682876 11.11092568288467 1.9493614377579334 9.419653425504254 26.072430349596573 2.581066330835605 0.8802108639051724 4.938449838122883 13.152647623420417 32.763639149178736 0.5090945659676567 0.033298206517410195 0.4281645545752834
132 7.734699438039764 5.628457044576075 10.587959023318914 2.5509059617886396 9.805066901977542 25.381153159282434 2.84203831388869 0.589814048738341 5.477997246308089 13.687640628338702 30.145904221984555 0.5068564292883926 0.05780166989445024 0.42628771432372875
133 7.151064789130508 5.831521794686443 10.771525216866284 2.09095179715797 8.737312331460757 26.574811516150657 2.685932103722752 0.9110532368005436 5.139576418594586 12.6760336315213 34.47797554948384 0.5075727634029171 0.045515508797093936 0.42751258214522747
156 8.195386355700743 5.443958733847079 11.40532774591213 1.7774853383976381 9.28190106324463 25.976665854434728 2.6479540532769454 0.4407689321815786 5.319046924654829 16.02182498053019 31.77598852879137 0.5093494350394073 0.022122995639373807 0.4280931518399351
158 7.683532978760443 5.496806975842179 10.790806905061514 2.151896473604049 9.498602952731481 25.224301646462294 3.1367225444998335 0.8207807094275392 5.086448358640349 13.988888197054141 31.016509906941153 0.5080088546467677 0.04389391442352003 0.42753700948175977
134 7.517562273141898 5.824208712290237 10.799290848882988 2.1219239605906424 8.818463037560472 26.063831096722367 2.948116396188836 0.6198356898106762 6.390122837171278 14.178042587498755 32.9369170015904 0.5070689000633537 0.061782519411589194 0.4230786486228559
141 7.2661930643253445 5.810871942429434 11.006795089626625 2.035828808187038 9.610410583863867 25.46688932789465 2.8523670665912895 0.6497162013192879 5.50683772183635 13.546882210318351 31.492112190200306 0.5078507156639093 0.04700231575736949 0.4263504910219152
142 7.723373712156906 5.685531363495114 11.306513118245165 1.8555303630230142 9.440564011979532 25.34615985807122 3.2021613922521945 0.9125709531222388 3.9233582457543688 13.589593252384176 32.27806342072337 0.5093780112409642 0.03433227882365922 0.42721996374945764
143 7.404931718254096 5.921268485313054 11.209808630520508 1.814319017011765 8.758274384733294 26.15728971536182 2.8361379834608997 0.4091421529149008 6.57717815356979 15.273238020622685 32.82928591006765 0.5091123523580143 0.02668884919353655 0.4282782394755933
166 7.446311702287432 5.630890893150175 11.021313636925292 2.011402082958547 9.170783783050917 25.924142089708266 2.7770254546217004 0.7360185942608317 4.742289801834139 13.79017650040299 33.22300345907701 0.5089708093140759 0.042566469205395155 0.42675561224588476
168 7.164692694835998 5.958691368139457 10.896181275995877 2.0727289266626387 9.35339180931139 25.78289870048097 2.895905956289153 0.612668635351434 5.788699665032826 13.042296243090659 31.52748422715793 0.5093978286377199 0.03132351013336588 0.42819594311326126
144 7.819508059784239 5.543148293759066 10.494558998406278 2.4371520532478166 9.746749302350267 25.441384515046906 2.8090865663781117 0.5047449693231715 5.297403426051925 13.48406267857755 31.093473690157296 0.5088668854839222 0.04562139527106267 0.4254780007512003
157 7.663864296276866 5.5469308859706326 11.061351399979399 2.026229852812577 9.543150847224544 25.669490123022673 2.753416496943473 0.6275697362577088 5.465357809523735 13.624290949582651 32.3705455484489 0.5095075645735988 0.022659315497489285 0.42752012073017404
176 7.394482758511116 5.672965075803737 10.958411593732913 1.8555834629684802 8.480282655251777 26.528425481955885 3.0364516567439734 0.7344635510953027 5.337078151207536 14.945326983655374 33.27907815040984 0.509076512484317 0.03264093967114185 0.42797056979689174
177 7.362300362267484 5.720072285756449 10.935272063598667 2.119301298275494 9.41683923800645 25.521168033956 2.965036699918085 0.8626467260202135 4.856741974239322 12.73525991863729 32.71690318267288 0.5084103259061594 0.040813390292438544 0.42638034015008863
169 7.610771577265774 5.737548084950313 11.047568491360037 1.974558732404543 9.16037325704438 25.92408991394338 2.9028795117737083 0.5684611273634131 5.4887166586635034 13.603276004832429 32.95881825469731 0.5091758449743078 0.03484524474531722 0.42741032663684175
159 7.8443522844716815 5.329700584253346 10.20121670308065 2.8564439836718543 9.94937977770837 24.420161485609967 3.5425583679858588 1.2341356587756318 4.846001528618245 13.266204669768157 28.722317775432888 0.5031991361167066 0.09321963831768712 0.4181051219596272
182 7.791231771698464 5.760956337548205 10.66560201320955 2.375876253640495 9.898613569998421 24.89658668904968 3.161632924693984 0.8853996023922679 4.695066473494825 13.0722951348419 30.250055536760105 0.5064109826260641 0.06455993123896947 0.42384763623746347
181 7.576395459532436 5.715750332101938 11.020248571001463 1.9427104215169804 8.7428823577715 26.294428931075963 2.8206880718954026 0.5495115838471097 5.619759818103123 15.039655040693509 33.39145398860236 0.5099524237282924 0.02687616306959546 0.42758543761398327
167 7.46169482333695 5.529276238238004 10.747678568298944 2.202510358379858 9.5083461256939 25.412270750314498 3.0577282657387133 0.8953217319691938 4.504211455256286 13.094272449565963 32.06309664001656 0.5073321333861096 0.055152768058077374 0.4260049902973712
191 7.644343760330828 5.91089361219483 11.053251682786206 1.9000432709291812 9.469532671821662 25.755187114588292 2.760652398950028 0.6231015842872711 5.552992363264824 13.75181354672885 31.576961674854445 0.5090734397769052 0.031606070931357304 0.4281294661351832
192 7.855502787804191 5.574455472937141 10.711497452930102 2.219520347976438 9.148422454495178 26.001839140510345 2.7819675893054363 0.9350480041493825 4.52997486442429 13.399309649705563 33.487679280650596 0.5084209182923908 0.041218995860796685 0.42711351642599044
196 7.245584570944027 5.7565637995072345 10.831165922009706 2.2094477192551296 9.624942934510077 25.34867591380869 3.0060331456918417 0.6003129949086876 5.375567839124146 13.503028965908761 31.176238391443047 0.5083851599963768 0.050730132482451985 0.4252263042861557
197 7.533330739576635 5.694130784049929 10.62969307679239 2.226614193738505 9.439541056508215 25.46336009025542 3.0050699256422586 0.6973087286822272 5.7924150499816145 14.04444085028646 30.960156580471256 0.5067770197583391 0.059303437617857904 0.4254941197403665
135 8.04727415890689 5.761587155447755 11.15212405013979 1.9523800862963085 8.989553524484613 25.595380646411087 3.1244534687938588 0.5142874259558828 5.559339542131994 15.103240785013643 32.35308214463935 0.5093258322984626 0.021306914388496155 0.42843292374053493
160 7.462036028922048 5.749575117520599 10.503661455559207 2.5065947748422555 9.628932344264273 25.254776849678112 2.975408794438698 0.5191386988408508 5.6344174783221925 13.129310691709717 31.13301027536799 0.5068747280391215 0.05253416434650856 0.4266731134622524
184 7.915268726422216 5.628747687321026 10.41210644237341 2.476951447430676 9.682003101432906 25.034916228125102 3.225760192862145 0.9150847865729136 4.605641648053209 13.524621169804341 30.308113976430736 0.5074470923789429 0.05914239307336215 0.42411147397452115
136 7.46009919584291 5.737755609390894 10.595118863298797 2.2308956714328954 8.956433484918453 25.81165730383761 3.1743836727202495 0.6471799894618055 5.623848002438563 13.329210892780779 32.99780211048253 0.5088949062709127 0.03926781092848989 0.42613978438221706
137 7.600639831630918 5.589030701495388 11.071523583414493 1.9050166528925085 8.685987105961471 26.114194441587657 2.934788812710684 0.8557156616138504 5.370974753282434 13.886977314426277 34.47194070188642 0.5082062591455443 0.04482483458877447 0.42719441060027863
162 7.416059033195744 5.730671230824051 10.946578387416158 2.1123404208780627 8.95779129992513 25.468870005449556 3.0762486512657206 0.5524213365232457 5.659983696620741 14.459242987918852 33.340469390026804 0.509172188572164 0.038503010310328004 0.4268249983929259
171 6.989133455418288 5.966939410895011 11.026153249039998 1.9449167265382301 9.070829940224789 25.96631672615225 2.8600922961363278 0.4985978721361443 6.142587098591989 13.613863310444323 32.708437568557336 0.5096527265498099 0.027042372831298938 0.4271568350553742
145 8.01147987341173 5.795166449034018 11.145428766802109 1.8464371240451047 8.72213442050385 26.211381078943763 2.884267634004401 0.5921947899394288 5.926861815624184 15.459116114142933 32.78082274564002 0.509145431759007 0.02971906251376469 0.42756995203850634
170 7.608681792819164 5.911325094316782 11.082506125033566 1.8143098409553489 8.480786330789995 26.606296948727444 2.8138009830066446 0.6394967657415389 5.99828592975514 14.686414845029015 34.05459124117654 0.5084030002307421 0.025328708330789127 0.42935042041386934
146 7.3498603545093255 5.339114609634579 10.09923994825239 2.937885183183745 10.05315490855964 23.743345140773627 3.7787742588092046 0.8651099278181373 4.958840610286065 14.133696475501441 27.917974475943616 0.5011667067196116 0.09746889490274897 0.41868162968755307
147 7.966338751587454 5.416195717624213 10.618434492124582 2.286447314983463 9.06631965041797 25.724911835101675 2.9522061173219702 0.6713844856159012 5.454645846333751 14.989049684981058 32.10378317412615 0.5071003118987782 0.05496854970316908 0.42629495457968214
172 7.645499349590472 5.667210848965572 10.985801161528343 1.9711647978394586 8.954374274550979 25.83299517967441 3.043556233838805 0.8556687258495037 4.453526202988847 13.785376578136463 33.25989939926169 0.5100831136731244 0.028619811543778503 0.4276634793122024
183 7.926185846177516 5.459452263949183 10.602807925836156 2.2304924778338835 9.178656243883559 26.037729900711966 2.7369457885890895 0.3957105429608551 5.918344782190349 14.693631349289939 32.206360337652505 0.5079869548028869 0.044501005147175074 0.4269130524087108
178 7.018476518754171 6.017798031830552 10.800354899612223 2.266882964636724 9.67431212683563 25.462582217269503 2.8437806327365838 0.7277074783975201 5.290258712745466 11.793760904875478 32.378186399691224 0.5086344028561933 0.044767095952852304 0.4259007333742938
161 8.07964451761986 5.289325670506273 10.594764671725283 2.3075124077786677 9.179295954649248 25.295658820960192 3.3014818645731085 0.8306220971183549 4.854870314199809 14.412590503804266 32.18596161599012 0.5069565666958922 0.05975240021520628 0.4251466720377027
179 7.537843713020778 5.804384380869004 10.179408373538454 2.5840877300664755 9.564560341043531 24.8875202061735 3.390958650309588 0.5099066934650067 5.709675548466577 13.869593947213632 29.724798499927395 0.5058407217303923 0.07381360123257089 0.42194015203570334
193 7.493168773840411 5.69994802241354 10.885509712492569 1.9016386547623285 8.530292521355856 26.20206344781457 3.0634397064805485 0.5399630926631027 5.569250602229321 15.290004343420339 33.28356258515987 0.5089587223021776 0.029412483205230936 0.42842676780601247
198 7.2264599961698455 5.782678801795714 10.935075366888185 2.009820228668538 9.050951872725097 26.437898163002973 2.592511166467376 0.6039713197434295 5.755206031924176 13.755081768621718 33.14435511955776 0.508531995769165 0.035824046588240226 0.42733282879838674
185 7.5162449440359715 5.929245624361741 10.738423030413498 2.050565244305186 8.830284508328996 26.02032283736435 2.998607529573423 0.6802439813921499 6.182808935627253 13.997696662616075 32.743411537161045 0.5086734214749946 0.043086570932321336 0.4262329760726034
175 7.808353668778596 5.682243966776635 10.93195039637449 2.1177172755870557 9.55060718612828 25.371049842834825 2.9725962711594787 0.7990482386215421 4.46362231202649 13.486448644253759 31.93261121254471 0.5095843259753078 0.031305025864329906 0.42758204712062736
173 7.7879929131774155 5.763720155972185 10.618938885371865 2.304985304829722 9.43798803613501 25.578378142719373 2.8981755293336673 0.6869740802117525 4.682751173386257 12.949442303086132 32.49411150254445 0.5081700888037619 0.041701855686153005 0.42705895952464534
138 7.537120611080893 5.746569446073144 10.497574019981165 2.321738716093417 9.282799672445128 26.029914304857584 2.7879877128293358 0.5827086333585108 5.545006971072869 12.725061046749751 32.59837887426301 0.5093501471165496 0.03390958340895172 0.42780301817641686
139 7.530663025153498 5.750590907314426 10.837830729463679 2.165560299443027 9.318699783808558 25.887207438633155 2.8445156029247567 0.7424803575294447 5.394630734963475 13.530497050910249 31.651694875674064 0.5084865903659264 0.046887986164083746 0.4262603389352397
140 7.310370807820378 5.841021844041309 10.671604402865192 2.254823824347853 9.54133410766394 25.27454476459917 3.0302399497564 1.1045692534606952 4.2095067496468435 12.144113396916612 32.489769961240675 0.5080652830769351 0.045537647404859084 0.4272307550925176
164 8.015017571236678 5.7340242981066964 11.275915897856601 1.722602629714619 8.755304523738808 26.326840764337412 2.8360670598372137 0.6749013230773714 6.036206630171185 15.70490832471122 32.59831604120044 0.5089956598564215 0.03095485620297237 0.4277760026107188
148 7.7291765006275766 5.807555790182549 11.187143325316637 1.8900299160127663 9.349427982152378 25.72939559566313 2.9164569545650183 0.5342353345230746 5.830663019200441 14.474674857775009 31.431125581461192 0.5088507677129724 0.03731182215155829 0.4270145755020611
149 7.941112572972927 5.45889022669034 10.921002773007865 2.0664083290384707 8.955600907049167 25.527284512931292 3.2558964876080694 0.8240818821315831 4.641310343096519 14.849650887705144 32.89783982568459 0.5077996050376328 0.05243609207141233 0.42441957151946624
150 7.556957456620056 5.653689021589998 10.819608172938016 2.124003102714144 9.325164908231407 25.858105940427976 2.7817693075816745 0.4062592249758817 6.083290691196319 14.76066053719046 31.103136731626712 0.5078843223881918 0.05228342674393531 0.4261195146036527
174 7.766054641316423 5.560702959006172 10.560429724044143 2.2902473501235088 8.896785366067338 25.59124871951759 3.068366653049632 1.0187812772655045 4.967190163423313 14.472387294417105 33.34024902853565 0.5078767550231537 0.05406083410381259 0.42568423932132315
163 7.787285024552525 5.729244859128172 10.626089185869265 2.3551947927919565 9.553466943681252 25.16784105993273 3.245180607704701 0.9358781222339009 4.430219925814472 12.421216140396869 32.11213205420741 0.5092809638814617 0.03130125028498201 0.4281161486625416
165 7.266904427912648 5.781526432034251 11.127451884582383 1.9641871307571934 9.32840183238071 25.42223478152566 3.085265278368897 0.27592686792361504 6.89617569125789 14.92581726807849 31.08577977178368 0.5099342571249934 0.024364231679341864 0.42845846770836843
180 8.083709733394445 5.7141744313529514 10.435968405133131 2.365388902717702 9.013194665631092 26.018421653067325 2.992698986008827 0.8455284287943479 4.691012296330829 13.480497390665047 32.69236323964396 0.5088529842845511 0.03775483584100455 0.42754014169041354
194 7.694836866883869 5.890170992423365 10.70274419080986 2.1571710872172947 8.784367527036153 25.706032281307465 3.347680000343318 0.8212461934923093 4.781404378753602 13.4594409328258 33.07998394094161 0.5092591931166529 0.032886368156701144 0.4278070394354949
195 7.714036472946033 5.888694806730336 10.933089766014524 2.064522260757809 8.945677726439971 26.064135692713243 2.793166679625792 0.5699925481500749 5.814204597255271 14.22289413972212 33.09603677791516 0.5100461862383959 0.02171624298635183 0.4276798478888525
199 7.6610580908307995 5.703832952753833 10.80784486927011 2.2711222838660587 9.602316120723346 24.86434802255032 3.3087156308889805 0.6451378321311464 4.631590029104617 13.655050702685594 31.034484904095287 0.5093598984077574 0.03773144988242497 0.4269050554460746
200 7.777202081971144 5.735767249854913 10.776949891730357 2.257436712420159 9.665984112270843 24.98735352645839 3.1706915370226407 0.6227345788492138 4.657012793492519 13.357968268490351 31.365369956246315 0.508961570465509 0.03693593062670379 0.42685289761613465
206 7.466341066917962 5.8552058147943224 11.181403270639025 1.9606083047908254 9.41909783464049 26.086302065665176 2.537791662634456 0.3886718343942396 6.228312879467509 13.970615070715805 32.22820743741579 0.5095901743982578 0.02029439809830912 0.4287711364768271
207 7.678961775478327 5.398718414756312 11.054103466501726 2.0073694508445916 9.244866729897764 25.999616774909274 2.776589189840785 0.9183558998349971 4.098258046248793 13.552854731096582 33.73538316413368 0.509750799118439 0.02399330803742992 0.42814633007759045
208 7.4946188448847995 5.556187675643297 10.803748826234235 2.328340802778609 10.04216768683952 25.13654668250602 2.8720568255928356 0.9069328860609571 4.767798692833116 12.526324885939642 30.663630379228646 0.5077490579548263 0.0519000816832151 0.4260920774805535
209 7.222349371202735 5.75068188115665 11.140596224828547 1.934850473332403 9.207762783239676 25.194592364261393 3.418555683835502 1.0779767270760219 4.538731927446015 13.634430092483983 32.36137966245522 0.5092564720470444 0.035422366663233555 0.42798189317127106
244 7.2501280095216325 5.909311400812262 11.19860482120341 1.866031411154825 9.22052277765122 25.985836078517067 2.774696838507387 0.8328442097288388 5.6015314143558985 13.233880153749283 32.88376297076423 0.5096846805778386 0.02843181718540337 0.4279291571271666
243 7.618578290242569 5.449532807707877 10.950719003483547 2.2099926843242503 9.439617786071883 25.42203231919887 2.9709483817092583 0.8761236846599183 4.188813470080004 13.986711606022872 32.372921501055835 0.5097290463936744 0.027836032530142506 0.4276664231267146
242 7.644797981119584 5.598555512366961 10.877658726929393 2.0517470878172315 9.24972702264149 26.410564053345006 2.5012830309873393 0.5270872596644779 5.331226182426984 13.761213985725695 32.958970189162315 0.50966230469309 0.024573463815637384 0.4280902646810846
234 7.313611981514245 5.929119524692635 10.422847725529184 2.456950652944786 9.589534789375477 25.674622057080658 2.76717856908367 0.63374268444194 6.242871774736785 13.08476051654149 30.709063152319136 0.5077801366145132 0.05038751776503299 0.4259244204894228
241 7.287530298528756 5.682172330891656 11.130179995817592 1.9602924313750065 9.13076634723998 26.201606579805176 2.6287834984049767 0.8561168797164309 4.911758256491149 13.497824024890141 33.4789770166088 0.5096947847945779 0.025426053239675714 0.42831816014272583
216 7.675116133180111 5.740213123969914 10.977298539738046 1.9738517688231312 9.093518555152047 25.90801181866994 2.834645071361779 0.8163322022011118 5.409194188432059 14.4618315225897 32.56197988320673 0.5096806103118022 0.022262230523517768 0.42837464051618734
217 7.476026480374081 5.7351851202954585 10.712395975470656 2.190435102852911 9.64260424195363 25.33248275819866 2.966936571813801 0.5809631233985795 5.533519886869643 14.122323213937213 30.48179692278738 0.5078317346955235 0.05173582211589721 0.426489635211533
218 7.839484767450992 5.515655495018165 10.995686325574175 2.214408513662328 10.008703118433585 24.981273006826292 2.9062374664312243 0.6207419280718363 4.078773486128187 13.373488551335798 31.089344860459704 0.5096617130841347 0.02425954878437364 0.4283233469351785
233 7.551937446218786 5.590373814225159 10.89299964569991 2.051448674559169 9.442660001406077 25.214034455460986 3.2211116208661927 0.6728821730796679 4.8459704876529015 13.898765908732312 31.64214159914424 0.5088719167705685 0.0350479481216483 0.42793782537097574
219 8.11951965805253 5.4580830868846215 10.823908165181951 2.2102891022423377 9.84308815371222 25.519597959889634 2.7524055111979546 0.9939160432046537 4.161213870810459 13.049138610685054 31.63977023310305 0.5076028119175748 0.04883861133586193 0.42692208859078307
232 7.648381941068759 5.450526929915662 11.11354849128308 2.179064390413854 9.963928936654616 24.64711017594488 3.071810099473392 0.7711115528156081 4.957127278687725 14.649978946029403 29.783139884861292 0.5077697034147365 0.056942381563604046 0.424796224193493
231 7.594251570002939 5.757832915641583 11.148231096060101 2.055753249307755 9.954824815885567 25.093331894892103 2.917910122419568 0.4587038403499399 5.012945568938118 13.384824952180717 30.891774301727434 0.5098916845545142 0.018743051406484964 0.42869943855270065
236 7.404871070871862 5.964581380525791 10.76210060411123 2.137832652540747 8.957863248606811 25.66095897202268 3.1645985951884614 0.6013470570787459 5.6150773028751 13.077441040851406 33.43464686832546 0.5098791618207023 0.020815796532931766 0.42840013120693304
237 7.712104155132282 5.650744697988691 10.749192874867397 2.086017168415024 8.634888331662903 26.204755277527525 2.9464946880659104 0.5799815016860514 5.3576281089956215 14.202576979964455 34.219111176818416 0.5093233959086138 0.026374671687997644 0.4285212994226363
247 7.5611328933153015 5.944600103745946 11.49413579109983 1.5941982489140945 8.475057801003302 26.153225035103006 3.1042574148934565 0.3763373453441808 7.0315306145786565 16.128581949999653 32.97082957004448 0.5097836161137618 0.02530853130617005 0.4282610757115475
210 7.654655869007049 5.540425872908894 10.842449094386698 2.213759386335116 9.527223428955175 25.323595600639802 2.94847314864984 0.49676750163088257 5.592418074117216 14.538944712033674 30.818436280562825 0.508605563279966 0.04576884859294808 0.4265734130323783
246 7.715885768391161 5.558310729483993 10.650370690893295 2.2167809981467483 9.228130873877507 25.932292885576036 2.819829250262192 0.8312833644813502 4.470910385311494 12.882112640080797 33.218058706552284 0.5098320740265261 0.019648023166573228 0.42812632967027936
245 7.654336658115025 5.7852894965581125 10.37119073474528 2.489987952482843 9.498718780809227 25.71619905574839 2.8662725954965222 0.9868030813709755 5.152978457406302 12.949704585017503 31.184694866275816 0.5047985025502507 0.07835024791756122 0.42218718689294477
235 8.068009482485303 5.700798069483878 11.220582290364556 1.7808787324887725 8.65488612524374 26.272642766116782 2.9004459554476982 0.6312769305848887 5.217826268881454 15.240695272968503 33.64814179313488 0.5095055329435906 0.03096044593476876 0.4277456232812955
211 7.6090487077961795 5.697854777012363 10.941746835407752 2.027402545362172 9.123786629299811 26.088113224109566 2.7611063197419727 0.3761315927281007 6.077416095529441 14.486739924914676 32.32404914083882 0.5095159511155838 0.03065824966241984 0.42790661903816063
212 7.656618829965262 5.622950258561459 10.719414728156968 2.2330035953207585 9.098898351247161 25.041400946100854 3.4649553326868867 1.148702891306983 4.384068101040576 13.672266790564752 32.75366833394783 0.508499025979619 0.04406701964239113 0.42640268326174946
220 7.532339736387771 5.586560049078146 11.232104539326757 1.8758797442139579 9.107516153966078 25.77304594366693 2.921307179268724 0.5472107460514345 5.301187567978947 14.71003873046242 33.00466287522074 0.5096345569817231 0.030749942270580873 0.42790410459398937
221 7.9766121142262865 5.613819951133454 11.334759679209075 1.8635219798654037 9.38621346038251 25.341867022250536 3.0533934999084313 0.7242118398542257 4.851926011743681 14.892683053303264 31.77244257782429 0.509446529325687 0.03091725221603402 0.42806241296179753
222 7.257273567924485 5.850673031251757 10.561898174430745 2.146533090041184 8.700623811591285 26.404051828207685 2.724518751416471 0.47934462030645547 6.60348643197111 14.703400338251942 32.97970085541516 0.5092386375100086 0.037094862914916725 0.42714471685015487
250 7.356840610245693 5.867972417594108 10.91710015052506 2.0801044584784485 9.23655091937016 25.52726562709683 3.2608516904113465 0.7303289727562555 5.038643923722041 13.469991737061925 31.52551399839225 0.5081467795708191 0.05186304629248502 0.4251670544489611
249 7.909819287144431 5.786026594682325 11.038555514291131 1.9164677419498823 8.749400923253258 26.364878131259616 2.787477508768987 0.8575996222120281 5.25601561777054 14.28305027040508 33.83085809369789 0.5097667302027413 0.023712050453146016 0.42844331170293126
248 7.552416265178637 5.892030936894586 10.829372201514992 2.1251809554915964 9.22718204483308 26.283703895116247 2.5488092965186553 0.48517297237669227 5.805890674195127 13.420900596648488 32.853074666348746 0.5090242504118505 0.03623106244320476 0.4274932484816754
238 7.5369411600018035 5.843158472626106 10.713230142142216 2.1600267943046685 8.763682187694831 25.618273454273524 3.363605110300813 0.7723623413084332 5.621052473686741 14.371219947492104 32.84693637557526 0.5084209494825576 0.04522895887004118 0.4268475065603105
213 7.862106906444561 5.823359206414517 10.951584494037448 1.979053155762226 8.66151296101804 26.043041295584516 3.110433506499766 0.48611390599398036 6.231068433472981 15.139509309089933 32.88141084809218 0.5092001453536688 0.037967169596884384 0.42752220657671813
214 7.814202085683748 5.813233244483367 10.763768627357805 2.2058129614112327 9.540243270402653 25.365440100923184 3.1280974019321692 0.3974252570269755 6.003909101050658 13.739391695244155 30.711806963054297 0.5095531912052527 0.0316218177023482 0.4279300585751345
215 7.691765398478806 5.580642331810596 10.668676800104752 2.2489886353785646 8.990149073715576 25.17938731303946 3.4700195357619528 0.9136458417206877 4.843942141284238 14.415069185962272 32.45334815830053 0.5083220908155888 0.04887644333340515 0.4266360683448846
239 7.645921404158198 5.886606618539871 11.006418920627647 2.005726805386477 9.127323982946688 25.646722270453008 3.0612084687822336 0.48556582857816466 5.630598210329399 14.163548546299118 32.3135794929262 0.5097971079030877 0.024096437156469325 0.4285246660328865
223 7.579540657585526 5.667949608246922 10.861724052423607 2.0207004386309206 8.933816421936383 26.215712405232274 2.747667721572857 0.5034611084562554 6.4029435045552825 14.53252742735094 32.80771899840284 0.5091444713478878 0.03699923043882632 0.42785823894114455
240 7.829397199175869 5.533983149077449 10.719709047166617 2.267353566952544 9.683783454655366 25.242183993186767 3.0581147752750417 0.7591237243109702 4.091876350316353 12.991451144601465 31.70543641407445 0.509033235552927 0.03404341873619596 0.42701948419836333
224 7.672628254361292 5.943213792618669 10.767365123203177 2.128198783339198 8.979524821446589 26.21945564449485 2.8280933821098557 0.6378435527543367 6.002498212409654 13.463500546306854 32.855202479541305 0.5088277743261788 0.04076497311181568 0.42738418664322536
225 7.44123350076177 5.754871383181715 10.564265963230039 2.6263718651296766 10.253090973700154 24.833520988602345 2.8121516431143347 0.5797750391229245 5.6917126607479815 12.436052985435492 30.05768773275954 0.5069360847248076 0.0627191399455497 0.4242219621785933
