# timestep 1500
# phase bcc
# id f1 f2 f3 f4 f5 f6 f7 f8 f9 f10 f11 f12 f13 f14
1 7.494069738735553 5.612968017446665 10.72933666035815 2.3349547912488955 9.659544351351443 25.821518647902277 2.5006469851718682 0.7096645542175706 5.547952038933892 13.076940042799457 31.79343142796042 0.5086142626795467 0.03602594457411528 0.4275419087547211
2 7.644205469856252 5.660223562358749 10.67154931929711 2.259723498143715 9.585262343862391 25.190503010425253 3.1887184420278434 0.808616267604115 4.583835192901528 13.119115687983925 31.16060166764897 0.5085706197412909 0.04240683184918551 0.4252012632863564
3 7.929785116502546 5.623047202649752 11.01707568725889 2.189164756329893 10.076289304988952 25.326801649942777 2.657324890013177 0.7671587795874785 4.318153005163652 12.32942529851236 31.512452388158923 0.5097903755792805 0.017394865030234068 0.4279554434006328
11 7.3683006953769175 5.747138888415667 10.947782466713504 2.0375191891002076 9.190475092448931 26.192080638439734 2.6191404680368104 0.4227370915862817 5.836617308139131 13.960959077819846 32.62211836353998 0.5094258236875592 0.018469723973995943 0.4285406811469681
13 7.607622432385343 5.791417857309562 10.86048243305967 2.161302506124471 9.42540627908119 24.930551965007098 3.441513559754842 0.7977265125396701 4.41747031482532 12.975306522064457 32.04013093959045 0.5081117942442375 0.040452825330652566 0.4266440462665675
26 7.802177279314133 5.486234796487507 10.70433605359275 2.1869130159885937 9.523139815930659 25.375260433041927 3.0687241615854237 0.8494922168668868 5.511628297609994 14.33894842609872 30.56734959390916 0.5075507991078151 0.050755865220023254 0.4265926902436738
28 7.505361517374407 5.4883379502417435 10.8944455755394 2.070216349335856 9.094002408174017 25.46352799885264 3.144058689965646 1.1751679605892087 4.537713571582133 14.24666005128467 32.614250525396194 0.5087164964163503 0.03517949703143191 0.4270653061209892
36 7.333600179021909 5.794333395630239 11.379334876878723 1.7174491976145665 8.66688194148659 26.29998596411698 2.816662428593382 0.6621862317742652 5.620292722008497 15.049491448587304 33.61242527642657 0.5085649748100994 0.0318199575060013 0.42801214873149984
38 7.386193167883471 5.691072664991318 10.810121494974625 2.1533493539450568 8.854384946170317 26.020865846129677 2.847725025297434 0.7035734917988361 5.792558009225469 14.446103753539807 33.1731766239931 0.5094208483304953 0.025150693907655168 0.42771489453903566
4 7.860310557188542 5.580917724677035 10.74990252120567 2.2908182807394857 9.37625989075167 25.715399359468048 2.8004116590147445 0.5768863351140299 5.1877300703006695 14.169521578325048 32.0666253362676 0.5081131377704318 0.05070166069190808 0.42588591934921455
12 7.057230043919955 5.787427258450528 10.484885649695899 2.4381932521552048 9.645943416629715 25.042411796776893 3.041526530388272 0.5287491519156713 6.4657280816337614 14.652971198514807 28.902233593111355 0.504313357881016 0.07995669853720244 0.420865512805796
21 7.33725904029313 5.578385262512482 11.173286652355902 1.8657099286212115 8.803815898560767 26.095411531286246 2.8586274046504374 0.49701893415538345 5.834241871981949 15.456384877692328 33.02261788709141 0.5088517079050776 0.03036231342622406 0.42781868510428017
22 7.419609617488034 5.6383055826785125 10.719574456375229 2.421161440494792 9.93512681614348 24.51870820653285 3.2813157975844867 0.7823438456308891 5.074018755720934 13.283538626032481 30.059906584261736 0.5081973808757634 0.042800111501611525 0.42699495424109934
46 7.734988820861902 5.583956994988917 11.098158893913576 2.1130506884804188 9.561637441220311 25.657696009247125 2.648821713569875 0.9710805515034592 4.7086264787451775 13.880061254256477 32.11528148588608 0.5079175265476119 0.0467446165194538 0.42603874170275097
47 7.708369892719158 5.842513806210073 11.417850885859524 1.8498039560561563 9.287964105390415 25.830375907994345 2.7301319917325273 0.675421403312881 5.637352475299072 14.39720628924791 32.60215179229803 0.5082473180985568 0.038259150740960625 0.4267665269226653
14 7.747039219014359 5.957160695902142 11.213629575006383 1.8270051499353759 8.910601964295672 26.331843861057028 2.739487079710736 0.8404353343168941 5.942759955256584 13.871893170673026 33.28112310343875 0.509497886273226 0.024831165184308338 0.4272843419434654
27 7.26673285038917 5.674255930944231 10.908254529421782 2.1985375990303258 9.698405763581361 24.996789260283855 3.436766909768047 0.606798688331031 5.29889942110095 13.562284705518788 30.046251727601984 0.5085467467215617 0.04024415266700083 0.42620088785198074
51 7.829144009335482 5.555895218440027 10.853233373698561 2.435082606145365 10.034784755178148 24.881616394940263 2.8514594608553443 0.8966995619493096 4.725525562294601 14.027983416809713 29.942517182466037 0.5062574915933272 0.06928613501575148 0.42333388421676915
52 7.585640316762384 5.508320894881431 10.923024184089194 2.0081963496930864 9.038064604508158 25.878453536186818 2.941189127610229 0.4947481166712198 5.634640537307604 15.47368667225592 31.754910873570335 0.5082005358254884 0.04568391586748883 0.426791610318046
56 7.6467133866427215 5.605969492763528 11.133325578613338 1.9225745418375362 9.036217694886536 26.583953755737337 2.381026943794793 0.5073869084771159 5.4276783695257045 14.689509319490249 32.94857941284822 0.5094816372627616 0.02180969849130862 0.4281079947328333
57 7.585469156716332 5.78961931499476 11.342814597681333 1.8043950183873152 9.218111668584871 25.588531021662668 3.0786936100941205 0.8438159461795609 4.910596109744984 14.205024470504505 32.306798591836916 0.5084117276717813 0.039064119574241635 0.42768922656837555
29 7.63795053478151 5.728463934757292 10.649383893868166 2.3874622106245 10.084922428307255 24.700134349443207 3.0770493907668466 0.7192428826855203 5.00770108122552 13.186480315229495 29.573176722922494 0.5074932438822164 0.05642886862077847 0.4254234599966331
37 7.579685072166082 5.723197229718736 10.88960420486673 2.1007145130943705 9.725888074629664 25.511197350331326 2.8154661497946067 0.47637274158537657 5.690792836004174 13.587445272374136 31.044307055474455 0.5094517588283315 0.03862993582899812 0.4272408381154924
61 7.6072809111526745 5.754028140455783 11.470544350663898 1.7504134229617794 9.202990593266863 25.968743217939497 2.767386875975512 0.705682533305293 4.865755816133069 14.166830450578953 32.93091488256335 0.5093855516527598 0.022131929385500668 0.42840774424389316
62 7.736125057072987 5.697658269985458 11.14982889763759 1.9618299502562067 9.207923472130746 25.78850523521177 2.811859541580947 0.4584817768491194 5.678361429556122 15.04601322588793 32.33885553363602 0.509244892951296 0.026529676378274265 0.4285797233000944
39 7.762536184375138 5.645817490344507 10.885124978132014 2.1510486701883464 9.214109924602626 25.83494890537256 3.0077215466852736 0.6380853732776667 5.417031422036172 14.168797883360579 32.07291838949805 0.5084255363574636 0.04709631649268486 0.4262423227620082
126 7.476023824901968 5.491831030866784 10.533880968919854 2.3255966359605784 9.420929988188758 25.59561552361094 3.129105982438871 0.6394075890253093 4.952368728468029 13.202129823111457 31.398865219079326 0.5082536441634474 0.04138731649671353 0.4263926588010819
127 7.582618186420699 5.425976195529482 10.353545413319866 2.5069137876637884 9.349839587499964 25.343599601536337 3.1846585057488372 0.8464493051144792 4.9571140898882105 13.415308806198427 31.674472789874766 0.5073542000569521 0.05909340976107885 0.4230913318512961
151 7.421862063562721 5.734843254173588 10.430804883558567 2.455476391758193 9.6081784785383 25.341248471941753 3.079585850938948 1.0077069631147355 4.243521334022201 12.135655091971417 32.007725960318126 0.508740796447338 0.043550806520206285 0.42715485350821697
152 7.636595459073447 5.678323297018387 10.947218958628229 2.161479108282423 9.613369438698694 24.98041114604709 3.385934949095981 0.8545342598606677 4.401277359361552 13.374790161087079 31.257456498525528 0.5079188573145318 0.05372291133135379 0.42490216390875524
66 7.357086270308004 5.437928235115188 10.018525178311624 2.6674325590910413 9.457971686384672 25.89306201255119 2.7229017315991415 0.8181416387976477 4.586488099920594 11.91607322190358 32.859173850707634 0.5084435635492991 0.04806227879520732 0.4259717282403372
67 7.580899516135774 5.862913404849845 10.92755319282215 2.266800548722442 9.763353794212769 24.73114572731498 3.3483027287339575 0.6490958707033143 5.188443062677944 13.486838140223387 30.319667619249227 0.5079355543687368 0.05052375962884525 0.4250854965413481
71 7.345326863580679 5.723596324196776 10.769186591705111 2.3216260381927647 9.963266712114153 24.832037715761903 3.2120508824810514 0.7561299988354628 4.639575846442027 12.794908696950506 30.429369710388883 0.5071332116968831 0.0647466987436695 0.42241894278679765
72 7.5848235144449845 5.477760784243134 10.562183643300378 2.4311270848574207 9.44948012413482 25.17472428367173 3.152674800095524 1.1000966687983118 4.913499175856463 13.495233900798082 31.87032093607978 0.5058504794062537 0.07084709690749559 0.4236305339298025
187 7.754934053122282 5.557160271433905 11.027739577247061 2.0561895746828407 9.643640923222556 25.814254731764624 2.603100595774547 0.6473536721912448 5.415166021871127 13.558954739674453 31.790972445541197 0.5090544980140392 0.028270531551793116 0.4278256482835092
186 7.528612022151475 5.804973158895393 11.026761815594256 2.0804309596807142 9.588990918368635 25.46187525033457 2.8533193066019527 0.4875982847077191 6.086136843843413 14.626592562019898 30.676768093708596 0.5087461777785166 0.04239026419964184 0.4260027088985865
5 7.604796634733106 5.4222824462138055 10.939818686888724 2.1580934311122326 9.221882494181857 25.171824878873405 3.270988427930906 1.0429965244115307 5.281728508468513 14.789259029621471 32.12355802452245 0.507061558361624 0.06303048877239133 0.4246203156810814
15 7.584355227427518 5.776139071881036 10.809963015253008 2.2048450780736495 9.32045327356532 25.49244171773463 2.9939849184344682 0.4002327952168041 5.842525764927679 14.126883852816523 31.713392059036323 0.5096295388344994 0.024412918723004454 0.42771041900317736
30 7.581628850823471 5.53160615986302 10.695365882956075 2.4267287813607963 9.56598153198613 25.564148679508975 2.6768927325710874 0.5478502077033127 5.664970363003355 13.685860269029586 32.1626808234849 0.5068138766245093 0.061044196014164 0.42522220269767214
40 7.563934862848539 5.684917138888705 10.894042043762207 2.111186629752218 9.367452070370215 25.264177501085413 3.1773512192524485 0.9037433568438629 4.842509267454381 13.430424643727509 32.316464243068474 0.5087743079108539 0.039477559328363915 0.427489810224473
6 7.630305823280377 5.608164754114966 11.27157277568203 1.7689643594048696 8.622587870528653 26.183883698623983 2.947587939011279 0.6589377234558933 5.948756714218616 15.724384580463052 33.507615648541446 0.5086869031314704 0.04474175257526481 0.42648215182202126
7 7.384232587053753 5.799557468208655 10.539845124621515 2.2849376489813324 9.504939444372143 26.126069137180053 2.5013702297808647 0.6131569499912813 5.676445037377673 12.739685634966802 32.069924851301415 0.5096363662242467 0.02967694048702433 0.42794464020896567
17 7.5822590035174064 5.8674501974448665 10.834889139255637 2.2669680432956585 10.02627969893508 24.79063065515506 3.09161817760736 0.7687910761454215 5.085343708960773 12.617160932423047 30.540023931284498 0.5088915245265556 0.037062396995506036 0.42773624779991787
32 7.4576568697560095 5.822284807373286 11.358355702963378 1.7855088395484857 9.218380004998071 25.784250969771925 2.9201664261485805 0.605482055836405 5.611326036118611 14.369217588740437 32.40414683079773 0.5095019552179817 0.03233234494476104 0.4275921434023824
42 7.749514540491153 5.532431838410909 10.951965752690558 2.1495968201347693 9.861176970401102 25.469080037332432 2.745638116908961 0.4213777766839095 5.190820084775316 13.938494882933075 30.858233532382286 0.5091732618395871 0.02708041379327415 0.4278898677755525
23 7.527216518673686 5.73477679375005 11.134023197349922 2.224829808533643 10.377898667759938 24.4568253032403 3.0507775388398852 0.866134262891105 4.623204504927877 12.112279540510942 30.101780411463043 0.5093178426397416 0.02668170855293162 0.4281286236361531
48 7.699602718183535 5.761290509313749 10.648827677613465 2.5466080556497603 10.16513129527651 25.091172315807928 2.6986477043325454 0.4309132479495197 5.499110566857506 13.112207861447164 29.98579828498266 0.5065914138418881 0.0608173953914364 0.42558816680001293
16 7.705037946280178 5.475783407739716 10.477568475050594 2.5022208756819024 9.234625969001662 25.742849086021934 2.8444056309269885 1.1448556638262652 4.177660064534329 13.289262716967487 33.02268976173519 0.5081504473864638 0.05154422758502332 0.42599272970882673
24 7.119785077000102 5.5824836686950166 10.657373155054556 2.4137765587744315 9.727448680691165 25.139640390309655 3.0737431709720053 0.6431115827258123 5.038094662451888 12.920575967749308 31.26986791400293 0.5088216432241744 0.04013903159152474 0.4265102803145893
49 7.1716445822559685 5.819967047066738 11.220632522005019 1.8376881906749867 8.870950202676966 25.953507746338392 2.952721314308569 0.9320214145302055 5.3210545452271285 14.319242357506955 33.40421093750611 0.5087799999124359 0.0381772145760183 0.4273748820595322
53 7.782575934181728 5.921811720014463 11.235942527538356 1.905363786649274 9.570030834041955 25.445333583475406 2.886846709926967 0.9741231959319131 5.245069045377716 13.312922906611263 31.826875022277928 0.5084762058066843 0.04099694572057178 0.4256742089425997
58 7.965826324590455 5.461059709146129 10.527507799073048 2.414877127314271 9.210929390907395 25.673580127003852 2.903965086743671 0.6836208696940401 5.067242107171667 13.73224868254016 33.09916412527864 0.508663028523621 0.043069843671118276 0.42610976893439995
31 7.593658256530748 5.625805266580829 10.743536563973631 2.3049014486884114 9.390328896458294 25.450993625309817 2.9435024176619433 0.728328699820319 4.9285471337051385 13.699364571837567 32.30933870945061 0.5076817886885462 0.055238218707940406 0.425272763171949
54 7.277955930235867 5.618442504984097 10.371011559862334 2.5872792165863943 9.83515045010377 25.11207195550907 2.8848007281343 0.45856416157916124 5.354156707390748 13.88263609596327 29.81245787583377 0.5064211183712334 0.06169085203067403 0.42530380245263855
59 7.393858888551163 5.777164267094311 10.951339328331146 2.0983436516192766 9.051563522063978 25.687067124242514 3.001538305678154 0.7238563583031353 5.6767156037830535 14.535524426669319 32.11920732254594 0.5087714960742764 0.043209383021440645 0.426015274284472
63 7.185283178801833 5.529153402008039 10.939642397315804 2.2166436091679977 9.397617227853397 24.992305478014995 3.285701424521925 1.014879998392385 4.487054267749919 13.354222198116192 32.17355041941297 0.5052879003719511 0.07493036968805167 0.4229337463193595
41 7.616162648642443 5.697766379178797 11.066055161346815 1.9450083993826626 9.012913939708207 25.75518682107051 3.027262085596864 0.6872715288851948 5.0643718773605775 14.444491072837456 32.92937653429963 0.5093624447689049 0.032195493432460386 0.4271808838031324
64 7.707143676978548 5.837112996833723 11.138339244800743 2.0114020995965234 9.693443286116954 25.47661999104091 2.827924683360615 0.4017318755583186 5.650664245047622 13.768867564522207 31.15895565415861 0.5079066338067298 0.03541568767602288 0.42673349666083404
128 7.3087127853331895 5.485810400930916 11.03956001908705 1.9475418775299722 9.354577616425377 25.052902824782198 3.265998745289879 0.8344267415876726 5.207735408287011 14.574393775314082 31.15218420275999 0.5061381231168207 0.06525165853599033 0.42439747485797363
153 7.754955492384008 5.726287616103823 10.922347039180544 2.217111894069581 9.794413353291853 25.592764006449556 2.6632751540263504 0.49604283521271736 5.568211305172205 13.867954046787165 30.970797264020035 0.50732388024094 0.052405972011185825 0.42418616294715955
68 7.655998433950722 5.89912518594443 10.829105874471402 2.122202766317849 9.40604584493597 25.660999127053127 2.9965031020917183 0.6619864379254177 5.338581710887923 13.31574013047821 31.5965863474682 0.5089645069258477 0.02875475807025868 0.42775594232806513
73 7.456285697826566 5.843009157423615 10.62779764855678 2.1568290140822524 8.96415037580416 26.213202991519115 2.7558737333085284 0.5845443456026548 5.865569508847088 13.742107183569003 32.760756217611096 0.5085889374670977 0.035839748160213174 0.4273138114603822
188 7.024948393590385 5.612258975014126 10.610625239723348 2.401687998728019 9.939818344675428 24.73957253768874 3.20545371653769 1.1424926894237564 5.0995621145294505 13.480688361983134 28.7392611326618 0.5063050949630515 0.06596147861873158 0.42338898401763864
8 7.6208754774850584 5.959043188124299 11.357247778178886 1.822160294104345 9.175228797661925 25.75310974802751 2.9144773280554865 0.9485166688941665 5.030300137437782 13.361742511541253 33.036274156641056 0.5086365804854065 0.04165886271658196 0.4270417413487939
9 7.510568064438439 5.896073339071606 10.757002379852521 2.204761394563548 9.183389827615596 25.628452607831193 2.934268665362218 1.0742739004223085 5.549921746518941 13.489987154095086 32.60359180915642 0.5080873168376115 0.04239397798516447 0.42657238023698196
10 7.741222799033508 5.770315425868807 10.668151460076086 2.344202374857675 9.62955008633274 25.63835694276995 2.7125690238890523 0.6856398823372238 5.373270452775417 13.062433090443589 31.75711519714149 0.5089120085139431 0.03080516578377532 0.4276249410800329
19 7.732603923539467 5.884454920506825 10.70818648258854 2.356040147219745 9.823054962730698 25.260390123246157 2.8113380758376043 0.7279611365583387 5.684447368184845 13.055071855782993 30.7080235845914 0.5090534282232062 0.028735176045407495 0.42817522973208677
34 7.796962822616398 5.522546676395136 10.713427587092239 2.4797835381678537 9.94339183949846 24.666881405074072 3.073085034821898 1.3209679411548645 4.661242695996689 13.529255775458255 30.565518484333648 0.5050943719429576 0.07320410924263976 0.4239160000694694
44 7.556468329958091 5.533604626774569 11.030659306242432 1.9664874304540967 9.014254158758611 25.498548599241264 3.279301187504531 0.8311444339144567 4.388036135233581 14.446935390111678 32.59757236859154 0.5082692608545746 0.0381892460213302 0.42759148140466424
18 7.597721609907395 5.485016564889487 10.206846549980291 2.527280375557347 9.485360412724999 25.047668542255412 3.19909059443307 0.8447295171362236 4.7670541452586415 13.864779997883618 30.951300831261165 0.5048996543908442 0.07078396687107434 0.4242777059481363
20 7.295953601036067 5.767406905242611 11.016839227906127 2.0359511442272127 9.523479184938806 25.269937285179378 3.073311412326102 0.569036334387769 5.6292573266106025 14.161446017015882 30.823959190909207 0.5083744360521867 0.04484675473278993 0.42504866404834496
25 7.416290862211565 5.740595401411217 10.819068773185041 2.4098333037762347 9.988908984153696 24.822513226908473 2.9401110539126574 1.2080554990133137 4.600969485569475 12.427954861894184 31.05628957277723 0.5074394239775467 0.054266805642116306 0.4256607817689033
50 7.615034731294832 5.352599891656404 10.946038451007789 2.1104122088784365 9.238765205334152 25.208995568950158 3.221150475311295 0.7746771992820929 4.529202773526374 14.192122955009577 32.38026668476424 0.5078620546510166 0.05093270534655624 0.4254173314111278
33 7.354358568947352 5.556002362734805 10.950947360769169 2.079755453782908 9.36160188760799 25.51018070570356 3.0733452980399876 0.6638678372256235 4.68358259844193 13.720643242088697 32.390806786832286 0.5088216815631766 0.03705154730992723 0.4275905035621252
35 7.084766990439176 5.539909855708916 10.689513884664233 2.3822822258220917 9.91720883235606 24.850096004087757 3.1667216731678347 0.9592055724937891 4.562841021270418 11.72443497993238 31.433280111709067 0.5068339421541583 0.05865800576328595 0.42554077355958336
55 7.84397952044798 5.316327906068779 11.163208971638026 1.9101186639381578 9.124141590678402 25.781251755620122 2.9908918307383936 0.7204698282552484 5.039874657296907 15.04214523025456 32.664994071406454 0.5082498896624902 0.0477702488808006 0.42603217155810263
60 7.4884333208598814 5.644831759944487 11.195663249497539 1.9026037511908274 9.066055480959584 26.276719272115184 2.6353675939332413 0.9283880710536287 5.383592965114434 13.921961951249562 33.283798773204985 0.5091120869292068 0.03135728734584544 0.4277640139453599
43 7.38310174431951 5.67521756940201 10.80531051777054 2.326642043111073 9.7622663498356 24.843563668099705 3.2648449793798258 0.6715571738877992 5.223223761297647 13.852577068408074 30.118202743928602 0.5059384570460946 0.0677855830998196 0.42251891543197145
45 7.640850764648283 5.4624344930927755 10.187106195648227 2.7244662030621285 10.510519966827784 24.583265841752542 3.1574140648418396 0.6732578672951374 4.279743467168844 11.737694118144082 29.042338117094317 0.5056384661290212 0.07370824975120414 0.4212619320032341
65 7.638697535617279 5.677837744120433 10.916565373433247 2.274361260019766 9.781726624531426 25.461159665965653 2.691850523211878 0.8723657614764164 5.000995965760162 12.888083236144713 31.5996711566081 0.5063021936246097 0.06161834735176339 0.42404525469107046
129 7.722966201833502 5.509431797340799 10.92002022498502 2.1998751313580036 9.921036371174347 25.475759633687996 2.7687870029343182 0.5475354761970361 5.267809526306352 13.725905845037223 30.49731758052831 0.5078096426286219 0.04895917108272606 0.426849289544007
130 7.567397546127452 5.7307543606815585 10.893356639102942 2.194863515278492 9.725590990748456 25.100291147724384 3.0746834657813493 1.0569118119350007 4.144222558716189 12.066576900918431 32.377427415716035 0.5093787759566704 0.01391370411018084 0.42822316136017463
154 7.403794584764811 5.882243976014178 11.099135979757374 2.0706029970774464 9.688822268927364 25.7560131007294 2.6171666605055384 0.6192051376542926 5.6710097207527195 13.082405960516772 31.332317668178455 0.5080349040621142 0.049621729253341434 0.42535399440087596
155 7.410407469124892 5.695461248578951 10.48592904692838 2.450658685916548 9.845659138907536 24.941856533089425 3.230527695311027 0.9617180657189437 4.252710461330439 11.800025047773255 31.190422131515767 0.5086247015020878 0.04514308938500564 0.4259560691240809
69 7.60932850033032 5.697002341627124 10.875321189426002 2.108802828670976 9.654312856480571 25.442850796250184 2.9771388196817967 0.3842788394078659 5.9468161991123925 14.214312747703188 30.298077206182704 0.5093866280684279 0.03221168421276777 0.42694391888188293
70 7.720890718047429 5.667873392760588 11.005074012735793 2.2283784561652094 10.215556220403984 24.46625378345763 3.251920301926431 0.6426535647293659 4.442512380451031 12.669992807986869 30.4013343028451 0.5080728189377964 0.042953700807341365 0.42673808316821343
190 7.509079968015207 5.564994180111452 10.86631819535522 2.362245461398017 9.80213981168007 25.013444878864092 3.0503801170307523 0.9041706046075737 4.952040282977492 13.588789113254192 30.699779974807743 0.5069821549068665 0.06190796857253088 0.42441155591058327
74 7.784407908279831 5.794377065324728 11.193860235216118 2.013630919615475 9.565529783228023 25.808014571049554 2.8180723779855508 0.8307763666668196 5.109351728343779 12.979279273339664 32.12532934976297 0.5068557189061456 0.06281520015384653 0.4240856182400446
189 7.820694410693659 5.37321445018403 10.993962645059682 2.0333951376815356 8.941774263951707 25.904608041892978 2.943773276137812 0.7789098459227091 4.921247721265061 14.792719706901824 33.52884970478611 0.5092553270571033 0.026344279317952097 0.4265003866886428
75 7.447774845385269 5.686830307425688 10.878122285653244 2.070533549243542 9.32254175303986 25.95186227957176 3.0315771006386365 0.6804732785384164 5.277652338196589 13.576524647267963 31.225969676852102 0.5075300541616318 0.05629657776797937 0.42447390876124924
76 7.335785240359547 5.694357488564807 11.316734160422907 1.7846835205857465 9.005842138826765 25.95041187106192 2.9582446966317266 1.0123408623007764 4.915448674096886 14.07442557736129 32.911719177217634 0.5089800189486947 0.03525881559372801 0.4274858354732694
77 7.704091963673405 5.816044621614632 11.316237053923874 1.882174363872658 9.573249070850439 25.711227730018884 2.704813769706997 0.5427541036995922 5.65429420042014 13.713015001350064 31.95901585655527 0.5094301826031544 0.024937112891231027 0.4271648788379975
78 7.295731168436451 5.864199802899837 11.076576426468895 1.8436160467642981 8.764945516414466 26.60435115200936 2.615373807530972 0.45497417837953996 6.37131349390351 14.932194235538878 32.67385301395787 0.5091694916068313 0.022784409685114936 0.42802791215472413
86 7.824057340547143 5.596935847044274 11.136712750253011 2.0530213355155884 9.561638637044842 24.927590742237996 3.1874022162015874 0.6815322337520487 4.328637731683345 14.131755883826237 32.04882064584277 0.5086327577654285 0.03223023905596514 0.42800188131473976
88 7.833836049444691 5.74949192430527 10.851354066055306 2.1879749817861747 9.54527352743918 25.544801317961163 2.9224461278265426 0.7684016260655051 4.372041885724928 12.81678071746907 32.24696803124964 0.5090611542650264 0.02383787602580961 0.4286498335599484
79 7.5557202265491785 5.72121286291705 10.271639225593447 2.472397973238156 9.580480750515461 25.069620563349396 3.1980088808403146 0.7119313424692166 5.660890824463845 13.739279731757104 30.139145038390314 0.5069002117883713 0.06334200728490585 0.4238468297077587
227 7.909472545349133 5.524812298745533 10.678133644198008 2.3182492677668445 9.441858666038787 25.74262365458962 2.6785536383963877 0.9373336889281202 4.299665206580943 13.32075999473191 33.071901650352864 0.5078143724383583 0.05100250038734785 0.42514745795331815
226 7.664134531561451 5.710573450590248 11.510046370263955 1.5788112033691934 9.049166779593365 25.84773246287368 2.9826208903690907 0.7469454451372886 5.64426998406563 15.326261319134998 32.145895197686926 0.5087530346928225 0.04377472805217746 0.42731695305772743
87 7.9723619647532065 5.543033589693395 10.981266314388833 2.1612338156541617 9.917408433029369 25.067141031245725 2.958359986900529 1.012551210015871 4.14819593282648 12.995504333271985 31.401891295111824 0.5093176002943116 0.037753105809784235 0.4267669981460245
96 7.541234267987316 5.7409047077238196 11.325790426560111 1.7828232865579372 9.152843698747596 26.009967290669717 2.7380384598990006 0.6242887520185555 5.232527336105093 14.463752891759256 32.965205696333115 0.5096843547671099 0.02027613233711695 0.4282239013026734
97 7.3664709048334585 5.827619919327505 11.014326167889111 2.03485201994512 9.128941603244256 26.036920272558394 2.6894228900564334 0.642993523922806 5.265365974306592 13.613555237014749 33.21954851055733 0.5095766504800446 0.02505164760768506 0.4280856680518818
89 7.765522918054598 5.581891571398807 10.772925431136972 2.123366866083801 8.796616933489599 26.21169837081405 2.818650536162592 0.5877202570303671 5.6970204136534015 14.76329623452893 33.2946843765739 0.508806610704024 0.03603563813927718 0.42647351097691505
202 7.334931883558019 5.835617346986314 11.069254343326541 1.8034566747663319 8.636958784859312 26.00636404974513 3.1678364688736558 0.7790058563141582 5.8837188237390725 15.161230733400352 32.2823197875039 0.5085214098854409 0.04400577419327978 0.4262466699186392
201 7.571371154495188 5.538571499137872 10.848061582460597 2.152215948536265 9.361366728994016 26.188794564192577 2.55308758075046 0.5263706596059275 5.3650420071470455 13.56199662092108 32.73723157005494 0.5071771771875387 0.05451645449741641 0.4257397911757091
101 7.242983748313616 5.525256601868545 11.061872460980723 2.06770006377003 9.255581400989639 25.616316851573323 2.8859185351809695 0.7281112578859845 5.663684924927641 14.912033439957177 31.952603023106832 0.5074447534297931 0.04653659573117246 0.4256668029332281
102 7.825396896911133 5.586930788367548 10.759729484119235 2.1322952146489635 9.21942499081281 25.784778963238217 2.909914513961133 0.9693620685743599 4.660756729478972 13.375481600758397 32.89415258142534 0.5093036049296976 0.03472303028137124 0.42699650872074274
103 7.640426296155205 5.963255231400224 11.420181479273893 1.8455163241334116 9.710331639163332 25.458531340016275 2.7512064890390198 0.45789089185815013 5.96162771797458 14.249960913973824 30.968989796392783 0.5086992230191321 0.02926516961552063 0.4282424069237515
111 7.393498756693218 5.709939768476603 11.187000352386278 2.128803355653251 10.069477497363131 24.707291597266202 3.0128806381643005 0.7961422681152656 4.313445912762263 12.521886750824066 31.357706786405455 0.5095390884826039 0.024128612448376306 0.4287798458991823
113 7.5539214301834114 5.911633698553669 10.741497790203887 2.3031983358197454 9.505697983961362 25.4779120519155 2.873830623771747 0.876533374403303 4.973123579492386 12.37992041951078 32.56530077530934 0.5092707596783543 0.021341616570187065 0.42869097372885173
104 7.495321185903898 5.718730421986202 10.799106214987729 2.287229691950481 9.140810484026359 25.54994171989588 3.107693271119729 0.632476329863895 5.544379372264157 14.313025634173059 31.929432491135817 0.5062918589845694 0.06503083529300718 0.42440051861327843
112 7.903494334094643 5.318447133343555 10.424038826465486 2.3809224314494903 9.198008927295339 25.43303792431904 3.1506716469107765 0.7107173666533553 4.699547435050869 14.949622877691022 31.71244848599888 0.5063374604082688 0.06439120915368671 0.4247576593847358
121 7.5557838278881055 5.509408867599962 11.106715481114435 2.129866248508117 9.831895838315381 24.92594490463252 2.9597950105295823 0.59092998015983 4.840734996013744 13.969015382370886 31.634250463719717 0.5072039304897852 0.048019000336521456 0.4269099896191812
122 7.420815303876898 5.661589249624884 10.592551564542925 2.5827435412171678 10.235606360792541 24.108624113232455 3.3382859215220377 0.828162117134074 4.733645345343434 12.76920321788661 29.811254435696217 0.5072621645372023 0.05570469717084457 0.4254890821747093
114 7.63368294732244 5.902111661716133 10.514986634746883 2.3070363327711823 9.205985108963338 25.780050561879733 2.9744158363725997 1.2171130930794112 5.675223590426008 13.76466122284656 31.01413643841568 0.5072674831764112 0.06107973530721349 0.423441721077122
80 7.155857070833095 5.8200728649964555 10.770403975915809 2.436142294880641 9.664797359249699 24.972080390550047 3.046340310317437 1.3532463973908146 4.620021598015471 12.70266707402033 31.122408659757326 0.5087797350877582 0.04008382570150483 0.4268457602272412
90 7.679117167529405 5.799900923162563 11.180534488042765 2.006034012617082 9.10990071739728 25.177621578408456 3.3110933013700032 0.44805009528669026 5.866333306101159 15.474568081666492 31.60142648713634 0.5079423217543344 0.044896960674772966 0.4270918451320335
228 7.538445142912854 5.447726991345119 11.018005791918101 1.955727109188093 9.058686496186644 25.94213246504743 2.953157345171335 0.6908898903394021 5.439430360674356 15.446230678195553 31.626787408482187 0.5067436594779738 0.06563795226151868 0.42280010104517635
81 7.5729188957059055 5.609632022253497 10.800899123086845 2.122440409350708 9.225041111443781 25.92838560515315 2.8127471989429393 0.7399779766560802 4.828849456362476 13.85195672034046 32.57866624924848 0.5090106276413819 0.03693132597435945 0.4273291553450385
82 7.4713425834349465 5.563075659845628 11.093764945620366 2.1647775204685726 9.610234265966968 24.902797579408283 3.2872169487056344 0.6964944610618968 4.573673952195487 13.82089060908705 31.42675074708034 0.5062147359998764 0.06021191517340247 0.42427255680554593
92 7.773693239230527 5.754159539195624 10.875363897483377 2.2144331824183734 9.82365105159937 25.28844735932189 2.8491598661824162 0.46373177743088223 5.499709206381038 13.35327414683232 30.90885911361741 0.5093822289286943 0.030539325542419175 0.4273746476718705
98 7.506106292083238 5.868559238320002 11.101180598950748 2.011732912986886 9.667680800196324 25.639917745867493 2.674969726782779 0.4250658855013886 5.777778852124396 13.556450881002897 31.377746933590874 0.5091853673327064 0.019353534860188423 0.4275086065463602
203 7.863564048052967 5.487764906193536 10.663910964885742 2.239023714487613 9.806254835418956 25.476871626593283 2.6820821214447026 0.6165366041849282 4.75412780883341 13.604322269877967 31.24981242423968 0.5081325116835425 0.05037198919663469 0.4246235003623639
91 7.314360269623518 5.770228771844293 11.104005414774631 1.8404138191434807 8.669147469641876 25.808162322045497 3.304106374295612 0.7689992734294213 5.809639108444658 15.557139822891358 32.187506797229176 0.5066222532476722 0.061932396201564606 0.4250538853612075
99 7.421684599660738 5.799667694823629 10.636492935763355 2.4788366770239563 10.121173587184433 24.726011806684188 3.0443437939195643 0.880617478568847 4.290646506469505 12.115442385097191 30.69767200943644 0.5084737753685568 0.04663410353944891 0.42652021645030913
105 7.371567793317054 5.465043365403047 10.614023173382563 2.442013679580631 9.592459076606714 25.080849631087244 3.0091923556476377 0.5909983880908856 5.023070497514672 13.983960592950517 31.658180319124284 0.5075757502954831 0.049454499873636946 0.42639709761467276
115 7.383536828439933 5.875020336372572 10.991959530968964 2.044790471042461 9.199448452099043 25.783339666467988 2.9427830068728054 0.49805518783169483 5.78532161099307 13.986806784699404 31.919973390673416 0.5092856414114615 0.028071641693292685 0.4280401292667071
106 7.718860994709029 5.60652657467845 11.34712443933281 1.7073276408535591 8.660095778885365 26.356861176245907 2.7545648731639907 0.7110910089774534 5.871820714510852 16.014810156826947 33.488836592925225 0.5092957254744627 0.03061868212183963 0.42780870245731933
107 7.398416479209619 5.6451509823739485 11.002230224002545 2.0216509041584505 9.487411148043801 25.644424951241746 2.8917110662934316 0.6927956588826927 4.665604960407845 13.353533823742259 32.217958640180036 0.5091365935481287 0.028860289272156035 0.4274173745406413
117 7.53912568741712 5.789831653631577 10.880113041460895 2.2241047872126813 9.970396362303504 25.07779374381799 2.972879786544745 0.610575532997047 4.910415041206926 12.587768101231564 30.99414058583834 0.5093811208100089 0.03239139158371457 0.4278962229976521
123 7.27204690721662 5.7802313586212595 10.79399847829091 2.302076696915416 9.595311202131638 25.31091465884561 3.09054627556249 0.4506562619066399 5.523078822157839 13.42817822706048 31.047880125642603 0.5066587146830845 0.060710892548607724 0.42466361640858485
116 7.85649323653593 5.6619617794983546 11.312049206190887 1.7011784069130829 8.624254772162601 26.75765999049684 2.625899247059512 0.4915654148051566 6.07110264085928 15.575900772360297 33.597313916680136 0.5097188194826834 0.022315877290788228 0.4278003297802657
124 7.239679044757958 5.676153643199238 10.951624809106066 2.2539348851637353 9.671547246235813 24.626634922631123 3.4433345601222425 0.7556758197903861 4.380020242888736 13.199174422524601 31.67644884819666 0.5078567488514389 0.04189197609426125 0.4271461865455852
229 7.643402206782635 5.7427896876410625 10.905882849100326 2.1289680810483036 9.765075884651614 25.530721012953812 2.7561868745147216 0.8268667008648887 5.401111646340046 13.940198686591533 30.183119119100116 0.5077477114326763 0.04910224606834598 0.4255883895944103
230 7.696303022271845 5.692482621582899 11.03060762298574 2.0046425654489046 9.149180248937789 26.504782701354234 2.4377813650186826 0.5245819735349384 5.843903621382929 13.941398114702952 33.29915809468258 0.5091991752853463 0.02376659686136545 0.427967208250752
83 7.641145074703557 5.609146028088731 10.904919764406365 2.0907170867087106 9.2679840749703 25.79144113596209 2.8501276641954423 1.2047848811080955 4.506774141338176 13.366112984134723 32.97634364581904 0.5074862372310172 0.05560043731382828 0.42526673808415016
84 7.843704434153882 5.387262989318918 10.808046436026768 2.199986135698088 9.349777372398938 25.574830563942385 2.8594981699988757 1.0095123227546796 4.462236823333727 13.544492019054273 33.2381622011221 0.5081230045445999 0.048531847686836334 0.42671891844703275
85 7.757862048106241 5.499681451630263 11.105996540940835 2.0104682476583076 9.471965486363949 25.882391844974883 2.673981421135544 0.76476755310093 5.0519099525281455 13.962140514532726 32.446306244151664 0.5087334665136609 0.046374007114812245 0.42653937954288546
94 7.4994173078945 5.758204179568042 11.108080221604276 2.067886706933663 9.358364701322955 25.635859019436015 2.808615376730716 0.7400696031992188 5.118602824619355 13.347379643618687 33.064803072613465 0.508443903040468 0.04558804615738261 0.4273042501902078
205 7.024794562730348 5.801304356838897 11.146378680910573 1.8480417674301197 8.663810833431102 26.174866639189265 3.1025344266740222 0.7025577323599977 5.641697821652917 14.266764180231783 33.01785602576058 0.508415291039087 0.04986265949624504 0.42558944413546734
204 7.753591313502362 5.4608986013350975 10.738620814933741 2.2585873569552652 9.648845249721369 25.41186376746929 2.8256018830871064 0.9031617306712056 4.932695487855708 13.915478614832283 31.254523567962867 0.5080328656678278 0.05317065420075123 0.4250887807843806
93 8.01751363147492 5.428972760920736 10.87337700737666 2.0545697152199573 8.828018351272274 26.18364454154564 2.802522151940008 0.8215451816265379 4.807687134000249 14.672613779748641 33.9877340140008 0.5093630060320166 0.03469658364553621 0.4275192130407267
95 7.635148373993491 5.715658725016145 11.08798196197787 1.9000107361922105 9.211728425727008 25.577053361564364 3.0424634492012994 0.6059396734776362 5.258771680002048 14.838624592696464 31.960080120478114 0.5086466229152588 0.04159687606374731 0.42703785711550396
100 7.308012903026646 5.750139354513102 10.973146830258965 2.01062213703968 9.230074189111587 26.178628900788194 2.666627700423749 0.45579743224770175 6.005580829471838 13.937437386948718 32.02654078983907 0.5096682398135188 0.02543672638399686 0.4280533010397187
108 7.984954757940084 5.572613935690535 10.729369339764155 2.363118747289979 9.569245722413603 25.437988885342982 2.9066271710568095 0.8063424162356809 4.76972102628317 13.508136625346037 31.90048978103455 0.5080427792382787 0.050612628147116645 0.4252229686942571
109 7.658268612910025 5.534682241224356 10.878505928607536 2.1859902659160433 9.580283919670403 25.02134978763357 3.200907180579273 0.5942021001503381 4.827917545651849 14.26544319746755 31.1929055495818 0.5070308977281214 0.06046883122954535 0.42418996103328294
110 7.6525154643868785 5.390480163775883 10.890276446381902 2.0347597141938887 8.738991336958355 25.61883025723976 3.3491831697660874 0.7362990352288368 5.419990886905765 15.532431696613877 32.774544878986056 0.5076040365976019 0.055472233818559424 0.4249611022504887
119 7.754804816661414 5.693040738866763 10.74551852560665 2.4019440284026197 9.886051327711657 25.00582489302408 2.912981327347329 0.7751461880436464 4.666932854791042 12.889057625426165 31.713689570555836 0.5082857226554292 0.04866452318178035 0.4264399282072646
118 7.718385159244758 5.842416198769318 11.170379797479885 1.862593235643873 9.027471966222194 26.23261867195071 2.7202964676206403 1.0001171215002946 4.995911727874364 13.533866330635213 33.184389571827516 0.5089296176119806 0.038244703964806635 0.4275389658325492
120 7.614755138291406 5.641223553102981 10.89489684922101 1.924807103060864 8.82940658602094 26.598008994099796 2.5465576632601405 0.9457709066168172 5.170881985245757 13.926110034408957 34.05008276415536 0.5099086137509709 0.01895111300916794 0.4282726531363643
125 7.650067952303614 5.788587986061335 11.096310179229016 2.112521835932889 9.885661030397431 24.973408260508148 2.987483401789608 0.6491708791061791 5.147754925478932 13.474461596003003 31.01813981384115 0.5095297669240815 0.026332389765368884 0.42824604960646434
131 7.696078589865194 5.779109990866654 11.106159101845718 2.0761278873835054 9.553289900646872 25.708392941010516 2.6652886717650155 0.8524553664295965 5.019527287605822 13.039440046977518 32.698617405056105 0.508699725153311 0.04041113240852342 0.426061928766587
132 7.505476339881552 5.763287773154932 10.886872818820994 2.1559285074532046 9.505177717858922 25.374232467627834 2.9981185998711513 0.611274344395557 5.603053430309451 13.584627355968776 31.631642442363045 0.5074142423748784 0.05000122577793934 0.42544704184943827
133 7.291662367802724 5.521186666792026 10.65756959494989 2.2626489790315603 8.759148495626189 25.91179523930875 3.0572260397314377 1.075298848749321 4.913436230903066 13.887969870132586 33.7400061858785 0.5076455339098493 0.05012753709467719 0.4255938496862547
156 7.644653035297772 5.7250922629012235 11.024195201467517 2.1507655411588527 9.59676037720178 25.475100546134207 2.895958438391112 0.7553896707629274 4.808226811588348 13.777291891408025 31.029055694624738 0.5085650046581438 0.04660636034831093 0.42604456265421053
158 7.61915649461915 5.572896458526565 11.102406804041546 2.0509403208392647 9.485212155806636 25.471209821146736 2.9949263018264105 0.49955984058340885 5.271193231225208 14.25141978511388 31.2611350833732 0.5095884136636298 0.03431583746336912 0.4267210373893326
134 7.415045625792591 5.715804569139052 10.86227317057185 2.1519739845568306 9.46383135206415 25.68933214959858 2.8277110936307337 0.6079495357879325 5.8691824249652536 13.867195523671045 31.441475088084182 0.5080362939030105 0.0460303217807546 0.4252196320927035
141 7.480749446555706 5.832650937840313 10.76063114283015 2.2746382154932285 9.546005617704342 25.276550150708054 2.9851554573632137 0.6465103111469571 5.401959342647013 13.804013180468255 31.28176868765673 0.5078104848907619 0.05309382036256926 0.42548174712988657
142 7.557579341323334 5.602914367484519 10.570776696081442 2.409050313327635 9.623853305656771 24.90898307963925 3.346834771623945 0.8013443848867173 4.485075530098009 13.121342704136902 31.039059755676373 0.5085618340192307 0.03972980367103862 0.4273286794771212
143 7.672527918426691 5.711318552184159 11.115574815001535 2.015452859692183 9.24876919517066 25.12870680323778 3.503669609586403 0.606568290750635 5.243332826876049 15.007907178355788 30.877116317808362 0.5073252370241356 0.05438376368858687 0.4249759540761507
166 7.764897076039955 5.775949552051566 10.731720659404738 2.099544644563099 8.922855396464147 26.46642699757349 2.534497443874536 0.725888004754891 5.572251041938427 14.218020739029686 33.537288101693505 0.5075156555315044 0.04138067405045393 0.4277277653472214
168 7.287669566120024 5.770585618541316 10.879778755944246 2.0968315704035576 9.220276536168539 25.608184600859005 2.9765328112997875 0.7245621040910628 5.607139807762585 14.590528744836377 31.215266135180087 0.5069301947626532 0.054306752506862156 0.42626230342509497
144 7.683993985508616 5.722110202393185 10.656845233575982 2.360675688409803 9.77042020703691 25.08993855365631 3.0448866598894675 0.873913536001447 4.706643446730776 12.757697867611101 31.37872849580614 0.5076835771120703 0.052191297807463996 0.4247029700649881
157 7.650134689640267 5.650603005350296 10.808181269066731 2.37752690995002 9.934111312246259 25.29690303953735 2.85853880956184 0.6675800348121111 5.456885701215626 13.092286390604231 30.766750938209245 0.5085180837046317 0.04282086959078167 0.4267974683062952
176 7.506827951143528 5.6815025855997145 10.941149452468736 1.9652525117633204 8.551431405603362 26.21986092224292 3.02818040669697 0.7547891073181107 5.4488416050678286 14.96130967993813 33.59148942246282 0.5084987053377105 0.04149939155404604 0.42702021928608785
177 7.662204801867126 5.773049295821332 11.05884704689595 2.0514905383040922 9.321166637182575 25.617933208006086 2.884733440675923 1.1045483105038891 4.405947431677504 13.493056898016494 32.98294870312415 0.5096669730057188 0.0243965826043671 0.42851160458592674
169 7.402790447697429 5.6466851744590985 11.021145978850049 2.0447668369783845 9.118358678423924 25.619821055871217 3.00179892703484 0.4688161323345225 5.594812295466167 14.640689794687505 32.293434537901504 0.5065786373467077 0.055754598626167155 0.42491581971797043
159 7.555091010654849 5.612923217233346 10.874683666861594 2.3597082095703406 9.978279147086672 24.53851625590022 3.1724663574478043 0.8442004850145912 4.831181765135656 13.839650191405328 30.062694318585994 0.5072010481764833 0.04952676811609767 0.4264250448407886
182 7.71381447214452 5.4160857401787945 11.32570402295844 1.7884285896742151 8.979996420215565 26.39104362392901 2.5600028696696118 0.7028884325409058 5.236366461429198 14.576590385491802 34.07291273972743 0.5095289345780839 0.030802935368383185 0.4279935943534633
181 7.546795293456909 5.868067399408316 11.191763932314021 1.8266900932487347 8.669801893302802 26.479860588292986 2.737739676215518 0.8535829621409672 5.696391892641037 14.472352384244317 33.87997102077803 0.5086026336996007 0.04455002071888207 0.4256282156862857
167 7.385128696640574 5.661464073564952 10.572551869403462 2.3974388229354875 9.834878216941648 25.24071743065758 2.91482999414948 0.7117962695682669 4.618669331500279 12.434594509270129 31.539797654392217 0.5093161120614064 0.02626691164360681 0.4279975008771349
191 7.739004640380975 5.721424631010234 11.050806208766163 2.165111580707057 9.985836117686675 25.453776195028375 2.630738242620642 0.39164874038449143 5.575632034222981 13.289279721605029 30.832760453096505 0.5088900681397547 0.03764905769942717 0.42728325612164686
192 7.536839928523934 5.620677524730809 11.217302379146169 1.9572895665059427 9.486442666768621 25.37810564582666 2.99846264174463 1.25227148978951 4.3220223700875895 13.532925506431578 32.34899125023202 0.5097423215823786 0.02724845077086938 0.4279114472514278
196 7.364914304892066 5.554498247234886 11.121372913142256 2.1021088695623478 9.854904757607626 24.896812797907746 3.2066605025815234 0.9195456120481726 5.008385621319837 12.98557742392233 31.39886218183919 0.5087938415325957 0.042308471421499426 0.4264612381242774
197 7.360534067643563 5.662667454911558 10.629087934692606 2.4108320356517616 9.782820448736786 25.23239118581763 3.1023768484140377 0.6252839437443446 4.825993676734321 12.8277409016657 30.5095170716095 0.5074656922417793 0.05428263365789349 0.4247558935259321
135 7.6016002086789385 5.552001966427299 10.866213717998129 2.107214928191613 9.41933608426557 25.49837791294415 2.907535732664797 0.6117394121852783 5.294145176317549 14.522411520760103 31.42711211743501 0.5086033910631421 0.03432935998777849 0.4276982328741631
160 7.514177971059301 5.695933325964233 11.166694801221318 1.9181815341149298 9.204939820412527 25.983205596144114 2.7872436575126036 0.8670514583348814 5.251604736794025 13.655178904227297 32.977428755128464 0.5090238325300788 0.0274152341133175 0.427745301493229
184 7.566172993931001 5.621240641966494 11.265609984861122 2.0706383782853686 10.152335600845209 25.576996897680846 2.4599054168872594 0.7923470393089503 4.195835864199646 12.6128798786239 31.359838110839735 0.509291926417972 0.02561598370520416 0.4275848859334982
136 7.33043940183132 5.443694780451201 10.623468240996598 2.6944544163026087 10.474187410205275 24.415262923087646 2.8435991809022214 0.815273834576098 4.390823839554081 12.316885621494535 30.137787552216118 0.5054931470092157 0.0688484608247343 0.42439449239373855
137 7.100565315123465 5.717472188882421 11.327077258745865 1.9139519966655971 9.632285555190398 25.438785498580913 2.920052440574579 0.5878131548686405 5.439279755620291 14.424880176210864 30.676747646223713 0.5082775216070201 0.03668045320901516 0.42733894169082653
162 7.5624574909137525 5.780891271969859 10.784533235085775 2.288565375784447 10.156185336093344 25.71159348727861 2.477148700573603 0.5859154026124501 4.917781121022453 12.122099427456218 30.712581371393426 0.5080232276353215 0.04400042437445942 0.42685126150267844
171 7.472583147792075 5.723162491059134 11.172606658469732 1.915524690252547 9.360331283385227 25.89547217138446 2.688609236874437 0.7408413149572995 5.54199202910324 13.436584793381945 32.65241645711439 0.5094142728540894 0.019712237544496893 0.4276130756153533
145 8.044863876891004 5.670979949517885 11.017825339693033 2.1938203094465534 9.948924173689798 24.97496844628178 3.014838220421459 0.8958246994117713 4.30898014553477 13.28528113757737 31.011639261142058 0.5071899798007182 0.058536633480683636 0.424933866165588
170 7.226073543551776 5.8663027178477165 10.864748209454573 2.266437854936224 9.72444762716772 25.296821636447955 2.81942555474004 0.718220858838998 5.66866804207182 13.186843472424144 30.61332088471542 0.5046551922049741 0.07182494313524955 0.4225658112596938
146 7.79241906984992 5.42416606922736 11.290411164986121 1.9667435714603911 9.642050461673888 25.50398798483819 2.7665109300032995 0.8636490255170725 5.301257621300039 14.06204877471673 32.029141391152734 0.5084594478427408 0.04371757563279581 0.4266667444956465
147 7.68794736803453 5.481343653425543 11.321443562112956 1.9746009675820542 9.649962809768377 25.107024754320562 3.1116517103238492 0.8457294487339914 3.964994809322408 14.206620280405348 31.97717732439687 0.5089612246679289 0.03688067715071616 0.42773365189334406
172 7.673900301191543 5.651959066855955 10.998054565695794 2.1973690694125136 9.94211315587141 25.393459280386978 2.705466423941558 0.8027393544158651 4.079333906111043 12.734627181491879 31.743147997453395 0.5079134206050301 0.04975944280417671 0.42658304924939255
183 7.165779062794085 5.697445213958078 10.763383163836846 2.3656050381941074 10.08179262123774 24.610849793627274 3.2443463345170285 0.6407943802786653 5.246755197411862 13.699683546136292 28.445557314562482 0.5060223729503409 0.07003884894184347 0.42208324044081735
178 7.731928104261791 5.3390488532255915 10.898621032406382 2.2081747073217572 9.704531218724364 25.326406246528908 3.0206392478295685 0.7835308583238387 4.046516851034644 13.01843170288114 32.29426778902118 0.5085857647197536 0.03301783911692911 0.4257825442899791
161 7.344510741226991 5.677292830296055 10.843892198591968 2.5519542465144585 10.629202285998808 24.481691635399006 2.923777011301509 1.095658922110386 4.197558949150282 11.940948581188184 29.113846135234482 0.5044211020295933 0.07386428803480663 0.4233646476333118
179 7.104052078970381 5.685328069900719 10.66084364467666 2.233991810787784 9.766187869539337 24.844801075078365 3.1813011549061954 0.7187284995566804 5.174198060853621 13.77470855757129 29.83358215477609 0.5074975951219747 0.05523453678960222 0.42490889304396107
193 7.227644138137071 5.406647467448828 11.068079671269205 1.893816502663704 9.057795290947695 25.91858507128441 2.942758943450183 0.4535997587061436 5.3944554665181705 15.045344435250444 32.30869639227553 0.5091935368067924 0.03411040464249971 0.4270680283194148
198 7.324866925269141 5.6809252367597125 10.43874180242235 2.586921258485279 10.51022014054966 24.679779239419908 2.9773094598823056 1.2211120785256764 4.417498117575594 11.437281629384458 28.989159175316257 0.5053154526318496 0.06999909585621807 0.42317931673108183
185 7.455398395648429 5.691171070082345 10.662611190481396 2.167132073850744 9.134565701247649 26.167782310552386 2.7369411971874267 0.5717372556390398 5.983341646970375 14.787331307854632 31.540645844174367 0.5082999519406012 0.04153184773917196 0.4258460982041356
175 7.313594966861741 5.74365746924202 10.806137710937842 2.3074072416367697 9.964877544492554 25.209545326325397 2.8546956919139475 0.7670894119307152 5.24325933745246 12.296352861484676 31.15453274278781 0.5088649480042932 0.040503260603313794 0.4270908094821565
173 7.3338153350351 5.535893695657544 10.836876890941035 2.342833358467433 10.053233648629709 24.720024376822348 3.0256968875848393 0.7449030921950403 4.099417706477482 12.99917896565579 30.884488116752475 0.5075610488992651 0.056356900812032235 0.4252095978378063
138 7.311695298276821 5.523141541649634 11.176749282613212 2.0748186729024254 9.784028269588473 24.63023967827789 3.314128763540272 0.8658470331189092 3.628831615362186 13.31075016361529 31.900201560640294 0.5095747703821133 0.03211691454471859 0.4274628854890011
139 7.675458281514795 5.695778630451223 10.693809295820742 2.1540414253095617 9.406053510497266 26.053094066758693 2.537794669136949 0.7903036557682427 5.4998019210362035 13.764398272988903 31.901911428528116 0.5085575837424361 0.04476542249253893 0.4263220101100825
140 7.195131527418548 5.516849702333771 10.25133792983492 2.9595482824210553 10.17606880925244 24.484073258253325 3.0431032485325513 0.9775181054140437 4.5161841336909285 11.898945792759129 30.468977158149247 0.5056952188797481 0.06764579311895662 0.42488240715858033
164 7.9156009013145825 5.574249394140431 11.115171908537388 2.0369296766543967 9.752229183106962 25.279672983411412 2.924467371605378 0.7461079993003349 5.39064255557552 14.460955532158238 30.44593645707142 0.5084559985535652 0.03800534901106479 0.42748118357510534
148 7.994652475352912 5.565814765595977 10.932985852341112 2.2569478173652366 10.419907382215891 24.821612188113928 2.7172518699138934 0.6292320835570895 4.804945630087533 13.408737136237361 29.864830416615366 0.5094994466559347 0.032518949608551305 0.42747354720517095
149 7.753032320401858 5.251006928623945 10.454686861635404 2.4215774416378704 9.76074743671485 25.099500390896072 3.2546856419470624 0.796823921370889 4.171066949918731 13.633352495935982 30.498470838148403 0.5086894837767381 0.04760087618716964 0.426166912691025
150 7.779799590555017 5.629927903102997 10.834218850314377 2.258239857705407 9.812128544441476 25.038384234268392 2.9322298405318827 0.7272352257749986 5.100894168680281 13.190127260211328 31.455492081269334 0.5092207943371951 0.03062436646041458 0.4282291519259883
174 7.597456479693334 5.504606076390613 11.242137778342318 1.7919176018774594 8.782866963861876 25.69063481950429 3.3008397709627584 0.9025930310715277 4.27357563624289 14.937443665272014 33.67184826646054 0.5084375069586753 0.045877652036789146 0.4268812072771337
163 7.402932984983322 5.621671802439888 10.964819374133723 2.1374132908828583 9.909657225242633 25.282837801829142 2.760273248138865 0.8361582642080901 4.78067214585515 13.115360353211127 31.306827779913917 0.5090981534865869 0.03654824125229091 0.4265626631259008
165 7.477523974298673 5.6556349549398135 10.951308852381738 2.17868618552489 9.556855977311008 25.261243133730147 3.0260169519852256 0.5558768248228285 5.999504562166497 14.472787195772373 30.842985375866466 0.5080368884472941 0.04731243515886351 0.42541399285606984
180 7.531350547102166 5.765985488167646 10.996336729036917 2.001588998243353 9.271804770936747 26.209675269500796 2.6439692126158074 0.5770655446425856 5.41957993666254 13.618216314612217 32.479796997516665 0.507930113645263 0.047446449885452685 0.42573888308155977
194 7.528891097389703 5.552498339402428 10.676727221256614 2.4117664924283053 9.895969184328374 24.690503687119143 3.1647142877668255 0.7415147954538708 4.853641325341607 14.007178293456935 30.056802504939338 0.50856961139067 0.04096603468192868 0.42665067198727746
195 7.656919742116877 5.7759593628409025 11.044276580013467 2.002461152565594 9.167102154593007 25.36332930206335 3.224446679366378 0.6872410690754639 5.097764460620234 13.995604208827999 32.293808719228956 0.5095083056639192 0.023392174765293056 0.4278575250790611
199 7.23311067129433 5.676031015235142 10.536537723518853 2.410190989462968 9.584930530622623 25.057955294729428 3.1021839211252464 0.8654308046780613 4.79144125339394 13.54186397093285 31.17060861203766 0.506968219479297 0.05819247057837849 0.4237397203513393
200 7.714090398613447 5.743384636685916 10.628090218209218 2.5249322105296987 10.068158779712187 24.922614258362263 2.9247282619690047 0.7288270636832028 4.722388136907186 12.221643725827196 30.978547892521426 0.5082236189494828 0.038841197513351196 0.42704356267191806
206 7.8015733265319165 5.659132089749134 11.054234253308566 1.9772437491937953 9.236691970362951 25.65780180942789 3.1709075003093443 0.7032843020783085 4.91257007016721 14.194308485099512 31.95245801187444 0.5092685910098735 0.028855944308755797 0.4273194303785547
207 7.632060614649712 5.562917026417426 10.816860308971263 2.146026372891363 9.091280378630806 25.771038020449147 2.9170408584237997 1.0516237578899037 4.038412990713695 13.53488020089513 33.6415474851793 0.5085531129435593 0.04072110571546645 0.4258817897515424
208 7.588785939348332 5.881680123931392 10.97233480130429 2.1403034858625976 9.70742624388558 25.71351270988535 2.6427938351039737 0.5207132380336891 5.625077281613583 13.483416005716311 31.291976016309565 0.5088645245934449 0.038009931315362046 0.4268893173316857
209 7.777180859170798 5.593960856451563 11.120947035499466 2.035635684485459 9.505834773030438 25.59440798814179 2.88605380647751 1.036003773127128 3.9821058778268306 12.92534258559759 33.06790621443873 0.5095662560654043 0.027477269755724693 0.42800419238733645
244 7.496920583605331 5.762638105627341 10.937949110431715 2.0987464969105933 9.600752956439145 25.507480486004138 2.8299904976240136 0.9441602124356103 5.0572653408380255 13.047188540794068 31.963088784246562 0.5089003743545154 0.039524352412731306 0.42759600989226265
243 7.308994811469299 5.455849021159927 10.78894656478425 2.301460155626652 9.35625654011988 25.98130878335121 2.747852342576214 0.7254132436336297 5.259983203636111 13.727535978236494 31.958094266777476 0.5079023957137219 0.05097176823676591 0.4257455738478019
242 7.3738984358754776 5.592255394851017 10.884476580536115 1.9570320654657398 8.776890824496625 26.3159141984006 2.9114400002956358 0.6343976677755375 5.455530287817737 14.571374871361382 33.18818848961421 0.5077226999586547 0.0532481128546978 0.42524717424405317
234 7.694309033842899 5.584942149107846 10.748514694009188 2.339047192025844 9.753252538503862 25.024409293638527 3.2489151826420257 0.7621977443618391 5.092737920248859 13.62272663094571 30.53217353992778 0.5069143273966917 0.06130644367503233 0.42456298370324835
241 7.36423475090743 5.2170921597756905 10.897491913379337 2.1604492809868256 9.439786966390665 25.297367051274996 2.9729937461054674 1.0469261544728898 4.629221238510235 13.20655914426748 32.91621432670142 0.5089432926337473 0.04165968508621184 0.42563897518095645
216 7.869462968744291 5.679243771567688 10.468735882410927 2.4733159469171286 9.73051009769421 25.190615269225454 2.9331921750255585 0.6740283493699581 4.813282816890329 13.233263766801253 31.255422498244926 0.5082057708286207 0.028274716318450667 0.42745429831668497
217 6.752676137393133 5.601188481394921 9.775066977297362 2.903669336365437 9.942715003573756 24.478880859508703 3.4137739102432714 0.670154511197033 6.042724677152041 14.044380915398577 26.578287303030223 0.5022703822432452 0.09574262787620805 0.41753824055174255
218 7.515865659824319 5.77539996015679 11.133308033243571 2.0109837425714967 9.84715506003393 25.34847094359269 2.7631706140461034 0.6941210256780599 4.821333139474779 13.287186518660342 31.22210770421795 0.5089424729757047 0.03239130285933148 0.42689151336928705
233 7.603618742646697 5.626287123730669 10.94456491686965 2.1685007996596415 9.861298142846683 25.328590301732785 2.728036229675344 0.5738550313606058 5.08882175616545 12.828690083059138 31.90177024381873 0.5097669074079091 0.019222738387687958 0.4282494445387312
219 7.770089050389459 5.6282566773315565 10.859598685899334 2.1890985746449845 9.730770700576285 25.31729643586715 2.8713471314532524 0.9341567352506756 4.383538308580591 13.494384095289854 31.463537840540045 0.5086902278470077 0.038782628242746385 0.42530300088905665
232 7.811603642611601 5.687432665472758 10.698434230947527 2.171302506270883 9.935817507519149 25.856538527181904 2.3453534476525326 0.301783148672095 6.250735910194582 14.104123154358438 29.800027903420986 0.5096790647091871 0.025430913492010748 0.4280218508478591
231 7.587031880258806 5.343358080887201 10.46144864091223 2.557740458621796 9.940150682560137 24.797808661992352 3.189573525458437 0.9089011387540626 4.957516203472773 12.931531520013685 29.99926035737661 0.5051291289297983 0.07682212392095496 0.4226306967883023
236 7.5436951728984445 5.650032472463551 11.108256158992182 2.0496259282349247 9.775566011023438 25.22331385669462 2.991260755263741 1.0017574677009762 4.764503096707821 13.194368292450356 31.536312386813417 0.5098625433309765 0.026813273206665374 0.42783091345075935
237 7.168718905576409 5.850404961977718 10.942413243738665 2.2147695412941317 9.749640732427443 25.41356818121789 2.805333185805811 0.8803257232346132 4.2447727024313116 11.917568961694558 32.14005785287019 0.5098552058953328 0.02488794385188083 0.4278566126643045
247 7.6573124168361995 5.6580286120101615 10.821369607805536 2.1564636122265814 9.660945274411043 25.753070447916805 2.5760996598239942 0.40950343918338444 6.387127613189468 14.492032240782146 30.61723041193478 0.508467551826058 0.039179149166584076 0.42768872269640956
210 7.417799988815662 5.620212833096715 10.265137893440428 2.631849382167349 10.418031264983732 23.993872277286364 3.352428153192423 0.8907658570146739 4.905562955547278 13.151598384821076 28.005660117700817 0.5071274695220263 0.05968896113766716 0.4248710308620943
246 7.632021888019473 5.5063707969058004 11.043370402113535 2.102222683087538 9.720879666264636 25.573493012550813 2.685515701493455 0.7633473459602453 4.453903852454455 13.318549348994168 32.24466596067219 0.5095222407254796 0.03218019746143068 0.4274518846887998
245 7.74685320296717 5.823319436479161 11.084692415344907 2.1465715289007523 10.119070497837242 24.87270842414613 2.993289516243263 1.0126485138950974 4.0169847146624225 12.400586179411526 30.980012540778162 0.5086522407707493 0.04517880992806652 0.4264254483701829
235 7.806390657745397 5.667170839663823 10.99136655691363 2.2328767504723244 10.016443403805374 25.211222507581578 2.8212505045908043 0.5856787165744679 4.928537596289727 12.965079314797528 31.198797410144614 0.5089458297354603 0.03428208934441912 0.4277521565635733
211 7.691869294363882 5.809575825859528 11.0891925611865 1.9644687896463475 9.550899258633402 26.173694984082054 2.437832132177476 0.8074587090335725 5.833677158515815 13.617431077310698 31.8659507382752 0.5094532793409873 0.017394847287761143 0.42899716151481776
212 7.363782631734498 5.598342636479352 10.753956048624959 2.333086334745083 9.6035816003023 25.09033867398848 3.2824965939776423 0.6415496899907671 4.297044143776162 13.469299514179449 31.47197309812857 0.5065576760901508 0.06473139269473088 0.4238336026625585
220 7.673228898611171 5.5346610178529545 10.968413120263156 2.2325752264621994 9.765742674777117 25.439907147871338 2.6945600024756153 0.6858100653046948 4.1287208600904854 13.114221620903868 32.485301257974726 0.5091066450422486 0.03387887159962382 0.4262125497482506
221 7.556391202021453 5.48961595470224 10.603098653760982 2.3260839194490357 9.902034912591645 24.93072131676035 3.107503367410954 0.4845188104668901 5.269970728442578 14.284622996522254 29.232037749681897 0.5075450503831572 0.05543957320892232 0.42531569411272224
222 7.382896253193969 5.670142059381231 11.009229012707529 2.0076481562135684 9.007809169622234 25.91589184170456 2.8305071075135952 0.7347860982549432 5.92116191997434 14.928346708626949 32.61638499642569 0.5079952135824652 0.050000949168498905 0.4256223715098839
250 7.44148566114826 5.4749842257257075 10.441227257711446 2.3265489712671417 9.612932291816117 25.439572358792418 2.7694497100506714 0.6351668166355948 5.6862613772462645 13.953796220332197 31.03051651723517 0.5069869762005541 0.05780927989657722 0.425666015025183
249 7.641762339026503 5.478473551900641 10.608865309014558 2.5586738606825388 10.127326516082748 24.50747683582724 3.2280638633692194 0.7383485165514221 4.960835855600528 13.182467702208102 29.517810534225006 0.5040987847356377 0.07811602142547491 0.42222824783335083
248 7.206981345158208 5.5907545582520735 11.048614087252162 2.035757174131198 9.239330838536636 25.79852823875198 2.900484092490911 0.9586781367309464 5.2997985884575485 13.652114842164384 32.4319699725008 0.5078214805937504 0.04838586054772572 0.42631736072202275
238 7.366339756897137 5.506256481105832 10.6315609115921 2.3001298796770975 9.289551843338621 25.77494998528332 2.8721474851449473 0.55374629193569 5.18564377435022 13.909248329474865 32.23839411646372 0.5077797406052773 0.04753439697634081 0.4262486940075534
213 7.707207942106914 5.958938143872697 11.12255886068059 1.961547157199261 9.434204588349177 26.270891340214444 2.525245306259223 0.552449140586931 5.9891847406449505 13.038765605788502 32.33983465420907 0.5089859876455549 0.0376346591435273 0.4268643599377745
214 7.612289436964537 5.875635752861761 10.603531030390913 2.414772420846945 9.901732998418332 25.01706079556757 3.159411784968221 0.6884514578749044 4.608850747069831 12.495386114812872 30.19444641338578 0.5080460267991754 0.05058599041006652 0.42636592137346097
215 7.727291141574227 5.7647891378647715 9.889024279437832 2.9755196044966072 9.917668092367887 24.30885784325139 3.4772424971694464 1.033717518913248 4.46364298027992 12.635538824410242 29.527731689182232 0.5067599317362856 0.05981146358835352 0.4246034799645035
239 7.872046823699646 5.7296011664954 10.543815491617067 2.2861184331168465 9.249902835483779 25.696783512501778 2.9221749462008257 0.4992747773733751 5.369387559851973 13.979593237237491 32.11639427295667 0.5080107633461115 0.048334465376290825 0.42498039066042753
223 7.360979393296561 5.723104637675115 10.617445194519401 2.5127949019969975 9.757321317253599 24.821411481379688 3.1643624120687677 0.777965138203882 5.840919384479191 13.972323218061755 30.064412393718573 0.5051838714797386 0.0709503204262476 0.4227626132118161
240 7.6951990342683825 5.783016249527926 11.052988219382922 2.084238289775289 9.761877600687695 24.731141883421174 3.3900907634771515 0.9906168411360478 4.06056058367918 12.874537934627021 31.344384850992125 0.5081704991791914 0.046819089431733484 0.42642433330124363
224 7.697839852451289 5.889948108651946 10.792079326619513 2.2085377155828985 9.53276633755163 25.807700567689402 2.77459615070227 0.6648209404355148 5.52156344549 12.830911285111839 31.65333132929623 0.508097210189818 0.04787199915379756 0.4260837261274182
225 7.664890837627791 5.503743290139105 10.740917008182821 2.225026263412057 9.635716890466044 25.506449108762933 2.873632315030188 0.8056369719733172 4.3330331701410465 12.703446073444232 32.11027693817609 0.5091054867907245 0.024790951222795492 0.4262534931674723
