# timestep 3600
# phase bcc
# id f1 f2 f3 f4 f5 f6 f7 f8 f9 f10 f11 f12 f13 f14
1 7.504744028226915 5.630331238726395 10.978825002512146 1.9260490912118258 8.992805762988437 26.76178347656277 2.4342849699893665 0.43461308844127555 6.198838795801729 14.655455171076628 32.71844059521238 0.5079432546232604 0.050637689591443054 0.4266640394669729
2 7.445077576839954 5.8152809270690655 11.23955300426292 1.944706094376565 9.630420369979712 25.203867330992807 2.9899751886416976 0.6448714137067179 5.161831758538157 13.962419328416638 31.16159457919084 0.5090239518931211 0.040093744075945736 0.42720403428376486
3 7.7568695319779914 5.773589100760756 11.149779742233052 1.8257738342830219 9.179145354667448 26.110757770105423 2.722386679712131 0.8082804158039463 4.8251949766233135 13.690469036128023 32.97965918176932 0.5091886181208626 0.037421897726015035 0.4269245008056672
11 7.539466878622224 5.824423316641568 11.323249124920036 2.05895360382672 10.195797090533167 25.53550148923301 2.4436264372682044 0.9981669868082105 4.373222155203572 11.622813052006721 31.96589056869896 0.5086495152252813 0.040238805607204414 0.4275975613450354
13 7.688810307512094 5.641656573307525 11.080630523222542 2.0112049375898597 9.602587520413518 25.35682288073114 2.9878346689397897 0.8469506787455018 4.567604876498615 13.759819321840693 31.517652793533006 0.5083352426787572 0.045638436695367976 0.4265859293236725
26 7.355182308703972 5.6392830512585865 11.017787845218187 2.018346291104275 9.37830908993453 26.11908736485048 2.6040639866170054 0.7054647440901783 5.517587434677096 13.466174280534883 32.516958710918466 0.5085308864298627 0.043004674892545273 0.4270633582366885
28 7.95992634963126 5.72979564052284 11.006853806958345 2.003892340687271 9.42179915852083 25.9252496926287 2.640072499634026 0.6829090549762805 5.148526901897721 14.225058734811725 31.87326605632208 0.508723238671119 0.04479457301534003 0.4253737700953633
36 7.480554308074186 5.607460748142288 11.026177289177681 2.0540525335685196 9.537813593663808 25.430689751236695 2.9100361016513077 0.5704465274338303 5.254243051794965 14.300602028360313 31.44852521351284 0.5091589189977377 0.03304080827726085 0.4277744150282132
38 7.5945963275076895 5.62289472547902 10.991109960561152 2.008441388572897 9.135023005743092 25.91477169704105 2.895842529963056 0.6613079442878673 4.7025002116800625 14.14918945064295 32.90484612772049 0.5092948365928188 0.03301560179755837 0.4275537338027858
4 7.496633347032191 5.814505122936573 10.962488847360916 2.1420253084515055 9.69862675704421 25.845327175504732 2.47987699938575 0.6804626747348469 5.574132504991393 12.769783868319177 32.16949825083906 0.5097937180103432 0.027988916538504896 0.428058333773421
12 7.665740090722822 5.696238021041934 10.946246403021267 2.1090462866948414 10.121496449649813 25.34732964570492 2.6466551923238577 0.5826498211669993 4.608717536352162 12.96821403684562 30.732110605245023 0.5089725363516665 0.03482813315069832 0.4275495782882829
21 7.26768501039771 5.636191247388198 10.92232339917155 2.102146949074841 9.51604109460048 25.725447709891743 2.75061644899843 0.639036481602344 5.642346578835317 13.93766633639534 31.462177560521052 0.5087088081425124 0.04521337193329092 0.4266824793733326
22 7.614733746901728 5.672274813153624 10.988573146374234 2.196833041514364 10.308149237216185 24.796995696294363 2.882764312702683 0.9339289839033473 4.455926377794485 12.74281557134427 30.28273233899892 0.508443139615198 0.04243557936326378 0.4263759002437958
46 7.778113825470417 5.602509403423745 11.176317792770249 1.8635903791245407 9.220673594329629 26.316924026330433 2.611677309220495 0.9940870782685441 4.242326757158801 13.48164453502216 33.50768692102999 0.508442562331518 0.04882662659092262 0.4263113954173043
47 7.484935443686646 5.789543419257383 11.072251217049542 2.0322986440444484 9.977378328446177 25.485292008475888 2.7095772711751813 0.6741962361377457 4.940998572074037 12.920277135317086 30.74294851986125 0.5085565365059442 0.04147692139936963 0.4265692561774849
14 7.3001097428083535 5.65654969067823 11.13329759749221 2.008038667855511 9.290011044844267 26.29507073612802 2.4113923373236266 0.5969968284450743 5.033776064157982 13.59656327647048 33.44678957210236 0.5097465960320925 0.030409381640364226 0.4278884154576675
27 7.443811653052421 5.50926859875155 10.579956976405779 2.41533358231097 9.44380458882748 25.464031188122657 3.040864490913271 0.8477534976041381 4.664637082658288 13.461036894624549 31.66409672089963 0.5073137323406932 0.051459207154641765 0.42657145817397607
51 7.657318148242146 5.644973976915566 11.223203789389695 1.886304835348254 9.467592801407791 25.953126325541813 2.681140565962979 0.6610095201672256 5.543708524881561 13.705935380342138 32.14109767613663 0.5080153540934353 0.04048125369145099 0.42760349055998276
52 7.854916387234288 5.412134286246693 10.433271443378004 2.516346329038316 10.093992617374248 24.888484973252996 3.0361264421253473 0.6720916641613909 4.983830145439388 13.932167245683209 28.76195860519323 0.5051847879308103 0.07426127171111821 0.42353051205881226
56 7.326814801369613 5.2843941485982535 10.624350842987534 2.5167869733211634 9.692502973513871 24.768068237423755 3.108409694340754 1.0266433159641746 5.484904070566428 13.351931737012517 31.79426064241032 0.5047718877324501 0.07520936810610616 0.42287526160181266
57 7.6872460000875735 5.842236709945913 11.206660347571757 1.964472145695579 9.827108317457562 25.734447633096263 2.576792348783952 0.9961122808370745 4.60348647223357 12.120676792387737 32.42823625280842 0.5093775721300788 0.03364914101486688 0.42785175781466095
29 7.586981575518386 5.852938365419907 11.222748738996732 2.0341874287133273 10.296567971921943 24.745191458525262 2.9973695332081958 0.8137778502404803 4.608255831953205 12.521004424635187 30.081398491280243 0.5090545422757569 0.032969829078256414 0.42792782644488364
37 7.3736196131753236 5.619464762848209 11.182135053053184 1.9752905058301071 9.448443291098744 25.395020425873817 2.926698481697934 0.8116324067241198 4.906289974659948 14.100591337243127 32.06257696438619 0.5088140247352019 0.03883389283758705 0.4273915669378393
61 7.909963707105351 5.390439825537922 11.149240278416984 2.0356910370656096 9.423920119966505 25.558213469104793 2.8381500379344864 0.5350752676182203 5.05555639381427 14.649093836217084 32.620045660540285 0.508564382131738 0.04453985685580792 0.4259139687187749
62 7.758666766300291 5.600042547842635 11.06647667504149 2.0430936142259504 9.802418520025403 25.801441250320195 2.600498221134855 0.6061513526078597 5.222180705439795 13.690698563944952 31.130342327239166 0.5095712503561988 0.0340718295336812 0.42758673778707845
39 7.8607483749494556 5.607956182080452 11.267913954277153 1.9595987937174484 9.712526545900534 25.390557201964917 2.8299523221021445 0.6061279535981721 4.9787648368909165 14.367838107742335 31.420825329527602 0.5094453355855924 0.03359008218190982 0.4275051902074711
126 7.387374990258369 5.633994238616342 11.132122147554183 1.9204586353709339 9.340178482135551 25.73839485197192 2.8801106686663642 0.7955616764037013 4.677605619873512 13.524786727603697 32.75223437787964 0.5086747307158991 0.044049354313961085 0.4262976086288971
127 7.933624307526288 5.521969933516654 11.188491647158436 1.9492306326997308 9.320337608640697 25.589144608036836 2.8486419022970098 0.8969136088522048 5.022174940394962 14.98387798851449 31.990460338878584 0.508319644455693 0.03829291277879695 0.4281103223731996
151 7.349968115767261 5.790856394549204 11.210597348953108 2.133107303299919 10.268207390291465 24.667742113859607 3.021096552298129 0.9032192746069484 4.896962352516723 13.006346060123008 30.039695494415504 0.5083218801365349 0.043234686264240305 0.42681403874597174
152 7.797387298577803 5.788738821651389 11.046477006577815 1.9890405620366838 9.206458027219803 25.98367024595637 2.722118619581025 1.128388618112512 3.961588276754569 12.718749258314922 33.89258206575788 0.5094580652787659 0.026089306343039787 0.4283621186837621
66 7.681178204617681 5.777626462490554 11.011048384809444 2.132953306614558 9.844254055156307 24.927757521221736 3.079128977190322 0.5443632127915612 5.148535814051971 13.457770535496897 30.723512528628188 0.5071128792250444 0.05603415736799627 0.4260587675150947
67 7.988139958665873 5.520975830344367 11.202715099566204 1.963789323628855 9.711888120266485 25.876251284459823 2.481822450156693 0.9123619841481623 3.948700789045414 12.860820309707282 33.14313014123825 0.5102191343386595 0.018543747612762805 0.42854001788109847
71 7.508074375133997 5.828192752002237 11.232891980153443 1.8630675705507218 9.303392011324618 26.827261658382817 2.1490565519018663 0.6292981680619196 5.3528055780875325 12.83742380713023 33.65579672070393 0.5090067896242951 0.03529138215241679 0.4279629062092
72 7.579300715254914 5.839598457245358 11.41405020508473 1.8078411110674786 9.521107729138249 26.006628270608093 2.4630711607092826 0.6546962116460231 5.305800257506872 13.998206188692981 32.32201988493427 0.5101064769852678 0.01749208723750009 0.4286437816829704
187 7.644974066180671 5.5544013875183795 11.081216834141847 2.220945147312055 9.642421185693113 24.743225528579032 3.2723104929941105 0.585990944255449 5.029523500542499 14.540211502082576 31.147842696286038 0.5092568806702754 0.031587467933217414 0.4281320245372456
186 7.220911394417781 5.583986201894268 10.967703913525254 2.152614677752438 9.832440721045868 25.45772954789448 2.6711747904518126 0.628838842256905 5.030729719584867 12.96126420128803 31.889668515648896 0.5095161110787019 0.03497493837336894 0.4276494656117102
5 7.67221277803584 5.7133366246674235 10.92464510891637 2.0609921830754683 9.183875750727163 25.83118669032702 2.8451360849804623 0.7064482980186956 4.957103575349617 13.628209440508066 33.18028673473727 0.5095448940102149 0.030639485455495823 0.4277167772322701
15 7.82523225318434 5.602269360178685 10.909902489616542 2.156922787681522 10.23072621688862 24.84938113820215 2.937257454500155 0.5667535303078275 4.648877438414701 13.329988811990424 29.6884585346512 0.5094709897955673 0.028891599641725215 0.42842947131433673
30 7.770475668774766 5.7527819088302286 11.235182034800815 1.7625758410818035 8.8095771098099 26.842156425420626 2.409000117608897 0.7478748463262364 5.580568709088084 14.310838825600117 34.048980967537624 0.5091985053377313 0.03755665737099847 0.42713076352793844
40 7.61669238843214 5.67537697505603 11.130354950037049 1.9797521560502358 9.453776638449266 26.131420472221805 2.70420129736898 0.5371628398416765 5.1393785073109575 13.824569513917114 32.138577335110114 0.5089600107260457 0.038863107701624836 0.42743728175745144
6 7.6638498559158155 5.774624567565369 11.087270697752368 2.1545578206364917 9.896236467933452 25.75002665010533 2.463748977537075 0.6305728903991978 5.221128147528436 13.375178508630864 31.43679494601592 0.5096266365855611 0.030284223609718663 0.42801483826402026
7 7.3673902843101615 5.77179345906923 11.135595063284933 1.9791645641069893 9.63309271311664 26.19258720498349 2.401007051271653 1.0460791013299024 4.786224997510989 12.418746083090175 32.95392287076906 0.509847140374225 0.02798204462810566 0.4285710989543327
17 7.451872073757723 5.552559779971488 11.03598188485255 2.052744265521577 9.812668063593902 25.57080191478603 2.751863358436462 0.7330215950941157 4.599349377301177 13.296668455653677 31.407328478991925 0.509421778144907 0.0289517672488978 0.4275206871510262
32 7.928570823296696 5.33099402788608 11.058204296221314 1.937689546510588 8.921019198488032 26.118347377170846 2.8143798014317594 0.8929650968831655 5.323842959912947 15.207464149227192 33.367583162946055 0.5072066333916119 0.05404121824169342 0.4260219194853737
42 7.532458030723597 5.7724834738391655 11.203768100199976 1.8288802860772069 9.48939179629476 25.817014085613327 2.68966203262874 0.5361360165562448 5.366810080440125 14.180452072299493 31.700371622786598 0.5099671108875706 0.01878057776764094 0.42817074841407504
23 7.535545608588073 5.515533506824832 11.024277466970712 2.1536067377830497 10.004572968084048 24.963429602456067 3.0151121269367773 0.6085739296168724 4.751283397970611 13.645140367215046 30.66685927201698 0.5090055025162326 0.03999830281540448 0.4270484222943292
48 7.214445598722673 5.875278385841831 10.795182510217716 2.187132213543712 9.89707847893732 25.9272571408377 2.386894865430385 0.44546380603617414 5.935042480011906 12.473512513132178 31.12142823736074 0.5098542914017837 0.026981713826298246 0.428499869425748
16 7.1381633648314065 5.727884189839166 11.274588442268445 1.7004449519083733 8.92758227778802 26.669663811151427 2.4139256264448696 0.7238835748534418 5.780356663506316 14.1916125241458 33.55306178040264 0.5099193036355544 0.026451524310930792 0.4277858384714288
24 7.406789087073301 5.34065404765526 10.609608418920216 2.4829998069788544 10.151742012348155 24.509494482103488 3.2682749285425823 0.9910463394980822 5.090070107465411 13.328860985997352 29.578597742314255 0.507076206825216 0.0626506697262834 0.4244349490041974
49 7.796318876295267 5.823471851785956 10.87955057576969 2.2233661064044923 10.28194213776189 25.19077835721391 2.580683789000984 0.7185959394129507 4.486460229749689 11.81759320154154 31.203912209083487 0.5097731232078059 0.01978528422878077 0.42839127472150923
53 7.634468748944656 5.634872830215865 11.136613962944722 1.816978547295626 8.960288045948955 25.858184057528653 3.0033411964493197 1.1147400785052795 4.20631822775923 14.049832450906797 33.69360670475564 0.508891329979132 0.03886186714544617 0.4265516401257003
58 7.463217180317493 5.528254946338509 11.036284642873186 2.0735366485225626 9.567310958699549 25.79420168738139 2.644458101189314 0.9844607269561435 4.150325277933508 12.949765353455502 33.12228995857215 0.5092498879866331 0.03528454986940926 0.42795565668937396
31 7.36549223207774 5.707342288179412 11.249029924177018 1.9381760668972985 9.789074198134248 25.592191105764716 2.653459300639575 0.6152663079798084 5.338206432438314 13.497989733686449 31.402178826073985 0.5090881601979552 0.03439611590688998 0.42795932334012016
54 8.078818926378123 5.420479947612685 10.258575940131696 2.6525923128749525 9.450812534328621 25.25375482939236 3.1076799826581007 0.8643549097995883 5.090949249140811 14.800558922659716 30.476921146624196 0.5050485954780748 0.07750064094696436 0.4213238959365563
59 7.62251383106264 5.527316094827749 11.184410610571476 2.004010438316365 9.77307706190472 25.060785110032583 3.0658721105107025 0.7954935134968418 4.628877663445472 14.187101689769035 30.83177972192545 0.5092898239596919 0.03818511110175983 0.42624168320511274
63 7.603418511376108 5.654185665970458 11.238120203408236 1.89331608627184 9.503873040817108 25.272473310260867 3.1741946721898695 0.7529064404472005 4.899955937218457 13.75186434853616 31.915882895549927 0.5103462773454608 0.007730336248708457 0.4288721346966686
41 7.653273432115855 5.4577689376271685 11.103579423630583 2.1906422282267006 9.967529234107833 25.28336014366279 2.6343764987588645 0.6572213248831916 4.653507536974827 13.601618083875493 31.49717262215241 0.5088797701709463 0.042022555860751855 0.4269669592537877
64 7.5479075974746594 5.594266880515081 10.837751247681393 2.154192681525275 9.604872650839784 25.445380460669455 2.9858202933737097 0.7267833538224578 4.747059672427793 13.399870891244383 31.85167184474437 0.5093389072930764 0.036291781789423945 0.42721036099653925
128 7.9297733514694855 5.429939319165224 10.980147183239731 2.0097718048322246 8.757254612018835 26.32379286016282 2.7408334474776783 0.6865584573139878 5.080493977688045 15.270431488559064 33.71739535983249 0.5084112956389668 0.042655941655980814 0.4271578714080497
153 8.012956309202515 5.76150166927689 11.246003447723353 1.8771597433335803 9.078734868344915 25.649651761864902 3.0288270437301876 0.7443007153688662 4.723781466188826 14.359663047094328 33.15095854218001 0.5097546450755966 0.02501422644715947 0.4281850322748983
68 7.559337696023934 5.461531494999632 10.80552498470161 2.2676713423118127 9.996207528696775 25.027822062638613 3.039997009353432 0.836586489369748 4.385848777471301 13.393830392422736 30.269396508149537 0.5066052118308125 0.06097620532060853 0.4250277185056754
73 7.1660009035322965 5.637857358285962 11.449565016474919 1.690647215564152 9.008199493524476 26.81152580473362 2.296174129773638 0.7172973019436055 5.247079354211648 14.044324906582471 34.10368856909377 0.5096537275660359 0.027923439349188044 0.4279295298547598
188 7.810216208217174 5.801545132949597 11.191184002146263 2.119092068741914 9.698977466413398 25.290470889257556 2.836244546762433 0.5624482369225655 5.316659339854793 13.747412880652659 31.709934299872096 0.5090041447594279 0.035528165079478945 0.42793936339500194
8 7.846392956561457 5.491563156408134 11.178475837233254 2.1222516553009023 10.174216545453156 24.676144821130755 3.0329879242981033 0.7319636535469847 3.887511505402645 13.442079016734096 30.733580325281483 0.5098338987000298 0.024219692490362443 0.4282610192878296
9 7.699334663998794 5.628438342521927 11.203733140984877 1.901993304369333 9.264080422664032 25.83094917327442 2.783554886707221 0.6848189016615198 4.888332708027678 14.062640972760944 32.96438634770221 0.5093202147158853 0.028863372444850703 0.4284203393316041
10 7.715478408615358 5.594700840761212 10.89309290010747 2.079109035815046 9.32495128346383 26.036267024716427 2.743843238140307 0.8156187853204977 5.059781832679866 13.598709534694793 32.58121532930145 0.508345162114836 0.05238867977357307 0.4252934387360391
19 7.627622693238607 5.706316051789834 11.053641674893793 2.0970314333828353 9.787549539850637 25.419448277208883 2.7330303261495175 0.8903234346676556 4.859026650182672 13.373961503876489 31.390230320404847 0.5091062532818167 0.03575156556797161 0.42726896851033247
34 7.639916546725066 5.623370943217917 10.95804334071751 2.1012783550621634 9.395636828006465 25.258681375841675 3.234253057460083 0.872650714525615 4.3026985469958285 13.513194545552949 32.03040208198438 0.5079759318116882 0.05360019082018206 0.4265546043496288
44 7.548238235198224 5.684686296115046 10.970953037763339 2.214375787932272 9.628630608178007 25.062668307388133 3.1448755364868424 0.8398521900412932 4.317185898455748 13.203040326949058 31.855294664933975 0.5078455161050862 0.05329532659223431 0.42616592522545316
18 7.720245947870315 5.628298535479748 10.830341890336042 2.175082589552066 9.605874351584491 25.44734001703716 2.8622737217361136 0.7662487246039595 4.559170294919501 13.269171469432198 32.03861649764171 0.5087721872400882 0.039952126065050275 0.4269636572198983
20 7.67577276633909 5.84771196606583 11.10415590824039 2.0260974273817123 9.76483699028583 26.18465225731096 2.3261985108908894 0.7556990029296601 4.715237684427775 12.01378519263675 32.9308931873092 0.5094190547650591 0.026434495144018817 0.4285355478835525
25 7.655209617501482 5.548839545632693 11.114781572200295 1.9835760432415703 9.249625446036257 25.447586815487757 3.08823127803749 0.6548606241662379 5.129769550484032 14.12306972142181 32.686681357714654 0.5086962717755839 0.039327423472628194 0.4273281984123033
50 8.0827150975996 5.602411334196798 11.018381449000767 2.0500029872316112 9.352844455612855 25.499192331209095 3.0356803769894602 0.7934047396801792 4.550114007146537 13.96426541719629 32.382496417066 0.5091439562500568 0.03386464754058078 0.4279735035869037
33 7.3434363276997265 5.758366845149355 10.612072261591003 2.3171242312747413 9.409671964952004 25.454085821765997 3.001509965442371 0.8518448299372964 4.865890981536158 13.00952577189632 32.23161005070759 0.5076022102474154 0.04297277486551271 0.4273231839614045
35 7.906395250152645 5.482023345166426 10.812724473811262 2.124173572252753 9.259990265738628 25.640325113496072 2.941236562173845 0.7615009257346099 5.153898240051819 14.251577351610118 32.45616942588448 0.5064529562073126 0.06524145374060154 0.42455983424205435
55 7.863300052729734 5.742159081216942 10.682192493776002 2.0397811163521364 8.82852338384374 26.210510252597132 2.886880363896544 0.5150577212750592 6.2742966869014545 15.016827722500201 31.85466794712609 0.5086398042985072 0.03860583417084152 0.4267456562064572
60 7.528435767413953 5.851171784488715 10.736511143010194 2.3062680796335933 9.56578829937608 26.208791994168724 2.2326589354971054 0.7581592415734041 5.609225137022932 12.325174825948052 33.1908300573412 0.5096401118835926 0.030386458420669893 0.4278394567299816
43 7.7034636902932405 5.764573211175529 11.343698001456517 1.8915664123815905 9.766196243306888 25.26057476187652 2.946603185427569 0.9735229030629408 4.273291936572554 13.092663146024929 31.73924304695139 0.5096848809792828 0.029339610679824 0.4276526374585257
45 7.748866690064138 5.662530425488665 11.234366679799425 1.8900866944290382 9.202934070066933 25.688294267544396 2.8528681421621114 0.2562677775805675 6.257160736804146 15.905107027231452 31.648243559893245 0.5089607025985157 0.04205391870887457 0.42725082321576474
65 7.284983855871042 5.740295292881767 11.085065464283089 1.9788192403361435 9.060059531918391 25.792093027355097 3.1230101261259353 0.6505890279760287 5.67332407951646 14.441372156416312 32.22343470268114 0.507398131922384 0.05720269809785962 0.42575800152721777
129 7.8683804525810075 5.669160968846805 10.886204956826722 2.1253385913438203 9.315892931532773 25.11831137402678 3.5212552907662373 0.9184491039301359 5.065206858976617 14.167435007438115 31.053925010340237 0.5075910951718104 0.051529907126625106 0.42664496011613423
130 7.266599765811705 5.6176386176333 10.829891834708445 2.098268202809089 9.096628143837027 25.667278896910656 3.0699391968692713 0.6180235882419717 6.566632667290943 14.736306522559655 31.757647142107185 0.507890793555504 0.05054478254628825 0.4265697126813025
154 7.6725429525992 5.470742924139041 10.47349976592217 2.27239679700964 8.882262151429906 25.71983218866652 3.142495758941599 0.9244715815307325 4.895180695790561 13.833353251301633 33.427486547722 0.508458940641055 0.04626217701139902 0.4265414014486278
155 7.5107307196955455 5.676881191243726 10.542687133237823 2.5209751170731165 10.156822768801625 25.27937048217798 2.6629932464744615 0.8518423726228685 4.651106036014848 11.25523984307965 31.5804650596331 0.5077493683738759 0.05099255749476492 0.42651025758234196
69 7.723842515813241 5.814160050833199 10.605991079096377 2.4461013390520296 9.754938648837378 24.89851384343272 3.1887741252003567 0.7371931702011638 4.825547342867991 12.73545903203405 31.20053753147888 0.5090704862469447 0.03685254334655802 0.42703411493667726
70 7.8179533065433615 5.760076747273921 10.826488621968458 2.161925507198813 9.35887218928481 25.523399042292606 2.942232538859776 0.8474168517542541 5.1487051281225735 13.080890860767376 32.31294405651782 0.5088232381469535 0.03639350755895975 0.4269845156709797
190 7.739746290220566 5.651099937950392 11.188998738346536 2.0411464970590245 9.657569782557385 25.165761311261402 2.9952260936402615 0.8582527324341439 4.794281264705861 13.599780110043078 31.81614105578274 0.5089257376957778 0.03893654283260951 0.4270770738465658
74 7.474710207112599 5.695256267523141 10.775912267113718 2.0500699344921927 8.726032821692527 26.602733749229433 2.5818911324089866 0.8144445108892158 5.2003261525868965 14.05567806465462 34.100938908664155 0.5090478175843461 0.03773270537793 0.4277128952422985
189 7.899989004530521 5.574505147867845 11.167879363577416 1.8482413460630136 8.7928624887741 26.05162045392106 3.000268548879277 0.39844050530281716 6.110665237226193 16.04012040643303 32.48035916210439 0.5100368518287612 0.023043890636542157 0.42860686762278694
75 7.637497710097784 5.727504384505708 11.148073851262383 1.7391236173217608 8.460000432095242 26.662229014475866 2.800068832147452 0.5109605648306231 6.146450606645166 15.592722060287716 33.33804905575524 0.5095867125674244 0.026212345170277627 0.428538324265904
76 7.904127487312471 5.455750853986847 11.05393428198763 1.9803728648510648 8.927534446930459 25.803405327435083 3.0112336932250288 0.9741470660665614 4.272191550987049 14.41592374693738 33.57983468850609 0.5080593473179943 0.048697600840948194 0.4262860340975987
77 7.147974600234408 5.568326532759729 10.920877618240066 2.1527652948629186 9.523512476961939 25.066238000197494 3.2777089405397257 1.0175922800870014 4.531819410728794 13.607590171601338 31.526844251736264 0.5061472778062285 0.06668159345893789 0.4239365282811771
78 7.517648452296514 5.825815415533923 11.193396045376376 1.882591024390146 9.093082528284476 26.43914087894708 2.5265675902063083 0.7912790914155075 4.949996051762324 13.453416835877949 33.83372460554821 0.5098261657201058 0.019889386943322363 0.42742222253088813
86 7.477757270075798 5.2435236761330355 10.28589808539024 2.6610461622058423 9.921668252206935 24.167591140333336 3.79734011588392 1.0593567253062142 4.365474052113802 12.983579294773719 29.713519935655928 0.5046257069929959 0.0832991015038384 0.4197372171381035
88 7.5757931214160426 5.78544544403057 11.110994570602754 2.160866504311667 10.420014297397476 25.173535655560187 2.509451611964391 0.3952289062690687 5.328926308942927 12.809105262485737 30.049420536763105 0.5098069106892499 0.027944890651329615 0.42800354566767707
79 7.868714873898299 5.479595217286402 11.171916245614172 1.7721844811269187 8.995861216242332 26.53569062333293 2.5674351374298015 0.6824740405150095 4.818313672671736 15.014027817857656 32.96427023579183 0.5089168415238017 0.03297483555167662 0.4279158923401561
227 7.832809799373785 5.680557139995847 11.490722657268675 1.7471816642951936 9.488533045494197 25.828878880344703 2.670277347331966 0.7090381885727166 5.13359977667814 14.132889421034312 32.314549351411785 0.5083659531533221 0.04696414007980983 0.42706818651505624
226 7.67683985094494 5.534606162661078 10.841446799602828 2.1758554863910873 9.619350571680233 25.750759945821134 2.5758041940004954 1.0379527667672483 4.922926889046664 13.763221651677718 31.648591210268297 0.508168089255966 0.04835006373836658 0.42607463095397036
87 7.619197559123609 5.559561833427912 11.473579251950996 1.744558710002522 9.319871894980231 25.885693333072904 2.683617290727551 0.6068453820784312 4.912444726618401 14.939346333647242 32.528364476371564 0.5095338720459518 0.033216839963163186 0.42804550213733655
96 7.567299186988947 5.7101253536708025 11.144641738856215 1.998337863483973 9.757541234045831 25.13092142255202 3.0438103324792376 0.736644822237451 4.937597003179465 13.600065192369492 31.10147903034985 0.5090444411424552 0.03873974868906055 0.4266759889820049
97 7.396268629534724 5.873794801440904 11.2754290400283 1.7471306205260568 9.335604924090573 26.864888612754463 2.1956295688084064 0.5998866384103254 5.662806371810488 13.540938032953422 32.68403800772588 0.5097601843296313 0.026565886111916154 0.42811171804696363
89 7.951712454380373 5.571591133714888 11.452891999531287 1.8121368855397086 9.739889096308787 25.829020284873348 2.5195337581385533 0.8568570822978776 3.8716120462625083 13.334781433354037 32.784345446793765 0.5100833531852431 0.013343643201143581 0.42882602750432086
202 7.313674823035155 5.606821959769428 10.892161874937916 2.1281671073292503 9.071621853416486 26.00718339490568 2.6719577531429968 0.7424448156525422 5.470909221694865 14.226636763428605 33.366601692253845 0.5089049253683687 0.044980744987887365 0.42637066005412794
201 7.460873153712874 5.6831838752800845 11.280117190272476 1.9104498230123568 9.511392189897897 25.975879051244323 2.527644338588673 0.7036027832164552 5.13741063291768 13.645168017774647 32.77338578754782 0.509004870689246 0.032535472397058895 0.42773039355255765
101 8.137270796331128 5.561576440125779 11.332542792348924 1.7089699219749324 9.136512935316748 25.948906404171264 2.8331398061786 0.6258097848875025 5.123327983684752 15.547379303129611 32.08220523258418 0.5093817268929631 0.03151305715244838 0.4276785533122836
102 7.480018634579323 5.675443756238408 11.12135952235052 2.0725337842944653 9.79971913512606 25.672175185232803 2.5922348954121883 0.8631318300726049 4.833061013596711 13.006893498869893 32.03949727306749 0.5095358172553734 0.025896902164354203 0.4275048140404024
103 7.2864026269995 5.687834329557212 11.05995443277504 2.060973056176836 9.634919435697709 25.600096733363866 2.8356815561729642 0.7495972530087158 5.546320517887195 13.907509693704236 30.468221587759167 0.5064335471962899 0.062437993391719335 0.4236562768321418
111 7.376713843975194 5.519844078463429 11.132154646928706 1.901257057531488 9.017636018086048 26.136258356722653 2.709499052256587 0.8329875523249846 4.660144729569078 13.714960313491842 34.20617659316334 0.5097925582869924 0.025513106414884766 0.4278959182189635
113 7.329783333746068 5.617893471102253 10.887431803758929 2.29063961079768 10.3653811615002 24.90590368178289 2.719020367584944 0.6182900129020842 4.8473361095922405 13.022657417301172 29.80656596204381 0.50768982928933 0.05061367081890093 0.4266195076705402
104 7.8602274187762795 5.710008202636644 11.033565964647197 2.068711130412875 9.835423835034247 25.45452968314236 2.7461477381490655 0.7606761380891799 5.071450282831611 13.759701029664157 30.880868487824387 0.507578037554283 0.048155259067976 0.4261109886583741
112 7.748659426381582 5.552053434431421 11.472390247186214 1.791903269593654 9.535786343504636 25.759361180819205 2.729470819617678 0.6842261885611578 4.646009206737053 14.43828014554134 32.03413260564762 0.5100916760688652 0.014996485753003054 0.4283158630460807
121 7.173539713643974 5.722097596360585 11.021726210854924 2.0937771047426326 9.728627558345154 25.184594679894794 3.0184135262418987 0.5741733755669504 4.924885571893457 13.07109935576807 31.630493532928273 0.5093777626659537 0.027790104669626666 0.42761073947797945
122 7.640183429273576 5.699567080170961 11.090073326311186 2.1054933915486185 10.347434722514976 25.394477385196044 2.527249846447306 0.6720924448130379 4.5817028909658895 12.327149998291207 30.683761907565952 0.5101991601322 0.0199678577239691 0.4286751081912177
114 7.651760138351756 5.716243207323013 11.291149371807931 1.9616263231498363 9.768552779831527 25.761670276029008 2.571709024811715 1.1330847984181684 4.2148781250931 12.814160574471614 32.59755751922841 0.5080207286047639 0.0464876792287146 0.4269122679076718
80 7.226756408525398 5.75128119356157 10.812980788351828 2.2153750224012954 9.848070700097795 24.768105210168752 3.294842061926373 0.4945759964415879 5.123404404431042 13.196115966484253 30.617270249617228 0.5099167599120007 0.020056590260576504 0.4283264541534295
90 7.423929571486153 5.611820467294518 11.075199651432781 2.1647888520077103 10.43081524466421 24.652991390960075 2.9054600746198105 0.7948734970510831 3.8059257583789305 12.114971445573996 30.80758504238826 0.5099620150676556 0.0219541184259478 0.4286986452901081
228 7.784185032321619 5.652713687527853 11.314713655948559 1.6919560557065179 8.79832155980805 26.639705731495216 2.6185213809841965 0.43606011075690265 6.091448939139422 16.083320718810082 32.48716240464411 0.5082621508572123 0.0452031506955091 0.4269300320639083
81 7.910429524241359 5.529695259468312 11.674441940839245 1.6001455313311994 8.920689025144569 26.634633319001242 2.409976465559926 0.8754807689789497 5.058051081978833 15.440173274215464 33.81144608924437 0.5096403341553185 0.03482915891898591 0.42728295376120096
82 7.310461553103619 5.974810299807244 10.665812993210773 2.1985975639265516 9.308537658339606 26.20261969249252 2.6475364204300096 1.0342547157087876 5.375735224432352 12.412490571785598 32.42379264922479 0.5069633485641836 0.05834642895743822 0.42571863822172284
92 7.929771952421621 5.577339953237589 11.108060676853293 2.0482935960055633 9.937524992241492 25.29513098015966 2.7624120390853886 0.4553877955575 4.911848436790527 13.840040352782607 30.976498354859377 0.5097254000641175 0.022347325272809696 0.42863041660353174
98 7.600424314331231 5.586417044917986 10.799539111186927 2.3041653218903635 9.999032570718851 25.278866686749616 2.6258223663545297 0.5482175832130896 4.733712677299797 13.428350152468033 31.00000520602761 0.5083474155776643 0.04883525556443094 0.42652304683606773
203 7.310193903411632 5.828943195746819 11.236993966351465 1.8093524717798704 8.917675871650582 26.81144118396671 2.36870231016162 0.6293470596774542 5.794260757294531 13.720862682655621 33.84152127291334 0.5094364328422123 0.031411405750691936 0.427993861151574
91 7.911168635183797 5.5001657490612565 11.310441493714858 1.8948647794869227 9.95849986996069 25.52172540285792 2.6204596250077943 0.7425157866852519 4.345354441519323 13.524203686439808 31.632763691450442 0.5092393499653932 0.03568686594849554 0.4278466255600626
99 7.58411200445829 5.65680150734762 11.26958816617973 1.871662127529649 9.233814233409976 25.710102929711418 2.9154702549640668 0.5899351727427635 5.21460302704973 14.552404013076258 32.54546295825939 0.5094958264586704 0.034796680956582254 0.42790024609695965
105 7.281660244814929 5.584053580769492 10.540585428762821 2.5640121591533425 10.234669184748514 24.814540110909196 2.853525047799492 0.4900591320705817 5.057551225957347 12.180904781561997 30.799048205291598 0.5077256351249608 0.055534303978217556 0.4250534493068807
115 7.207058343683961 5.950909002836396 11.303534052929027 2.1040884159703848 10.524984694268019 24.97635032802861 2.5812749223904503 1.314075211998493 3.6764408954969126 10.306105669124879 32.16879230278284 0.5099400616457443 0.027395369028752916 0.4282748508089462
106 7.9327603916818505 5.531999313308533 11.430382685940799 1.855773279605329 9.704420496562644 25.965295998195668 2.396626513389329 0.6428867745445584 4.868060784261587 14.185095268120469 32.09081651782784 0.5094476758387468 0.03599820554617385 0.4275946829004717
107 7.2252749523327005 5.825084903246114 11.183817171209201 2.0269675784958325 10.162141535661391 25.012470313150693 2.8754367971726817 0.34665243177425425 6.2315115547542055 14.00462606753135 29.243604825902086 0.5087872179661144 0.04204242877442605 0.42692867215315355
117 7.6686173474040595 5.550592772115282 11.041161214509879 2.0790365776701005 9.983022606300679 25.203135453155276 2.799796146195577 0.5317909745204348 4.792682380792386 13.30315850103862 31.28723544620347 0.5088291374336712 0.03799534758095265 0.42770859870767647
123 7.7252136851971 5.56282024573418 11.01371588594733 2.1310480641101037 10.209577551975999 24.761580994388375 2.9415464870420522 0.6832002624629085 4.554724486351815 13.260793193374003 30.49447334504537 0.5088892478874132 0.03967981844269277 0.42755409715142106
116 7.858423144857878 5.328249342277907 11.261301061190895 1.964118352237451 9.72874438033642 25.73333012833735 2.5076595542628795 0.967999720286698 4.1754301693675515 13.727706486953036 32.76672515347109 0.5081272358849335 0.04862824043910514 0.426308921613297
124 7.464844992097319 5.720509061411796 11.048061178597122 2.1337714062417814 9.682843692174478 25.289400792096718 2.896907419390982 0.7784520733001102 4.351015503808398 12.873808413492554 32.458275335058424 0.5090716062536373 0.04120036467132644 0.4268093474573973
229 7.875841467965094 5.784643466278041 10.990134567061046 1.9645573353218164 9.110647841800311 26.425977164495986 2.4913257656263355 0.7002609605660503 5.6115943273148154 14.208372798625243 32.60515372843442 0.5095783905477629 0.020256045601652624 0.42794476586795616
230 7.579440493071844 5.485556091338667 11.090023882319013 1.8015222187127558 8.101287391536125 26.92109394267787 2.796785361430197 0.6145923753030398 6.121077736048012 16.145281891448306 34.59466720580269 0.5092565131535562 0.03097410788837979 0.4271718798380061
83 7.650655236219388 5.828264186656481 11.060417616832533 1.9278666526603805 9.008346676397695 26.058897412022716 2.7722132323324002 0.8081007179394447 5.504271864725517 13.959840360243383 33.42513540913693 0.5084246455691008 0.04308050951201343 0.4273444036743753
84 7.70774516552079 5.654931000825775 11.03346519528911 2.008628702252859 8.625489775501858 26.032134784910514 3.0614787858102845 0.841118331901741 5.365518784144949 14.625902529926815 33.90759426550208 0.507824978895967 0.04538174117811779 0.4262815193632379
85 7.5025521951881196 5.797041245324208 10.352314151871708 2.5573795500209644 9.949266014379573 25.122067148783994 2.8534884570265784 0.6476310477000485 5.524701979391621 12.43132490121062 30.436773640255762 0.5075698126233754 0.052030537691203825 0.4265321586291888
94 7.815077220969941 5.8350308083162705 10.966342728185804 2.134006445857195 9.525620140611842 25.151951556411255 3.0603788256488027 0.6781530857184207 5.374768196158114 13.28756453760029 32.12113586031387 0.5081899734141176 0.044219946723224386 0.42591291325980385
205 7.706863820501107 5.7346147363973206 10.882570586515106 2.141636624374696 9.17292143803985 25.616415107112154 2.9494512067212217 1.308067290359085 4.411023819213352 13.540524469464224 32.88943675201222 0.5081270773350003 0.046232009175940926 0.4264680233127963
204 7.717933216718523 5.770795210725806 11.121016537039264 1.8871278232720086 8.934281456550268 26.509883741127318 2.508189757168837 0.7293939890790797 5.744470937333908 13.992257401355957 33.955569455250924 0.5093174737742006 0.029260417579483826 0.4283931022402528
93 7.628050906148434 5.787909206068743 11.359118989466982 1.7315612364512063 8.867070681479115 26.16727465491982 2.8507294572157065 0.564829353712792 5.668688556477182 14.464727909241468 33.59332395822534 0.509620363983846 0.029718577936630606 0.42853221878733994
95 7.8484409441449 5.574273165200376 10.915638980675249 2.1473707414001 9.334791447746408 25.64054976719225 2.8708854863508235 0.6452219584895447 5.058575899041276 14.285026925654146 31.931408368087165 0.5083511811782496 0.03919350995255749 0.4276166819033271
100 7.555030694639124 5.79995491918347 10.722865233814199 2.2062183800950126 9.18507822825492 26.206869633858506 2.6088673322616973 0.43370982302942857 5.940049983743715 13.503902730753174 32.92980956465219 0.5096004729205086 0.03186216183429424 0.42770855456575124
108 7.230191223022749 5.663468777164053 11.1325288241452 1.900372064911055 9.026406482455469 26.150093738970526 2.7186641408054912 0.8387972444385254 5.30107993200079 14.38097278070219 33.10796484063248 0.508951267302569 0.035460412854130485 0.42772036114328293
109 7.995696217197646 5.340676830967059 10.67652209235919 2.2592437224361497 9.389604916019007 25.62495996595809 2.807567375464388 0.9452121358018144 4.936537031869648 14.189336924650462 32.26670771168665 0.5063929717775303 0.06916359626678883 0.4232498224505855
110 7.476653505855142 5.791343643706437 11.034776853364262 2.119600376838007 9.693799285900878 25.77796888335273 2.5470484392584978 0.6163337828380331 5.463659132128942 13.089465521484579 32.18860783577484 0.5088495481443677 0.03528347691647257 0.4272495218858627
119 7.8253182753014405 5.368405844352562 10.664568174378616 2.370091558504818 9.694943144192731 24.85497797335569 3.1969910525846523 1.0298954738327062 4.966537925714968 13.881568293462674 31.102048489044734 0.5056564109981954 0.06519632479105832 0.4254116350237347
118 7.673870482364694 5.317612734483741 10.739661756860777 2.305041978687838 9.598471312351256 25.176964349761946 2.9901171692132253 0.9695677757344078 4.645939171515184 13.869549078671845 31.838091995938324 0.5074018833934213 0.06295949981439389 0.42422123139217155
120 7.750737323753794 5.581037559519469 11.011157043745879 2.0870953415224536 9.784305043553744 25.4339314108806 2.703740394171235 0.5406160085856282 5.418387287076962 13.976056906854428 30.782438639537244 0.5076851251674295 0.05243685848576988 0.4263236593911555
125 7.671828521016441 5.875397127922128 10.84990238519416 2.2112438897506435 9.910807927098702 25.080551675054206 3.0066156200641467 0.8959170058724869 4.876453603188843 12.419752619354497 31.13371344594781 0.5090555057268339 0.03625681222251977 0.42786667042706356
131 7.583289619033679 5.728908148119054 11.199323265916771 1.9224744740203352 9.30217419555484 26.127013920664886 2.538266411499912 0.32734166541346166 6.268168157255606 14.659711399026627 32.305297659712934 0.509480305211454 0.028975301115481838 0.4280623122075351
132 7.36637873368216 5.631877290475831 10.864929129615696 2.1472320214671368 9.458371723742736 25.656612595308644 2.774490708353303 0.7927921424010115 4.640611504812317 13.175741989311888 32.70212414106202 0.5091313234744822 0.039317272463290684 0.42683058998521717
133 7.580970570574792 5.6494383501811845 10.968920772295492 2.1541393169089402 9.764703260562374 25.315093298900702 2.9046435456724233 0.9546236448807385 4.546306705064157 12.508326410424756 32.15231648440706 0.5091702080113029 0.03672331450225403 0.42754335325652787
156 7.963814956981681 5.501962222684025 11.312338101335675 1.8458068272078776 9.278903517063311 25.651624467186057 2.8301044222254657 0.7235805373451866 5.229971506537921 15.388919772990018 32.16838537157218 0.50757864261271 0.0535612816948704 0.4261025022795867
158 7.552613817852296 5.512173664570039 10.752118479134776 2.3243682468359297 9.933849019826201 24.918456439230894 3.1408704647701593 0.7280025045062951 4.993371258263859 13.71345168913093 29.894292322149266 0.5064175598234396 0.06468280593614477 0.4241120197679677
134 7.520675348426519 5.846107371979739 11.15126125369674 1.973182485563893 9.38409262755685 25.741406109286277 2.7839987800026305 0.6898282658744612 5.40015472523705 13.763585203549258 32.16619192205512 0.5087851813105388 0.036563511606152184 0.4280486422569617
141 7.522187359386421 5.791790912171824 10.752845637312126 2.04685426160388 8.892638908464464 26.270370557707096 2.7661668594782767 0.7032754035182943 5.41670329407674 13.85478335152601 33.425265762051325 0.5093414596006808 0.030262723194921154 0.42792213646037647
142 7.737847573801732 5.556667937498503 11.03242928617023 2.251778207688886 10.212471160187569 24.661241435997468 2.9471884766837926 0.5035425982991534 4.85178772314764 13.708726250283544 30.273895877255782 0.5090713737952183 0.03544267671530976 0.4282791373353149
143 8.082412880775182 5.301713994718567 10.916787133444151 2.015647203384238 8.958847881863885 25.60133251821758 3.241350733663871 0.742948411106115 4.357375851794426 14.79409781193189 33.266955781924565 0.5099304854892119 0.020479556851610837 0.4286750907118756
166 7.274609437271606 5.683564292300512 10.938371203410938 1.9644878958116962 9.202029613623033 26.285189833034007 2.523787589746906 0.7720517530812748 5.649978259531921 13.787245955903114 32.66418163514335 0.5082749025452367 0.04464452015210338 0.426968715081074
168 7.692532443929591 5.57886652108457 10.977419310613472 2.0892181029628323 9.322042667431417 25.628265724442826 2.8170682016186586 1.024400613689523 4.791167883018095 14.757611492119466 31.924210063381288 0.5083861222948837 0.04690811544342442 0.4262329776385224
144 7.6244102346647775 5.891819713250948 10.941484923444792 2.2697166607839563 10.31231064041029 24.57935236668063 3.0077159341323907 0.6413665332269426 4.501540238447242 11.863591864707994 30.786212519365595 0.5095176698146913 0.022672429666964686 0.42870528967567384
157 7.429694748338814 5.436829751765079 10.985274383951321 2.2917758706474323 10.434054217235845 24.656863910139414 2.932624451402241 0.5382485426214478 4.647497925036606 13.05016924848927 29.8343280583212 0.5083606187307282 0.039868268400165545 0.4273998892665155
176 7.694429595530804 5.529923438920494 10.9025445068575 2.1809912121691517 9.707353838064304 25.353440818046074 2.9880862583327428 1.5176848833276557 4.2877742429058925 13.466822979414676 30.95902369163541 0.5079934090225017 0.052140445358469206 0.4263419959545914
177 7.636421438034246 5.562748257451803 11.39623587504785 1.7097004008877406 8.748994488949654 26.256963172260317 2.790830120341926 1.0917610529389983 4.496361247003534 14.460192146734627 34.668552583137895 0.5091676547228199 0.03668989609448334 0.426735266546556
169 7.19722117566744 5.720530080896297 10.613437747128199 2.3568529753360474 9.72383597434268 25.46699101560776 2.7998575978073603 0.5437062675138961 5.136093424668849 12.317326082970041 31.79927726600969 0.5085132955979064 0.03667021888352901 0.427902351477473
159 7.643886367995187 5.717381062108627 11.138964481714865 2.115623190227745 10.004005272676418 25.066382846850622 2.8948463832305222 0.8270392686557381 5.385559401043158 13.308506109955987 30.652652352786976 0.5086102963155377 0.03582674602194253 0.4275964121989194
182 8.100816020798279 5.259661180479363 11.284373911127933 1.8745321915780306 9.28111105749593 25.74096695689738 2.798769501699799 0.9248951827036054 4.821194596637163 15.493927077327648 32.50674348849761 0.5082645811156984 0.043538844749542574 0.4263305359207635
181 7.447934062602203 5.581903516347518 11.117557522600709 1.87612333296953 9.114876356948649 26.665421545881365 2.358644825300248 0.8043006038581986 4.966328545389116 14.057332012375273 33.46677176277807 0.508722739635559 0.029776939810631724 0.42784367188295547
167 6.929837605102653 5.763062162912043 11.18745547810863 1.9782879792011365 9.561771589377198 25.511878422127758 2.8730707453672286 1.186118083452131 4.657694455146199 12.560752350057788 32.58228254843158 0.5073039026529949 0.053520852172997936 0.42591283222753334
191 7.259113136218952 5.687394290846265 10.663354068915694 2.3096868800129897 10.222844644359938 25.050251947479147 2.7751159755150674 0.7105900514669811 4.554664184251497 12.032393918282136 30.683980892866973 0.5092288174740707 0.03484957250978588 0.42746572076046163
192 7.728586252860072 5.864891430918211 10.867867718184486 2.2891252887436817 9.557860944565354 24.814648716971462 3.2440214323091032 0.6298265729786846 5.089960312663808 13.60054812779059 31.730683340596087 0.5092495951723993 0.03137112272823531 0.42756490051751117
196 7.181736993819991 5.7223085645114065 10.748926188947378 2.44117767498062 10.026617567842427 24.968185400114802 2.9367124165491947 0.7611098004233394 4.686378675711937 12.269569288437676 31.230686102079243 0.5065678646770267 0.05947164621672003 0.424462453839406
197 7.469644947234756 5.688166814473683 10.895577571854648 2.131151094187152 9.222169302376367 25.0985417803367 3.3684064499484507 0.5075797276919566 5.125516607448409 14.537263598623252 31.824978402030595 0.5088863750044711 0.0378561384674207 0.4278557751895122
135 7.4049003283833565 5.696144281477862 10.828915873410192 2.266836176467231 9.74452399246077 25.175426155860524 2.9406758636080226 0.6012915326750299 4.98885966944987 12.613112609212363 32.24209959970652 0.5079190434619507 0.052645005824504744 0.4259788570717557
160 7.492010803832713 5.804159689718981 10.660021613698678 2.3619998597513265 9.533978890293998 25.369934185300895 2.9264842857887916 0.6141689357485582 5.813753276181344 13.437835074071382 31.43988303619325 0.5061333988860431 0.059870882079436534 0.42557469516439833
184 8.167418274305195 5.810713461715644 11.224679710396826 1.7359917761390367 8.509010885143123 26.3550001678609 3.012126921539293 0.45361011685255087 6.625866731276452 16.501648679406138 32.29800829707131 0.5089107635447797 0.040202288587063637 0.4264795170651991
136 7.414596227391124 5.885271920906204 11.066538014058453 1.849655983978534 8.327918792078211 26.966797108375328 2.5351534142029646 0.7901057098633746 5.793909701301964 14.372618321886026 35.093183953208545 0.5094791284049991 0.025178566725494067 0.42782331995998046
137 7.192525602877534 5.881649497405388 10.949944749522105 2.202674846748226 9.668060346848346 25.37908096888667 2.866278155776528 0.602866551838854 5.520365296587994 12.319944755386029 32.06447795024752 0.5071628288176777 0.05592691283538365 0.42601302247375605
162 7.487791758697495 5.818644969405379 10.646733571445235 2.1548758860534782 8.635096638390747 25.86190359513916 3.254131594022931 0.4575143943253126 6.302664349488483 15.251461058439448 32.06219015295887 0.508454567759646 0.04077871672243013 0.4273121747909828
171 7.4176396314423565 5.667014679235718 10.56584525373834 2.4348110803171044 9.881477104641434 25.03342944169174 2.9931751585523054 0.5229876154787378 5.325073349368284 12.644244005631561 31.074552899133977 0.5072813198377718 0.047814930496909394 0.42621950766105515
145 7.955678882788668 5.637382674369021 11.01964785577778 2.1274183310857415 9.811797901508726 24.568771809150334 3.428809213045289 0.5374046876311495 4.78196592701673 14.091992464882003 30.10345855497597 0.5100097406992556 0.021597153154598436 0.4284565390709352
170 7.2980233998553565 5.808129361362135 10.721272009938376 2.1081191185101185 8.802686897567456 26.144611891257227 2.830322236852375 0.7813968163595386 5.463716917965357 14.069134571841314 32.90660105620144 0.5065290999020818 0.0624414877874586 0.4252875897978924
146 7.7623052203307665 5.654011539777145 11.023499871486235 2.163221357187746 9.669452825255247 24.84145319365339 3.2025969872821847 0.5173646601307772 5.219249518121114 14.234210898054677 31.176408831914266 0.5087563180571321 0.040804334525299114 0.42723542593671227
147 7.814404411028481 5.740471309157837 10.640593571088012 2.3762819256204213 9.805619263033156 25.19246815783393 2.946888517103323 0.4728550626000325 5.369891134906669 13.55559339629879 30.646840506353566 0.5085736261196239 0.0342487248797373 0.4278474096501825
172 7.606502702026109 5.805462117671642 11.071612837248788 1.7695682785180484 8.052462682695083 27.054223601419324 2.7894379171443684 0.5420991699069311 6.271161192578892 15.740362626457603 34.40112626227848 0.508119729190108 0.040592532283070595 0.42719161843889614
183 7.5214160622932145 5.6089237821982305 10.694606526956642 2.027622240855442 8.180042327319347 26.323651358665142 3.2013186882847684 0.7141938458127062 6.008790686480676 15.777401202019147 33.52315533373759 0.5081039753057727 0.05329007544309299 0.42482088339082297
178 7.86611581187566 5.840695123071781 10.615913228463215 2.275111848476472 9.307857717838349 25.39728983534595 3.147267345586311 1.300424526130892 4.547856286824394 12.542993362925708 32.60017744724891 0.5084183091517257 0.04415088482594742 0.426367315835703
161 7.190005951692101 5.878017363709341 10.82397586391269 2.1134496967665988 8.833178750515374 25.462959039357454 3.2818657021372055 0.2636897857110511 7.123482388914963 15.465495010585904 31.33441483461461 0.5065852409853061 0.058125235491301754 0.4253346856232309
179 7.601330485979836 5.848154588458115 10.90588427882097 1.899687630504966 7.957960165375135 26.71864931016573 3.0124194738926056 0.6647372022339432 6.088699164646526 15.491892670669408 35.037426654042626 0.5094783684948494 0.033311345791620046 0.42758942867336874
193 7.629102364019343 5.99579332855148 10.55179404327306 2.2839228593329097 8.902774779440312 25.96242625446458 2.975295771533067 0.799692494593333 5.528046098579678 12.675897866481735 33.4807304827014 0.508577413140101 0.03764069619539659 0.4272263087166997
198 7.56602593960868 5.809275168527859 10.691847395228375 2.364698148700857 9.67339846426462 24.86963394621754 3.2443103016711383 0.6289650631228599 4.983573535678442 13.290132367162325 30.752791175705536 0.5088576247191137 0.038476348471662335 0.42754153101395725
185 7.656093334548381 5.724990926494693 11.119813979062329 1.8281735773185277 8.399901816055602 26.77064788787464 2.5978756273064714 0.6734724587916459 5.898458107084294 15.453712981976674 34.26702051953317 0.5089914922102128 0.0318372552557845 0.4272612910698126
175 7.916578070317257 5.445112554697555 10.92901753419421 2.3191024828348454 10.076670716603404 24.757500546906098 3.1263002852236235 0.681293284703219 4.736461979974771 13.401781644290748 30.595757756338855 0.508151232205778 0.04677202544065154 0.42524361968211144
173 7.020290379609372 5.892583528696289 10.481874552275496 2.3522797335332757 9.337595319299844 25.73968635766343 2.9909660683097883 0.722106638606993 5.816541915303373 12.115258350354631 32.31958646319355 0.5072001178719563 0.05644409591357582 0.4257159290077234
138 7.647409310422774 5.874324520791026 10.389581702287254 2.4992932117608544 9.213396638423259 25.257329937522627 3.247458953630492 0.6835219828257162 5.68097530645458 13.53014445684444 31.56103066005259 0.5071015898397152 0.05632788551491988 0.4259829852408144
139 7.495276015154584 5.730845357477533 10.171917285164687 2.616424090085399 9.112810649283736 25.64301684859643 3.0068578518287796 0.796784541591517 5.234564508097523 13.00798785577152 32.62605614734949 0.5076267603825909 0.05448916176178314 0.4247608061485073
140 7.714920171870808 5.857168395520706 10.792161308357462 2.163055811645859 9.30575906377964 25.68037958971788 2.9063264656963677 0.8072758881464719 5.336293649107468 12.991024056668518 32.701391666606426 0.5092919632235651 0.0376878482997368 0.4264662578832571
164 8.022751350476753 5.7198642473203405 10.9724343204627 1.9558425433452544 8.710780587847918 25.589103225825973 3.357594110660856 0.8199772876318434 5.025097819355457 15.053106726421602 32.66714801739431 0.5097409765415849 0.02063074495202162 0.4288051108039377
148 7.8793854733575985 5.597746965096531 10.845455375043715 2.223912109286319 9.695937445980684 24.64299064471189 3.444794085279827 0.8376762459490931 4.137306294328833 13.194680377819921 31.58206389218786 0.5090064063809151 0.03716981950542614 0.427332539103468
149 7.7727753640948025 5.931319284291661 11.15956240331479 1.929932725714837 9.290576857775914 25.034780332604736 3.4761884520760584 0.5376742547396648 5.348669456398772 14.073171944921782 31.277614018560538 0.5097047985915493 0.028272550109803334 0.4284994194991129
150 7.996401706305801 5.3750741354842715 10.686835763242811 2.464608876760454 9.79750435083663 24.468108753226897 3.444833384562719 0.710676081513691 4.362033188616934 14.143987005427737 30.488353128943185 0.5066925586708774 0.06437133070929348 0.4246701162090903
174 7.819375678507049 5.8609542700409305 10.920460502904533 2.0283528508161086 8.710578062318339 25.831413160565333 3.191956436986576 0.8579904978121823 5.013719387965605 14.14185049341219 33.563560432676844 0.5077929223432108 0.04620272502840385 0.42702182705131586
163 7.355781813066246 5.87779351412623 10.427887429588694 2.491796239075216 9.304818222505547 25.247512840337144 3.246469367081119 0.6648180182705434 6.1161990913164574 13.619343964590769 31.207229372768285 0.5080991394613977 0.050678012640011344 0.425823832883781
165 7.647835518738153 5.624976222740636 10.253986708985051 2.780073276618938 10.271905386051637 24.242819895876973 3.4496027180653273 0.8204874761885586 5.121891497080387 13.071560915432594 28.2258859668783 0.5072261769739771 0.058124471489999836 0.42528091925982375
180 7.663347682820109 5.8543386446688555 11.006924909597355 2.0209631071252545 9.097857525874545 26.143947059176565 2.687257124264093 0.6224775884124525 5.525294595488629 13.874446394002831 33.06073353490195 0.5079875064101729 0.050264022284686447 0.42623064816001316
194 7.472532137133175 5.742734663604695 10.684556757055086 2.085444758138207 8.801170980902665 26.151859548162587 2.88754225991997 0.9166710725693802 5.7571038184161845 13.668543275206881 33.676929764496755 0.5095107588402483 0.030118849588689756 0.4281650246711918
195 8.01065858135762 5.37712959424333 11.058804776735377 2.18954944913893 10.279677347606153 24.197919213866296 3.3181229021978247 1.0112650784624424 3.8609656728321537 13.30489569588836 30.376768195181203 0.5088147028246636 0.03626430732297038 0.42767146690653757
199 7.266222146763293 5.75267046903296 10.695578535326618 2.3122286592171153 9.430523207437355 24.992470176164616 3.3625888682506915 0.6556209594079679 5.748018947017208 13.482500781849971 31.227292120932184 0.5061806367326952 0.06735290074240809 0.42290232178591364
200 7.245048216101941 5.428494203812389 10.084090441885245 3.023129566881062 10.333455146293769 23.612867611156133 3.7309489731320764 0.5952129759408755 4.694905972269348 13.23658175672375 27.72353241856188 0.504592163916088 0.07976272727927951 0.421611292822951
206 8.017192755937117 5.3105164926624076 10.821303757115562 2.3681912642839262 10.057896769971304 24.4279947162335 3.349224204787455 0.9842878256572091 4.216941767063624 13.870880835750418 30.069285039201997 0.5073545496385959 0.04906850633632003 0.4265228916178104
207 7.529865873110264 5.926270672160556 10.961954846449512 1.9373551157431856 8.981269096116941 26.00144864597671 2.863273965664651 0.5021395371885891 6.343515815259973 14.42539564130509 32.48717893222418 0.5080233758849817 0.042019462299636705 0.4277408284597964
208 7.925981167621116 5.427311322922737 10.705589521161599 2.0231744031641843 8.646295279019023 26.437946084839858 2.8133508484552094 0.5598189505262163 5.9910646599916575 15.989235997111875 32.807504427515184 0.5087045266530154 0.04481093676964905 0.42678306616847506
209 7.858942967555364 5.876301111611279 10.853303275512076 2.1529922939273627 9.06464252932696 25.430150362242554 3.0625993116153163 0.6660424455488985 5.834230610311964 14.432383790525721 32.40362615426059 0.507740967215182 0.05260939123872343 0.4260748036649516
244 7.45016303549682 5.686353762581596 10.967119005898438 2.003162009469704 8.79111287485648 26.183925011037363 2.8375943032294804 0.8255096970046208 4.959235472236783 13.841781567976764 34.24096350789539 0.5085461331261062 0.03284703331988172 0.4276767180046637
243 7.536196187109339 5.492765838342034 10.276158514876434 2.683834315223584 9.620613137209745 24.56455470956095 3.479771239143158 0.9259276190464262 6.060220219241105 14.197546945831121 29.56845479314696 0.5046505586944052 0.07914841742098105 0.4211888941401477
242 7.053028136810971 5.767240895591112 11.02617713931623 1.9690376301374641 8.921138493773297 25.988800614902605 2.9950849936592663 0.6936973261996614 5.744645349875164 13.938526407983892 32.941974280552934 0.5089179845072245 0.03592358600965938 0.4281310509381105
234 8.007713772940312 5.58900306307249 10.898100230998148 2.053108173088637 8.965935441248767 26.04336742982652 2.8729120508871486 0.8472076635762675 4.2964347753374525 13.449792597230052 34.196252866161515 0.5085570459453593 0.039041598048424185 0.4283282893126032
241 7.728033281175829 5.633283045983944 10.971185678733699 2.0581334247656375 8.875694186904155 26.389196363727454 2.6381841516634656 0.8398348980416418 5.259382053998063 13.90952300159914 34.176143782605976 0.5080155143609327 0.0487600811015528 0.42594579916724745
216 7.510743501537765 5.596557029035257 11.498644628633858 1.658819423125322 8.766198212578686 25.916377011616287 3.091244062503984 0.999475831866282 4.915631324986226 15.140996852391144 33.35327044256626 0.509307226840963 0.027479146243358524 0.4279626975946754
217 7.591784821711317 5.754040053468206 10.621265466356698 2.4273102865027307 10.006573567762784 25.82347317473331 2.340871617223402 0.5578437048220122 5.500135027945821 12.0775136916891 31.80345079440221 0.5082470954487494 0.04104985286672203 0.4269581024629634
218 7.772696547125489 5.628307546119215 10.969515496983115 1.9358415316667097 8.942820289270703 27.044060106265135 2.193829068973844 0.6928422185136662 6.084299608454788 13.513577987876651 34.07934343033184 0.5090694834841971 0.03252462844617066 0.42804819538242
233 7.687859276052981 5.750449968690702 10.884348381599464 2.0817837152817686 9.317931804953805 25.664448998812844 2.921821713019116 0.8154007004867329 5.1292660939271055 13.341456179189455 32.554654533508504 0.5085669790801202 0.04640950746254909 0.42599537732089193
219 7.451203675925313 5.9644606520596035 11.10630444837725 1.8103920139232554 8.709333494349696 26.44239473461545 2.9189169900243868 0.6272198137966228 6.167351028075339 14.88700368226121 31.817309291908835 0.5091811513637806 0.03532633225823902 0.4278123034069135
232 7.6257661017232365 5.850717948779847 11.064192425989926 1.9799128094391842 9.271779162688405 25.554677071792646 3.016850066926272 0.5002866680184854 6.120555578551599 14.935381996033744 30.907847073592144 0.5089635756872078 0.0382662673377434 0.42751451487620895
231 7.270361042115429 5.749482039818195 10.720389366017102 2.3040730905416917 9.53752045296332 25.302039395261918 3.0834276648954173 1.0085467400876091 5.550616768677694 13.282023911331262 30.88925857367635 0.5066688855617582 0.05879530207734139 0.42553004351680035
236 7.97871525580844 5.322167323792685 11.204649443892453 1.8917054548255456 8.956618390132332 25.86125535688098 2.898361976997971 0.7619708667922062 4.885251887535221 14.889339993380021 33.693422156654584 0.5070911649098018 0.05357784061891545 0.4263896263813309
237 7.363769267933987 5.63030853874252 10.867502606200691 2.158021553723226 9.448161186724441 25.424382776247114 3.0393725339797144 0.6909446028193255 5.193805307577221 13.371654994353195 31.9356093381762 0.5091405153711962 0.03425420698033638 0.42674074899779346
247 7.112263264866262 5.6539165769272435 10.731292500195185 2.218792055104211 9.422514800731603 25.48055171131671 2.956408102055975 0.7005137871171442 5.205759340706504 13.278561366333648 32.04588312973168 0.5076771904744379 0.050346760381125816 0.4259238580471849
210 7.640687449321073 5.6062214590318025 10.443094932633683 2.313401741486615 9.035797493084116 25.215002030763333 3.6695074991929313 0.9774298358408289 5.415547247335502 14.15273910992676 30.875463750544004 0.5083925572033552 0.050586207202355474 0.42583875301827523
246 7.714277839609811 5.343156072080545 11.131003045412672 1.8010039131936808 8.533445091343383 26.386315013253814 2.8087753834046665 0.6538957831946977 5.39986138275476 15.691250152950234 34.31248827906895 0.5082083896055459 0.050137207881653545 0.4265854949046998
245 7.581578563539105 5.519216819288398 10.318878321319648 2.696963221023247 10.019452731302176 24.783106714325484 3.1628744599849963 0.7316522129596874 4.824647600678018 11.725856491325414 31.189651165311282 0.5062784449549971 0.06664373801568493 0.42423638056478763
235 7.663344402252283 5.170934580733054 10.281381490049654 2.746302141471786 9.754547384216323 24.595293921817717 3.409901681037064 0.8866392697946549 4.509170936991595 12.845778869327482 31.361343148848555 0.5041819007927832 0.07880921864013925 0.4230715039027204
211 7.859102801797209 5.562192747947469 10.38306175336261 2.3080910144921996 9.136667457906821 25.26180448709882 3.350922121656802 0.7196084409958295 5.652882857385408 14.927577524805502 30.843130985960766 0.5069245354285805 0.054369548020602426 0.42586009734093044
212 7.850401530045388 5.580804626608506 10.858847400547553 2.3050323896569638 9.359774454513031 25.253819373042266 3.071526690563081 0.5300906388075275 5.494910481047807 14.313383680059212 31.99908667436611 0.5086297520760226 0.039100170511623115 0.42693679278609276
220 7.6543082945021 5.934500045315237 10.455544253165455 2.3577570500255516 9.150958850772097 25.791582106585626 3.1159778885621994 0.6081148972759517 5.779111192914641 12.662305922963359 32.257566098580355 0.5081348675234743 0.04879360117930104 0.42653044715312777
221 8.013434526476436 5.599928643310074 11.304570386562974 1.7212306127453898 8.572639496262015 26.40506972906451 2.750041306800758 0.7669428225634882 5.337900592974963 15.914246826076644 33.89051513567749 0.5091887524090526 0.03199922402682744 0.4278926760579213
222 7.5998579162403255 5.781729230056829 10.34716603163215 2.675606623034706 9.694311663287248 25.15979424374044 2.984921877479161 0.7078988383067182 5.445757285993013 13.262377507988145 30.40886842965146 0.508115334989969 0.04505799728692505 0.4266883019014221
250 7.476196627904004 5.871129448551917 10.69252942971532 2.2075110478424422 9.506463400758928 25.848714246810513 2.6231680122625494 0.5897272443595852 5.6344137941509445 12.942827994185903 32.1410867800908 0.5093971310385181 0.0371291578523858 0.4268949392944823
249 7.7066174854513365 5.681274214861281 11.002767542334006 2.0421868899070783 9.323712302581733 25.512066640998512 3.047096951060822 0.9425736092171962 4.219298200403843 13.306936451337123 33.11952422514434 0.5097557932994228 0.02089993298828342 0.42840027881422166
248 7.576818427245606 5.7347317923883265 11.212562313130405 1.874601123117881 9.139503843012157 26.1007340725444 2.6898377294777616 0.934995683329375 4.890512987281586 13.902386051813389 33.44031899144713 0.5092102519866709 0.024150443206994818 0.4280282253560643
238 7.410542860802681 5.63274297578174 10.47886230660397 2.3898975075004407 9.1147759768038 25.378390749099296 3.2856513958594826 0.8048085460039243 5.7634709493329535 14.730038922850802 30.596262981562454 0.5063278465416983 0.06508424663245654 0.42419793693751634
213 7.457969765188215 5.477333428581258 10.948548253979727 1.9917527136694808 8.577618742328424 25.819167883838592 3.378193526789129 0.9672053540430903 4.590298804670182 14.812603986289854 33.70313809423406 0.5086583216060114 0.045317341766503 0.42591248908985224
214 7.5860217276347575 5.8845605283161495 10.954098935648599 2.217445226853189 9.764449326538735 25.344924699691106 2.830731998581428 0.8278764221444771 4.794719807893466 12.579128973454734 31.703633395989304 0.5097113943758502 0.029324307549910528 0.4281644252596054
215 7.922572412210581 5.496039002762933 10.761424412575897 2.247385928727086 9.641654477276315 25.065416523614797 3.1523707996199986 0.8448004779714765 4.033000677671998 13.378884667082676 31.689590992181177 0.5086535324875149 0.04159280360030826 0.4272701309770144
239 7.628098769720463 5.827464412240638 10.81052372140759 2.2340311372553976 9.86047582163372 24.742406781908798 3.2744280614477637 0.3466913219469937 5.91692379546356 14.009977456634333 29.526026058785657 0.5084117039862499 0.04035301589366024 0.42692632863475366
223 7.789640779455363 5.471435233323467 10.986760286039077 2.062130213673431 9.497848549864283 26.12053569776258 2.434598235189893 0.5653307313670342 5.129737480247704 13.994927992377269 32.349842756457015 0.5094581237074813 0.02468958236449759 0.42849665779640683
240 7.931897440567049 5.702781313370857 10.686769268047232 2.2148619486753387 9.150577605162384 25.60147410604428 2.978818568982392 0.8524118572811624 5.644521064060926 14.366136936868227 32.11454264786927 0.5082264432580903 0.04890255745160585 0.42531462348981813
224 7.484312145944807 5.431186938001689 10.812636599215804 2.22302294525047 9.121252774553339 25.56614227508918 3.129917330679874 0.7308984161293108 4.617140127218386 14.350928019040476 32.43078251021801 0.5085991526322543 0.043032267910629564 0.42751258252285573
225 7.409777771891501 5.896487191343677 11.244234669300305 1.9998097592471091 10.041623014998795 24.612639306394165 3.1934760084311913 0.6645080720286092 5.404612333987167 13.363499449154178 30.03248236490199 0.509098554574082 0.035729139943277116 0.4273177664138901
