# timestep 9050
# phase bcc
# id f1 f2 f3 f4 f5 f6 f7 f8 f9 f10 f11 f12 f13 f14
1 7.507053150477259 5.899961504262418 11.075718799675386 1.9735338935857272 9.272020416371165 25.868222114354978 2.7930928698731843 0.500744751460648 6.057426887866003 14.234034383877104 31.956201880141144 0.5096817713479443 0.019925956893802263 0.4283709170786758
2 7.650800859774458 5.704575037614991 10.517410893679482 2.3026484377588834 8.882616149023312 25.313889275244133 3.368564670304308 0.8874665994961962 5.390549411106034 14.572372065599984 32.398319624726014 0.5074161811728826 0.055343689657685435 0.4249169358550533
3 7.31729502500611 5.646650203569472 10.516045818353378 2.32573365913161 8.963172205480435 25.44209788178826 3.3371345534242525 0.6340639092526728 6.204042076239622 14.52277366282618 31.58993920101206 0.5041574464863373 0.07466863583949544 0.42303305731932955
11 7.527818057259219 5.680517210546478 10.847433923938723 2.1020231963925076 9.102878728543516 25.968946862213176 2.82314481260499 0.7417034434686359 4.893208852870275 13.442077266516192 33.55388210843216 0.509845351446735 0.017470840203639437 0.42877002320231944
13 7.339451006177923 5.910657811588032 10.51264248575028 2.375558315992495 9.244711012938724 25.21741822181787 3.2974464895673368 0.6704283997761402 5.7304554903098435 13.313575165943186 31.410660068437338 0.5074782114129742 0.05201852804336831 0.42652429023216554
26 7.31082527269412 5.769488266100263 11.266437154042872 1.7434246857874325 8.675306707584728 26.600665699730833 2.6606328328605606 0.478867121787544 6.714857251250813 15.221963220168266 33.19287016671096 0.5096175681060316 0.02404623654572806 0.4280362192142629
28 7.824153892265939 5.746681184457899 11.300801493498977 1.6381401706335987 8.111130150409547 26.84007812100115 2.9537848974567193 0.6215894650634859 6.2502758971336 15.847833316324884 34.32226144797208 0.5090520541923359 0.03311695322305959 0.42691321991679976
36 7.754092158981376 5.652174126142548 11.016899131584452 2.0207966383128833 8.988153192036222 25.72337953596869 3.1719001855378814 1.0017639197130048 4.9056337114829285 14.24997085655035 32.6764128741593 0.5073635130821644 0.052092071746548785 0.4265725203962447
38 8.188754774895415 5.6729061612494025 10.653947115098202 2.201982547203139 8.785763797489052 25.709200795437578 3.371051879045133 0.7127542600655085 5.065166652121676 14.441128126846596 32.45105993568119 0.5094545233213317 0.032622420628299495 0.4279765187441197
4 7.716535409765404 5.909440067554868 10.750352675977744 2.080144685511503 8.748407495630039 25.862385552576068 3.1630957859418154 0.4218219215698226 6.437846387487384 14.671159783222492 32.525363495006324 0.5081272653529462 0.04012165095667842 0.42698302611052674
12 7.833068414992631 5.594119931087665 10.489858098176859 2.3672897072648356 9.377624634117055 25.24812651353112 3.187034187169285 0.9436699100998542 4.707362927951291 12.766681377256344 32.636209954677035 0.5095342416713449 0.027403892965727046 0.4276813853370544
21 7.422916340724685 5.827178344534943 11.079376880663613 2.06502738185213 9.575422912902306 25.70798696883779 2.6854820552782828 0.6605872027370062 5.483308701493233 13.133266907190958 31.79133707577444 0.5073746899063418 0.04954498366661141 0.4263893027430206
22 7.499830857224612 5.799817003780848 10.898491974816269 2.217915367649408 9.61144709848899 24.77238281285728 3.281178777523315 0.5157429188664099 5.2668156150230345 13.708910708272715 31.051336912559638 0.508074385636661 0.05051233483997665 0.42569455548148155
46 7.870205327410564 5.460155367619364 11.277146973480157 1.878679370307444 8.779864886229694 26.12033421672975 2.797232898729396 0.6139271113419273 5.285212966397448 16.067639556418996 33.23941625641118 0.5091985537596868 0.02340513929201916 0.42842902166653996
47 7.8691374768722975 5.848076915203517 11.034421571015681 2.1293258175179877 9.438509543870367 25.463039157538887 2.8949349245341134 0.8045334832893898 4.766879554720078 13.378373977620381 32.56224673847131 0.5097745085932905 0.02266526535054882 0.4281785845430007
14 7.874710727999401 5.751584855373041 10.769644474260211 2.058184007373045 8.403278998436653 25.97979517476354 3.442363019671628 1.0091369083526076 6.245914731155238 15.463214506335829 32.30778271920765 0.5067180253254152 0.056559187606676456 0.4263279756967884
27 7.578584579377848 5.624370706396595 10.513854082148557 2.5351406234649407 9.981007275682575 24.055398967275604 3.823305158250286 0.6534447507798552 5.3341206965754715 13.312253409630824 29.010673691260145 0.5061343456102395 0.0636756227460528 0.42452813107821685
51 7.410661831048352 5.640629182173223 11.179211614888697 1.7721637025133097 8.204544902468598 27.038821809242492 2.6159000926583045 0.6642442479421864 5.558323842692185 15.407385623464135 34.997815540088105 0.5072078001161734 0.05674742048719795 0.425061081977333
52 7.608650590276303 5.694692800749638 10.680353724912441 2.354434208605531 9.320023006795328 25.5461573626223 2.8568937026697996 0.8616768831773809 5.140469245534891 13.701044857429462 32.053047532091924 0.5049401878694153 0.07876328512788172 0.4222151184793263
56 7.904040590626413 5.651541558420731 10.932138997185408 1.907643775921 8.48009262560635 26.438954014885052 2.8821042563610835 0.7955776192298094 5.395226041079872 15.12084140469632 33.682783078902396 0.5077401484653691 0.050138869525216866 0.4265916594605122
57 8.038133223062687 5.589676276849688 11.002500850742374 1.8071081294928 8.093037116958936 26.24544349053802 3.3241723430813943 0.7197489749560201 5.346248606428859 16.153266895888667 34.28859348785412 0.5078180583979198 0.049796745404789844 0.4262952374308494
29 7.192575327245198 5.880789360452516 10.464097014066263 2.370874135594796 9.104297028052528 25.5172676907227 3.113758739051403 0.8175373254323093 5.490182774098643 12.674733432736817 32.5935988558804 0.5089834153940376 0.03656398141159073 0.42769109070720823
37 7.324863936786679 5.795102077097231 10.556043537229638 2.4496914373100545 9.864264947360958 24.98742535830653 3.1019854457701843 0.7686759599769513 4.845262761263873 11.374911559453118 31.87342245343804 0.509449179772098 0.03378775226708046 0.42774091506971645
61 7.804172741731509 5.57537577586031 11.328598922183406 1.6105988116932028 8.274518745716914 26.86804957730828 2.753681732512209 0.6656673444429329 5.503057434618127 16.139266493293885 34.46511777257366 0.5098107733162266 0.0189919788058348 0.4282011868820693
62 7.620844716857737 5.712625374158824 11.24020146753624 1.813591100929163 8.782346910191341 26.514054570287815 2.7863486245017346 0.8326118290810652 5.204163921803804 14.178458331807118 33.728954308541 0.5086981534497731 0.044544713532744744 0.4267525011629737
39 7.768669540608092 5.718183457584287 10.557481704479297 2.396814178595823 9.362317465949499 25.384528514648217 3.004926632438307 0.8189455154049818 5.008867555633763 12.992363925048176 32.87001415585405 0.5079862833112289 0.042868240603809143 0.4265951380938959
126 7.483965477680089 5.5612007237187004 10.897056819850256 2.182386394943339 9.810990604359107 25.73750547697221 2.5162908827974175 0.6339022181109223 5.120795717942132 12.733350172810358 32.1405735589621 0.5079406529234161 0.04542862202387316 0.4264609181430398
127 8.05866236769538 5.227617464137185 10.469224502166425 2.4115712586290683 9.069922978021916 25.726682509002966 2.924676382019224 1.1341442295365505 5.482265336200238 15.274767085152781 32.14465558652898 0.5060361408489368 0.07081713793627561 0.42323240088642355
151 7.294475491810029 5.6591515393731955 10.347291285316997 2.6836191731632857 10.64812754383678 23.932559698835316 3.354376117897317 0.5887118963122397 5.069001182512968 12.91406949740685 27.281343942045293 0.5065383967114845 0.06509344562495004 0.42403624132844725
152 7.877385462920022 5.538957236657103 11.179874445009391 1.9755672077880364 9.404451150495374 25.33724180657061 3.1627799396455862 0.7341595023817384 4.618660714317935 13.926908422703379 32.40034733535959 0.5080648579420768 0.05082768451211687 0.42589741148402677
66 7.694393381005032 5.774006142136066 10.935913143586362 2.1247538857714017 9.630127330550238 25.402235182919227 2.8832963256287245 0.7422816236238206 4.479741324220379 12.491379270303488 32.56218588797914 0.509424829966672 0.025367928984472186 0.42733406480985997
67 7.513217566157133 5.5812808206158655 10.789584507971396 2.3247992174170986 9.449069653120416 25.034628827078546 3.3455390673265493 0.7018267665574918 5.047134423127297 13.242314252736303 31.968246938177288 0.5062855489657875 0.06439501842483941 0.42341927547848707
71 7.582405686719445 5.784036238543631 10.876855369054326 2.2837074366619086 9.857892936932716 24.8992240943456 3.0184329044081637 0.32871582909079927 5.957230504310831 14.44705861175283 29.753586837973007 0.5084788324401844 0.04236963899666462 0.42718542757539163
72 7.465434989755468 5.601148927622398 11.162853315500971 1.859779177168713 8.82760173397941 26.075890787533943 3.047957310917452 0.39289029056134533 6.13123482148788 15.467358230410248 32.33707717215284 0.509506176274577 0.029471605679887915 0.4283183604626307
187 7.707461864552751 5.7778454708761835 10.761467538509407 2.207307703692406 9.45912164738214 25.983018994084265 2.5850987769037292 1.0422387461276819 4.586817561558851 12.229289313081154 33.283214086507115 0.5084078595395942 0.045797498523040346 0.4268004148171301
186 7.336671027724858 5.829326652504952 11.357719533660038 1.8252778449912754 9.213585828758806 25.778928801218896 2.8920509395116945 0.8203956805217048 5.155369922749006 13.934774355606017 32.725649484735 0.5095878466083474 0.03366327876369436 0.4273005828712437
5 7.663560833832994 5.364375884378033 9.71758375383569 3.129077773480159 10.078441487063428 23.72914868127505 3.646264912831753 1.2851918254020405 4.69489555406786 13.5209425686771 28.3807623241142 0.5009234353000525 0.09427858491842607 0.4205571481980249
15 7.23349640873014 5.759937212619981 10.158019216633003 2.834965396700736 9.77201373462861 25.01269619063905 2.98521021760733 0.6444391930798014 5.97616080529325 11.7743892493324 31.60505556237293 0.5043438479555481 0.08001260640345484 0.4227233294456797
30 8.254354710847052 5.101271246721793 10.229175500722679 2.732103240569069 9.527643651120698 24.361549485539488 3.4020787837732502 1.202790699877755 5.269183074280283 16.13391942705588 29.812252862934265 0.5048124264173326 0.07955346968122999 0.4212734265763458
40 7.396376482123646 5.799313827090866 10.095601446243483 2.5148309047693473 8.56462510599541 26.484689386625526 2.817824315721549 0.7170650727621775 6.611927572905751 14.039148426751893 32.741926393447116 0.5054723593100795 0.07025881802313963 0.424051380650408
6 7.439723161799024 5.385532633425942 10.91409011136391 2.0568615016343923 9.219356082439855 26.26295452551934 2.488495715896815 0.5303173186830485 6.505727451171291 13.586877949283043 33.34151723455405 0.5044729297783702 0.06376267353578802 0.42480639007892174
7 8.434154533342186 5.145036688301828 10.69059924832401 2.337874622551562 10.44120255725122 24.204539973944698 3.364601921639955 0.6848699069445447 4.094676061704826 14.193746717641417 28.430665651414074 0.5076072401893214 0.051626300564395884 0.42552846683852086
17 7.388205318575991 5.697031244298799 10.67849089176731 2.371235597059291 9.819621304933351 24.997298150156293 3.101344387135369 0.8296922886026465 5.058835105192362 12.600891328972116 31.273740935486952 0.5082064565052948 0.04524298099818365 0.42684936449759675
32 8.20381813673415 5.309168273832078 10.67824240762108 2.061182318878565 9.520257085026223 25.128069045308365 3.3482808266293103 0.8826929557060229 3.9721397338029965 14.386551190457157 30.954063930208306 0.5057691538416046 0.06874761799217596 0.42420935166753476
42 7.160998854964763 5.767219046032352 10.724960023474553 2.1417539653149213 9.092546053283867 25.380111802811903 3.1635976785811306 0.6687615585596148 5.775402404982567 14.30470294515462 32.10460902089525 0.5073944920500905 0.057671352238272716 0.42518871148553733
23 7.317919100331241 5.474981919227503 10.19830167351322 2.5711055175533732 9.178220570748547 25.565179296556263 3.1772104218083435 0.9022870402379337 6.0664634556758195 13.375013509652767 31.806780453306306 0.5076005197384412 0.056216895421826306 0.42575584789765064
48 7.333523333629356 5.930312314518672 10.87383996703182 2.0913019212690402 9.309255959757062 25.563668610589666 2.959374291100346 0.34701313190533306 6.674798359471622 14.144293961825412 31.639468206509218 0.5080855670091772 0.05132284890756896 0.42627973297471355
16 8.160031495803194 5.634888546678315 11.188610666694505 1.812992368112315 8.739347036569038 26.553779697102325 2.627572718275419 0.4655759252615477 6.7301188125924485 16.490483523326514 32.14547201882594 0.5090193946503418 0.038790731330476516 0.42779553734550646
24 7.809769330348183 5.480499701871591 10.60904452700624 2.593439477174047 10.449164020925034 24.22194959234043 3.2599974372499725 0.9845013163437509 4.26312735786561 12.577137147710996 29.383456337924038 0.5065619382766808 0.06312095973807223 0.4246895955414073
49 7.719525078539925 5.55563302560258 11.016523336563596 2.221484651750895 10.273503132901041 24.485659732062356 3.0860548325694017 0.7680481561743684 3.6812175791852755 12.289564033472733 31.277100792175325 0.509843285707308 0.028725865670462442 0.42743984444291083
53 7.639463738189638 5.866946965117083 11.07947003201285 1.8692830126102693 8.930082797712092 26.051838735092673 2.9123893526938036 0.7552583185307894 5.645424905371339 14.475129698557081 32.83709503030157 0.5071394670124355 0.05723568237005096 0.42489887650976516
58 7.551774566785272 5.676678247139074 10.856587330232488 2.115794641275071 9.203327258828073 25.79781770142624 2.9324180977184215 0.542289785552711 5.923613410080755 14.334958504007203 31.477360553365063 0.5085103895676979 0.042157981535008944 0.42705243682310007
31 7.550363441321392 5.6603702084422975 11.021980498833999 2.0590255980903214 9.437462153242812 25.58485441231845 2.8581183176363507 0.5753473332777973 5.660759577228989 14.032741991132678 31.933032037852037 0.5089331694512043 0.03384609881943495 0.4279981367645853
54 7.307047005390863 5.822581671632996 10.97287945223701 2.0033488189201827 9.299451174491908 25.98773075429748 2.6281514807035733 0.9075714699600554 5.00700926813111 13.205429807869088 33.070221556058996 0.5078980689760344 0.04937771979101732 0.4268471045868157
59 7.817198260672234 5.582092046496228 10.91585924771494 2.1851931568406964 9.678880341654635 25.63192295836945 2.679273461107338 0.5759599069916216 4.715040100184999 13.13389012827533 32.3733173577813 0.5094732366546667 0.0312984120122971 0.42715732989979677
63 7.631364969931932 5.511918059915792 10.707872641966931 2.4941924556422186 10.005099529714734 24.32875676025741 3.234213864049787 0.9258191844877127 4.578586947139268 13.499012294450031 30.71520613807032 0.5064864841633746 0.0697685642708879 0.4226204870232798
41 7.442688561189825 5.794862080927306 11.298093889124258 1.7637197253137165 8.641161017539295 26.266674882044388 2.854414298121983 0.8894669888260678 5.969937480763862 15.482614802826442 33.0215018929904 0.508956931441125 0.039762857845571625 0.426991373549587
64 7.402920727985252 5.634733864949943 10.838235836512782 2.2332074004674616 9.921603422784706 25.097092660685554 2.9539596337555913 0.9213892364601017 4.921599434018574 13.268372182655199 30.56676493833706 0.5081870254806784 0.05133868594821497 0.42518480514182366
128 7.811594959429103 5.5340511652003785 11.284813387961606 1.8404826614722545 8.998378799369055 26.445305395626036 2.5045467888876365 0.9988378333860229 5.172319316000138 14.58867360959174 34.03269678382661 0.5082495483341418 0.044705807657256486 0.4269649121439676
153 7.675370413515303 5.51797104091029 11.103735324181972 1.8758304947189879 9.099772585781007 26.04205001207821 2.80496504201011 1.012579839716292 4.704039250846502 14.527826168893682 32.75179594123612 0.5091392180031115 0.03659945787495913 0.42750898176264573
68 7.78629165565112 5.743804099194349 11.141198120721862 2.1109297187869904 9.807389149978247 25.009284381465957 3.1146197425305697 1.0612263179058963 4.700339081607734 13.175704277107618 30.97254782354228 0.5074341543263583 0.05986224958253071 0.4242744835271362
73 7.843259295840628 5.468470172830284 11.067921041986578 1.936108425000078 9.145625080998904 25.675255457980384 3.02515667066048 0.6163816779914287 5.038628880522832 14.885030588036184 32.39235847829564 0.5085908467418654 0.034843867292150436 0.42747715012230203
188 7.913669843296148 5.430713573956841 11.26057686361585 1.913496153742539 9.300253214892013 25.422578202375675 3.0253067429524534 0.7819625350196467 4.266826665112655 14.428511786205213 32.57339998134775 0.5089383025141296 0.03794633814161363 0.42773702272100095
8 7.669123679165164 5.624408825667977 10.561400019061107 2.222820969761532 9.369016035411828 25.447271210207738 3.0987417161608057 0.8812495291030558 4.973906559405037 14.026389098167227 31.180708503547066 0.5073995037451023 0.053859290971004274 0.4260855158076235
9 7.319358982327806 5.778986425561166 10.691745866166531 2.2193072038958106 9.675560752465982 24.91834489136745 3.1723451321702694 0.7812838648031238 5.466385021717847 13.86941950447359 30.104850993067473 0.5087488924798199 0.041646474777316596 0.4274792090948056
10 8.20680534381222 5.403309062749768 10.965425263327221 2.081356403271273 9.419897029726052 25.740764029229034 2.768060546299392 0.7177082509868078 4.266816670177232 13.998295098275356 32.72938556634507 0.5094407581106477 0.037582436702150675 0.42716053087688194
19 7.349981127301421 5.695520936112961 10.968596902706441 2.132552919572881 9.637252317058309 25.545195156134486 2.713240371375609 0.6542691496407151 5.051326387231476 13.098098335436513 32.34300326934805 0.510119176638187 0.02342394990674268 0.4281530024212341
34 7.7030719066763 5.750613155975942 10.748008365296743 2.2033703211288325 9.636099428084282 26.01574307269323 2.5282224820675436 1.057537889777087 4.7435413937288935 12.329635003165432 32.37185106191528 0.5079798847208099 0.04536161907777952 0.4270717797734529
44 7.381423326981401 5.875457338999499 10.982305226541795 2.0255488465191913 9.51462274694221 26.11572390312409 2.506779987051358 0.7305787037430451 5.435171088701674 12.664954642323236 32.66408766190826 0.5080865858023781 0.04079989830527044 0.42713056865557836
18 8.04774565926549 5.427952317447321 11.249599961759623 1.839191599878609 9.20946027781168 25.583385839208717 3.054502054434136 0.9227566474864131 3.8346391964484328 14.076133799230176 33.357375596924385 0.509374198930543 0.03200061574716343 0.4281266339531716
20 7.401348329805649 5.633542951383616 10.339785548601862 2.4301168820980497 9.468566034877819 24.972057903334438 3.253891547873632 1.1166860729249426 5.203785125904286 14.164358751161215 30.381424684030076 0.5046242619482164 0.07559365520232193 0.42368164840757583
25 7.648602252702477 5.738487370072329 11.265615041943338 1.8705057388476545 9.265984747061541 25.814808155101524 2.875792424276628 0.6312142067650061 5.310187300425636 14.442857664587853 32.158292932484116 0.5087833454111745 0.03414802106116617 0.4279609800673629
50 7.952099787266469 5.639540568950651 11.257675306048302 1.8945183454873444 9.465118825688826 25.741408708166347 2.7873641546116157 0.7727350234383586 4.853014326971773 14.519304120261735 31.75705586590455 0.5086074859262565 0.037941821024557565 0.4279157937527791
33 7.7069550983578 5.623907557553743 10.623978995915834 2.344166330099301 9.845976146368287 25.051038880775398 3.2275082224388134 0.8332098200227585 4.4245803658732195 13.009254394373094 30.198708474036508 0.5088934885554197 0.04488809089066485 0.42646074724252714
35 7.5251747976324745 5.9135900513346105 10.970122859343 2.1234787718926147 9.633461166877217 25.131212947560037 3.093940734360064 0.6325855068345889 5.427005794636567 13.615748192652182 30.969061768553313 0.5083353566386115 0.044393143149561526 0.42630904363490385
55 7.859563357328366 5.635420743745145 11.196860953139813 1.762907378773395 8.73492126785547 26.52235534588689 2.7438730140610716 0.559303767546908 5.633225427548624 15.41656798661593 33.031931971436464 0.5093630964467576 0.034947984231745464 0.4273084914937117
60 7.885250125564459 5.712500502519537 11.107011482954778 1.742792645368568 8.626646119672255 26.330202369227422 3.0569253084237977 0.6996617794250435 5.971958866554555 15.763539378062282 32.370878227433394 0.5078041999453994 0.05152451803532006 0.42517397667404483
43 7.616702557439997 5.692156622963312 11.129943644607586 1.9787826394245134 9.520967131720946 25.522313392244584 2.9493295304753437 0.798100113629251 4.430294691876307 13.313769007448013 32.17071500389134 0.509076883524808 0.031897618828911754 0.42772247374678346
45 7.2699729850671915 5.8454620751148 10.880394409164092 2.1981189442759343 9.624246109728944 25.886699346077982 2.537454487543211 0.48944629051994776 5.576175117165219 12.381127028973532 32.72122401884207 0.5101785161311645 0.017153253645253667 0.4279339063608517
65 7.765836060466091 5.621536865914358 11.270945259879817 1.6860213736221443 8.621060240138537 27.182117909932433 2.2915704981102247 0.7127224922209352 5.56522753879091 14.819763090733986 34.49457816797738 0.5102292176255758 0.017005075925616075 0.4288632916100381
129 7.246670899354055 5.786834994947569 10.89828005810703 2.1996710489566276 9.823174200119457 25.54698133926239 2.6957643090102374 1.2541752020844417 4.0858368483736776 11.41494316117031 32.66147315218812 0.5095964703046328 0.03159139374870495 0.42741300262522997
130 7.0347652126869935 5.9807530688428585 11.123291708570445 2.0989819873375497 9.939792318674478 25.222317773881116 2.85243372709526 0.579790006584846 6.260937100941574 13.344392882930812 29.833459497271946 0.5078486582375196 0.05137954469695037 0.42609624428007803
154 7.8108634007288416 5.609013778475529 10.906801724589586 2.2890578730505564 10.411391281679297 24.512804385857702 3.0223556497449975 0.7615161072820398 3.9105068615110548 12.586334054994174 30.369881586193443 0.5091047897564164 0.03260136289797365 0.4280115728843346
155 7.395002543800986 5.703284644245222 10.8729064369389 2.414525511141196 10.54269803712819 24.30401302748287 3.0171962113791717 0.49387676264189795 5.012325964400688 12.859810678271009 29.390369102662138 0.5086277234825504 0.04392146765271195 0.42603137598265245
69 7.407919958474646 5.893187516477351 10.696917764398252 2.2942541310756774 9.457363040469117 25.501861253512697 2.8744159497027275 0.5926784929153303 5.230012558040948 13.134491886393754 32.40458780298704 0.5092049687551639 0.03183035298184985 0.42807391763521907
70 7.358711234885416 5.82072468410906 10.656760077382302 2.2818565443765 9.449657942093776 25.936410727494167 2.622633857609015 0.505038987662547 5.618575097265044 12.56278377020037 32.65219322030678 0.508645732348428 0.041077732918519926 0.42751832693137987
190 7.349172722754466 5.701350844864428 10.753506663761975 2.0381999406418565 9.143474239418204 26.00724076677756 2.7930975734945815 0.9648243410801176 5.056397478057594 13.754833608044908 32.420852996099185 0.5084543663796005 0.043145298133177086 0.4270830697926819
74 7.253686901286148 5.839915266134503 10.996986965374768 2.027696483407451 9.326666626977756 26.160963007835782 2.7355698854145167 0.5181623678553237 5.7527995466143125 13.142939761312359 32.26678663489248 0.5085895137547385 0.045984424866847784 0.4267819461067047
189 7.551636788462064 5.701823675840855 11.061234861290416 1.9412567481306704 9.042619473099476 26.620877393892336 2.5189380787916096 0.7813579609461644 5.590458622525325 14.267435610879915 33.04703130255096 0.5091004742429988 0.04298670621108097 0.42565566172675484
75 7.3433669588921004 5.873308150381693 10.88335038342754 2.304271807341498 9.903122756110736 25.069746744909747 3.1195677115962885 0.7653422133779061 5.1976948246988375 12.445962909145361 30.69641956714871 0.5072746333218394 0.05149029212185853 0.42630394076655576
76 7.558051485285573 5.718720850005927 10.847199651794089 2.1906464326863424 9.352934778259662 25.535958588328754 2.9865081140520875 0.6930423950385362 5.242234189718593 14.300343866048017 31.52577903465861 0.5066253778889405 0.05934593632126476 0.4257439153257254
77 7.757055248185649 5.617186754201454 11.089282663943582 2.0789247056476094 9.562252894930499 24.728063527128175 3.5358307217731824 0.6698576675266836 4.627685255750254 14.437713378414466 30.657931702402234 0.509189341700146 0.034171865804216106 0.4273973768029553
78 7.901345311183444 5.572351611977942 11.147871205236308 2.0896501866469896 9.805304459596202 25.1310794748182 2.9305476529909615 0.7576526949330177 4.4580936654007814 13.577811981868283 31.465944278467383 0.5091401436189156 0.03153867742895455 0.4276636278284835
86 7.378364778069379 6.020739270614671 10.964772337383856 1.926963613004747 9.040584236304765 26.14708256648522 2.760772857673685 0.9197332378271629 5.402068021404977 13.008656452562134 33.233252377373155 0.5083855475857321 0.04009355107619512 0.4270991189789785
88 7.480844900825603 5.714499362051915 10.924327182286273 2.016568251100025 8.948201369624936 26.29841671719049 2.677151157413781 0.5762028708308118 5.89474646986696 14.557057303290948 33.01346273805294 0.5091574495470312 0.03633770459111822 0.4273447611160603
79 7.314894674301351 5.774261876828524 10.753585997943203 2.237604197500961 9.216014290826662 25.546845628773898 3.048515073046208 1.047890353570006 5.411105884627498 14.006611604664991 31.661397606818813 0.5072549845682683 0.06100001898108391 0.42421731569744986
227 7.583103582185711 5.820068828969027 10.879701905746023 2.046924475065528 9.119033922043446 25.793824271295072 2.8866688514749046 0.5674750311492615 5.931866505907049 14.629552631283293 32.037397654029505 0.509096204431933 0.03942400582061226 0.4265848007023288
226 7.440999957287574 5.678824784655289 10.45418113203998 2.3416710583975036 8.94657775404409 25.684817689743657 3.2092383782936427 0.9971187709004851 4.991919418345016 14.15239699956082 31.86152949793382 0.5039724500033294 0.08053314560209344 0.4221933012390987
87 7.803722416825677 5.534925511188373 11.095438132681073 1.848827226871577 8.405251465561847 26.657877521405002 2.7452165177701153 0.7248869257284526 4.999793657576031 15.098318196844952 34.75020495089909 0.5098071408777748 0.02815171095969011 0.4273730376065221
96 7.342319252536487 5.782430142008782 10.681132638742818 2.4003577248645986 10.012296728300033 24.997046727837212 3.004190363963498 0.5690200749696469 4.915056819683849 12.143669696692243 30.98651928417906 0.5084076312120658 0.044718206638083464 0.42573570314271947
97 7.6887021752358535 5.6935531979485825 11.007528073445156 2.0623091400397158 9.522394844714807 25.4248450205556 2.9006728808788163 0.47095576214573404 5.8587200343276375 14.468967884837244 31.38645629024271 0.5093677131806592 0.0321880203557181 0.4276607397811502
89 7.264656419129956 5.840050106164837 10.887918284397957 2.222026260920238 9.198286527172012 25.9333925648037 2.681029302180875 0.968283213410254 5.364974047585847 13.884581488927866 32.742821530977515 0.5065589265925318 0.06492620077483434 0.4244117897964491
202 7.626811528438589 5.83929588096273 11.106583265343632 2.0190927205520826 9.581851755221162 26.050901340065028 2.4447756959986324 0.46920812578168825 6.157937777270757 13.318175423229599 32.072909240854 0.5084219557036266 0.045151167275495105 0.4267075086467175
201 7.9442689060152905 5.424631357084563 10.615978071947746 2.160139879096933 8.790196982927007 26.053400162710957 3.1747395300655454 1.022055110495276 5.128725039312224 14.99629103392235 32.021819146933176 0.5063756182317224 0.06307994264065339 0.4249592099534132
101 7.596091914551825 5.752185837111131 10.899940804455596 2.1441381194048263 9.196964789840816 25.898274426534616 2.800849447164869 1.1266683480378472 4.217069294208449 12.713627046549476 33.6982113033716 0.5090874184364401 0.03576162528376285 0.4274097788980178
102 7.2734577880958415 5.664350389642261 10.837476597866594 2.158348248115714 9.05487240209098 25.917821837841114 2.8222579439680406 0.8170219989166444 6.0505582371283015 14.651818349206021 31.714794605277927 0.5058767292374571 0.07222258079341638 0.42298721538763917
103 7.438959565927811 5.63558112765843 10.48301521521832 2.370108464419727 9.214745747179986 25.911147439111854 2.871519082795447 1.047047051643846 5.054173385796563 12.843602040671612 32.52284860218773 0.5084034521096473 0.04666440725507141 0.4263843110323634
111 7.64465069885365 5.680875755664768 10.525639973089445 2.4179384321344815 9.81248868490377 24.383525966974474 3.6082455688813995 0.5507384424366871 4.998540534305569 13.992068144314253 29.55591380856678 0.5083130793278636 0.04801305540919187 0.4266981955059123
113 7.471997171567767 5.7069732804342275 10.80639104469001 2.123032390257101 9.635260657942057 24.77017134275583 3.578235797178217 0.5566358518524414 5.100161697075158 13.908735178599436 29.798750662153314 0.5097907281958195 0.02172968345015155 0.4281833554604473
104 8.111965986229988 5.324375800415388 11.017073725261339 1.8480260153785566 8.344988102007338 25.98890078326709 3.2942308366755846 1.0588201236714112 5.021753552593273 15.863702303982013 33.89320258140911 0.5083009989343777 0.041226649712939774 0.42569057638392677
112 7.737078097794552 5.632130919490803 10.91919962855526 1.9754502840743382 8.742470765824526 25.97957970730092 2.975306006347629 0.8141607418889416 5.3123204382587605 14.878711641924058 33.52519685486598 0.5071471436112384 0.06040468963647751 0.4230828089874709
121 6.953792026115687 5.7114127802402095 10.140106029300883 3.0385180366476696 10.73592938415764 24.358756952153897 3.120388728104714 0.6981092824004234 5.132479506254731 10.2322660455355 28.795506993443386 0.5042082799816289 0.07927142213521328 0.42243308373909877
122 7.581204156536044 5.758753967179159 10.761379778579485 2.2591205454429013 9.623247464043933 25.15616665997052 3.17460251668285 0.7737873137556922 4.857701631826789 13.249060668464843 31.187915517452936 0.5080589205708521 0.03869078269569137 0.42771867725963464
114 7.862256101455921 5.5078729832315405 10.779803499862863 2.0371782263391043 8.617615194225039 25.709963714292186 3.3518560959580306 0.704928952395985 5.641977962653177 15.77894718217558 32.39033121185569 0.5071466445140561 0.05867787217701931 0.4252080160421997
80 7.9772274890864185 5.573816863016303 10.7089350526953 2.3457922417688826 9.850119776270043 24.96988485518886 3.085479658566563 0.9255842400959818 5.4112472917332095 14.022312649647482 29.824898330114614 0.5076396127242657 0.048278182900375534 0.4263842543354946
90 7.426679098571533 5.5532998624466225 10.743494167594807 2.261094694139965 9.610800073055572 25.154264837152088 3.0159882637169275 0.7442378833265437 4.9964733675243 12.956549898297673 32.17720663385246 0.5074369248133516 0.051510767936174755 0.42589535190195876
228 7.1580052121043805 5.919243359571395 11.147651942740568 1.9855699419971542 9.319016132046293 26.302706454282802 2.402987598604242 0.7263014605987855 5.751806248060981 12.867675437894457 33.39550608375743 0.5091054489370407 0.029395178214125017 0.4287640145852609
81 8.16607510755021 5.384504549938853 10.912042868376068 2.1610994175876326 9.186163856023969 25.713495490933962 2.9220503318385878 0.6619345265410549 5.50369382489148 15.25071278246471 32.07867760885548 0.5068122393012962 0.05716062245334757 0.424510245620513
82 7.572733139339365 5.641736993454019 10.843819258646876 2.209702246050555 9.695734034919894 25.10209019480083 3.171975551146864 0.6035522201453392 5.517319311716037 14.041287254841318 30.256980127591444 0.5077460501608996 0.055027750564259556 0.4257164183189133
92 7.651931572213586 5.395273152885765 10.71809272919927 2.188220631496656 9.189163273399807 25.5619734893024 3.071425775583915 1.1839381148606218 4.59200661618394 12.925595024586784 33.58607235150367 0.5079365916674243 0.04797758314446686 0.4263067553947055
98 7.648945212718089 5.188464495691055 10.764847524640896 2.2762785420932077 9.26576590886087 25.440009128068137 3.0617543744909743 0.6425458738656356 5.075048232032791 13.865458189500211 33.20725298165344 0.5084234841609718 0.04561352117995308 0.4261341881493402
203 7.778353909076623 5.568849156456439 10.362206085639999 2.616593275023173 10.117853719617456 24.75909794611429 3.0655301426177086 0.9320431873944168 5.195905593758745 13.258031875571787 29.373360236917424 0.5038803097433523 0.08143932424159475 0.4223634141089884
91 7.783314586007113 5.684096418009767 11.093764351753181 1.9732207854072277 9.215475726564518 25.344601067103326 3.1194350768802863 0.7629591983081201 5.043382164040576 14.811989257399048 31.873488927722715 0.5082639757426934 0.04968417859508549 0.4261747251911574
99 7.381462292123395 5.80941857029534 10.954912009405051 2.149908904876697 9.53544929512592 25.781592072345788 2.64165434621726 0.6326037547477649 5.714588270161831 13.42979305815203 32.08084897879015 0.5092842312288233 0.03158839341214078 0.427832646367598
105 7.418550796268262 5.520981528282859 10.714243337321646 2.407324713659849 9.813001563043855 24.86412025762238 3.014840880980021 0.6220876914787907 5.643260742531973 13.304709661421871 31.169167233048928 0.5064382293048691 0.06356222042134156 0.42249439038773107
115 7.306872141347827 5.804606339270801 10.583087764515213 2.502389865897648 10.189414322852778 24.38375306538504 3.364168220217529 0.43459082433102936 5.002519484478497 12.428755276153645 29.31729930155989 0.5086907211406598 0.04450016958631681 0.42588206256952155
106 7.494756872837989 5.460966221971133 10.468214552018894 2.370104030602931 8.720767502189958 26.26519442216662 2.8393214471990857 1.3388953511056545 5.64811877694093 14.559044205313766 32.36842434740088 0.5037471099463102 0.07738974555534223 0.42366860215074476
107 7.149007864882113 5.834935191034091 11.164137783470693 1.9450495902909835 9.453987573115084 26.073593159855136 2.540014081150634 0.6992865594619581 5.727905444360491 12.91143868968336 32.77560667663873 0.5096481389131018 0.026960965183939464 0.4277953900990888
117 7.325843173082296 5.8348424926332205 10.492500419637222 2.3049346765958596 9.460808139841712 25.139030997215084 3.226683275506551 0.4816351181804575 5.5690599708193815 13.503264164334004 31.09597014804385 0.5087038075553463 0.03210434482400565 0.42811813590806824
123 7.810168788456759 5.671409661397503 10.64304290939493 2.279932162660185 9.260506081754592 25.14078335273427 3.3436272103753137 1.111285361908182 3.8387800037595845 13.04130526840453 32.79784291250641 0.5089349881563113 0.03674794041614977 0.42752339757319097
116 8.06408708978088 5.571817748308781 10.873350912751889 1.9840057285935888 8.69439064381871 26.06469145728586 3.024849374879361 0.9598791065482404 4.774678847372999 14.767192238993019 33.39552496173891 0.5089142124857292 0.03538854463540373 0.4274724493376632
124 7.742351203202772 5.766907609606462 10.917995771902156 2.0637402428640432 9.749999377483155 25.019223559768008 3.160207905983814 0.6554661018462596 5.334555753001249 13.836931516741025 30.177905528737167 0.5084795384086337 0.03858594482670601 0.4274478747162795
229 7.173907631167096 5.757552189805231 10.909132796633632 2.008549652384603 9.018531863051876 26.451467916807314 2.610912846067876 0.6390504485945226 5.758110015159582 13.432791271400575 33.20540145350636 0.5090200913385979 0.03819987053726093 0.4277582648709972
230 8.17764558443827 5.457993633229832 10.815203876080298 2.1738224854370145 9.429412073181044 25.685645844817596 2.781770406045724 0.8818565386249464 4.802700827437929 14.463559480745138 31.776431098307466 0.5063926280881292 0.056707166394849205 0.4252718202974834
83 7.704911495490823 5.696551929796277 11.139938655279419 1.953254250164666 9.250618901400633 25.47239198786163 3.185675749947411 0.4829291297046112 5.683340526260229 15.123368184833396 31.058779139909795 0.5087309254980299 0.04144058678940861 0.42696794793806864
84 7.9251181860344175 5.544230542496055 11.102851734798985 1.8446834091865623 9.09341039904993 25.90584539204693 2.867770409703065 0.677885184837089 5.48064340016742 15.080094499683636 32.30885072909272 0.5093478542212434 0.027972654181779875 0.42822098713604223
85 7.806568129550384 5.784232213590874 11.011498240239286 2.0745463740716064 9.399876541781458 25.189797723142526 3.1650089985138283 0.7358885968452151 4.957497158722241 14.016359623150151 31.794890954007354 0.5088438199166504 0.02891589868352575 0.4284849643541234
94 7.9649258859773555 5.407123122586076 10.63396270065128 2.3233140742247036 9.211893757616338 25.371215902735283 3.1584438299440922 0.7218498315499071 4.765396963700485 14.18287326222909 32.315671323896964 0.5067047825133487 0.06425922397104239 0.42319560043358145
205 8.632061839083164 5.120016355319254 10.873196942693646 2.109740841943697 9.236957912186618 25.17053591928087 3.2992466695918057 0.8786766672626314 4.041297325743934 15.701789038459387 31.445266947319354 0.5051424478827378 0.0705375020494679 0.42395866509363384
204 7.572300526386407 5.772548082689926 11.186816810852019 1.75844953317986 8.724076138823987 26.381508216295995 2.759152936770166 0.7626077281228142 6.042453988480845 15.500158155545549 32.88013154227144 0.5082506861233177 0.03747951976920105 0.427838438974818
93 7.457931237732285 5.923382078082768 11.011058465688293 1.9510120212052147 8.856323226239757 26.623417278992726 2.521114596690339 0.6941678008156457 5.829517211393164 13.784176458762406 33.730010409338995 0.5088196541039219 0.030903935839285877 0.4285014525829983
95 7.5788669893945135 5.740883948706049 10.85329233101349 1.9208807555604772 8.722803994128643 26.13781305294344 3.120857532547273 1.184340149344851 4.992575169819041 14.103587660419361 32.62219553446559 0.5081928192315478 0.04275939866364193 0.427575060856524
100 7.5133681389824565 5.592520853347639 10.822586039794098 2.38110414203142 10.239226366325962 24.268161619728847 3.40870902251289 0.799756585381012 5.061425499861732 13.496682689017529 28.577593020109784 0.507501524016039 0.048950073963298875 0.42663968691976206
108 7.469751175032791 5.8193129119510205 11.321460368721059 1.7984405652491315 8.872287893375253 26.541259128718227 2.539085700258802 0.7334492831234598 5.448190879827652 14.595161005864545 33.70154335498564 0.5094651695259477 0.031035887436967783 0.42759312757700674
109 7.41235442311449 5.717312529148457 10.817436317745932 2.4817438167885837 9.824450688573744 25.82659998121225 2.429196940891854 0.6244504187040958 5.4323477134367195 12.498549674394834 32.21066838747378 0.5077483797101389 0.055355152462682536 0.4251535122165247
110 7.55388184291719 5.8500861424420085 11.271237586145421 1.6545616511256866 8.652976941727779 27.296379714973696 2.196220712415034 0.4119104761207199 6.682141658082451 14.957107454557178 33.91976033317385 0.5098626033933475 0.02164285988253972 0.4283061657711605
119 7.584487135056645 5.693997276844014 10.872463185864193 2.2427786713090216 9.73322511609485 24.63389468816633 3.542449639699518 0.9241389169970179 4.431014111800029 13.37368134158081 30.560401703189505 0.5076754972274443 0.05845969333211709 0.4241453335827567
118 7.70393182250733 5.736191576602618 11.204825385200623 1.7981832831442373 8.81285277647087 26.19319015038485 2.8929376857610714 0.6849551822873403 5.502106984893779 15.131588459960591 33.02828433699637 0.5098663537870207 0.018063552512227323 0.4286647264720541
120 7.823657310595056 5.646964350198323 11.33409202141114 1.6709771218792462 8.541568878053488 27.204635091829644 2.3637104813158016 0.6370096263423727 6.030073102558453 15.33357322146323 34.22483920599657 0.5096582910342884 0.03274109095722598 0.42772567559728414
125 7.471183434510428 5.480931039257225 10.613714875081406 2.315023311782765 9.557430151968626 25.59799515962309 2.8161853148341227 0.7673853208517247 5.138601148095557 12.372265062829761 32.85897188643063 0.5091331541021564 0.03497051856779552 0.4269172746565286
131 7.577991966771616 5.47665088499091 10.985576196163962 2.0303723068103414 9.158725829440014 25.910935186213347 2.763706605048591 0.5067360737602299 5.614854730436515 14.863568875468454 32.28858330713263 0.508934946431424 0.03824967984723965 0.42741501104584173
132 7.360559910280068 5.489463491716092 10.611207753846472 2.4666220160461774 10.441102640670174 24.337515689565123 3.1066748257658197 0.6307461126765269 5.437090537149319 13.54851585592449 28.621708540144894 0.5076645935477468 0.05248181489800813 0.42617436377493645
133 7.723068077809186 5.532901212984999 10.745900003222703 2.2839546180405463 9.913252849641923 25.115925095889427 3.025006787740972 0.9157690902698229 4.334055638346953 13.053344219485798 30.703570764799103 0.5081856601602059 0.04605408859220507 0.42659328483456654
156 7.220371301370242 5.474300918146399 11.374013026959613 1.823331171249904 8.841945003590968 26.202268618053868 2.712833189706007 1.2108586445875218 4.915080370957299 14.861160461689146 33.60783113771188 0.5072693808304609 0.05847797499556263 0.4251809051655885
158 7.263138123367863 5.707475471910958 11.324651287679385 1.7466417073818015 8.975695583324038 26.281362208515347 2.685654747807447 0.6402563748336241 5.687947681188718 14.669555092401579 33.01062722735136 0.5086155816838412 0.03949332709203373 0.4271407444650418
134 7.9965970684642915 5.496306026052567 11.136319189126626 2.1264879871720956 10.07297815060913 24.62854282117659 3.1774043306353055 0.9795691008417239 3.288909569403024 13.113428167513279 31.219343968143825 0.5088741578567503 0.03486452797387772 0.4266427979950722
141 7.930167359388525 5.743976758244759 11.18816108075195 1.8687527434632707 8.990817122032674 25.965911098661476 2.922679064119399 0.7215733073841739 5.117883622564319 14.970696211008857 32.8519214546889 0.5088752751791803 0.03431981147075003 0.42836874678632153
142 7.237605402775358 5.787329556792206 11.042612886670323 1.980875388615512 8.980653598853342 26.37807672436216 2.5300883735039275 0.5457280635532953 6.025510396169241 13.470393283733094 33.97977769854669 0.5088658382527268 0.037037361256521996 0.4265429424724652
143 7.8130541275643 5.700529418578576 11.045925511639988 2.040583207576737 9.588770775744713 25.475790039851287 2.869801857434538 0.8240664212546014 4.458744534323853 13.085372961842625 32.26071587095222 0.5096708778756008 0.025277090871507882 0.4276490275324475
166 7.612248922092393 5.568680790410768 11.2651006194421 1.9016814990089863 9.31171244747671 25.985565111808956 2.614906871498268 0.5928997368864636 5.307780245560929 15.019045649030371 32.10078026863433 0.5095376452311318 0.02696073670723872 0.42821070930627037
168 8.022480389403789 5.501666551541998 10.638858944452176 2.203852335692542 9.544683551908891 26.01875220247994 2.5539595738142733 0.8287502340770165 4.577287693811134 13.383611168866324 32.1438038245912 0.5093907735396938 0.02908669495849508 0.4281716224546186
144 7.39166632992842 5.683185917588996 10.133466912669352 2.5940512737644097 9.819912590690635 24.810863275280298 3.1836482499461716 0.9268871628081331 5.13042038409846 12.78302886085805 30.025700214495686 0.507277324749087 0.054389816740472934 0.4260524386408687
157 7.450551420944469 5.482347937659282 11.20005580376958 2.009915478093836 10.016051745822821 25.216888207654517 2.8278832112281322 0.8092005982074577 4.214995854233351 12.970415764535042 31.494031672526184 0.5100043084933794 0.012449619283910276 0.42800886445426584
176 7.8425484802534084 5.52515973858925 11.460399512264546 1.8496161309639407 9.919582905263946 25.540499812084683 2.58262615641098 0.6006934367507188 4.752069827585638 14.314754468598872 31.251889901531584 0.5093256569424309 0.030254260429625056 0.42734918568262237
177 7.856416570375992 5.662153868231764 11.110729242502247 2.0130969032672064 9.718975878106084 25.34560493596233 2.8649758243425314 0.5293527969814 5.044190994595206 14.214391059825022 31.069901773506675 0.5079708220762389 0.05043280014645496 0.4265811361911899
169 7.646351522008903 5.670131809985414 11.03418192625903 2.2409308058685817 10.276722730090253 24.54927659546564 3.0189738069006755 0.7947231827152238 4.826866390919894 12.404262785307667 30.712586813182398 0.5084976365695676 0.04274715192601544 0.4275178487772481
159 7.4330752263852125 5.80373181512353 10.937933854202292 2.1331730485156397 9.665220869551703 25.802321589900583 2.5222162308842466 0.9095488537227122 5.011850466120949 12.695885713365836 32.42255410839281 0.5087652958227706 0.04275268373573319 0.4271797227415578
182 7.631240961356381 5.745465923456712 10.701398126646769 2.2804016745349496 9.751309039510316 25.959193400965148 2.3806268146727785 0.9053110709080185 4.914552879282956 12.693021674470861 32.24445836401474 0.5066710883821509 0.06466128332654573 0.4237757153285344
181 7.493360129258701 5.639826013291253 11.32827286060326 1.8051821403362678 9.324781291931448 26.154941118308887 2.538591329131574 0.6333712854981849 5.128207551192823 14.499876747387125 32.09905338692227 0.509047357487498 0.040191733758750216 0.4271167055963017
167 7.5142848406584735 5.4865972000296495 10.662183568026668 2.4063170251348622 10.0685576987987 25.222075884989067 2.8319437059740484 0.7368751919191149 4.936818891255852 12.659486279290116 30.720467421553384 0.5088694663763601 0.03777607404483925 0.42699315077058353
191 7.684986227033188 5.502882778770302 10.971049707409398 2.1395828828171264 9.87678504396089 25.206437534257613 2.8556378916836156 0.7469683964319268 4.383799059133403 13.337735294740934 31.558408174012403 0.5081706619355097 0.04173873900027357 0.4272294247777199
192 7.821799761108568 5.606488785609472 10.882460598316245 2.1700719669126243 9.75335662380959 25.250357792136406 2.8643132408326233 0.5626268569622986 5.162769537761479 13.835300213937213 31.199994069438443 0.5098472841129025 0.02000089400692746 0.4285574857480577
196 7.392103599129781 5.681725378972195 11.011726000778392 2.0208129017110448 9.615911682957922 25.41780182909204 2.9661506099080484 0.5272163818389743 5.122037809497908 13.616992408075495 31.051802993099283 0.5079181068959414 0.050329597126997604 0.4254437408342736
197 7.685415804963998 5.309858296725721 10.63350584976751 2.5764075816335046 10.028675637519516 24.373976432794176 3.396017504155759 1.0238566836308676 4.136063413887656 12.945918180354564 30.61031220673774 0.5043726061973363 0.07298137051505565 0.42423599109237037
135 7.454940448930509 5.612150954429094 11.071448421382293 2.0812163459907715 9.822397732369216 25.59096689823096 2.591047140163638 0.8667447238891136 4.829784855260806 12.60715180231616 32.461412858129854 0.509197384480565 0.0274007564182911 0.42782547252143316
160 7.355887194118632 5.803831574861695 10.925787842751483 2.3006932667187345 10.315809195177483 25.10760341314472 2.6574174112653357 0.9405608302921241 5.339116722167007 12.805423552498638 29.948145455861916 0.507404683765771 0.054815390796126684 0.4263991305071124
184 7.086596569246052 5.845773990433307 11.33199884458365 1.8506892348296526 9.301647497652874 26.81000332857096 2.119509963796909 0.4359430172970352 6.1034627329724565 13.570185047140006 33.227306423319654 0.5089556176916592 0.031204498439548017 0.42724074511592414
136 8.00046266004892 5.132917356712946 11.125337641060831 2.4318242165009 10.316935599334123 24.65630772091749 2.9014380035869025 0.5788400267442089 4.759323039584734 14.421778010161924 29.514422065565107 0.5061226970356032 0.07008849197104762 0.4229021685939652
137 7.884044313493169 5.4611342037405475 11.261927977478653 1.8173043179420687 9.55920523318452 25.251806016963066 2.976769129155824 0.5560815855323092 5.478599716260035 15.571740941715735 30.742888627563094 0.5088715355148508 0.03757656922080837 0.4272374211047826
162 7.366575773308555 5.59324226440469 10.910266423839893 2.214980933953412 9.598675117117446 25.884655205905933 2.533934234956131 0.7634857591084764 4.7052478465328065 13.096125245812933 32.34039276682532 0.508384448374658 0.047991434657160964 0.4268118501706743
171 7.498744214461886 5.405124633588236 10.658827687640507 2.352729526580627 9.97599101847883 24.693045915937848 3.190704797345016 1.0091167660326688 4.715165123633719 13.821626055921863 30.200141905768167 0.5063006452169582 0.06344938353182743 0.4250296409854417
145 7.033124558186307 5.591268663004973 10.66176909531425 2.8180376649199492 10.345429175800867 24.15787095017736 3.277994370226852 1.3144413260223953 3.7683572278571775 11.847818730179958 29.897717021230548 0.5038369370973949 0.08765760185710941 0.4204131274557126
170 7.906449131551671 5.316240918402424 11.052966646894822 2.063649292976535 10.007108769834057 25.37912813285396 2.7811498466055014 0.6473568989626616 4.8643011415667985 13.875624019400036 30.622017331900885 0.5077792703426973 0.0434549509151166 0.42729031674617746
146 7.086437414465215 5.157465039864915 10.11321809088197 2.9715065544939416 10.267145924503746 25.145867717357785 2.650596350392855 1.2218163138986724 4.989898870523417 11.330515555740961 31.146146759552774 0.5036415417535843 0.08391136887387281 0.4213549647340929
147 7.26160095536542 5.48759003187119 10.918200585017695 2.2060259227016106 9.68190278608353 25.43363625682204 2.8234187049586223 1.0661566307983856 4.513562413400275 13.235506932860249 31.79998558211083 0.5047413288856359 0.07360642547281826 0.42266941717481493
172 7.394434408465698 5.632767549223851 11.264438090675435 1.7073556514811585 9.18626487484734 26.52330289583276 2.4419318429872567 0.3285500426436316 6.488119876517404 15.070225753292416 31.746651909040047 0.5089324392382488 0.03762400140633877 0.4281341471249103
183 7.312190820352517 5.7841451956326155 11.05858657444895 1.9352560145644042 9.2724711627644 25.810894180903276 2.8009724884038003 0.8330669757307566 5.463700921702926 14.050365871483647 32.041383957964804 0.5094399885588495 0.03153403527796956 0.4280411983394763
178 8.117677849492122 5.506445558744564 10.747828127185215 2.48527826525446 10.675792322410054 24.276401029632485 3.082131629155402 0.9452077568431514 3.3657457440144527 11.86119945287344 29.959909650974467 0.508530987994094 0.04603494238929916 0.4262144814285544
161 7.416979906989222 5.391220623294495 11.173591168149507 1.9147378549694163 9.15770152475933 26.52660895871042 2.4005310247779295 0.7855178136575576 5.663401202006068 14.386683266775963 33.200446738268354 0.5077768838826804 0.0542857974729363 0.4258671757755787
179 7.149729396357794 5.8952424062009525 10.90009410899937 2.18803126139531 9.951989274797414 25.339093633842413 2.671829749193637 0.5757707836740689 5.836308487298746 13.357050299323879 30.204719866364076 0.5091008506589877 0.038079648227243586 0.42744824106531315
193 7.908675129554135 5.628936932819082 11.383982550980834 1.9618033282270189 10.054500551962656 24.777173089826448 3.0337048291689133 0.8078806943848373 4.40771944829412 14.234595996476253 30.237621744968386 0.5088378794641845 0.03234296569974039 0.4274966334889107
198 7.904889256160754 5.316926971448135 10.515489512884644 2.5793482648848696 9.952687515596436 24.73646290173117 3.1289011714455266 0.8007505966762407 4.22524579549913 13.94336747964913 30.333079619043637 0.5069589789127279 0.055833889282121824 0.42579848632585743
185 8.060263625625165 5.601483930642371 11.171416848451152 1.936116331698832 9.407517658360941 26.288739051804942 2.4242328425831934 0.7876838374645435 4.593701810939457 13.753573303125236 32.80007333747046 0.5094873353687209 0.02566764326478964 0.4282575676933643
175 7.295011203683409 5.7460191778770255 10.772482857106484 2.181929234447662 9.409698982372252 25.42579178200031 3.0578932786069135 0.7362147276685616 5.179859732523839 13.50720389001967 31.761742224710474 0.5078990357699721 0.04933489895154097 0.4260443751318716
173 7.57577803012032 5.685271960715502 10.559032873304062 2.5124125630852054 10.405876707882298 24.525615438849055 2.9883986421612905 0.8145965662731568 4.918276176958229 12.43602090674445 29.54981310636932 0.5073876568166099 0.05764613388509648 0.42449209942487515
138 7.682924257881125 5.650318355266346 10.699331683211245 2.474998541814266 10.460175941495883 24.31814397927451 2.959410896233866 0.5802980906992223 5.169447042857092 13.432424191243728 28.951454612996297 0.5074717064999242 0.050929684706726916 0.4266067175432525
139 8.025716006743036 5.643568928020044 11.341149840309983 1.8666254733956937 9.391510666315687 25.604349438801016 2.926386208047681 0.8590441183211145 4.600345632788392 14.35252936007436 32.35302695244222 0.5088973338945484 0.03659737921694002 0.42718764761074096
140 7.788034995666841 5.601110228127771 10.980664231719832 2.2136773732393857 10.38054196918122 24.8853349540035 2.952423715841212 0.5558666975625026 4.96460391520806 12.502472655950143 30.147660037239188 0.5099791421136641 0.0280592252952293 0.4275847031430403
164 7.921616059674176 5.635748934973637 11.257582924993528 1.8787827385055142 9.15341100332944 26.14691044097131 2.676544821828424 1.1262590810955788 3.896251401914781 13.373703665710645 34.10929236475386 0.5092534166187342 0.030319740311455318 0.4283237188944871
148 7.464888173838072 5.670125738557354 11.029761545913528 2.2110271133654975 9.922768489270048 24.942802164455316 3.0249702021475344 1.0425255330746128 4.334333786345813 12.538001347797275 31.600918822841003 0.5088606301581267 0.04142086764801015 0.4256474580695914
149 7.595863229621578 5.744855177869515 11.034159643516713 2.0545256402580874 9.398864980990828 26.083231040140944 2.513296998249022 0.8386986087178154 4.99169983074639 13.098625522961562 33.222845420280855 0.5084328794303395 0.04297944214426303 0.4267598597697779
150 7.575351398904402 5.554783883047783 10.597037035852397 2.554928352969341 9.64948836210433 24.5703202227564 3.4440606650733163 1.207363427008616 4.515224597026061 13.786991268371537 30.425107301223136 0.5048803459278246 0.07516200665022828 0.4235299857816482
174 7.710629842931681 5.849075988376343 11.293264457169899 1.9056264241021206 9.4900271468833 25.680994095351863 2.731300875024817 0.7402325657927361 5.200891075101905 13.822681546714893 31.832143151926328 0.5086962576590511 0.042139618304106154 0.4270200315143201
163 7.539442039079406 5.6770782875298105 11.202940021079124 1.9259119328411463 9.630967209559756 25.767702310135753 2.8061954159983795 0.47585805189932506 5.8297034256736575 13.64590259415167 31.252547023386718 0.5094924386955231 0.024889265187090514 0.42831556965296647
165 7.617617691197393 5.585533178309531 10.43495665042594 2.6013160784757345 10.598975345978612 24.63877571550511 2.7995088566351427 1.1635916797858543 3.240280045135507 10.528452156908271 31.106842342299746 0.508370264847355 0.044327605539786194 0.4271728712955336
180 7.841749115014753 5.713525774132417 11.332530934196189 1.9144083717606468 9.683118146375808 25.655267038133626 2.622128007437992 0.7233933397370875 4.971875433184502 14.108910549274928 31.707628885186978 0.5084192535462673 0.041498545742502564 0.4270481451210965
194 7.359038748956648 5.6956499729806795 10.782245408206572 2.178373876831233 9.692136438890213 26.01412316545096 2.427556589536981 0.553625860927038 5.651232118893448 13.515099883489876 31.021807834670394 0.5070993167473873 0.05647123757467869 0.42575398173088486
195 7.667571705371942 5.688559014984078 11.070371025626777 2.1743107173183107 10.28923275897158 25.156135039810362 2.5896952691049395 0.9368736660194094 3.809222545296933 11.643730266503262 32.06076170437041 0.5094540955339953 0.03145123143402265 0.4265744586787872
199 7.224483063898584 5.743833631603641 10.948384749974673 2.130564771334191 9.804451054181374 25.534207978794836 2.696214231678972 0.7564985668211122 5.1041180575856115 12.57816890338419 31.571882213003107 0.5089054579836265 0.04330275935687263 0.4264848159914682
200 7.14387694517917 5.674373484396163 10.730566046187427 2.5130553373171143 10.534339886525034 23.944171599700038 3.3982902896130383 0.647725867216656 5.366209845732379 12.981716736166838 28.33242458589142 0.5061717080606597 0.06757726833260183 0.4241376737961637
206 7.481354079686936 5.592651506116823 10.330754857730573 2.6387815996272463 10.246468609048451 25.175332182482112 2.748141063597051 1.0628278056343166 3.9785446475818222 10.928759800713793 31.422507271372844 0.5080003101932322 0.048744590949819845 0.4265618412897895
207 7.378256638548816 5.715409981256153 11.27037440375176 1.8601165777211925 8.909549972263582 26.099057443800632 2.8294895911081213 0.3522831110424583 6.599940719944089 15.461295369859393 32.35828808777564 0.5084544086062911 0.04843256180188142 0.42601194675919046
208 7.606562008333515 5.813191267128587 10.830356229672137 2.264162684340684 9.623976252827685 25.69399549970055 2.5798237086235543 0.6164269644442201 5.43838581567369 13.44074475844625 31.741866103310837 0.5082852901631003 0.043935796189769116 0.42641844412680485
209 7.248821300029247 5.611764015110308 10.750627200015419 2.4244485429926987 9.623098448968811 25.42835792345808 2.82276619295714 0.9291820866169826 5.72020789314006 13.640792231767747 30.893780063911052 0.5079891742771045 0.04943853372604176 0.42559187886909633
244 8.199315127965374 5.287185841419008 10.948437758607481 2.2436537331528017 9.693580115274493 24.383272783493233 3.7552997358649085 0.8229766705166204 4.576044107140337 14.944644226487965 29.74839019894902 0.5063331511848881 0.06626167570370639 0.42486982942348506
243 7.737358062521181 5.82757493155383 11.2662627691373 1.8776258143668039 9.21711729366775 26.098344105386403 2.7310037674405105 0.5815077355651338 5.426866460202396 14.148426043755595 32.601926930226405 0.5098508577521798 0.017551324974614445 0.42811779325212673
242 7.7005624281581655 5.883269216345386 11.007855794277155 2.119311343531713 9.677983843728905 25.54187513774538 2.8305616123466657 0.6272233635451188 5.285657706818028 12.858100058584958 31.915360834463275 0.5088572243954871 0.03473547089269394 0.42746888846255054
234 7.771790017752512 5.680788643768977 10.894866561525708 2.2429354758336215 10.129356848925154 24.49143127143591 3.300312258353322 1.2349304250355748 3.487019842004471 12.432674965429188 30.400570862902345 0.5073984097763284 0.052425906246817616 0.4259364590199141
241 7.978898347294811 5.583787746789979 10.792340266572328 2.1781873140422725 9.332230499242845 25.726420387897438 2.98981913677283 0.43707346906041034 5.370192216285766 14.563448217246831 31.316545124899797 0.5098275332451306 0.024331536710934548 0.4283576614230648
216 7.5551408090512115 5.70651593785323 11.194415271910897 1.852447279005816 9.179968035243483 25.802656111259488 3.040305480378781 0.7170385789209595 4.82817073612894 14.137878118795193 32.421565087313844 0.5087783729117213 0.04644114678714731 0.42595008046030813
217 7.465009693056815 5.808366029529711 10.749517004075855 2.2715499577600924 9.572782787915537 25.745427625221062 2.659168185320942 0.8201058888966858 5.546146784339346 13.235245460858453 31.852299856235554 0.5091631421063327 0.038006102987056964 0.4268440207316571
218 7.419039312423564 5.617606610119865 11.170634798923954 1.7782331024933853 8.579971995633448 26.582241004729067 2.623515412453276 0.4372107251720699 6.652984968149574 16.089193217418163 33.43472532511047 0.5080541277255326 0.042213591856816245 0.42711076824117516
233 7.510450351350684 5.757643961358886 10.983152060139519 2.0229469749923092 9.339367297018462 25.779690915380506 2.833412078775175 0.5913987281118296 5.714671910984194 14.09717002347297 31.433484752836613 0.5086885279631774 0.0366192160940536 0.4272446097164369
219 7.366538435159117 5.63656211175213 10.838980397017172 2.277372867687908 9.30868400533802 26.278355584722316 2.362200373584208 0.6754956576969744 5.400766860287691 12.851860073932055 33.77287376835098 0.5089897042030139 0.03520725457357339 0.4275437701029878
232 7.080891914970826 5.779443753481615 10.683820617755572 2.183873817031162 8.878770112623746 26.345641121702737 2.7128759318763565 0.8821809794434703 5.532480935792789 13.185393432144368 33.74582883498566 0.5091386872349193 0.037938320155341584 0.4269511204512665
231 7.248437673150993 5.444258313695117 10.694175434905748 2.227596016859114 9.57326305625235 25.237065047860735 3.1515640653831327 0.5497633785913242 6.509516896886428 13.659025429266489 30.875433840679054 0.506738968936025 0.05026702503707045 0.4265063502134474
236 7.395849511868391 5.544197151321012 11.311164024216245 2.0326164047971367 10.051009573765395 25.559078503000883 2.4681632462541736 0.6177425629252702 5.219569020472414 13.632454228025443 30.902479540109788 0.5079759376257 0.04962089459540903 0.4262642029141079
237 7.834435259019388 5.320175825456021 10.934135403987064 2.1140120470156636 9.926636150213932 25.60771060285606 2.720999029332187 0.6277642773194252 4.683071631942509 13.771362879608924 30.575343902219437 0.5082323592296561 0.04912638223000705 0.425829482401839
247 7.559154458632632 5.546983983879141 11.024819915914517 2.1298462857281977 10.216706659411152 25.408149131362364 2.454088383862444 0.5663079905587521 4.672820996192863 13.18385316067557 30.837665042647444 0.5092056728639324 0.03373642438782077 0.4275336529197272
210 7.579197537454346 5.233428918698689 10.493135799799708 2.8744281825364273 10.329544930660603 23.576918832741995 3.646402416173661 1.309317413081451 4.039800281535255 12.721821245011025 29.614662778203662 0.5018178011899844 0.09157265298680438 0.4203395513923825
246 7.794907908464947 5.563364536561572 11.367580885237714 2.0517402374543425 10.195487185549979 25.070572616070578 2.730774390492091 0.705654805821884 5.1983900239695 13.913014233634415 30.498966634875746 0.5054862733016878 0.069696118313712 0.42282520779944843
245 7.585312302255989 5.6742760818887925 10.674789880679526 2.1540622580782762 9.651099893968201 25.216144214746286 3.161356009397212 0.6493433759206366 5.0018096669266905 13.917657118395594 30.437596284232107 0.507972400995349 0.050364450333843055 0.4261756694458576
235 7.918511642328392 5.3659435286872545 11.039467817501347 2.1996176021042624 9.453612114194991 24.97452038036484 3.2768294016215815 1.2453249109745101 4.847668262194511 14.911639722174638 31.284717501475146 0.5061500779735006 0.069065006716084 0.4226410742348909
211 7.293430500514752 5.615406221226461 10.745824944391554 2.4351082790212453 9.972546318636544 25.13765769110445 2.8074213179991885 1.1378953054715832 4.40451766705556 13.10458051867657 30.86705335221145 0.5065494075192795 0.06296788780493569 0.42520568304181033
212 7.179928536569634 5.838172803630017 11.033480237514553 2.0672777786559835 9.89167491213016 26.064241782680504 2.237692328861644 0.5909509665930555 5.7751373853760315 12.518685189922374 31.784990024925374 0.5091125246025734 0.035725465348137406 0.4277317096415266
220 7.702903025570301 5.314075326379023 10.830631927714453 2.2577872199169153 9.60512390057149 25.157620734829543 3.0300054381057344 0.8158984236487636 4.2162927877946945 13.774463889266858 32.100327775544606 0.5083030904838003 0.04189511394571777 0.4271600609940956
221 7.157798669678478 5.931200056858 11.11462862147167 1.8873422194106355 9.318815930599712 26.24638953774995 2.4986439797184565 0.9186756227012375 5.954825613117491 13.764450860547862 32.10041730688084 0.5088600979996852 0.035575059361712257 0.4276573683339968
222 7.592063534802158 5.3298301496211415 10.601084722498541 2.653033756200519 10.801492552132117 24.1404022915175 3.032476336210146 0.9890967226322156 3.750440343429328 12.215272878823852 28.935218837553574 0.5044092091394403 0.07872252980393803 0.4220555004435602
250 7.839999898435958 5.599953454745178 10.899589224792178 2.0312265541161114 9.127223938513215 25.620318097389355 3.0504737504977912 0.6080371076553873 5.42215984637355 14.776251619369088 32.070714503526034 0.5099329510256243 0.027065501393921176 0.42832811001709453
249 7.426542799922996 5.850821417237779 10.981227843435164 2.279965789164704 10.235417430532749 24.72401780527771 3.0506132159572763 0.7483103862892152 4.702310544650697 12.626160614919531 30.086087687808135 0.5055800213620987 0.07509500387856675 0.4227965699298274
248 7.763258236153531 5.320836968826667 11.015996987024318 2.186414248792681 9.739785460422937 25.141981120951204 3.0201239321978295 0.899320223181586 4.393013254221372 14.092178702009 31.019052678948437 0.5086858115255577 0.04511199768538424 0.42653391976512073
238 7.483119466016277 5.636505398710329 11.220597842588369 2.081152871027268 9.912345239688914 25.479557773916195 2.7252262602796713 0.9157848808343702 4.3093779637972185 12.75901950929596 31.768584082231076 0.507722964226535 0.04732173672629003 0.4262250371085002
213 7.739527508631745 5.239369236912964 11.08653847075487 2.1068212160491617 9.80781000699724 25.37077557365362 2.8441947326811627 0.8295108097148444 3.9824608173705953 13.629289678311952 31.94067744151322 0.5064727719471227 0.0639852246573214 0.4253865056078651
214 7.3029566766207505 5.527711415519102 10.717143039009342 2.4561963450546473 10.019197280441938 24.546442268950635 3.2840523705542752 0.7369133856046429 4.793327889295749 13.052892736379173 30.377318107458635 0.5062225390234116 0.05480210690127826 0.42580886536629303
215 8.041503645916885 5.47452855897404 11.204277594378963 1.9196914679982942 9.707339629263783 25.51953778026595 2.7791266750649353 0.9671401179810767 5.926561781840301 14.996447248745236 30.236216793915826 0.5071772864708874 0.05594239311001586 0.4253641766194238
239 7.051043212787986 5.4152973735383325 9.64342335058023 3.1815313071360642 10.361453440774369 24.513695310653567 3.169587486271004 1.284051734386707 5.17660455820731 11.42690452100192 28.3750100832711 0.5029473779348025 0.08876564032369506 0.42025417971889995
223 7.765258520471369 5.311313278111901 10.678777210246386 2.4912070184894683 9.856316968668555 24.79503352598339 2.9992815191500557 1.2300451303065705 4.487774614122274 13.954301177672075 31.09403604318671 0.5044535669719176 0.07567478661926999 0.4228137960979923
240 7.4209102555048645 5.817780086797677 11.080504361059738 1.929221595212517 8.974836675313636 26.523158385192932 2.448225081279929 0.7860612508682089 5.964456553153755 14.061274251289715 33.4766537435782 0.5088128679151112 0.040597872681397085 0.42699971706250767
224 7.896648536548546 5.5036264950143385 11.007398368476586 2.053884788502726 9.666517454737942 25.25606392272226 2.9795703193433134 0.9362069344153879 3.828469953110474 13.202318813650958 32.21105535751376 0.5080803007639703 0.048366435790902426 0.4272004153831141
225 7.748042912048701 5.576943169096211 11.03914993270832 2.069440560764573 9.441744483798287 25.65934174931473 2.8062643964198153 1.1556438959112325 4.362707040407278 12.91331279811502 33.27705155470516 0.5089576790891625 0.038355647717166826 0.4273515738033555
