# timestep 2600
# phase bcc
# id f1 f2 f3 f4 f5 f6 f7 f8 f9 f10 f11 f12 f13 f14
1 7.623242730850107 5.390884656042529 10.891970857272858 2.0998184245304756 9.257275402238324 25.528114935199056 3.1215281496723994 0.9608703519909132 4.1358542252302755 13.145858467812538 33.41662215676203 0.5069739960018678 0.061158680056275505 0.425381935439984
2 7.782031177103043 5.6689359575222085 11.276070986095142 1.9465326554804787 9.698810281198213 25.77357046975307 2.593929129163886 0.8750060845413754 4.2881569474514425 13.171564578550198 32.70320894992125 0.5099588671728835 0.02352211793697109 0.42871874698910123
3 7.609253768256206 5.689526562034058 11.042254843098156 1.9855064635624031 9.31076098110283 25.748033034856054 2.827457264094427 1.1309105068892686 4.216110922857482 12.659442443318728 33.81514912876195 0.5101368033036288 0.020033933693248365 0.4284213803681836
11 7.39072718007143 5.456526933960221 11.303061107229526 1.9602642303177233 10.377249404918915 25.092345125753216 2.588084953371759 0.8754958199582036 3.472866020742048 12.407678570145755 31.53734472424926 0.5099785271980061 0.02372059008011931 0.42833428438853605
13 7.935239930809089 5.635775690824729 11.07842594372599 2.053788265858107 9.753439611884511 26.007917601247062 2.3557927377355132 0.6388112667461358 5.179144023535089 13.547807203819549 32.12210389916736 0.5100788816946654 0.0193106988077074 0.428495401578973
26 8.111447247265968 5.573142396290951 10.924087737782571 2.0601276982647776 9.374861388566792 25.76476387897689 2.9059567531559494 0.8394343488499203 4.313679821506829 13.279888295587243 32.87944485268734 0.5098565427044246 0.023122149410975838 0.42851500745949317
28 7.551296120585365 5.640130176820889 11.113123799250873 1.9790036736964096 9.462158945850963 25.636273568346365 2.980880447768872 0.7934570494495891 4.738264981316325 13.38557633196785 32.263775961148404 0.5089918132633823 0.038879183501883775 0.4268697910899634
36 7.19414433785329 5.751515862763077 11.462469307838566 1.8611875647092988 10.102366172843857 25.177590965610765 2.7795026741218924 0.7406166833195887 5.342823188987806 13.806862849855683 30.1283412795174 0.510212299527728 0.018586287106950424 0.42857686918409615
38 7.62636501727044 5.781439872817774 10.942786450737307 2.1317370870033443 10.07412407755011 25.603598624899803 2.417564657653479 0.24432774461697251 6.63233907524755 14.054570417200978 29.668613674775127 0.5091100554710857 0.04102250729815199 0.42745133308538696
4 7.581545480720376 5.498033033538475 10.633081728092128 2.1519078959422435 8.73124794984063 26.16216755348972 2.9535768849208313 0.7018190022038464 5.010881572770938 14.263586975639182 33.70054359337325 0.509383737588146 0.027359731280488613 0.4282554187169415
12 7.4592242727437865 5.586632225936206 11.382245013532156 1.6419287017491146 8.847413186744864 26.715252848965097 2.443318502067865 0.7320363021385018 5.393432308383265 14.755499026270776 33.879206391684136 0.509616124180282 0.027311698091410302 0.42820882975319874
21 7.3846800930428085 5.378880916472902 11.104369752391277 2.084877087057472 9.856293097951363 25.215878858464364 2.9587321959076665 0.7843643701562703 4.611360232041895 13.79095295330239 31.078176097538282 0.5086958441584184 0.04492937481389473 0.4262020847669377
22 7.593345206474997 5.469859237334016 10.72104103342107 2.244753624613314 9.681060642807461 25.36223045002593 2.8634623856309234 0.8779636452475118 4.982399707951875 13.826827994120407 30.996197045926003 0.5067565804348597 0.06210028402081661 0.42462503998116524
46 7.31244277807796 5.783412508161474 10.669474266289374 2.607365317990793 10.915360871347891 24.17002345475706 3.066015173797021 0.7818313636533958 3.979696964525995 10.586863078982049 29.34563661306301 0.5093332374572144 0.03123396176513896 0.42762009133579354
47 7.258696318485831 5.83434826344681 10.845665776043191 2.00181774970204 8.947670413929258 26.520674721381397 2.5721636795004645 0.7662447472350378 5.7987777241216865 12.960449663404578 33.8844391724322 0.5092897352600675 0.026795168535192676 0.42785594221487255
14 7.601134477319186 6.029089603030673 11.354868280541737 1.805352873345683 9.337450025644202 25.7383148753244 2.8189129570425333 0.7132042274927322 5.918733722102579 13.6001262130112 32.509340435431476 0.5096581865625879 0.021976791608701706 0.4285628141172221
27 7.598405670435283 5.795895168020231 11.551516567875035 1.6613063437428048 9.096975650111498 26.148979847523936 2.693596775895123 0.44548881725971295 5.899670187356799 15.290106215398518 32.45265452598898 0.5099642324864427 0.023232945935711395 0.4285798374097715
51 7.794851955491047 5.62888440258265 10.571914278034106 2.4469796159136292 9.732352193274233 24.838697057743456 3.158783507397191 1.4673044008081653 4.19351058954083 12.583690331321305 31.844429358017617 0.5078122149159453 0.052789928686851194 0.4257902453881596
52 7.1873474173079535 5.645828430842606 11.291989780642265 1.815790352769658 9.122792528162867 26.009802916042418 2.8309243024586945 0.7454515885368237 5.262955291787684 14.081609763283234 32.885463865812824 0.5094799293487371 0.028995610356521654 0.42704842970223467
56 7.5260093493479125 5.4552594881791165 10.891709703320014 2.224370124975523 9.832621598960008 25.424661228600776 2.7487983011782253 0.8198083236927004 4.243472187938419 12.503987110211987 32.61239763263047 0.5092632186768392 0.034284854059967056 0.4278244868032391
57 7.382067762316679 5.719800056832587 11.061615196027665 2.2314233724497057 10.17316127077956 25.082264350600784 2.681231553845156 0.9445960541000697 4.753620564106203 12.732425334895183 30.992891596037918 0.5092161748276587 0.036808641018732456 0.4273898765993659
29 7.484681902865143 5.680761695584413 11.177841031578872 1.8085556796425293 8.741929609565197 26.519484561643107 2.6619344813148706 0.9952704948803442 4.458213187150708 13.797962049143795 34.831517222980025 0.5093904198800006 0.02004124188710003 0.4280683888960005
37 7.909455302434941 5.625809173248216 11.168126233357434 1.843144499939404 9.171038349610104 26.44107435056195 2.4573522163302566 0.5163854060632973 5.91111845995753 15.123258566502333 32.0158175181402 0.5093250382545114 0.03557556851903636 0.4276637616248354
61 7.299728482022373 5.813834665754555 10.556842628697 2.579742000606602 10.489283376447357 24.467456235381743 3.0641624154488576 0.8827993654099063 5.020484857722278 11.990063933782917 28.516166529610704 0.5089609675001611 0.04390487232553673 0.42629440259567297
62 7.358467860453375 5.8339147019022 10.733819883494602 2.2799172627534423 9.59406086549126 25.196435092624302 3.143827130640899 0.7524489249773313 5.526201351633381 13.409068252629977 30.8832301037276 0.5073045310860597 0.054568199313286526 0.42556909790740516
39 7.664616064291044 5.636427359724331 10.915124337268358 2.0797115177824934 9.237903056830516 25.864930644795187 2.797213731145807 1.061492579229023 5.5359611123737835 14.249127128617863 32.36870164219765 0.5083727561072421 0.045146105812842056 0.4261169226144004
126 8.082521218269761 5.3482836182109335 10.56263673306273 2.3756788870068997 9.73976178962147 25.6236790573909 2.676569000124936 0.5858346399952664 5.09175789377054 14.248006911370915 30.701884653273346 0.5075612868036102 0.0548998905233907 0.425772251376371
127 7.568878233310816 5.624243385023267 10.375996998216138 2.582682996148897 10.268612330700325 24.96273752953405 2.73289642444993 0.578500319256841 4.890746892313148 12.804324921947396 29.784084253457888 0.5081133348872259 0.052628964189382635 0.4252384457889119
151 8.110734955845182 5.576295717151562 11.170276341067702 1.922350062709898 8.890924812419392 26.29497189039382 2.720906748968561 0.9507417425897201 4.977933355875029 14.452174979372387 33.72234693319999 0.5092855710616693 0.02898839636647801 0.42725563651952914
152 7.070840176540699 5.632447851953886 10.409584882139315 2.484990872219167 9.901954602184512 25.223931419628883 2.9071482263210777 0.6130833372589332 5.802711926844492 12.932924760825994 29.509249864416432 0.5046679845273174 0.07697519348055862 0.42182881785483234
66 8.033741462732715 5.398387516953264 11.109107638048812 2.0794409563527574 10.027559123485513 26.15552120405936 2.1235071776519625 0.5963322902982231 4.7187959599929545 13.338438464921547 31.97165643219239 0.5083367494986751 0.047047601764921905 0.4261021650770866
67 7.181657002625798 5.739355356430989 11.081350485045846 1.9924129754208892 9.978573616167875 25.27367855896683 2.8900651484173308 0.804855206112838 5.241863795154244 13.377707272293128 29.98199103316512 0.5076925002651319 0.055168132809174555 0.42545744634560695
71 7.738019500864149 5.681634289499063 11.502239642404437 1.6955874798928652 9.52213921115966 25.474309945483558 2.9447346689783567 0.9365031410445216 4.160334509439792 13.789940475140364 32.316152963285205 0.509133260676362 0.03592533192770524 0.4277326864533064
72 8.0115507859176 5.228702431383804 10.657114877924826 2.2693590551867118 9.93608594658951 25.53612063892158 2.644895511384307 0.6326630154151683 4.2356012286796085 13.220764461345365 31.727023848881316 0.5092001393304333 0.03672512942770531 0.4271419724177877
187 7.2661144648715394 5.872026439259336 11.11201178782701 1.8683794883677687 8.842226140251524 26.12313632060237 2.784922633397315 0.6897017624571472 5.4159712297666545 14.229820831530539 33.7775190199197 0.5094342113969377 0.03336986005016242 0.4274565190291919
186 7.636723972384145 5.7275703587560445 10.90291252441952 1.9968229561411563 8.702225544755247 26.427410969804736 2.846232635426242 0.5630620994542206 5.769570598171634 14.701170110201762 33.041987348501735 0.5101560981288669 0.011872339442412509 0.42828920799363734
5 7.649488295279848 5.513995312521083 10.629154886335188 2.415418506896562 9.48107482443204 25.378460131672032 2.9608424112433576 0.6175270460785164 5.960280579684686 14.870283099046219 30.481417370801157 0.5059354305215659 0.06970340362067187 0.4234874621200473
15 7.641633955426994 5.996535517947706 11.084084773534226 1.7909040654552206 8.35876864541784 26.847215752364686 2.629256576825879 0.5368835536723047 6.44575142635621 14.954963282811384 34.19488621522375 0.50952514281737 0.026836261290636026 0.4277011082091982
30 7.3407706640956905 5.7779582397882345 10.464610451002683 2.4339925222111054 9.729752795740502 25.54396198587626 2.759750446600121 0.7578670108577564 5.907613588958543 12.79169420031543 30.794321583883914 0.5084594876479106 0.04165184997646549 0.42659756393452397
40 7.726089803601327 5.677551192585804 11.002933948116018 2.074246131703742 9.363523391351466 25.26726430934547 3.097964994295439 0.7173128122482365 5.098044421081642 14.241230065158522 31.948359498203427 0.5091450263267528 0.03437155717815579 0.42755770861831915
6 7.60241977230347 5.722244676245311 11.033163095424255 1.9803288803418728 8.971678612068203 25.477484050415207 3.2240223717867105 0.7322856040503735 5.697877886662394 14.847394550468387 32.15365144780524 0.5081845586853253 0.04843767246256018 0.42630450349130716
7 7.9180938429968775 5.727805715344186 11.135840397216624 1.9317122046451078 9.300829386923795 25.735263265111367 2.8607414914329805 0.5367254089221123 5.637456271238449 14.451681121476119 31.846032326165858 0.5096474532260657 0.026090251950383586 0.42791805626118246
17 7.761958601433392 5.914519662522548 10.858950502796901 2.1256194781350097 9.197699830667371 25.837826300282014 2.8159773329406197 0.7237961594512269 5.429266578267789 13.695626990983625 32.642224836718 0.5090009824601964 0.0333179072824953 0.4274125753601103
32 7.586317135623434 5.692240719832194 10.660156791815929 2.177974466894091 9.108030800793705 25.965340255593617 2.8850735473277798 0.6552739671070866 5.8801407911700565 13.55952425349468 32.86618861574567 0.5080710495677095 0.047379001305747195 0.4262404343584825
42 7.5389606546376 5.383234994633602 10.4996923467616 2.3129697367257216 9.355139326442755 25.27701626568699 3.284605314059404 1.0007581711247244 3.7319868877638225 13.421631832359829 32.48299466210572 0.5084916710293664 0.04889949007417874 0.42597007146622623
23 7.637128571326485 5.786684969617625 10.690877667378683 2.2961507040567426 9.519605740696555 25.22314972632656 3.104341488847972 0.9951506565410021 4.694924880732809 13.395415708714212 31.425289309988187 0.5078339791685157 0.055128797202182514 0.42492969045493123
48 7.99975357575183 5.4934057640900305 10.757439886946667 2.198926149070842 9.25081473480246 25.597649362605065 3.012191132320213 0.9624047262558476 4.0932891496517465 13.442980141259403 32.786890796698515 0.5080741293431996 0.040744311581038375 0.427334547604851
16 8.031078218119243 5.518899377716947 10.081136436751386 2.8961963248451603 10.533881416651852 24.87104669965653 2.5824375268549944 0.6053415008493613 4.783577482731467 12.054265938849218 29.639938134694333 0.5087130819018453 0.040031221584770155 0.42701997252495344
24 7.610919503463683 5.630486601291719 11.036868674438496 2.086915536113235 9.204137930184736 25.705241232100576 2.777280772577733 0.8666660421345191 5.578627565187637 14.617028627927922 32.65416677306 0.5077924264026272 0.052176363305863914 0.4260879158723104
49 7.358336637350787 5.785736828318875 11.286514447407022 1.6943762073753625 8.64117178682467 26.653695969967774 2.598020077852751 0.627062442346841 5.88550233371176 14.916446094576791 33.648169426062175 0.5091733510324685 0.028569661006754964 0.42768701758413763
53 7.627856250070445 5.708567723922791 10.713887780204189 2.3778007982209357 10.283729924626025 25.240331605442787 2.592799312271106 0.533538238480266 5.669124597161254 12.693441379888158 29.978289770665967 0.5085392583088131 0.04095251032740597 0.4267965430972919
58 7.656545898332004 5.680782937804842 11.156343075658508 2.0131185129149887 9.777069053556776 25.333139686680166 2.869193093909069 0.697490624706906 4.458124495848737 13.436400533200061 31.504146526822762 0.5100759273797583 0.024773076587834855 0.42782615593382056
31 7.989818489235695 5.536953113448495 11.124641279669802 1.9288629631004925 9.154561091794431 26.11573237323465 2.7316445318419458 0.5937076274949161 5.0853425813629505 14.472160723033 32.95202962698483 0.5088905751890335 0.03251131586076169 0.4282546835415042
54 7.130996552542616 5.6074678864172185 10.394331522276321 2.3207540372360684 9.077930285461367 25.449129745976126 3.3499521705893085 0.7799386189615927 5.614229376671515 13.224397025922702 31.933726655288012 0.5072214405288781 0.05937337288578767 0.42485465371782166
59 7.686894231489672 5.674548439504549 10.528618750493571 2.321645314984716 9.588485043366747 25.818538247634777 2.620688639382116 0.5662753457620638 5.472714797661039 13.639232630471566 31.42111420254932 0.5087728364563319 0.046418692567726724 0.4265043465804535
63 7.769371652237867 5.5872583661440975 10.794456343345146 2.139851581657199 9.256692250116586 26.095481463076712 2.6425556847288973 0.5645505250942433 5.372909766800829 14.326557351717938 32.15751459050308 0.5069588039822144 0.05787982746586022 0.424613390232708
41 7.360139387960798 5.592124693571631 10.686605262922638 2.397549070327923 9.802747369808735 24.608583100465506 3.3913647263681272 0.796726003975611 4.666326724440454 13.103696465509364 30.753089584064558 0.5056955569734327 0.0716461630303023 0.42254824482325026
64 7.720290606418693 5.896024129719198 11.229811938956445 1.8812707599307994 9.314003688967853 25.91383869395775 2.7658693688123863 0.7227646202902102 5.197175870982504 13.55604060419383 32.4964422709145 0.5093780611289304 0.028654315126027338 0.42770169077670916
128 7.373747346227636 5.776619411704155 11.339825164258993 1.8180305353972384 9.587615633957126 25.239046690687406 3.0365359627144373 0.7209214108992352 5.386954252503204 13.676399755089854 31.63595737787035 0.5094333287209616 0.026743720870798737 0.4281961842187952
153 7.346823963920513 5.751815672665481 10.414267535737716 2.5759219281393206 9.90569206201112 25.21518194650824 2.833094198207953 0.7486476396303837 5.21001994786767 11.946882170306234 31.310163513630698 0.5062411358971156 0.06889152140375218 0.42169907159279435
68 7.598221627769107 5.706898374330289 10.82599376938774 2.1411092476055056 9.196410591753763 26.01682195057717 2.7316462017689846 0.6707671539498 5.316393910257477 13.557125039991282 33.100974032911296 0.5087133196900488 0.04198520443069354 0.4274399425388051
73 7.799332901405324 5.484945208155777 10.861483705075548 2.1670386754709274 9.69094544033643 25.31744423790644 2.901982470437875 0.5800867733150121 5.269479210687839 13.501586257382456 31.460743343111893 0.5092032311859174 0.03731825433712754 0.42661668149495835
188 7.416223160253767 5.7093045970105205 10.748319880007424 2.170868059631708 9.310107481414619 25.773748173407583 2.8953128868196565 0.7157742894583307 5.334341083829794 13.432670431369681 31.960382794437376 0.5098642146721951 0.02838575950995423 0.42774263861001705
8 7.385824353070776 5.911223001045397 11.365164261092485 1.928124993808678 9.763406037457145 25.55268203187095 2.6542016977830865 0.8527850328911507 5.353528818989795 13.035939005552141 32.077824463395125 0.5091386591127044 0.03855704912239209 0.4273372950673328
9 7.762837385443452 5.653560374194892 11.25896471561111 1.9134532252241068 9.503913079590939 25.751077135847634 2.658875892668502 0.6939491128306917 5.735450573357623 14.446250981357048 31.73279209884371 0.5084327786912967 0.04507220906747457 0.4267409509438413
10 7.612984180170241 5.334698272626411 10.519109802675835 2.6790726460965946 10.805390600923264 24.306908519591087 2.7940156095000828 0.8250728134154002 4.2711583262327455 12.626891392246627 29.11616657391705 0.5076413942534821 0.054293939023279864 0.42610551123787377
19 7.508302467466721 5.615729786270914 10.833157378817532 2.2710978884843085 10.11068593040459 25.29487132014998 2.7019871844129453 1.168861913314292 4.168876063145507 12.831237213049695 30.795381697270493 0.509452162365053 0.03157964157766272 0.42781693994308323
34 7.905518535252048 5.658251187086817 11.247843729792105 1.8560813962334166 9.25628535060053 26.073542169206853 2.6116097257988597 0.836592902597118 5.1694561451622985 14.356260131185316 32.69412037945255 0.5088939299272024 0.04122705700933938 0.4276205994114829
44 7.703680862404898 5.029614070159061 11.330097532197572 2.0866209736707146 10.24001768051609 25.14494779715752 2.598556846750258 0.6915619851593798 4.048120559682846 13.973803462348942 31.41635851600983 0.5084310276441596 0.040878216643801035 0.42727229730627325
18 7.2964028471787845 5.482006812489295 10.891992394370432 2.160904421689123 9.797994910166071 25.377369998643932 2.9213088799237545 0.7151011449624145 4.603448830582763 13.587258212551857 30.667393301507612 0.5098824364110556 0.029451786664825733 0.4278739311622798
20 7.475910656027479 5.305930981215424 11.578459682726868 1.7418991834485735 9.794812977687496 25.281942091723053 2.9283163945462625 0.9032533750281742 3.947392250490905 14.482833428484502 31.443021706530146 0.5092703908438412 0.025399548125589703 0.4286133384919783
25 7.691980545464813 5.671867812624188 11.434572248593742 1.9322871983579897 10.137282028966464 25.432442275232194 2.5377910484217074 0.5739119385993026 4.950398488750104 13.268982397344786 31.195021057174525 0.5099723040398344 0.01726889339282577 0.4280909761458209
50 7.4505258740751135 5.555870142026279 10.684056827923815 2.5079289284128166 10.57161140072024 24.678464217889758 2.7503479147748724 0.620960771250682 4.600218638497415 12.451870054570481 29.521297553401755 0.5085528601187965 0.04622152776013609 0.426867083908549
33 7.598576021060884 5.516057005203229 10.870794037042323 2.080766010425222 9.528998465889885 25.864274388431582 2.620284493566113 0.4492754850442171 5.405957555157212 14.2742825685865 31.587843372412078 0.5081166520121021 0.05153579048952314 0.4264124462251708
35 7.492156505556568 5.678376869702348 11.070910493427647 2.1275601448621377 9.947250001579471 25.303228955148647 2.7287588111486674 0.8095423053275317 4.509140922910938 12.874901595423964 31.812720232523294 0.5093885563345844 0.03488187883203131 0.42755743971440346
55 7.714765896928848 5.609403266614471 10.814960182897053 2.0772563451371626 8.891362434937333 26.035314660658617 2.9021430546872606 0.6571870410318237 5.215184164427759 14.366813106300642 33.268633358402944 0.5095798829966217 0.03031718135232476 0.42757088759690515
60 7.506530885266156 5.707624868903149 11.263248406265438 1.9624886583565846 10.075690209077491 24.89319836507249 2.970004431689879 0.9228539965413979 5.3341522987452406 13.868209760965504 29.851467821820634 0.5091415006773597 0.03680493370783185 0.427394814653533
43 7.37515532718528 5.592716254407615 11.170006761536103 1.9492345755820448 9.537259381377996 25.55933736358029 2.798953003304863 0.8056378793217149 4.661286069216869 13.80142384861441 32.13772590789211 0.5094611430567525 0.026938956117490562 0.4276227906150155
45 7.674842605021834 5.392496603495377 10.952924320372802 2.080680482006629 9.57465079091832 25.749476123225435 2.7579316113163364 1.056911867198849 3.447642000538252 13.062853324766227 32.94822919936947 0.508769661336776 0.03778109012757883 0.4270937419979095
65 7.751658836175783 5.617939924635929 10.947984436137762 2.1817249223391886 9.864911184731136 25.259143948521434 2.797227103030803 0.6599032808400608 4.415354526569173 12.830973603486303 31.9428629801552 0.5089796798144316 0.03221442647303536 0.42736484094204524
129 7.639217655718579 5.621410170574019 10.908703461418352 1.996126232765527 9.100103073551592 26.356689865852655 2.5664915786383196 0.5869841408336612 5.614135068539858 14.315323289833934 33.02365783385478 0.5094547436741453 0.02823037651420805 0.42766631524609655
130 7.991081894031894 5.751581042488342 11.297479614493467 1.7927758945169094 9.03000682169435 26.222158087573302 2.7088849214365336 1.0466930474385034 4.63633262558745 13.998959799306528 33.540707069464645 0.5100482393441641 0.022096657808111115 0.42818470245596496
154 7.791455247566763 5.695675728895806 11.011547990409612 2.0000998173386826 9.332013660746924 26.262494412924926 2.512736799019286 0.5473393916975179 5.991869920552439 14.15630384057314 32.203991755890776 0.5091759529895229 0.03471803174814155 0.4274915141403596
155 7.905472795920942 5.541751606221014 10.968285865034227 2.053277552670036 9.205606548711494 25.46070582919927 3.0418703226434785 0.9501655716878857 4.976394862225886 14.309806343411115 32.587174377158206 0.5059815909316941 0.06656619867176956 0.4239211775962121
69 7.509165151430847 5.802486714160439 11.034810980028054 1.9858878891692573 8.703725228967977 25.876348310451597 3.006838467380434 0.7369825439494359 5.449123810917908 14.805076751725485 33.74724806839684 0.5084766359680768 0.047548815680083574 0.42652615667965527
70 7.880112162199251 5.688512920748684 11.295577174489955 1.9092643833430134 9.613000897533965 25.683033087370756 2.6554264436243296 0.7571602883826163 5.096316008485628 14.24803503248428 31.754589261305178 0.510010614600632 0.020986893941847273 0.42836309097238917
190 7.624809632050477 5.521414314795508 10.941490308575812 2.008065914384871 9.099200225873583 26.041873521270105 2.711980496543748 0.6013999808923244 5.5189645282739885 14.306935502171806 33.156004018712494 0.5090213528546083 0.0406193377868543 0.42697346505977946
74 7.603863756691392 5.918510457934423 10.815323066233752 2.2615542928750836 9.890666712112305 25.071215460955642 3.0351010263695533 0.6821285517660098 4.98413221356854 12.632088016650746 30.435161984251202 0.5083117602711839 0.04923500487392966 0.42525069499370427
189 7.738384068198259 5.608964662372469 10.515084198101999 2.4733474868963614 9.746222051626235 24.836027209720633 3.2295074058362627 0.7496425066922976 4.8185264584929834 13.700381537373234 30.637222120186163 0.508001668634402 0.04546229215845685 0.42643053807525955
75 7.468427429344922 5.626543554663984 10.727102093586803 2.3008323603051335 9.734110567088688 25.24904502638987 2.864602921779167 1.0297037537672498 4.7687227704092265 13.59773389656733 31.07575747193446 0.5058250275054681 0.06770532028704423 0.42390144596629026
76 7.24822016100233 5.867541282255405 11.347205821102193 1.938991877602715 9.654974580061461 25.472408897429602 2.7777210662836516 0.6960013069236421 5.55397724218895 13.466220931344518 32.024328195304776 0.5089472862079298 0.04142980408959093 0.4266091225176421
77 7.581433018800035 5.530697096033284 11.206398694302461 2.0628651274668854 10.073321168502993 25.48930367182785 2.545830727558468 0.6711173671671321 4.418729706752925 13.311104895331924 31.22825630343498 0.5084605603741047 0.041965445268676994 0.42718631508648136
78 7.7731518980269465 5.458750937375595 11.059882226551464 2.158379602700623 10.15165746628966 25.114140014210207 2.7520199781161727 0.7454636838751727 4.989265958969571 14.168456614637282 29.926304110664475 0.5077680923446448 0.045990625698320305 0.4277220278406755
86 7.470223464391144 5.515085502568301 11.196172514472815 2.0569354864678564 10.400827918180772 25.217410985911247 2.515098131664236 0.6506807740962852 4.6321482928159945 12.82805403649975 30.50416039165471 0.5094685552625959 0.027408483263156227 0.4284947881159447
88 7.557707685656824 5.387157020536145 11.146024466340828 2.076964468870274 10.15406171949806 25.305393934194633 2.6140146494900924 1.082162792466865 3.4643794944417903 12.20307567263091 31.96692879196468 0.5082500882775047 0.04307558134533125 0.42744610033008174
79 7.145367147052545 5.757208638732072 11.17168674584938 2.111712896230591 10.123015472883406 25.225991404418757 2.6243058066552125 0.659015844297157 4.803795093187186 12.548617462950357 31.402570420449173 0.5091797756736963 0.04023527147801374 0.42674868368905444
227 7.337408235698016 5.437767157223359 10.203570251370332 2.588901409223044 9.843705757687626 25.312690864409657 2.794396155149096 1.0112172037963525 4.568625499675994 12.369891019813412 31.05071644916214 0.5040810283990652 0.08202101115014317 0.42157030780932575
226 7.140003396027134 5.721469495398991 11.132377726906793 1.918656962944191 9.42930207900031 25.078060335325073 3.354671635051384 0.8529223515943178 5.360977198769205 13.82438187990626 31.2600513188051 0.5074178788873216 0.05578505387130807 0.4257456832197088
87 7.56462835414134 5.49056870849719 11.071507759260586 2.1844939932776066 10.74236583839482 24.85394671364797 2.543086276854247 0.9273549760123754 3.154151875120278 11.13721644671402 30.999009040298546 0.5097006873023013 0.031611029570273314 0.4275235101325409
96 7.5753634529081735 5.626678836441183 11.269445125656112 2.090722167284925 9.895374312153796 24.92448467036411 2.9953750565933106 0.893013466276949 4.524354596640757 13.9302086238399 31.281560385066356 0.5075310828991101 0.051533297608016296 0.42572794515991785
97 7.872577162691949 5.466990304452214 11.03232847843078 2.2154958892221766 10.382316156392251 24.870112522880174 2.8092762614726845 0.6163391979872049 4.161714373749696 12.55326808899627 30.76898296804447 0.5095212636102893 0.028590524704777142 0.42786509933432815
89 7.492453894366631 5.536666554357577 10.797988157393792 2.4239206307930514 9.995686157865844 24.877006293276068 3.016265944778218 1.03914124206016 4.807457529217206 13.564709157279948 30.28060811808691 0.5063461192646365 0.06787241869851549 0.42368400493649677
202 7.997470997410334 5.6822361416143075 11.271763227518678 1.8856525261548291 9.58821354852388 25.4312391272426 2.9167500137332567 0.5720715431070025 5.40002540893248 14.651081474380641 31.176185595787842 0.5082139433076017 0.04730952106948842 0.4268790479040258
201 7.634781730406141 5.769039160204414 10.990016086815809 2.037062510643 9.561377032878907 25.75516874783793 2.763178033280959 0.7417923254559265 4.987821018515208 12.879087365619887 32.32145298061062 0.5086398982388743 0.04245338099367283 0.4272309018506717
101 7.223527087449352 5.619079439118498 10.969152819001609 2.2174103778966234 10.259725194947128 24.999453077558815 2.8164572206335365 0.6920862622404 5.028039378260514 13.032463636695413 29.959000932791607 0.5085321695352346 0.04899259845674044 0.4262592747295746
102 7.86383368310196 5.7603858187560295 11.418088797957077 1.9762339161107707 10.798420761606904 24.81516293624504 2.573899297875422 0.7951079457624955 3.988118857445662 12.261254101757194 29.738860920123518 0.5097490198087502 0.02957510446616728 0.4282018902721622
103 7.672310114693955 5.714227879402437 11.080805192723933 1.9558830686216582 9.815786617304347 25.77195100893042 2.5413549971185363 0.6688777812609353 5.053319825385792 13.174285539879724 31.499786525879713 0.5099142677895979 0.01758959913596885 0.4284920724552315
111 7.643652615584049 5.34703545467892 11.191860826929512 2.186593214563486 10.683262173229286 24.765693984164148 2.6399615030247343 0.9439837385523282 3.4526267715666163 12.851015220474721 30.290940306918273 0.5079393154122062 0.0494880429865364 0.42672375507157617
113 7.55339187365929 5.665840525760069 11.32682358188482 1.8182145034188417 9.664992372188134 25.965024690931532 2.6416146036145536 1.1210149973299868 4.654356680979584 13.317826029959424 31.66361446621002 0.5091576353001173 0.03752768556801677 0.4268203262156229
104 7.286413747796023 5.845085276216951 10.955198446142523 2.1328040961311325 9.599839426363005 25.64671171053324 2.7449623626006607 0.6106154795198229 5.316041031374463 12.92172315124943 31.754980221173568 0.5089444258765389 0.04314904899883819 0.42682993504582034
112 7.486898607101821 5.433061583623939 11.057094866639803 2.2053379462357983 10.373686236313027 25.28190987515688 2.455975271417809 0.6603789119967187 4.035545410904481 12.543296893633261 31.379975465392153 0.5098422548997689 0.025747041484689315 0.42783749796598225
121 7.574055267234291 5.581499354468327 11.604817736270025 1.589222638799704 8.959046815601285 26.468816545555992 2.54001659783778 0.8705253279623125 4.70538664885478 15.000324228285638 33.829960189291846 0.5099518524326867 0.02195713222532972 0.4283804714316405
122 7.981582962876155 5.571708183587354 11.214739140998713 1.9841648271093175 9.932626065137118 25.585350531029274 2.569202523882451 0.8220500090692999 4.04350950011762 13.15695277438263 31.797057563491517 0.5093598594504823 0.030835681828812536 0.42740862293894577
114 7.443306068308234 5.891851760729098 10.78849673117639 2.337154091150815 9.96303758503778 25.39795641799266 2.6319602002947593 0.8048376708026276 5.437710733888471 12.505754968778303 31.12423076660052 0.5092996878696272 0.03480208621253976 0.426589373652763
80 7.931309737585637 5.608300226635047 11.37920000859428 1.791124084216747 9.426622158311327 26.381146860320378 2.3998832755011836 0.9289780623067833 4.531246866849113 13.816739320273628 32.84587810812831 0.5102934179781498 0.012332328706937803 0.42862567315908423
90 7.593418768968734 5.587815643789079 11.127018505143075 1.868199997918184 8.920240954112275 26.268548568815735 2.7174599171782865 0.6846105378277518 5.065186720150327 14.649652313247175 33.640377973599406 0.5089316076992862 0.03166278075617307 0.42822613888058925
228 7.9162273893502375 5.319327307414399 10.958421079624717 2.070459011269961 9.26017717187846 25.526370389247695 3.0602088434102583 0.8462673623719984 4.325374798936807 14.24919623070216 33.05781091286784 0.5092985873051965 0.03670429291759262 0.42767812071109634
81 7.541455399916308 5.715433368450452 10.968832170024717 2.259579305977021 9.91489544937772 24.825565723948777 3.1262615380467995 0.4262600797284439 5.190009347716501 13.470069932273956 30.938238421745414 0.5098144890734504 0.025413711863388196 0.4281920459022194
82 7.981594977232764 5.589703145117015 10.92104871669058 2.0706477866241304 9.153539432100262 25.741488991004427 3.0431284657731554 0.6090670841823964 5.7334978939409345 14.793969335115154 31.829660525243007 0.5097044609210418 0.026323767018153314 0.4279704459931228
92 7.660227868676201 5.776293335746741 10.776824225367454 2.01562774099156 8.693867750206186 26.19226441845646 2.8913766674026067 0.7897209583862037 5.8648079153391 14.25045223452938 33.61827989124052 0.5088614480049928 0.0388244780898837 0.4271684280499987
98 7.2477441370351485 5.870488359005209 11.296317232813484 1.8240337957455375 9.112112622460874 25.65618547431449 3.024864288771712 0.6190264717280164 5.549184555990407 14.247873514076128 32.58149356624683 0.5097486366997922 0.02087554686830981 0.42929125783325495
203 8.028744540901908 5.443563215324962 10.484069718945081 2.290684244412897 9.37199095670243 25.294429296585644 3.243759091179653 0.9240208804235405 4.216183659686454 13.841532305129325 31.947011427033505 0.5076058142325133 0.054186806143746526 0.425647444194024
91 7.663699594813047 5.622106181715163 10.747984799081156 2.2722429054463085 9.271554570296356 25.475687933261824 2.9143856254347233 0.6519115762471169 6.101133091104134 14.636058523141457 31.75039243299018 0.5066273469357182 0.06202520644835622 0.4250025370880047
99 7.64844827846365 5.62973236075223 10.500959775360874 2.445556972670607 9.518281680279618 25.268188651513118 3.1864989889720716 1.2156628560870242 4.351692306154391 12.457162811512887 31.924464164313125 0.5066392411498556 0.06325348045735854 0.4240914551121696
105 7.87425655915229 5.453257712359743 11.433296246798104 1.6045334921422731 8.546549562311036 26.48680808775537 2.8123993323329977 0.854141329823411 4.886928559790496 15.619783844932785 34.36283713730308 0.5098056725089711 0.022327250395418104 0.4283073662352757
115 7.884882232435374 5.697847253275783 10.997404908338805 1.9441658176595595 8.930951282345891 26.79921269284646 2.3462607995519087 0.2853025285699045 6.697542145992391 15.62357903949815 32.3606217530481 0.5095083283007855 0.02665999076902077 0.4277222853988819
106 7.369727693133331 5.70118391755783 10.715773040445475 2.241519192360023 9.150264380128343 25.411785302104864 3.213731602237952 0.5321062527479229 5.668780765375692 13.776692977232697 32.25925136248242 0.5081314011389783 0.048599609699822494 0.42587407013982004
107 7.90552463030938 5.447401906715092 10.734102844236995 2.1500833602376175 8.791717074887064 25.868803017202097 3.2333877078427524 1.3417865704151628 3.947054485201025 13.77673064375832 34.016326081354514 0.5081166752737081 0.049798059702271774 0.42642846590168815
117 7.364035423301566 5.987578809960065 11.0916630186979 1.7866800580426287 8.099433149989041 26.651285366190105 3.0672537990129802 0.8981601587020784 6.512184046984602 15.15731458369788 33.80440430212585 0.5095325931090801 0.0309225861376604 0.4280844036663843
123 7.279309405149419 5.8295415416064404 10.958465965497533 1.9109512984223673 8.719662149454694 26.549536322390914 2.644640078797344 0.5203003142905888 6.200554768557549 14.371692840885908 33.51951551908357 0.5080202784213865 0.04612644068231988 0.42664980405400044
116 7.563227892982179 5.917443453139328 10.980670987520368 1.8813021780915251 8.418341850806868 26.39366290865897 2.944559087690324 0.6457065542749079 6.486190379121326 14.842152625511941 33.796517943178024 0.5100148686646472 0.020299601780744435 0.42792600764903865
124 8.069756054835544 5.684561732528306 10.919926557764896 2.1021751128288644 9.470426822650225 25.773044580275315 2.765949910789327 0.3932969156369184 5.908655357817133 14.17001852357308 31.601459945401555 0.5099499664495704 0.017513922161686343 0.4288417284389829
229 7.377325312847175 5.869118923688027 11.095847631727878 1.9299908268278823 9.007436076288823 25.5769558240191 3.2592931351191234 1.0846719134503082 5.087539642046398 13.907363385062588 32.65052862820138 0.5096060555174157 0.02938988978739207 0.4278925223955671
230 7.727084005656432 5.692140275363345 10.852798484196015 2.238832019929947 9.75723422355853 25.399278198598974 2.7758017272828805 0.7343543959353912 5.073063896253571 13.268541932313752 31.75752579924737 0.5099461229065343 0.016325337603345664 0.42832950397792247
83 7.710076470930344 5.735319494967861 10.968145321515356 2.091374868866024 9.304867686066856 25.61914913816044 2.901760441412221 0.5560774409989906 5.215333170009013 13.63772806150445 32.87491023245985 0.5091384224051239 0.03535304392861616 0.4279969304839266
84 7.671036689313509 5.626105508738797 10.680920392074627 2.2721065271957768 9.565757587950673 25.513695014023945 2.7639635178928983 0.8128872235320503 5.641637978666448 13.54885573765435 31.94406976850978 0.5070359881602703 0.0609492306762234 0.424441781557427
85 7.300174101696114 5.510659009485213 11.178716595520681 1.7612095833467678 8.748004460025287 26.478884190188936 2.6567046600120716 0.979570833749442 4.986199823152382 14.628229817192786 34.10979188724665 0.5083941932697598 0.044725627550887 0.42688822774433927
94 7.696534250639793 5.503728399126585 10.812970853106272 2.201795515961593 9.729169514793242 25.771175422759946 2.609558013264549 0.4316902957209783 5.928471347142936 13.885616833547086 31.052536202274776 0.5081627800302772 0.046867994544714006 0.42626806996573746
205 7.528181027851489 5.451449169122131 10.84010993511811 2.3204906936138716 10.088708128362248 25.02705103710474 2.9053746680470716 0.5575326311717081 5.447750163749372 13.252517686257033 30.830250138421206 0.5091907977146908 0.038048482052638014 0.4272044461737524
204 7.4426616518430775 5.672888337428633 10.759915733740351 2.1656754759602537 9.211187269511726 25.292347041416907 3.303821912373256 0.999159724697251 4.12653586014139 12.573547597276027 33.261268242304205 0.5096459555448242 0.03319738420492518 0.4278309446816113
93 7.797117541909988 5.769186965181959 10.637973014679769 2.3461954166677255 9.477162095780395 25.681583043028496 2.763067941224887 0.4501780111172804 5.91411326524341 13.49370611810262 31.880576989364016 0.5090696071282619 0.036487689319742334 0.42648547505715456
95 7.099654990000991 5.7260187352351855 11.307688154485147 1.9378315009126477 9.997869575586689 25.422512027411198 2.64828001649603 0.6973563392810552 5.575022639814201 13.653946295675977 30.54255812278814 0.5094468634699554 0.03222669174863781 0.42799449399494205
100 7.591537634737439 5.5586370228078135 11.19178151292073 1.8444582771596738 8.653887652016847 25.849085846761795 3.164868835260828 0.8009833512238136 5.0662107988196 15.471214020062556 33.43900962281113 0.5089732621605421 0.04104675042072528 0.42624894641911704
108 7.829334171701098 5.793380529873184 10.593228449183611 2.3945337007127274 10.095111149648952 25.105997628212698 2.8024292036905827 0.5910430953189282 4.698496997489984 12.13068390880833 30.79874029262891 0.5092643762641977 0.02959097299756244 0.42774136828016457
109 7.680599591399085 5.614091313467291 11.165006009922978 1.9661544941490676 9.488537246842629 25.496078028294786 2.93193147645595 0.6091844492738697 5.288509588352106 14.331299625984919 31.796016437729662 0.5095836760584209 0.031805122821790405 0.42736799088568544
110 7.636727622493154 5.493441399512898 11.388625659620443 1.8452328598134082 9.931175491703785 25.428638355024695 2.703166256323836 0.6720551003815399 4.3834200480059415 13.63016818604649 31.595876362659403 0.5093827464962056 0.03203935340046747 0.42770225235262094
119 7.838920523910503 5.573171133571392 11.081892370657327 2.025593153389388 9.477922694608289 25.798451275574145 2.613359875432455 0.8295049816736 4.557775705080297 13.705490417783775 33.008423565254716 0.5097491422753527 0.02091490853224601 0.428319300623477
118 7.667813038914318 5.930067596433502 10.766992522497896 2.3437896501439326 9.766683795733481 25.32171286520434 2.868911439125133 0.7941716654126657 5.150316811078054 12.635185850707067 31.513508919375386 0.5094056252939625 0.03203667477585805 0.42749488151770976
120 7.457583472788175 5.603720079899873 11.227430964441051 2.1447158053865554 10.770826113658881 24.88808149933614 2.4890237835679234 1.158370611631258 3.896263997398756 12.159950569984643 30.045222951161225 0.5100128158673937 0.025750044496748076 0.4286177378999205
125 7.870987853092876 5.7698574519509425 11.30033498520109 1.7586089771357458 9.041087597538768 26.24764072799075 2.5934735336075234 0.7423745622009341 5.3622318925083645 14.775027388977838 33.10219245600677 0.5102251542736363 0.015063927752651652 0.4288957383347003
131 7.747411385242379 5.933994786752072 10.855081083305125 2.0552569091272495 9.30307230985134 25.465581990617896 3.093724236634702 0.8632230056458411 4.82603760628314 12.732048091157898 32.53252353667574 0.5097858081718621 0.01963205713955499 0.4285827990528461
132 7.471102411222067 5.725219778932709 10.978236784906557 2.011371817430228 9.04797793425231 25.426740525949228 3.1893061581298747 0.6092279461317804 5.966457843348072 14.775680228289048 31.999427494184097 0.509679078706614 0.027341080248912204 0.42832113260035737
133 7.603424727956079 5.407964014582935 11.26300002787741 1.8309397614799672 9.382750014802841 26.215174598800814 2.4746461033875833 0.43705566846458493 5.868032895251912 14.710460844892115 32.049823909373146 0.5096050259613162 0.028286709244031902 0.4276994060354606
156 7.6050136096434375 5.745824447746673 10.21596829852274 2.5571487217991744 9.413143057302726 25.251091506603043 3.3134074163818417 0.7079535740485456 4.830472594818523 11.983783961738895 32.32653144253512 0.5085316730640855 0.03785573289540797 0.4277987918665552
158 7.332839440778191 5.62457022696863 10.711780541538573 2.0962661683394104 8.917086097548813 25.840246887952702 3.0963342973964045 0.9920019504127855 5.101140439273123 14.320889156022037 32.62896975217688 0.5092784749568824 0.027765510197589275 0.4284223607316366
134 7.262478713969513 5.381280836457444 10.925099363328144 2.1184100269097628 9.515685405945923 25.659934113986566 2.7629858485977454 0.6459101314510561 4.715946211088374 13.794639674445277 32.50288392114492 0.5095820516346523 0.033918938556957205 0.42718439110050377
141 7.788306423466089 5.729143734048633 10.630001079880646 2.2934729274545615 9.16222419430947 25.503936955158313 3.0596585766032787 0.6091477404268008 6.209235379515379 14.23255910631772 31.868051562888212 0.5081787303612764 0.05171882048508455 0.4255236713529413
142 7.8056883697355754 5.908934913443692 11.014850761774765 2.056276308996649 9.504846621451824 25.80906725220535 2.673294375932538 0.5921936468591834 5.627788347893034 13.531991495299842 31.846798670181933 0.5086292255371537 0.04019678228029458 0.42782094728175046
143 7.511015528735516 5.7068433389251725 11.178270655477258 1.9166030835198806 9.300417869139443 25.994857691328882 2.830317895505213 0.45116129452239034 6.063642495730546 14.559140013558673 31.632577964818154 0.5092490529125937 0.03517062367391695 0.4271731438666948
166 7.701944683760457 5.800219337776235 10.702313437235405 2.17012487861474 8.581256531944447 25.89544145608969 3.201901045143715 0.9171351220562128 5.956009718778649 14.413957220399237 33.31247779735898 0.5080404672356317 0.04977229376730575 0.42630849900427575
168 7.766068760762301 5.415105521019384 10.75468829590692 2.2859834610736476 9.673935067347694 25.0838221297321 3.1163628695663914 0.6884516086859269 4.672757896477545 13.900312649764755 31.304266220526394 0.5088504904376271 0.03229087767444696 0.4275731438245625
144 7.638934765743186 5.659144024773614 11.375352882805146 1.8183293481650056 9.38527748165316 25.875750749828246 2.654814778900143 0.85914588062129 4.851816564797124 13.605391378860006 33.245327953774286 0.5082183419791582 0.03968616174971398 0.4280092350587109
157 7.614320483087824 5.792690848709419 11.007024738722825 1.969804227629244 8.61003108115451 26.0582848787218 2.9903152136054816 0.704172802131245 5.335874971883922 14.530093445141866 34.02597674081191 0.5091285158554152 0.03286156853298497 0.42773320316387575
176 7.6360172941108235 5.935468033152551 10.787633348371779 2.2538882101577786 9.396265715074902 25.248134735395784 3.084840671372234 0.527515136022953 6.024202164429543 13.983278295517408 31.54938975980432 0.5080272302307867 0.05108248293058696 0.4256715797297722
177 7.89366999924127 5.689125843265009 10.493689197026134 2.5117853725376373 10.238281994335988 25.156246353194984 2.870949920093841 0.6747855750902113 5.004306333565396 12.809617358388328 29.433115993435287 0.507558173379627 0.05267616288596633 0.4252594291908675
169 7.527075858797899 5.370336138555464 10.697843509794739 2.164536078190438 9.253445750172292 25.527429862729047 2.994771108468667 0.6793317512083086 5.4178921469829495 14.848488227242319 31.463912094690713 0.5072406107265669 0.05746506698740601 0.4247299430483057
159 7.203896078662756 5.6080916684080035 11.362153383454494 1.8924631849338316 9.610497609067824 25.18736935654972 3.058282223024532 0.8294024809946391 5.056225784135316 13.793227559792577 31.57168656572452 0.5085052073751023 0.04374827478590441 0.4264389824523477
182 7.282834432763642 5.600380942235127 10.500910945104048 2.3042888425531305 9.33289809860157 25.392966222581258 3.2136611186771424 0.8076603394290028 4.6121902233732825 13.17729101855684 31.692170139883313 0.50867297613855 0.041276216079789776 0.4273918426708304
181 7.958259403003272 5.8037162875183625 11.125801956062942 1.9254816162926296 9.070610969577828 25.674862353564247 3.057348900661302 0.5902915438019498 6.045013060670708 14.349554074487443 32.4893963097244 0.5092547584840342 0.032019847566277196 0.428064321858125
167 8.000450266094612 5.640156160263714 10.62626527370699 2.4380056237590213 9.856720039006536 25.32016456426509 2.8230756092693823 0.6079497795629495 4.854422297461541 13.034348615587735 31.19104607434315 0.5090192173497163 0.035286971775866476 0.4269290944494535
191 7.7432108977337135 5.804338285361758 10.879437669288492 2.0469420461009444 8.903071299008747 25.74400210768186 3.171543279384002 0.5880865849773473 5.43309805293366 14.239497256934355 32.64694025219097 0.509371424331663 0.03322355717666449 0.4277530141318893
192 7.557858357735533 5.750039827734273 11.043424852757576 2.051195862564265 9.562122594998426 25.878688074749153 2.615933465848071 0.5301360947534542 5.33096648365382 13.683806633109462 32.03806062016818 0.5097663376402535 0.023742869986055636 0.4275981752229787
196 7.839238144476946 5.702669539693494 10.812633581134694 2.119626948641598 9.500960961168744 25.601368632201073 2.7313901301425836 0.6626465211921593 5.36176983055842 13.802930361036369 31.79873458068364 0.5084482761283273 0.04635757122373883 0.4265464037868139
197 7.494097004039492 5.498958600687504 11.238276250635751 1.8926380641775225 9.291017821136428 25.86948016721701 2.7907539676152653 0.5518211286327497 5.009118640622257 14.203236496444719 32.79944731004967 0.5090568355485013 0.029587837907918673 0.4276321938411686
135 7.637137996964963 5.484360512118333 11.292570970427898 1.9043672810082843 9.694299091474202 25.59774743101471 2.8043585937973208 0.6512048232720128 4.571163791419012 14.30019211975207 31.536483916301872 0.5093123169257817 0.027934931919299643 0.4286932818643129
160 7.806525390841669 5.587674842745553 11.067404958474475 2.0649981579128 9.648109661640367 25.2010993682064 3.002374671912039 0.9691126105955643 4.13972218220677 13.9392941566549 31.62100715628211 0.5072446599509033 0.05067475009629112 0.4262137930722826
184 7.654179710099145 5.695864861531039 10.36452203492769 2.453499656426121 9.395352146268035 25.353997022001238 3.249008240200522 1.0189453095688956 3.7467405327333525 11.642863319375618 33.09889916749305 0.5092463549149843 0.03161369266845166 0.42696499647733466
136 7.800964209345437 5.500880370806627 11.029240936384404 2.0889626218680246 9.953596345808796 25.08077958511081 2.8843457017179843 1.00259823775781 3.799986161986955 12.82191931959985 31.820331529443955 0.5091827754555954 0.03397396803399024 0.4272862780256516
137 7.3738233576513785 5.5467427247366 10.926546094942408 2.1335939053985307 9.417897701625312 25.42074406673473 3.0135448788048653 0.6970296155714714 4.622154662498501 13.832041247065849 32.01563669839761 0.5085717260941046 0.04599550622162863 0.42666066504652017
162 7.932216649078984 5.7781546786220614 11.063245539681402 2.116221657307514 9.83962291997881 25.547542404647025 2.613196725893996 0.5365251668011424 5.012468053114558 13.284994393112951 31.665443288414995 0.5094249029585404 0.027772069919223857 0.4284628999510835
171 8.165392791417647 5.918255425827093 11.2975031333015 1.8715249701659074 9.350705693973758 25.57169370298261 2.8616907391275004 0.6950798562334589 5.259465599310477 14.33261483483561 31.82950246045592 0.5091582034906267 0.030693725195285754 0.4274611778445855
145 7.628288814131233 5.7446647697424975 11.170850290017547 2.0007318075197755 9.810281643137033 25.836223400327224 2.4510237945218156 0.9081000731234108 4.519591571756293 13.012741462693139 32.29217264426618 0.5091634644915985 0.04134962879265729 0.42644899419651217
170 7.455840578770627 5.592667555982373 10.570926273237665 2.450321874184766 10.172242766157442 24.834952957014988 3.0393652798646413 0.8881059847341738 5.013766143624023 12.651500646314659 29.40085067002704 0.507513993849693 0.05349305278944255 0.4260406814506898
146 7.56380322261905 5.772837336694754 10.817865833074585 2.2054215882066153 9.238514571819769 25.762763048775373 2.867765913152775 0.6796951666302352 5.2581298691361695 13.959788886881682 32.08571359753372 0.508077841572225 0.05264112495996309 0.4254459610178598
147 7.3708372662347 5.50388769213988 11.075289090335016 1.9895827030054862 9.030720487561421 25.612643030374542 3.1246115780915695 0.9466900628192603 4.506660317436229 13.884444946090765 33.62739949439085 0.5084576853840755 0.03663990699472079 0.4269299677932245
172 7.607744489460723 5.816976896340981 10.69850681689965 2.3290761181945916 9.8006554950907 24.765885947960175 3.307388489578112 0.790957982449098 4.664215645960763 12.616470720321113 30.898757918726325 0.5100123550488866 0.019549650317346193 0.4280626774240984
183 7.4728520026765715 5.756777672255813 10.782272026348947 2.115527211799896 9.218709253347741 25.59253394301947 3.063565746080761 0.5123222036433808 5.555913000244197 14.365006379657054 31.625557385535345 0.5085398675587901 0.041611844494735324 0.4268243786334011
178 7.521216612919949 5.685357863493287 11.369637414355465 1.7134468289976117 9.015896529931084 26.282354752504904 2.6892598955563303 0.47531503415375786 5.683595414024673 15.058885421037306 32.21391609865468 0.5088272754364539 0.04072288808458271 0.4264663073487471
161 7.904668102525343 5.702732785286999 10.797184639552656 2.2884249586282377 9.843281822096017 25.32500239621954 2.813904717925311 0.8860247628981426 4.345549659215143 12.473276336715102 32.00953786015502 0.5094737233368697 0.02729767026192492 0.42766885905138635
179 7.567190287023507 5.762270954946727 10.6646955572976 2.1031984921811198 8.907659440756559 25.68974812277564 3.058364870328032 0.5633490763081094 5.5251040829204525 14.753485332799066 32.50680613601475 0.5082863325143463 0.04894620430771366 0.42513949175276317
193 7.2412111151842 5.736884843761165 10.945788066509214 1.9527167227585054 8.79635163895225 26.12122974546893 3.0211274086604627 0.5624751459463357 5.884989076237403 14.789748032139281 32.461225455239656 0.5086244212476945 0.035726444381052616 0.42717454498716234
198 7.765795637743621 5.839622880690132 11.00962962932816 2.060613580266759 9.313056562108889 25.811678643727785 2.759085898203159 0.7885957232078228 4.806808220090908 13.177568591843235 33.08546401467972 0.5093338063444613 0.023107149973535704 0.4279572915970016
185 7.721199396997779 5.723331739885511 10.852985011334946 2.06891064686946 8.86228040095203 25.47524926823488 3.4675036327033637 0.4380078092975568 5.779991549484962 15.316190635646318 31.710313484733046 0.5090849318977277 0.029093066129308013 0.4279890772176958
175 7.37799355352658 6.004205728020162 10.867180725779747 2.0100243247762695 8.734421197874061 25.936444726130695 3.1789300371339224 0.7765694814662645 5.679956870535963 13.448563335772379 33.66856130062056 0.5092574162551206 0.038344669377397646 0.4271269956430933
173 7.8625468480808225 5.6480123799256905 10.887713386996971 2.026573589162358 8.82670000193241 26.10980681511012 2.9287293512758468 0.5050176439231917 5.615375409306141 14.860442570527509 33.076261919887564 0.5097543499667738 0.02478536562371193 0.4277278779349118
138 7.554867561814123 5.564566297176682 10.65453312948907 2.10022196674892 8.950554247955887 25.566027109954835 3.2895248683733143 0.7742488048903325 5.370987209119097 15.076652850795911 31.73595369504516 0.5077807151957247 0.05281197571968411 0.42481900342175527
139 7.543577193898278 5.763919426476617 10.70166657640467 2.2696168908414314 9.342317297593679 25.062224405637465 3.272827635969924 1.0246660427587366 5.362584908230259 13.953257885163692 31.5809989936067 0.5088966476722449 0.03759340351589065 0.42727636697352067
140 7.979143939750034 5.6294602129633775 10.52846904011596 2.2770562556610296 8.834582234506597 25.81650423051783 3.018925321951875 0.7002607523014527 6.191091466368086 14.849459048693262 32.52228823266151 0.508059558701161 0.05041548532330785 0.4253901731105033
164 7.31381012218213 5.89965635121674 10.940171496015427 2.1130341294130033 9.298163673656918 25.408321757582844 3.246147261097605 0.532687638483745 5.982310100305038 13.653795465906509 31.707786305507828 0.5079309613656607 0.04857965516971298 0.4266786153101505
148 7.429846377725621 5.748408849260887 10.305435645098875 2.40950421692995 8.990821504197969 26.06723704851985 2.9141493613322202 0.7970793908568524 5.621700482329047 13.616113030518196 32.3110226220441 0.5078538729918214 0.05078142527909021 0.42568420949463887
149 7.6567426386417425 5.599383326389787 10.688998603958376 2.353867716428915 9.15528956554301 25.770684521056506 2.867519217469955 0.7029879990019037 5.528797142020337 14.11910487469216 32.711377696749736 0.5084142528439984 0.04455835402568738 0.42583530779414724
150 7.44722073245055 5.791310509320286 10.905958903683219 2.0310224536873527 8.838665247282565 26.11345487561404 2.822991876736605 0.5303405104246366 6.150007772940766 13.945431332046821 33.66764740169792 0.5093995265897822 0.03426434289355611 0.4270781759539245
174 7.503108410899307 5.817109375305694 11.026030534143114 1.9149630529479298 8.545825522325043 26.439337484207137 2.845920755606686 0.30695036829882116 6.970104930213614 15.650229143301203 32.89520113590825 0.5094953068372302 0.02430531843028879 0.4281494945460694
163 7.577485952991721 5.679325802868558 11.220257607786511 1.7783985973202905 8.630952571907889 25.728350966382273 3.2899013280147447 0.8319312963298415 5.378705885721609 15.103253374564016 33.33705665933973 0.508858849716276 0.04332506109197457 0.4269570527385539
165 7.858122640162289 5.503389972766001 10.44836005191332 2.2157457157258524 7.996933491518117 26.550602284121528 3.088804919408872 0.47724866655608583 6.206689558569813 16.066159142300712 34.218472004060715 0.5084012855005149 0.04457135049216775 0.4265611701876496
180 7.454977812283181 5.744022556782148 10.699317551667558 2.207814444312171 9.022308597484752 25.66079686784872 3.0595091083449377 0.7950280475467297 5.311045856833749 14.050112589089563 32.8466344361589 0.5072235438082752 0.05728812657451487 0.42556231112101084
194 7.253551214956703 5.798011581383442 10.799917875470133 2.1803807506947317 9.418119189671408 25.30096436597723 3.28224740713247 0.5170502003644927 5.318464389323223 13.850668778254166 30.33729270922206 0.506226562084348 0.06625589396033832 0.42368067650577174
195 7.502285730269889 5.690903018243112 10.464590069166883 2.372603520435324 8.713842902376488 25.805991352727467 3.162408694649018 0.8612958899895061 5.590908566602727 13.940710051267569 33.607871649598174 0.5072245518601503 0.063560221999428 0.4235139370675372
199 7.561776913158376 5.755471975695182 10.525430498570538 2.282962609942072 8.99772697636329 25.67032678069672 3.141273643509547 0.6198204933679279 5.800406215236672 14.672083074087482 31.299931197514034 0.5081457692447918 0.04890324569672176 0.42627298929879787
200 7.831444619738987 5.734136565212733 10.398593794857426 2.271578666064577 8.907211257538133 25.775975846856852 3.044316631023949 0.7281678825789164 5.860162196240854 14.264019322930983 32.39488632521971 0.5075935153017281 0.05290452523419043 0.4257604613741849
206 7.602278487646315 5.729326706013538 10.750517479047362 2.083684149251489 8.560165571853096 26.32802495222416 2.9005725774545277 0.5894335890009924 6.170097031238543 15.05810295280722 33.394686034947014 0.5082327131677857 0.04794302516204885 0.42677923605495477
207 8.06450442386622 5.609218209393057 10.687449461007802 2.2381020887368948 9.34467540238114 25.72049860807334 2.791613610669706 0.5255857405880102 5.633206916135174 14.323596436605905 31.804376873631778 0.5086994763615943 0.03476949957537876 0.428184809048824
208 7.384950368490609 5.478305989069469 10.891661334564503 1.9944903274201864 8.750998509797906 25.681695923347558 3.1614036949159035 0.8284486982784417 5.5047498193618605 14.061445649962272 34.1194077098757 0.5080295155464365 0.04774384649422192 0.4264408927494352
209 7.957590164477991 5.596499710129768 10.963884625217503 2.0835629487068243 9.736936853190704 25.65638148568957 2.6218712692171566 0.6531225884062908 5.138818983756651 13.634301259970366 31.271708034908432 0.5089862345658484 0.040610844987093435 0.42769523093585743
244 7.626946769684286 5.788410157521496 11.31014978503828 1.9440329796823344 9.843567118667572 25.339920690262133 2.755768511054018 0.4972932088726344 5.3187435448432785 13.910074983967602 31.162299753730608 0.5094472162415173 0.029436802694041305 0.4280254432520777
243 7.452401606727093 5.743757158844761 10.926300286301963 2.0088331311412992 9.007662638901623 26.29212816506563 2.7128083597085486 0.5575476461082827 5.4233797132416255 13.641086343098113 33.485502273928326 0.5099603348826375 0.023642030338281026 0.42809212938468555
242 7.9412180001014905 5.62277085437811 11.078384676074494 1.9690392746643393 9.21312550271013 26.231777143369992 2.636933105128643 0.42526543371684244 5.460686729723475 14.572271751058572 32.28958428136816 0.5098997989377855 0.020962164642221545 0.42828197207013
234 7.271543655317586 5.66127228868581 11.013084553289337 2.068776503170213 9.448978826616901 25.32195232917078 2.9834871328796018 0.7802997445028869 5.13864703739443 14.2628259662646 31.730314569458784 0.5087654657453748 0.04877255641469558 0.42551922673734194
241 7.655194599442323 5.720838226881183 10.977150799132128 2.018367895138609 8.94836654648222 25.634968804668596 3.17287925724639 0.6047681516435226 5.582048146641759 14.332488103825556 32.98084665133458 0.5100127164948561 0.022812566815067853 0.4279066006921394
216 8.016052923061581 5.653443193231962 10.323507403186918 2.457565352176961 9.32480237140182 25.851256804933186 2.840245947554762 0.6384452245166486 5.00623189754874 12.878930763210962 32.500728568114084 0.5090360711690441 0.03672977156016892 0.42773495129796957
217 7.52621822103466 5.7664782575203555 11.636675055575969 1.5154130390823732 8.604140427179935 25.950883299312977 3.1165419698799313 0.800140666859451 5.272467607925369 15.482570720651543 33.7004546222934 0.5101500344449189 0.020875521853522493 0.4285528588911709
218 7.533136135472621 5.7423416577817825 11.08762334019865 2.0288119255924366 9.470732588953913 25.112033415355015 3.288438973253447 0.9194666267654035 4.141083662668256 13.038981592603053 32.434194037633105 0.5096120454563421 0.026156708551727484 0.4282233582920955
233 7.867649956162513 5.2937487863813315 10.485919751109071 2.6171816899596556 10.128163078168607 24.702729013082212 3.1120851199630963 0.9635200409346322 4.917172627450472 13.069613649299821 30.066999964279226 0.5040115464504286 0.07990727329422764 0.42177623439688516
219 7.5444370930369224 5.609292478941224 10.976125159706006 2.2267527010738264 9.946345567774797 25.101141307497095 2.886605680168788 0.882099365100382 3.5689263854632722 12.177345080531435 32.53008898371862 0.5100065933243221 0.023659156409500597 0.4282998978692297
232 7.577341173399094 5.836894304416344 10.704358146852298 2.0971970878611947 8.565795252816521 26.49641335204194 2.80088398650009 0.6934350201334957 5.297146167661202 13.58570139303857 34.68701455989495 0.5093149742120037 0.02370278639773737 0.42843923337905726
231 7.95314118284947 5.676676609098742 10.982984828445572 1.953529469357218 8.757082460170476 26.153443024923934 2.8766666295000505 0.703079237865175 5.434758109572373 14.719422345854499 33.517888694932076 0.5093827353752639 0.03513316519236892 0.42783811303281805
236 7.717370401589175 5.591971506974375 10.80717440035863 2.3915498257919077 10.642045795150462 24.40535454018161 2.9358162184839274 0.8716269609363125 4.297623825797073 12.7608356263499 29.1795956386267 0.5075651318555819 0.057671323198807294 0.4249271653863561
237 7.664321344047716 5.859393311104988 11.12778697420729 2.0876648308243997 9.744652035153665 25.32642251170984 2.915042188158546 0.8450379879131517 5.151695080344516 13.569500745969632 31.1603423814489 0.5089627085959163 0.04492101091731357 0.42656674303994935
247 7.6930579420161695 5.540568287549286 10.650506185163923 2.210787121064898 9.081875662592001 25.728146629933484 3.054594444190022 0.862850212282814 5.451780358746996 14.376780443883803 31.969368136595275 0.5071806712956141 0.05998380692878065 0.42497014270475036
210 7.651726623796941 5.43154392072216 10.869291319138846 2.2832420139995784 9.751007291835855 25.521635265191286 2.6994747403677835 0.50685845380682 5.5645846447835545 13.824587274295839 31.36982044660873 0.5089014075118403 0.04305854386321542 0.42696110885829053
246 7.59003323558988 5.556024696082445 10.908262869216696 2.381180173758408 10.057637116200697 24.84011638449488 2.9612830697697965 0.7247266046857107 4.524647282937687 12.905121448765529 31.298373688619435 0.5070765181931727 0.056542749345267075 0.4256721349003396
245 7.996755228911764 5.54969670622053 11.103663843235259 2.0321685638909077 9.829280285227238 25.532719831403714 2.7086549187978433 0.68947062757776 4.30917688114285 13.183798835855997 32.045669953389975 0.509467529686269 0.03250466409397725 0.4275163726244147
235 7.446466563550492 5.56947692348617 10.9045823616903 2.224863405378815 9.823574474185234 25.35446532475915 2.7662880857027377 0.7365708240264255 5.019738986589752 12.800572568616788 31.999986947315755 0.5076613398348921 0.05316535702251083 0.42602039528639185
211 7.425617551139353 5.862490315731851 11.013435755080563 1.9116549205594198 8.94394536076758 26.296352902523214 2.8767515229117566 0.8656801962536278 5.530576552238481 13.673781713067173 32.976910310998264 0.5083124541442644 0.044046704389232416 0.4269106639730205
212 7.436521597145893 5.599750732759812 10.799517581508745 2.2417191032852792 9.50010873060478 25.10204981436352 3.1064537836052457 0.5851293622922471 5.156748680153209 14.229181092787865 31.20538782937713 0.5071665219802689 0.05646131237320548 0.4244889956780218
220 7.605515509701542 5.70762468986818 10.938099174615825 2.1469472460461563 9.623881581172276 25.447034659485933 2.908242823606145 0.6167700318988107 5.137909541140766 14.074313602281174 30.950046132719063 0.5073374476558408 0.059611760575226685 0.42443615979455407
221 7.4363208627464354 5.77924620372513 10.84537671593376 2.2617204566444613 9.877571110853106 24.93328881597271 3.1548907865922997 0.5924017465139153 4.7824285567396725 12.708071180363028 30.988491213605272 0.5093787126184043 0.032724927479549006 0.4278864286069669
222 7.474185055865148 5.802105836731934 10.744952768438754 2.0916449053406247 8.984424919650355 25.648632371607068 3.0652002657586293 0.6449724903570738 5.970424483458351 14.447903391189218 32.23305105762192 0.5080054348555437 0.051303858821921476 0.4243330715717997
250 7.479561103822607 5.539677155694431 10.938297480879932 2.0174151497425292 8.765035343043058 25.397391539193578 3.4604441586096946 1.0533262458107315 5.011409999763732 14.987935042131696 32.99396774715591 0.5078275504911763 0.0527193443656585 0.4262329034236037
249 7.74459973304354 5.700711077707365 10.973725364513301 2.0071337090790875 8.911046640470504 25.829654757679386 3.010251172922071 0.5818680044149749 5.689945422563877 14.512293036261811 33.30586054192512 0.5093483813278632 0.03384274000215149 0.42776272939268645
248 7.482545531271089 5.802485111438004 11.263876738000532 1.8947503336006872 9.212055451911668 25.683094334225835 2.9838229093055335 0.6052469135950231 5.152130486280793 13.854711483347707 32.82956610607783 0.5097877686543101 0.025107172922428634 0.42823983120121817
238 7.6420275758631275 5.691215388186117 10.994897407286093 1.9993963575479732 9.182150957615145 25.8584657066551 2.82125823045697 0.3679344957660395 5.817938479355544 14.887637768549341 31.820850809482472 0.5090665044736602 0.0384500117909987 0.42739507683503414
213 7.867333255694167 5.842941491219731 10.463369626114789 2.3479056840788375 9.393143659485254 25.901821371323408 2.7259598587649227 0.5424221370211312 5.736481084491465 13.455233808399049 31.835193176591027 0.5090284710410609 0.034116717094089276 0.42695730460773873
214 7.810086003518668 5.471994179167896 11.053280449256551 2.0365170603180642 9.109177032804341 25.558353987421132 3.040068512143103 0.8890222780865429 5.042034756479604 14.795237299028482 32.75810076388997 0.5079541691041124 0.04522587853970938 0.42722612902748863
215 7.435961226945617 5.769978064936751 10.96334285374479 2.0638202796055447 9.091612414496682 25.312343698356017 3.232600930756165 0.8715579682524432 6.1859169761645205 14.202094482659342 32.21367446687908 0.5061580166389585 0.06822670240545231 0.4238828450746447
239 7.942326835595086 5.547518302253182 10.920727419287621 2.0740895462798288 8.73330927721122 26.1375888736013 2.919546141112177 0.8343668154711031 5.253194010554624 14.666432303520647 33.771589146588056 0.5091653206230639 0.03711465319697915 0.4275132066333736
223 7.743050669348967 5.960903536964167 11.045281556158278 1.910901946471731 9.10565860046531 25.40496598637123 3.2363069075225743 0.6270808519330936 5.612719341858851 14.375101677767828 32.077852034978804 0.5079935068255778 0.049179543972805724 0.4266519468825339
240 7.854241243192758 5.8421031492183335 10.92709544115375 2.0446808557982545 8.93342425062437 26.045629811532468 2.8703406179312503 0.5803031048793738 5.606288265078827 13.502047732339664 33.81591519438525 0.5096764168053024 0.02289175206847272 0.42874531316877806
224 7.50180823657468 5.803436233806463 10.797126913966675 2.1105753731473893 8.854882763548362 25.85232107684733 2.988286861325024 0.763599306549833 5.811346811061912 13.791446833674081 33.19982311282351 0.5075498862958256 0.053020307729674934 0.42616062458887055
225 7.9112143862755975 5.38487141939528 10.40326694293498 2.461964751059923 9.241252332192108 25.926446493990163 2.8320661575669437 0.8892620197335305 4.457693891657109 13.53863172977477 32.723172607615204 0.509328788195587 0.03373279115079963 0.4281027724584344
