# timestep 1050
# phase bcc
# id f1 f2 f3 f4 f5 f6 f7 f8 f9 f10 f11 f12 f13 f14
1 7.54242501789503 5.685495273712518 10.960191878208931 1.9417289946749128 9.075351209402 25.810314416754554 2.899871784997428 0.7450404962957375 5.229525998888922 14.873625235648976 32.00617026886467 0.5084179808336249 0.047060081835786645 0.42562733104640615
2 7.552502856104181 5.656017890607117 10.788328301802466 2.3417466995447476 10.388023959028422 24.729927694520832 2.810396828890783 0.6947112723099074 4.107128609805061 12.230901870322565 30.649509377882126 0.509841299836791 0.02432146089794021 0.4278619929200054
3 7.238142674467096 5.498137171496861 10.745176034410951 2.3125515543571233 9.80342492542036 24.86168869595591 3.335776456829798 1.1248013889331703 3.9719589957257835 12.51925967835544 31.264490880857597 0.5059356864205198 0.06538884015458955 0.4240132965090123
11 7.866956691108302 5.859412284674167 11.184964552135579 1.8552130436079446 9.35563786899113 26.211578708070633 2.4996063857511235 0.8490937145195471 5.485555735577817 14.280275566678473 31.840837647398782 0.5088480362306262 0.04319660097607785 0.4265604045349572
13 7.625342998403497 5.702695807624535 10.883833667551187 2.0929278693201243 9.941953836371294 25.804659115790383 2.455279383648374 0.7593576817774109 4.658080389900408 12.415179443714996 31.607942187880703 0.5095822775446966 0.027674927359178515 0.42798323391496707
26 7.837288902058159 5.588808845297715 10.983127465905586 2.000995768587419 9.039071566135044 26.361424232290073 2.5661862227802845 1.095405893722042 4.323388536593944 13.630303101990952 34.16875692540274 0.5093486459755743 0.0332953796631201 0.4273221705572128
28 8.165015286021209 5.4812215524282175 11.053582672816265 2.143454882216513 9.976233254102977 25.106169101192517 2.8046506437175314 1.0584618568538495 3.713954394573131 13.003590697991992 31.93698731689445 0.5089308659545723 0.042003877312385494 0.42684470629809473
36 7.677643318313468 5.531467146909351 11.523778311169826 1.7621214793298479 9.635301798926712 25.88269876853628 2.5663913808285974 0.291718855158658 6.089519530626633 15.500523716914246 30.928283924579173 0.5104262540513682 0.016069036713580787 0.4287623126040798
38 7.599286314403776 5.4226363167918 10.94355831587217 2.0589610551082207 9.953196935177937 25.85143614374351 2.3952274501874204 0.3603930359022982 5.583782972573902 14.506519984049724 30.194968578521223 0.5094966506046281 0.03669367205135511 0.42707840191346824
4 7.659925750876621 5.454520873691043 10.465502413059577 2.843247403187433 10.277360632279171 24.09683080397371 3.3175085058257925 1.158520398394052 3.2538910762686353 12.430740662286585 29.826997000616675 0.5055751518793344 0.077727368913368 0.4217440694936641
12 7.075910978847863 5.835222509765234 11.236298332237505 1.8964297144482845 9.271765698449974 25.844587955826803 2.65686797201352 0.4688237658771282 6.138590553861459 14.730402496661124 32.18375135027748 0.5089001782750404 0.04450296793365354 0.4261832102655035
21 7.503512353742785 5.694652138067208 11.156322945763607 2.0163642164231934 9.729776712871487 25.580682299004298 2.6561509473881793 0.891663947984859 5.512214150772721 13.743291691470766 31.591113283450298 0.5057401514165563 0.06461940599024805 0.4240313924766587
22 7.987079239466038 5.43845673164734 10.833852351493093 2.3228370318457494 10.032102159278217 25.1422843031961 2.7205134722373536 0.9206366188299285 4.375644788891533 13.213161944708773 31.45988102922228 0.5091448086874326 0.03446226429293036 0.427726595441986
46 7.45379142054968 5.395243558646916 10.303061549621212 2.7763995121498892 10.532943265404647 24.509201886703252 3.122110528228735 0.9277242315806508 4.076442295442652 11.739365224734172 29.515947154699216 0.5070329109262924 0.05657995632732291 0.42589288926132884
47 7.185251359695252 5.319174169668479 10.260545228724473 2.764526961823792 9.860913685768764 23.97186442772788 3.6069590785126104 0.9521149452318053 5.129694999465283 14.142153941065432 29.312612456711005 0.5031208761606948 0.08955653854100123 0.42036588705280864
14 7.583391201622229 5.42565808996462 11.081411909181146 1.9467152005679187 9.430022689954939 25.802912599399324 2.708215719050341 0.7180439558122664 4.626202239361501 14.199183614964465 32.337819614114046 0.5093752108469721 0.031001406889811636 0.42815624690219933
27 7.403938767209958 5.705384181872953 11.051462454778461 2.1457884293630003 9.847762251106928 25.488408034566085 2.643364228673221 0.8386231971036406 4.611399046126865 13.196444260459192 31.830321993339176 0.5102697484239652 0.014277644133198375 0.4288695997766742
51 7.57766143193966 5.469191805057769 10.855778245853458 2.133822212706777 9.122201812090047 26.120604415225596 2.654187759930897 1.0265872685308253 4.719042348483737 13.38544553756212 33.85705096471038 0.5080449724695636 0.04345334799746357 0.4270544365989486
52 7.4579558773068575 5.780924650552397 11.100397210925433 2.034021005699819 9.426068682570152 25.496203192441158 2.9052898830048637 0.9194251758943538 5.350934798571249 14.073643984882708 31.86965459238671 0.5079419215764773 0.04769637680955012 0.4264620915446945
56 7.697283672071235 5.26961406106717 11.093938238781178 2.137119068191788 10.160147756545156 24.907724041563956 2.8595699147438665 0.6911558455414658 4.432734578382249 13.181815701585188 31.463134595673974 0.5093296948118001 0.035763918666930905 0.42744273279745715
57 7.5941122084974735 5.467636002750125 10.630745044995747 2.4555674499696494 10.172405449067991 24.972879251267955 2.8330153474587982 0.7511399108502067 4.369676424209276 12.416893361319211 31.058888808641615 0.5084243770804996 0.043799033613467216 0.4274163746473772
29 7.57801177919349 5.601438227934834 10.975312421946544 2.0253666371367918 9.405604151283153 25.425308098684802 2.930868582046439 0.6637681759218123 4.772134521284092 13.995821782393413 32.54692894797155 0.5081403869919928 0.04557213968466487 0.42723244556805995
37 7.340393024784317 5.433512909267547 11.379828365181476 1.7812145631282181 9.424850660276551 25.793267250917836 2.8378657025180503 0.7422738537580091 4.964521799548787 14.535664570516735 32.116057922189675 0.5067225095811505 0.06075233041681455 0.42595415813377024
61 7.605715959554248 5.4297431120897945 10.59339025064922 2.728247819855414 10.45614681108685 24.351965487090734 2.911155119759111 0.9893453887298566 4.132034527025037 12.667249246489206 30.229869694814504 0.5075681295310185 0.06078168368472412 0.4243550350847426
62 7.4261467796971505 5.4701277825697545 10.770520400809934 2.244828954626446 9.787518235479505 25.406382915150715 2.7520365084713405 0.8005616884224649 5.040996034953528 12.912667532369262 32.112871860173854 0.5052681426470929 0.07530494705934149 0.4220078243612362
39 7.696313338195359 5.52073015135828 11.12774166411368 2.002231189886296 9.674033363191016 25.78390543201898 2.628657270922981 0.6394803285602826 4.6287621640785614 13.32520625826096 32.37703380495009 0.5080846754949775 0.04855718359602341 0.42752180857805855
126 7.817984239752687 5.676180745878992 11.022688765306563 2.026422503428708 9.463989006660015 26.110747383688533 2.501802724010871 0.7516785387242872 4.726496633403516 13.137187852219656 32.81517155265105 0.5080418591233553 0.04133118537803749 0.427555932908267
127 7.816662203020488 5.534247486456835 11.112067326459243 2.0302885680766867 9.622383477684856 25.63209231250914 2.7213509967592575 0.6964753732124169 5.628388565164469 14.05885537121501 31.453891142094687 0.5084630893071688 0.04602052052179474 0.4266558822689342
151 8.21956732523159 5.285328452785694 10.787824372087263 2.3838431372270072 10.250465975187225 24.54365857271663 3.3834026531887864 0.9038898602498544 4.385232546182211 13.736781975449887 29.068446920673058 0.5071715853616918 0.05133038975634799 0.4271173541946909
152 7.792100988535019 5.560171774621039 10.35689831447467 2.5833878570413398 10.216240420975426 25.123076629719815 2.714955789405168 0.8485629378431685 4.779209531996372 11.871449863613561 30.83465571775208 0.5069446044167848 0.05441887486415988 0.42668272381340017
66 7.807914470847139 5.8073877946788075 11.546336995503703 1.7811687480067795 10.023419631985343 25.040631045400907 2.8819512523925566 0.4847383385608705 5.345901586885243 14.347485232649937 29.729494152282467 0.5094303837917589 0.03073969245400258 0.4286627266568999
67 7.372215707344695 5.807049387534962 10.855521391372767 2.277482963619146 9.510679772184647 25.708744295851517 2.6280311156583718 1.1171992439485436 4.725523222569466 12.696549250495341 32.86917207085188 0.5077563759904354 0.0534775737514381 0.4258066412925115
71 7.961348595718501 5.443558886834275 11.00604895349311 2.2620557871967026 10.178665162119191 25.121003205213455 2.74695644883875 1.0350209955480085 4.189792686360456 13.273648638388881 30.740371073964216 0.5051843253132569 0.06559586384016167 0.4249232754237688
72 8.242755007334424 5.536081733149176 11.240723542722778 2.0471644081961804 9.699657051233936 25.459950653978584 2.7508338365125815 0.6564114613121216 5.1441033026095395 14.36215335782148 31.420830259114318 0.5091536837404186 0.03736268374729346 0.4276610421201198
187 7.520629883204709 5.580706109621115 10.884901080865987 1.9749541264154502 9.043381670269984 25.88466579985154 2.8571302053870045 0.6174848516508715 5.509478451914318 14.708941721134671 32.84519790506316 0.5079564908577451 0.05014861936469611 0.42604752678854835
186 6.837714008801751 5.84966330812334 11.246819212282297 1.8618816725734832 8.906753917143027 25.925427758151493 2.8741944882850774 0.7960429277878883 5.145924103022791 13.517734257791922 34.086724966921444 0.5091759681643738 0.034907449748717075 0.4273585216061183
5 7.750539067941573 5.382770129875 10.603490560469682 2.4603127340726103 9.99606503665285 25.191708499561454 2.8250993969240867 0.6340767712127158 5.129668072194649 13.138015116007468 30.513503215231633 0.5034996817228228 0.08514225277604665 0.421880138944014
15 7.430005616925112 5.637728333245915 11.102739478727575 2.090947129235909 9.971506855686282 25.87470306048114 2.370612063756886 0.611656216773704 5.180766587428717 12.19593236103484 32.28658989303864 0.5071151896040944 0.05719471712645856 0.42625972830754216
30 7.82190591180192 5.490835405331075 11.085775550559562 2.1634361418725 9.570398793447243 25.49741631755963 2.755335708276541 0.45948626201697346 6.064257150444221 14.77651142645058 31.280516764507794 0.5041847274578776 0.08191652562681757 0.42181520017368496
40 7.716967064750215 5.0286191911221065 10.447825028992497 2.5395732001178035 9.896256402394338 24.431085837574145 3.1124848136896928 1.4241329603429853 4.870608848015414 14.044666001589452 31.05293199258461 0.5026372274149048 0.09363860177898715 0.4188258453263138
6 7.419731389487541 5.481016774941417 10.205989872520206 2.6949176948063482 9.859892827183899 25.577574563109888 2.517192744472303 0.7372519572215417 5.895704201450812 12.658274684214515 31.51797357037623 0.503176540576979 0.08526015190623865 0.4220984647639107
7 8.183365130851758 5.281364606487583 10.533770486767395 2.4003506680128566 9.760968452181288 24.68770705973973 3.2697091320877347 0.4668290885021871 5.451781432796515 15.48545977940413 29.055126447208306 0.5056557214526721 0.06483520138146867 0.4247069060969116
17 7.618501640357275 5.438300564447399 10.568662367536518 2.200574903477345 9.057862615554388 25.778864765778387 3.0603320480168676 0.8788049883178443 4.905182824151553 13.91947703373603 32.682592038042024 0.505473558052138 0.0696863105098198 0.4241188763508306
32 7.9844884403727825 5.496782340108504 11.024002470304334 1.8664007521808794 8.8591321668428 26.135040167245556 2.892836556213178 0.6847262022816598 5.3591218950708654 14.891648083366873 33.35129070396413 0.5090409895869777 0.037468520514279506 0.42807670630119676
42 7.671101724923834 5.518716032095505 10.386256333640766 2.2923718941459965 8.894682807060516 26.126690031295887 2.889615150490974 0.8770206808335694 4.769358096483595 13.259212224685665 33.55146390859645 0.5092840773038482 0.043563540510124996 0.427010555094688
23 7.325254046314137 5.520390761527442 10.465257856122914 2.226689382736595 8.936867681352698 25.796880429385556 3.037372141847607 0.8373739400703961 4.777872596048957 14.002699389291022 33.22655934275241 0.5082442764334045 0.05140558957713822 0.42531711631713215
48 8.035471348840147 5.4219648887611465 10.818859166763973 2.222333787649086 9.543808160029592 25.66767660080538 2.820737900336733 0.7471961085867476 4.005396298194076 13.394008003290791 32.67241749298849 0.5079282225115652 0.05690558808851372 0.42476147702051376
16 8.001413743079176 5.534143309338438 10.980385328018274 2.255051775708404 10.377686935660778 24.5317264512083 3.0141662635735837 0.509910610413552 4.676442840723275 13.787280029211795 29.42842724037345 0.5085914691373361 0.04389852069721012 0.4277748940778572
24 7.698927600800618 5.581939634429697 10.626373732070086 2.3419973840347943 10.162309157510414 24.641180164594374 3.070144956012003 0.6571454720532081 5.38744282153198 13.803854109579227 29.216524411607377 0.5075530008491638 0.05707998081723324 0.4245559145862797
49 7.722541102143184 5.7351639579430636 10.996656868242331 2.056956880059104 9.70957214726151 24.968126695265706 3.1173421382842417 0.6661716306387595 5.428748252322478 14.078196721538657 30.55396087243667 0.507500705010225 0.05676786304978945 0.42533400991956477
53 7.26910758562253 5.806509590579844 11.167324766671857 1.8462835238466364 8.828264874362938 26.597373670015692 2.509473471747516 0.7896704114199541 5.705020243291587 14.0797713797337 33.98200865134346 0.5094143948532215 0.03209136282503197 0.4274968371330836
58 8.110253901828358 5.408188591579992 10.821670245467308 2.333806982148761 10.04008730726477 25.15742515051746 2.8637587491734835 0.6265373555167825 4.49981248948685 12.86108084120643 31.47129479633014 0.5094289497862924 0.03272018985673261 0.42779855947151624
31 7.7459631227854455 5.604759835405822 11.122460164663815 2.0261693055489234 9.433913956653674 25.46148901927226 2.874306153619432 0.6691634515136746 5.367869666442363 14.49005111238282 32.08573482651843 0.5085996159819633 0.0462086487321071 0.42649415036344857
54 7.3176437111460055 5.876129415231075 10.77110180073017 2.0405231543923623 9.102309757659564 26.098498586685245 2.6848701459055806 0.6618254703282124 5.958933598964448 13.62704100468827 32.972539611362464 0.5087698961647203 0.04138876812103447 0.4266643332130481
59 7.599647603624351 5.798774222097083 10.936738319256177 1.9871369053873453 9.389139088804535 25.54812674507598 3.13470182920607 0.4286919366391344 5.920736000922202 14.640418093215544 30.43615958043653 0.5096577412571225 0.029360031465982702 0.42804251089586987
63 7.869767395818743 5.786588226219083 10.849888609771135 2.0777152750345333 9.565682948676208 25.378393977479902 2.960950316572342 0.7840125702334801 5.198756934497377 13.733782083565428 31.429842866829713 0.5081171215016925 0.049191761370818626 0.42689069630855925
41 7.372478127598335 5.896339910517984 10.812434140097446 2.2385338202929934 9.52347201765867 25.895324970244737 2.505705969298753 0.7920227874163545 5.055382829660259 12.164968450280378 33.25652671153021 0.5087138499492738 0.040235161803748316 0.4280055860024032
64 7.755360709811012 5.512469454088477 10.965659096308913 2.111614865577708 9.108696554765412 26.28697978370855 2.5185773581079247 0.790417772278092 5.47583586361957 14.355697957521627 33.42029696047522 0.5084831192960997 0.04420809545068394 0.4266900836282361
128 7.230179149066501 5.805819038429824 11.004207725650362 2.0329754960171993 9.119360136896121 26.542980391538453 2.3660727876636325 0.8178914256988753 5.668253257674092 13.3985518321582 33.66413229305058 0.5083688885235111 0.037210655548279584 0.42736037866605686
153 7.030778446251496 5.790106060805187 10.89281755132339 2.1761705498698802 9.870902310246617 24.90152517864085 3.1663659866676936 0.6665735319889654 5.709571783853561 12.685640089247475 30.79502124928364 0.5089672542921182 0.042712332233766734 0.4269240890634443
68 7.5943795157842535 5.509682604295592 10.905902540954074 2.1876389563194216 9.317633100666065 24.920107331129124 3.2847344374441025 0.9468901898087717 4.75604868154015 14.549902104202182 31.94721326902018 0.5075600162601583 0.05634257867160104 0.42552999616216003
73 7.754245727170453 5.73482726094642 11.269419366900824 1.8077533708461888 8.885835009415757 26.04454241981341 2.905437966244831 0.6914111665054431 5.802521652761534 15.438405980573497 32.46799532045012 0.5093720402595662 0.04027575827285635 0.4271111186134604
188 7.98311342424451 5.230690257243122 10.436041358835315 2.467501878269996 9.423942339322107 24.932361351760502 3.388809292756961 1.037937227257169 4.421279842764093 14.150559307175037 31.585100928838543 0.506143115927233 0.06089941313064445 0.4255229287344883
8 7.178229064808203 5.828534442565416 11.082184082352738 1.9261735541665659 8.934635657162255 25.756268748577067 3.134340909560241 0.5102295254225044 6.120183075739357 14.371219454845168 32.51111878722011 0.5087338366428719 0.03910907750524131 0.4272113232462942
9 7.7427311885495085 5.799098506702684 11.270293978301344 1.8175089375478433 8.904687860787496 25.878615524573338 2.985977155975298 0.5632351811940041 5.892444069606864 15.608799164330717 32.29755873991635 0.5088661327365748 0.04055790066263945 0.4258186411807673
10 7.596771305954725 5.674138698495727 11.036566925821624 2.127004393123675 9.849634226080227 25.424825730143258 2.891719499301566 0.5212572064831696 5.580189187128725 13.297836176294213 31.032696686738475 0.5096229738075246 0.027855816013037906 0.42780923239854945
19 7.7997238786437935 5.741624608090697 10.905109113061481 2.086029556011424 9.2254475219708 26.228990141016556 2.572096883388459 0.8410334829844919 4.760454705190551 13.114302048503195 33.52275940273769 0.5084133708780211 0.04651428820716257 0.42669571960706076
34 7.5562247110123 5.749802738066014 10.951861582083236 1.9214126320752414 8.65786931671221 26.495017513832664 2.7423186324028657 0.7003123347687914 5.989523512137734 15.065517505399564 33.137911891846194 0.5097470842120824 0.031033225851154644 0.4275325201352655
44 7.547581293902468 5.802611987934608 11.07506359943253 2.0919153102337877 9.576825822662109 25.365583240147334 2.8237164325096007 0.9031202573916042 4.922945917182595 13.087854635614573 32.542625793865106 0.5076491579043179 0.052999840728828115 0.4258578255302671
18 8.014986105012497 5.5866772279687 10.839644972532765 2.2952772600399873 9.904043104034544 24.841962045810167 3.06823858770006 0.8345331231318945 4.335362909557897 13.080011741178222 31.115104890459257 0.5085028244471508 0.04437299665056136 0.4263742732177513
20 7.7225527520589115 5.718312071891675 10.921226512547998 2.047201032396193 9.233637008766655 26.036403144978202 2.7557528799959243 1.012101872835983 4.604378570418398 13.282516209726383 33.02243238456529 0.5090653800359163 0.035947202553683916 0.4273603595641608
25 7.432090561969797 5.7360436264218295 11.034953481327088 1.983700178010659 9.300203003108727 25.843335758904697 2.7776980762058363 0.41979666077028455 5.98586817921573 14.30576012211318 32.14554973190299 0.5098153435225758 0.02597030107987465 0.4279886165863362
50 7.490717725979864 5.755589271296444 10.609786917430636 2.749360329470037 10.620849141312288 24.43372232687545 2.9894871380599377 0.7707054116913329 4.45816052833745 11.621333059953946 29.39268893033006 0.5072326701008015 0.058950854611104476 0.4243164263465459
33 7.984146485379572 5.67787867741793 11.104766493074345 2.179396684653676 9.760589894075142 24.864061181129436 3.080224827675683 0.5093051440296494 5.191514234064841 14.714654628248294 30.784717335517943 0.5091394770197327 0.037068725181361374 0.4275098887247482
35 7.699684742909525 5.539632665713788 11.24632661841889 2.1831839354587235 10.095616393367331 24.672116790816215 3.0475272455136735 0.9042152375039333 4.681541802034988 13.97475775262225 30.481719120960847 0.5079878813815678 0.05139111346819039 0.42645939119287624
55 7.972722459145613 5.268741214134176 10.492096376991627 2.3481263903538263 9.331532713078193 25.440990128120223 3.0269681529357726 1.1313013303644432 4.518672595155129 13.621178700345126 32.711504054503884 0.5075896929952028 0.05585532225099062 0.42483160209032983
60 7.664307394332859 5.58848024607419 11.18789519543545 1.9361591204237527 9.493104580179878 25.892747371609133 2.646298628938228 0.48825832632340177 5.347572484277312 13.981358523044982 32.327774473633 0.509489104295544 0.032571480117084745 0.42834678101880935
43 7.736959592544102 5.711540364517488 11.206890050882244 1.918946154136378 9.36937609198768 25.65719892073746 2.8857927537887047 0.8321305784644573 4.794115546910895 13.492266874903303 32.673368184166435 0.5096231636964561 0.02552231834897078 0.42884659500494315
45 7.698574117924194 5.454587114518754 11.072700772776846 1.9301212501173992 9.116292388061263 26.076006065348444 2.734821233769967 0.9276559636312511 4.427572987295318 13.965537285003679 33.64674998677017 0.5092962110963978 0.02290202693173673 0.42887155906184143
65 7.569800174921201 5.60661580061136 11.092062847702445 1.8974237658240751 8.859452568511562 25.9134494160068 2.9714659418218217 0.6154113809043665 5.1730582314079125 14.520695016088204 33.81228437597842 0.5098272222138831 0.02272485820163611 0.42784847484114463
129 7.252338936210679 5.804089249805313 11.025900696800903 1.829876310891053 8.564172722686028 26.775239248920354 2.5553572562027904 0.7037760127699777 5.8102768915920056 14.365601145126977 34.26483941739252 0.5089265093666309 0.031159185469177415 0.42806377461789047
130 7.8277456944420845 5.484241732227366 11.181883489682246 1.9820372938802098 9.175035242550805 25.73966600675535 2.843966342573988 0.6695132197815211 5.2603264087951835 15.299655825807427 32.28857578273823 0.5077667827371845 0.055685402311313935 0.42566314959574686
154 7.768929540380202 5.50986940795474 10.829657252867886 2.122003919373368 9.191221804933372 25.62746485720807 2.9770716117603606 0.4230589809333105 5.8793343329149765 15.405696765093317 31.718307587663567 0.5087054535845065 0.04061880263752832 0.4272190510853869
155 7.980811544893192 5.6581673843883955 11.007271583908155 2.1382193060469925 9.467749024002018 25.034115090237407 3.2378294498548414 1.1636355496864228 4.5496891051737895 14.145949149833365 31.15097982772764 0.5091686903693552 0.035717876752602996 0.427611895626547
69 7.535781674805923 5.748845426633442 11.006677741694467 1.9466863099492122 8.93572041170474 26.712077632418076 2.4131623139864815 0.8566699327682986 4.931157992910499 13.08698633373568 34.421004291343856 0.5090438500868742 0.02800307911472427 0.42795018241908905
70 7.838425479304717 5.511654435501575 10.800876100027615 2.4706693613338038 10.111377230718157 25.05308573229634 2.8984029113754053 1.018334815938761 3.573117623212581 12.408590102255573 31.547227197883892 0.5048862581247278 0.07475010056634107 0.42425480241060354
190 7.5494293025972175 5.892749976662494 10.818624393214712 2.177001185105535 9.35202962533111 25.670419758016518 2.8787144215834193 0.5265017841326306 6.110107831141975 13.599766483442458 31.95187827271125 0.5094053340733509 0.03058112537548094 0.4274119871209442
74 7.2550430570150635 5.739056274261461 11.13339807865621 1.860185836599034 8.78491012068131 26.805411707100763 2.4267607202599235 0.324035455227237 6.922080246081155 15.178367183120532 33.18045371895463 0.5089759035435261 0.039967283978419275 0.4274111973048869
189 7.7633622580398045 5.794798531891302 10.805514188800828 2.3037679750405546 9.753981910217986 25.298831665736305 2.8928007455244282 0.8218683658851967 4.347903951605516 12.53758385386985 31.886568841652956 0.50972074240929 0.0278485097061298 0.42822686024563844
75 7.391913778832242 5.744617115390063 11.137557308879535 1.9586888299219207 9.642549505149493 25.850048363580818 2.6250173940487076 0.8480168466033681 5.227348558670944 13.436258841263728 31.934902370078664 0.5081980726514395 0.044973127822102395 0.42736122014273614
76 7.1656996035163845 5.880137565748752 11.248225204797873 1.962935336501803 9.587110283644794 25.614409212038417 2.6606475167600747 0.4155877359242883 6.005027726331545 13.800468565383195 31.448177074923098 0.5074888690427982 0.05823646999448672 0.4258019891241125
77 7.6998186451292945 5.274619154073652 11.092482150590206 1.9690523766777637 9.265397183271077 25.699905656538753 2.9843575590774765 0.5661985657991733 4.826535330175371 14.694565727184642 32.69914341908817 0.5095047757777519 0.027288758951907757 0.4277652099966857
78 7.631244311915352 5.587170697957903 10.889472238907421 2.1200414991952385 9.592699082393134 25.824073222581994 2.650431314772685 0.5642923475639946 5.78369068767186 14.122863201127107 31.063492697836256 0.5080793099043989 0.04256734052395542 0.42743273415637706
86 7.493648768226143 5.383207618129168 10.677427103861426 2.4759643268832665 10.376777145678307 25.03556881623491 2.5836630141722665 1.083004424539905 4.211812517272813 12.015855996951904 31.034248377574183 0.5060658643120991 0.06826937476534777 0.4235263003305692
88 7.514572497760649 5.705926685358221 10.775350223456293 2.3969549784646755 9.77404083994811 25.276147085804077 2.9441792817488577 0.7908880638125321 4.814436115630273 12.665678891477596 31.234213503300147 0.5080208729985601 0.04971861739463027 0.42602156791513474
79 7.313830618034534 5.814942068070679 10.96674147113756 1.888248810703794 8.983946617227174 26.39057354075349 2.710850347859579 0.35988281634646063 6.679008169268505 14.786748900369128 32.054395829799255 0.5083237373927176 0.04924277672938143 0.42533326210025485
227 7.904655525282615 5.6252418901729975 11.284639555292197 1.8131438411307996 9.203207557544376 25.829059729302156 2.962032767272295 0.619674146489805 5.759485580910996 14.887956829793135 32.010228411005784 0.5088786222616879 0.030771755380422722 0.42776559219271054
226 7.344872842746057 5.590102000775286 10.708219584660469 2.2093768621404344 9.335840515397825 26.104324881313545 2.6662829580028524 1.0303615443011807 4.295407529657271 12.203706744936813 33.33697128784145 0.5090443716806127 0.036452099970063115 0.4274064580236087
87 7.470852965261624 5.493568089820376 10.646678490022632 2.320686502931252 9.875323058990256 25.154254519847164 3.066940807479331 1.238967939571319 3.9383510126162697 12.575016380326725 31.037428860587887 0.5087850798838245 0.0452759826299294 0.4258176708883936
96 7.641994908451717 5.5582174782580545 10.895619553213399 2.0746010086324023 9.450681103815581 25.938838773551506 2.5865213551459525 0.5308678682302717 5.5504809202151515 14.579253634588666 31.390278026398043 0.5052931002330909 0.0749423254799071 0.422381549138123
97 7.59376322517859 5.6465669799829445 11.08309821321771 2.0875196302543007 9.845534844799376 25.55603712711078 2.675393315377618 0.6703165941336471 5.397553351142267 13.632446204836029 31.008429259613898 0.509050208012715 0.03404592692250639 0.42797226779955233
89 7.752984133053609 5.933940752249858 11.16392205086043 1.8401024617624824 9.09525987809045 26.937650879974438 2.2036994833904755 0.5663651852566853 5.941229569120266 13.556818317124353 33.469447020972126 0.509511112394313 0.026422253351892033 0.42810797483976104
202 7.732225172009969 5.4373183104226905 10.700410955135107 2.093699389515395 9.150436941886642 26.932379783733424 2.1562944294758224 0.7196267498284002 5.7338528245857 13.923458230830924 33.08452495640965 0.5073491623292832 0.05699932547078206 0.42549952660293217
201 7.382944332064929 5.772397180441167 10.893740185577212 2.0650438360138548 9.73237524913541 25.266536983547873 2.871761674014063 0.5607566143361478 5.644998232112436 13.865771646155032 30.875832833183026 0.5085189873879608 0.04184651302953996 0.427226533435488
101 7.507520660043054 5.810802427140452 11.069930912518242 2.0180023721742884 9.764091258294146 25.664731198677163 2.594231730186455 0.7229887507389827 5.726520363054253 14.099428670408596 30.55301074897815 0.5075833675247592 0.05042668986405618 0.4263059063706016
102 7.540408346835579 5.706140943680366 10.878330337249691 2.1417835650916874 10.003371779956254 25.95491836312955 2.262137197699237 0.6188486966898263 5.0987874419560635 12.641154869069572 31.45541255445865 0.5089948954210214 0.03557247597361736 0.4270322969313182
103 6.943443547367177 5.744110823954183 11.073257526510696 1.9106334496028794 8.929400441903693 27.057224810546273 2.2262802442605545 0.5889574232616903 5.769326503813076 13.689492714129099 33.986597527690776 0.5091764651037972 0.02690713279890513 0.4291092249092967
111 7.999280399485554 5.118660045789785 10.959148042897702 2.3828337269100537 10.253993954331397 24.52347068775863 3.1140533259687087 0.6664877930188178 3.7071055919954152 13.914201590901058 30.260863498121918 0.5085133346649525 0.04197100357606988 0.4266819038801961
113 7.649584382424981 5.655988091383783 11.174875931317487 2.079923161082361 9.795661320758459 24.85506864175023 3.2187021707981653 0.9095679344637903 4.3092330997464785 13.711515381102588 30.819418775009993 0.509203122033636 0.030401285273388246 0.4278230277396385
104 8.099930179594159 5.477722344488355 10.634262632966358 2.280670472103996 10.06972226581481 25.09288625853393 2.826232067259828 0.9772398412684226 4.575917618358868 13.548413644315247 30.21740069690712 0.5072759533194896 0.06177498661289624 0.4239884692439122
112 7.368078803581333 5.721122520687862 10.11560307876908 3.0059585206246484 10.675515954077088 24.190258871311112 3.094594681073747 1.0579163868171426 4.263363433695575 11.305377198400729 28.314318858225707 0.5052879065715363 0.0771027121705442 0.42137183124919186
121 7.139338887489205 5.736292405915494 11.243619931521993 1.6643317604305465 8.697599715092506 26.493170190338034 2.6675922368129217 0.7101013843973228 6.259157961188257 15.282001430381529 33.082522863018646 0.5082449668289335 0.037790647219151124 0.42745037170647127
122 7.921164755272243 5.586031143955442 10.887527378829349 2.2331378858374866 9.86635833457125 25.38522763039501 2.6874845125308604 0.9573157100707691 3.82422481210779 12.48696641055157 32.18359053216038 0.5097283977788617 0.02299742278196885 0.42831039149150124
114 7.705575220293621 5.643749234528098 10.840072839422218 2.169446734000417 9.488840668796739 25.623797258752422 2.831240437862012 0.9422804104251632 5.479650393042201 14.088107739837326 31.40950076360495 0.5086103823101146 0.04620260374710065 0.4263423040378424
80 8.10629257726009 5.432211944146267 11.171836700364944 2.0467167376575217 9.921372824609655 24.681876372346423 3.2909402693209038 0.5243312125811369 4.636939331014968 14.87504437860942 29.761141861217 0.5090658298069484 0.0313325720735422 0.4282627395447005
90 7.617815977996876 5.834565191205592 10.873206899244233 2.1872519288513987 9.389704551475996 25.821576536450447 2.720803000163309 1.0666748149703946 5.156249904338609 13.080370730102578 32.74700790938539 0.5082377372145546 0.04705630591776201 0.42687858043691596
228 7.509083200891601 5.469058791546256 10.719589974610328 2.2734112892037577 9.246191454385205 25.49099401936193 3.025057908194604 1.0703253178754455 5.128427554198688 14.356576883412485 31.870593598413944 0.5052337171429588 0.07049112458604098 0.4244174488499985
81 7.9538527060658275 5.30791448162121 10.68963996065271 2.2768772079019337 9.65059455602037 25.09105145799539 3.029052297109473 0.8146427098159092 4.764415586591127 14.016101619222612 31.576844751359 0.5080753371795578 0.046126020911210486 0.4269258440663956
82 7.481966421424163 5.808684788691166 10.576833875140988 2.501548541696929 10.161166990957478 25.038501529409608 2.6950073893019026 0.8376242481578812 4.628174500494558 12.166921633723167 30.491348541796626 0.5090637613446857 0.04193880764516293 0.42656220694194863
92 7.3942720949805345 5.6732784700741306 11.006046423139773 2.1264841087911055 9.415119764599348 25.645907381460265 2.8070520327143655 0.6320748716814573 4.9161040029267 13.149354153350204 33.285941755907594 0.5090599541058558 0.0324131578035969 0.42805914259979655
98 6.886719576272544 5.965986383666122 10.865707950376992 2.1728641132284463 9.429830075598236 25.68121578966919 2.836712206609969 0.37419069406075733 6.353957285194898 13.408466303855521 31.496317605751916 0.5084164225793409 0.04698274115627301 0.42679993001453786
203 8.05845270530209 5.202105982632362 10.724715586945603 2.093276468094806 8.909590157246255 25.611580253031015 3.1688399609305793 0.9083055931962126 4.410828831557366 14.972540154722283 33.19910900269714 0.5076494571174016 0.05214454618582253 0.42578498089798816
91 7.883883754332385 5.612648068288858 11.231927023140667 1.7671022923160742 8.81731004963523 26.47110619375397 2.7546919469963096 0.699734515501764 5.259541893684284 15.127660258032742 33.189809232538245 0.5085566618438915 0.043200804321247656 0.426973172706464
99 7.54498237326181 5.5731062359195045 10.816221660360645 2.3171486300035706 9.99865319812235 24.585974916512814 3.2460551940934557 0.7638894554717093 4.671007461699654 12.944879688172975 30.803854466339487 0.5074294994456987 0.059667002312619996 0.4250677453804468
105 7.781755098357154 5.476927140480596 10.90264443855941 2.196549208670042 9.929871454461761 25.011149776814765 2.9235939410843375 1.0263285088203526 4.3524815503880525 13.165138048734025 31.454792114800075 0.5079075945570295 0.049835429694714946 0.42652272723844153
115 7.596389400569685 5.852014662454396 10.947920560510141 2.115012646833773 9.645305472770566 25.762402442905554 2.5894190865098783 0.5189658383014274 6.026891071534569 13.689078485731754 31.436573869198053 0.509296571154344 0.034192224249678445 0.4275795036134953
106 7.188702822783137 5.720724085591403 11.084475605182506 1.9399443728993202 9.054574775815212 26.41455027636955 2.487666732967164 0.8976475164286881 5.895471060162592 13.640851299970452 33.114125637795496 0.5080335714812644 0.045939773730344864 0.42680412883046537
107 7.389979890942374 5.798897348214498 10.54599513311353 2.2939816442557777 9.578342489055505 25.323577868283323 3.2111653810629956 0.7084325481686896 5.019590782593855 12.919286885055234 30.79544447039699 0.5074252510260497 0.054102737770358116 0.4257450508757782
117 7.288925067537598 5.742389953160506 10.816876536858228 2.192596388422411 9.63830171549273 24.96245318474675 3.2599362636958764 0.6647250498788212 5.090923057060065 13.485112478512622 30.955968854160478 0.5091150603625116 0.038893452756484176 0.42681779786586493
123 7.234152811545793 5.837832009320207 10.758092505554867 2.2414564106963186 9.93912509028817 24.55947545544379 3.3253602800508038 0.5304405064614988 5.359508326528708 13.320632211909077 29.557273428792318 0.5083915603967586 0.04380331692798407 0.4272340909709807
116 7.691367766340811 5.494723264173562 11.249939001176337 1.8809193409942486 8.972830163091544 25.950047200938712 2.8325615728873323 0.7569647345367831 5.040910784490342 15.187681951821695 33.21862268339641 0.5084870658685203 0.04217556637192721 0.4271981866454655
124 7.874633730674433 5.63696245999402 10.54747572747956 2.6369102285811477 10.708781567984031 24.799035006692662 2.639816538797567 0.7342188138189201 3.872000681142648 11.338191439457134 30.166243628873513 0.5088358892463111 0.04280426909911161 0.42620732460431826
229 7.369303584303965 5.745579571458456 11.264204531071211 1.8001014041464776 8.564031855639326 26.56638274300483 2.6303500159546283 0.8687966982467971 5.5802828216095595 14.456217937396461 35.105908845646034 0.5093418714033251 0.03970204696710966 0.42700364173407535
230 7.912131816697478 5.361631826122033 11.02669289761967 2.0547815166006687 9.404451859147256 25.684242985541285 2.836894735455858 0.4613995031890018 5.374195468419846 15.299803768312634 31.598997090417882 0.5085553209039709 0.03962243737192843 0.427901036358956
83 8.096849070506416 5.587417554035796 10.981607585755702 2.0261941513350488 9.631007150229957 24.931618037329365 3.247149640264047 0.8011395888570831 4.406528880310585 14.491236884831286 30.54576508202052 0.5095109132265319 0.030071446561453784 0.42772501881928243
84 7.50462441800244 5.637627860192411 9.848110341431585 3.0976263761369176 10.39714128243748 23.813837765729907 3.615241233269334 0.7249677170171306 5.264600020321862 13.021118966011592 27.027575744707796 0.500581685055021 0.10375723484324473 0.4167475288750034
85 7.722987233192437 5.4799209958703425 10.660415542396448 2.2411441784681023 9.498704759543182 24.9405026865459 3.412687304865298 0.985775816076091 4.018501742184355 13.857132838377346 31.160388990991553 0.5061740622640467 0.06828663238764134 0.424041531549611
94 7.836061757570985 5.57434155222545 11.149411360156574 2.077390164972481 10.075937095534805 25.09258550723943 2.8297091130184664 0.6977105105281265 4.979448188445884 13.701361506356086 30.625311834292514 0.5086324974953246 0.04115466896197032 0.42687984371389226
205 7.736574558808836 5.713803149432609 11.080083466262645 2.170517443952488 10.065066896760076 24.510198189173682 3.328410697898539 0.7164945139648815 5.270547208512645 13.843367607868089 29.492349398114687 0.507849608787914 0.04787871397928252 0.4269257693146729
204 7.805907787884395 5.679982664774068 10.81755130506953 2.1484381429129686 9.163016073702623 25.941660835147637 2.7897917194186674 0.9053765926487828 4.4659433988533905 12.692919432865262 33.91713150825609 0.5099523031776124 0.020547903907969865 0.42862392883302247
93 7.71249016107965 5.770242491747486 11.12232522047299 1.9152481340261398 9.460864371086185 26.266995318402454 2.495953230163777 0.8163879636924329 5.172418350927481 13.328539615335053 32.41582268321711 0.5093897279212343 0.021815862237381908 0.4289850331620183
95 7.1409201266853115 5.766122900618344 11.12470088437527 1.9919117767732106 9.461144016751046 25.924431588487273 2.568960645234687 0.8189138369302511 5.305060239666364 13.676434284351346 32.23222309322056 0.5088181910457817 0.04501914677208548 0.4268550555993767
100 7.927034203218309 5.557231079035748 11.01600804910424 2.0416139183841473 9.249422060089973 25.35231315342943 3.1382274079470576 0.8998216529565922 4.577834675173894 14.439787625366591 32.420798910122365 0.5090580180716695 0.034214749842565534 0.4276491261721417
108 7.410375210277356 5.6341046720817785 10.510861597517613 2.4169963696345853 9.553737760954613 25.89148764293969 2.648973141317024 0.8118773889677856 5.43277506323343 13.135939244844895 31.386776029917552 0.5068753163167445 0.05764633511425354 0.42549851231561947
109 7.007275380158076 5.822371462094245 10.5290294888151 2.4588180966262936 9.486814421033559 26.13100725718501 2.5150248747526156 1.0137982484150891 5.3673717428508105 11.74971400735884 32.839568298801396 0.507788961332069 0.05137384659546572 0.4255702368085735
110 7.157749469459983 5.984589899138943 10.614050422061226 2.3309981656417698 9.951415954145538 25.87613335019557 2.3898455024439027 0.683951508129474 5.683035055963607 11.66826711880802 31.12407667858744 0.5080411581573463 0.051783548941720166 0.42524118848362513
119 7.7024688133302615 5.558905446058786 10.893404740531246 2.199161742865462 9.763389537506134 24.94347042664419 3.1771428362353547 0.8246924130768387 4.152573604437997 13.12003764874945 31.465049915360673 0.5087040715772208 0.03482641032246876 0.4280553503343676
118 7.912499337030865 5.43848823356983 11.049650647617835 2.1306977440520756 9.635648381822422 25.255867932581808 2.852232599785166 0.9935993766054001 4.473474869056815 14.038924641726483 32.31732676005074 0.5076670275667885 0.05295797637010448 0.4261451501449894
120 7.6403698951766845 5.679321280909005 11.025239458637467 2.098018276635239 9.814418123691619 25.468724407174154 2.692417222558618 0.5335980608224531 5.914599460128322 14.340853616502516 30.491965706468072 0.5073803891731185 0.05470195137143182 0.4254323108858806
125 7.464370948425402 5.6945145148422815 11.00809059113635 2.0862155226934025 9.315885366782984 25.755854435253042 2.747835827669477 0.8947801161283742 5.476726745425761 14.113059379370128 32.58027078876637 0.5088083982077799 0.043889463599712374 0.4268059836486515
131 7.8000176301158115 5.39926137729497 10.749418002972934 2.2310408643733504 9.581290553333531 25.340640596455138 3.035598183105292 0.7407878943622189 4.896507332585782 14.322305783919207 31.2262368920508 0.5082360827698489 0.049703700423723254 0.4250353939761367
132 7.287148433434234 5.792661084550525 11.006685508613835 2.018053032070367 8.937726641865067 25.897074147457626 2.929956297504282 0.386267160023943 6.084972614966023 14.56968448107832 32.797624313905565 0.509189282336509 0.024558347134330038 0.42794180566156953
133 7.675804649659873 5.810894662467218 10.775907064773548 2.1672446202880766 9.945557797528071 25.042572703470462 3.042433786949403 0.30440515869783 6.548845779326109 14.214027594014414 28.976337171012464 0.5088344412143683 0.043245973574946535 0.4256971585799515
156 7.40165457052863 5.788239341792074 10.562710738007832 2.284757107393653 9.13492557459161 25.790806952029023 2.8820347547529424 0.9370386066549035 5.558228622687508 12.990535643140573 32.9439596366994 0.5081307836264899 0.04264564328003608 0.4268209402158851
158 7.496378122994242 5.6553411258278405 10.786564348359688 2.0101375055918536 8.525739376593984 26.663346264901147 2.742602379223339 0.7614511030142587 5.59210207011394 13.726807909383837 34.572906268801844 0.509243880590282 0.028996573153801355 0.42747471260225883
134 7.565299486750192 5.462901517692568 10.598701408303208 2.615526077348696 9.752543865114264 24.149002936237558 3.5957080987775383 1.024366657905915 5.458582133289609 14.425336944324751 29.425893363033776 0.5024532557519803 0.08859165208433284 0.4206437780978647
141 7.765730719427964 5.389873907357819 10.621699351411735 2.105251725464545 9.054678986662685 25.929570642207988 2.8934456343755355 0.8946764033332545 5.183846632698137 15.235019515805961 31.546444220257904 0.507909719577397 0.0488387357575004 0.42616939942405957
142 7.437733541964559 5.707046316282395 10.744235889406326 2.602423881032479 10.741697663306066 24.65670706447562 2.5964881248136256 0.802938321436012 3.871082958977681 10.814635490820622 30.59078117183881 0.5079262479932398 0.05442616874940737 0.42523511029247596
143 7.340781989679497 5.538755024458973 10.57713730707496 2.1707550287407718 9.126790947308578 26.49734360113154 2.583896658974115 0.7740324681333901 5.62330399461753 13.553524693005098 32.61284203844114 0.50793632647601 0.050786690904619146 0.42652586264517856
166 7.541877790436774 5.949083720578333 11.111671306221526 1.8426961395220312 8.719026019264357 26.168553667766833 2.9870128944435774 0.5083691593295343 6.895801044340182 15.914373189120235 31.35261681686409 0.5079899313653002 0.04783620663725899 0.4267767758749342
168 7.88576209646422 5.665258387613489 10.672659413413578 2.187490802658097 9.033030173210559 25.853914035041488 2.900768317422723 0.7585726209910186 5.092409793568818 14.346662624070957 32.32794148427808 0.5071477277195484 0.05475827112366646 0.42615429859863424
144 7.482705147149277 5.376480131705032 10.164514136261563 2.6184524142935115 9.746017235674653 24.675735461139116 3.234313353351709 0.9717757827107645 5.770287712872909 14.046994715115584 29.58032131641309 0.5041203607724347 0.07907367596268336 0.42297722277377114
157 7.424709315430708 5.8303259187385565 10.839369441238103 2.0852733667690555 8.785913753538836 25.52305960780814 3.403173436690436 0.6458736728149301 5.648412086389495 14.363569209344142 32.917888915428215 0.5085632125610158 0.04004373953227493 0.42731205151184926
176 7.903399485690033 5.8048356877942044 10.629838663481907 2.1486068966049787 9.210172009804745 26.21579688823328 2.6763815394882124 0.6884459945377527 6.588383608928993 14.213697984965446 31.34133894591126 0.508906928737437 0.031734725345083786 0.4277554822062815
177 7.977026662309209 5.330071017966289 10.901545743919993 2.103387329215374 9.175929529933374 25.834804878027544 2.936542400630573 0.5804611246833314 4.936286518980212 15.017755011022587 31.998425466905665 0.5096848836578441 0.02062230056185071 0.4292738501007648
169 7.667913038562816 5.69715063883584 11.014577989675738 2.0091715984785843 9.53686483109908 25.701508389639418 2.722391740310325 0.4012046696401621 5.985341832454201 13.789238263796804 31.743950832856818 0.5093996210366549 0.02436594133956635 0.4281137198821868
159 7.229912396198033 5.929826848774543 10.684169133779937 2.3157486833679224 9.65628236009756 25.643007116395346 2.7136502590388027 0.7022783018395272 5.314045593042138 11.794715874940966 32.5881948387928 0.5089191849902523 0.0367745352242285 0.4268748184643432
182 7.4302214517072445 5.7152402169702645 11.358140046951396 1.7142208979650742 8.448815297029315 26.531704590358203 2.7487800270027973 0.6596847825509442 5.787614309291773 15.412419394349767 34.33677342643206 0.5093360337604376 0.03134947359669689 0.42773855504947494
181 7.7273606225196305 5.8276183666244155 11.438052426227141 1.571395339263623 8.004071150027643 27.1879337724737 2.628014910277681 0.3492935735915783 7.334776462864209 16.785145016619943 34.358351099985065 0.5095502667828973 0.02192641112871902 0.4282705555197624
167 7.619523888623303 5.762177273351956 10.748434304121794 2.283131081656439 9.82598428790009 25.34647389745691 2.9168945460893183 0.5945454763431133 5.164816557665132 12.569039527763954 31.304754755723263 0.5092468025838929 0.03373149343236465 0.42726914800066673
191 7.176759421379072 5.571357679559328 10.187833136693476 2.731733692882084 9.657108373446537 24.761415107601863 3.5387691613190944 0.6979369959955459 4.732202191892936 12.926511980705287 30.207981855086246 0.5080102969279467 0.05203324966033643 0.42596164286346244
192 7.771097163477286 5.503120506549155 10.952547935800732 2.173277967147384 10.020839082847292 24.779191050487185 3.1867526926066883 0.8844163124173193 4.642355207354038 13.424195216436244 30.590571751903397 0.5089398729861497 0.045339670516705205 0.42675843679471165
196 7.556931396482662 5.653156853207107 10.817186019104733 2.1870774426236803 9.52171224821813 25.36414994412847 2.9337468195687064 0.5805132381293518 5.2975463325417 13.86675860081587 31.229457648308543 0.507247305627593 0.05396284451073742 0.4245432271271179
197 7.697615693164486 5.58015285362283 11.086328198603498 2.071978692159787 9.71179023455172 25.05416718590075 3.0114016264143766 0.5738826809119717 4.9977727359841175 14.234274737067382 31.259759595711408 0.5090819137484474 0.035060500859737435 0.42715972552762677
135 7.28700427202124 5.79180475575157 10.577646204174718 2.5285095042562453 10.031490869940257 25.005668937967837 2.849838757235864 0.8256237665433313 5.161877530057656 11.840552740266421 31.01926121393234 0.5066255345915153 0.061901500988160676 0.42482673374100394
160 7.7505543540466935 5.778131460439227 10.815303649043004 1.9733746438822817 8.82828123391571 26.40559351007114 2.7948552441097023 0.9177679665104399 5.39271831596577 14.333185520797022 32.568821515244686 0.5074978659409702 0.05068856658585336 0.4267881097266769
184 7.624147264469023 5.517539340379715 10.791661961741255 2.2711212087850314 9.403167785185525 25.26691247869528 3.162984609899264 1.1194842285613025 5.039970131783701 14.281125494135727 31.589731193585653 0.5066610844530424 0.06568015730749638 0.4244460504830083
136 7.958247747232164 5.54987437487876 10.862763960756407 2.101865566539274 9.330473017320578 25.426135392417684 3.0279837045252505 0.7158341040186248 4.933998608689771 14.62320632137555 31.900254433188287 0.509417571850231 0.030059595356072395 0.4271837522356641
137 7.808495920380954 5.409941775408073 10.147928701119865 2.7110558314572653 10.23598129842016 24.770276380144946 2.9847208265653826 0.6953452394359035 5.087373654442998 12.763655197839814 29.696085149892454 0.5070776074447387 0.055287477547387096 0.4257186833701885
162 7.485004819065096 5.522613831249873 11.289616536670541 1.7201527742765916 8.576513496274455 26.318182185288734 2.9247970266646086 0.4146332533021809 6.026149113331987 16.485008784682172 32.96506265199605 0.5102434338036638 0.02036394267717159 0.4282162186336016
171 7.823327518491549 5.436957025001397 10.523380882800193 2.4139855685465013 9.834823100574768 25.485778776869697 2.8040019153549034 0.7897729145457342 4.546791022957871 12.74548460197064 31.289023698357568 0.5067206958597761 0.06308654457836625 0.42490270545137093
145 7.22960896724462 5.678413044479011 10.558782066557182 2.6075117017293272 9.894753775437051 24.49451558949519 3.1970787082627203 0.7012226185121314 5.2646728674278584 13.09428128528231 30.983400679025674 0.5068926689963902 0.06015257140069762 0.423533088078247
170 7.571172099498378 5.651763496369839 11.230797891815197 1.8524833395668128 8.979183191021749 25.808709798284905 2.9999773143878268 0.7596014611740337 5.740445028656136 15.007824589955568 32.29754080622551 0.5066854942630264 0.05512226940912275 0.4263075381263452
146 7.14662903876931 5.738919176873564 10.770441518716547 2.0120037208912485 8.827277393425318 26.475975632375416 2.69516466236815 0.6676391922125977 6.32511244405214 13.469261983367952 33.50609936761932 0.5083299339940986 0.047287003883263234 0.426086528432966
147 7.163909963900101 5.779940988577223 10.849869377251023 2.158026053592635 9.393086585158306 25.433399964510098 3.0733258089312807 1.1721338262278742 5.353115920231273 12.568586693403105 32.1052882927596 0.508559077049202 0.04021130301589916 0.4270229123680695
172 7.77910672781656 5.496329852813577 10.95384361076087 2.1376570211850314 9.598741707533904 25.556360291996118 2.7979922284190146 0.8063521153353586 4.3103057502513655 13.258365905636973 32.74205527060436 0.5093884705081302 0.03443958240215273 0.4278895481193228
183 7.633464784787826 5.7020405191671655 11.18652690059815 1.8633520600064357 8.837796581926568 26.302264893004644 2.6564032169149714 0.8900230638711697 4.804665694940476 14.03632557667876 34.56473529532914 0.5096222934556561 0.025694133567981132 0.4281903894120704
178 8.276334337788414 5.56170043156015 11.359458093989415 1.9500280638393643 9.712804697577937 25.052260185349855 3.1006009124391567 0.9016350143116704 4.196453897302202 14.636472488794368 30.958249551973697 0.5095215331967695 0.03417620114083449 0.4278466398797286
161 7.238014668053757 5.7058092563074965 10.62826659912872 2.256559520793509 9.567621222943867 25.657861040739366 2.8334023349949726 0.6845643779955219 5.1531739519750985 12.716455400010581 31.91814411907429 0.5089714659950532 0.03652958487840558 0.4271338978915235
179 7.686650610726537 5.544627271430088 10.879426366971435 1.9997538082419115 9.008329681047647 26.054597281009098 2.8133961042341267 0.9258312098763682 4.689594727816311 14.150334460253609 33.26997748817802 0.508169272797026 0.047956507885599575 0.4264457951399987
193 7.7948357653514275 5.824946584021682 10.951548199804096 2.171408265453929 10.050169239411565 24.903393460727944 3.028870391607279 0.8873211186768478 4.090647522394489 12.080781801949113 31.312241560222805 0.5098959220197866 0.019463817567489817 0.42853275426222404
198 7.845666731111587 5.550047533945032 10.901705183811625 2.251615837842753 9.637704152042916 24.853860944107225 3.3325379948311284 0.6494791830527691 4.595859509503795 14.062345738119692 31.151831427754555 0.5084872038805339 0.043960305525554765 0.4270864481774138
185 7.998412747674241 5.549467931249344 10.724133191575067 2.0272621603426084 8.423903284350391 26.349376085666798 2.9698063269851778 0.6105831508708516 5.462403188774816 15.334747601165684 33.693953827769505 0.5090171171825472 0.03945778331818146 0.4267258580178721
175 7.421272062074155 5.846231145909101 11.03850519070686 2.075681873038306 9.278902220153798 25.34847750022604 3.1554309118938906 0.4433658090457044 5.994518850010336 14.259120159503833 31.826702933965706 0.5088711061987795 0.04430331377506898 0.42595746039965776
173 7.950009228054584 5.548449057301548 10.924931452125618 2.2847796261511846 9.918650355268817 24.797703752190568 3.1275321640519267 0.787118180873345 4.280768027589759 13.186874231596947 31.396827655194375 0.5087844403437581 0.03882800497603341 0.42741964209169514
138 8.027608673292226 5.515650031924095 11.018690314997734 2.1868685558421026 9.774841940683997 24.824946709221663 3.2451778948161514 0.8126769199173907 4.0113972811587715 14.038261628131103 30.8187175268461 0.5092505777565037 0.03503923871705552 0.4276317142358026
139 7.749583545790374 5.297079595253574 10.761036550710658 2.3615248891551945 9.770845930903997 24.671174136565465 3.4240040002514682 1.2042492480561313 3.9918059229281173 12.933136561579548 31.84597681271226 0.5081072810402896 0.05054738537850648 0.42608530409844536
140 7.598427475195028 5.527735942833465 11.043152595336519 2.2634704894278994 9.801671019801153 24.618292876023318 3.3422226364064835 1.1464124676063085 5.073024748837457 13.944647719905378 30.495302961266617 0.504854592963369 0.06961348334087555 0.4240648200158094
164 7.323494632725026 5.703111712613051 10.838889928842773 2.143507598190889 9.157827181710235 25.816148478003416 2.973867098107034 0.6537638743881089 4.929919332298632 12.942288760725708 33.31476900738809 0.5088859030227029 0.03463931032011985 0.42822117527828946
148 7.624414717910186 5.6328118541727275 10.541903607982539 2.2722392524583888 8.996250372620096 25.803509890586323 3.0453816862822833 1.185809747905633 3.9631882177211404 12.581150476860946 34.086396946310145 0.5088515667064343 0.03418077906350208 0.42825091296905154
149 7.250462235237361 5.739316082990175 10.34281286353465 2.690528953418978 10.090594082955072 24.512612215283426 3.2133015027611753 0.8682680435315577 5.288826623405811 12.377449735091078 29.485693383405064 0.5038762151832916 0.07871997020675524 0.42313506265302997
150 7.2614986967001185 5.5075898487432315 10.810537393115798 2.209646747537289 9.421527430683723 24.961768767696057 3.326066738068253 0.7467047375789865 4.855225400257632 13.259655341316664 31.994972993886382 0.5081480403356321 0.04647607299042332 0.42605818693523906
174 7.72922866270277 5.914664949593298 10.959863188426738 2.0802734181745013 9.459544619501289 25.766656298869822 2.7702086260607888 0.6800878320214805 5.21906482125792 13.212944044668166 32.09263046023084 0.5086677265010274 0.032815461132790096 0.4279933828182787
163 7.408361270114748 5.525740140202621 10.93655796024511 2.146258483979244 9.271092234356388 25.10330106801243 3.288348576374479 0.7068158223253642 5.075454668733872 14.632114437089697 31.860221060794938 0.5082373647380881 0.048269864815051335 0.42661621043313797
165 7.61281596227701 5.842410078889149 10.444586068477102 2.3471427738896953 8.746470143662098 26.544145352998292 2.634307515284541 0.7491776255201988 5.976037330827481 13.195400536143849 33.91323546016173 0.5090294775545273 0.03202976302016148 0.42815008598494436
180 7.608440120654786 5.753473540778023 11.024363579035176 1.9426963630812817 8.511425893410108 25.959741140921988 3.2895328041561314 0.643709301595088 6.5250451141312364 15.682461324889756 32.45897421678528 0.5075023912720571 0.05410762338006935 0.4263739747228681
194 7.493566438744619 5.928328616845479 10.65013520434086 2.2332771196134864 9.07431151073829 26.29509570901302 2.613565274431493 0.3472363312270152 6.516529715853815 13.77753454458697 32.49323691132255 0.5089951362584667 0.036300267360315545 0.427138403550415
195 7.48423971255342 5.8709342952266494 10.542542418763528 2.526564649739653 9.513600753020505 24.379390057012245 3.5671809512780124 0.8429903663665512 5.651270071544358 13.169688931812301 31.381105419689796 0.5076986871634377 0.05614000154859798 0.4251699465192092
199 7.2347514609412205 5.752152423766098 10.929084319485481 2.1384373641447207 9.379312893102014 25.466223754531928 2.95021766439206 0.5615721954801424 6.0369313724943 13.690014666251926 31.669398457824013 0.5080425708540056 0.05008504156424256 0.4260683101888652
200 7.1579035727759255 5.851832537623976 10.164997736707864 2.567701914708279 9.276327544151075 25.46302002661678 3.1233601010518233 0.7061167835542838 5.774709814647234 13.338431709987562 31.033633175173403 0.5049731757816381 0.0763472147315267 0.4224739151249924
206 7.931047617326007 5.571321209901257 11.123304389791022 1.8027245926313717 8.347293990526905 26.549361665402667 2.879116621792167 0.7331065315924526 5.540187887871196 15.10463343345896 34.682894226733914 0.5092805844825526 0.026051331575362394 0.4279163347479767
207 7.94968567837499 5.325154623334544 10.569704649087651 2.470508583320294 10.185122651152659 24.602087703152495 3.0436153736486045 0.5802602908932178 4.8717845738935805 12.719468925924055 30.720889204359743 0.5072433515536622 0.04390420676604883 0.42839614637104806
208 7.452485782647391 5.528437057852622 10.9898918712044 1.8957592041141371 8.897425406275012 25.82477316299183 2.9826498352838526 0.7760318306893581 5.269295798779638 15.12512448703099 32.7062368571494 0.5085390725649123 0.043577555500744686 0.4274706854644939
209 8.006663987856935 5.423140513455782 10.692792083318531 2.4607968483919027 10.383164755800514 25.159397538678725 2.58548814993938 1.187158763138767 4.7330434852639085 12.905478448452524 29.827220108621088 0.5063506100566613 0.06449850688961162 0.4246611463551524
244 8.494457626226067 4.908096662748992 11.20246609400956 2.073437410909086 9.911743321023472 24.537484620659075 3.24859871905052 0.6337166752358905 3.9691022238472926 15.54764841578364 30.85101542951849 0.5078953761501971 0.05252570852619643 0.4265944735997392
243 7.49349826727664 5.581349184219582 10.901077946927016 2.3830844335098114 10.322134768647537 24.47208162562973 2.97723609902647 0.6650324675290148 5.053337058770517 13.061342326809084 30.087057761371298 0.5073490152373487 0.04995309377767343 0.42708965565105633
242 7.442921449750274 5.559450006771856 10.678318907882296 2.1816669777635482 9.860659708711506 25.311547164986187 2.804608731989048 0.5776237258448215 5.730277408183499 14.39726981863164 29.973088011401764 0.5072880730903397 0.053217948781794616 0.4253494443940172
234 7.981333537011729 5.575149421733977 11.070564945776791 1.8194805168015808 8.679560993674192 26.07021397798442 3.068050195341799 1.2217421521712657 4.258444235088195 14.636888450966008 33.69509174987765 0.509627116953748 0.023430207156197362 0.4289910102323559
241 8.197021286674198 5.440194167119321 11.167791010643398 2.157248043022489 9.896661899989832 24.825311618932957 3.0927706986823496 0.482260674496398 4.882114073759252 14.681164966991853 30.4036563659145 0.5090819079988333 0.038876123066615115 0.4272907997894935
216 8.037236054529227 5.500611633181115 10.753572611800257 2.334951434776775 9.518004678674856 25.23470468923817 2.9806915690258755 1.0650289105253639 4.725038377610538 13.727811716834301 32.025228511100536 0.5066999148771485 0.05691692477479305 0.4253588217386412
217 7.48914924049003 5.125546910856247 10.551224232732485 2.729564567132768 9.877987370202092 24.90717097555435 2.856506724353125 1.144980857369117 4.9200818720826405 12.932416942289613 31.63402304515241 0.5030689866808166 0.08852006542177229 0.420237745861105
218 7.47056341299238 5.5777524964895315 10.930798677227271 2.114757019213199 9.12104970703297 26.189996271665745 2.637526713063883 1.0437503592167736 4.8496226845643005 13.221988302935387 33.800018571946865 0.5071838145444367 0.049433487700478854 0.42713525612592085
233 7.731370653225779 5.355991452553413 10.401303841149579 2.7784889211206685 10.067545760849166 24.601473667449643 3.0602504976792404 0.9039402817082429 4.7506825834659026 12.92994918912776 30.462776028028973 0.5047340448307635 0.07853997727484169 0.4214943217540832
219 7.5099036096476 5.536120120466714 10.639562623442364 2.4802807951532055 9.856987888844573 25.403055826372253 2.738056225574562 1.0895681443301444 5.398662426076129 13.382558242827638 30.751054223224614 0.5049706485437052 0.0753425030101911 0.42198842169113704
232 6.998030784982864 5.8093332711105 10.871709766849488 2.019263858326415 8.920134722657181 26.085454401123982 2.9801390936703473 0.7161321763773708 5.393549019404325 13.663562817487225 33.20990355359984 0.5089463664886029 0.030974015949211 0.42875972641691573
231 7.793405515607966 5.192362307587045 10.651510010772263 2.519080654571746 9.585531383688462 24.91865278759641 2.927365305455202 1.1066127320848331 5.032406151707956 14.331990011535492 32.053663177895864 0.5069549526562922 0.0607969511355863 0.4250095380225053
236 7.872501068933589 5.570337907364767 11.123301995248164 1.8572154513776062 8.674310855253012 26.599770653994554 2.5870338235526464 0.7965575846367168 5.021282162297805 14.796494100585821 34.0722673202394 0.5086748901889494 0.03917644889757755 0.42742675934651575
237 7.680432968513387 5.743235690808882 11.071872439581066 2.124331765992482 9.640328435557873 25.155690202688422 3.155666050822074 0.419702002846347 6.106620388549423 14.407389986637384 30.535471808901537 0.5084708318971488 0.04120317010804868 0.42754685677728027
247 7.178500958853321 5.736098503186543 10.637751078111929 2.271569080940274 8.967179278448173 25.91363535783387 2.8976064907160732 0.3484326781851291 6.695181570761592 14.621030226971662 32.0422998455902 0.5079894789894912 0.04471829444491739 0.4270219604731402
210 7.382289676420015 5.686011423243336 10.872650702422701 2.2627552371405444 9.555860315380908 25.486709152015884 2.8121437595529777 0.8284243987675509 4.602751445471578 13.036983830293005 32.78965533192432 0.5082071035277526 0.039249708918297835 0.42740001119367715
246 7.375945115444252 5.7601776572044345 10.894795384527798 2.140427262476795 9.366308925033943 25.588261035079547 3.007721910718956 0.7931732156964347 5.3503635718806875 13.96145128186823 31.38786862642536 0.5074017878014384 0.05178477876150889 0.42627242222685496
245 7.749744533913411 5.437022915814647 10.347351843413684 2.6368863239669533 10.419160456479979 24.418879505586396 3.268563999542949 0.7942988620661788 3.7098141330943735 11.826543658119128 29.724524738092207 0.5077467656722853 0.049041546783525736 0.42710514564783714
235 7.331710611341877 5.674774183529263 10.714418371977779 2.4937387423372805 10.139762885898739 24.439121969706704 3.187289492658283 1.069921529289989 4.4989147761942885 12.275997622893533 30.886422690993538 0.5065945785443265 0.06591063195805016 0.42406975175574013
211 7.487914466973573 5.730003254868298 11.411667912354416 1.6363876400738053 8.307809366556647 26.312565965928833 3.018677635349064 0.40139485737633196 6.583927241483652 16.570131173595072 33.67634308481574 0.5090472846329143 0.0349191892005535 0.42713210331142903
212 7.553735859629509 5.879317711450494 11.11748100647242 1.9846281529095886 9.438328255803993 25.860463746208172 2.672070665356978 0.5193413433171912 5.798200661951571 13.407236710929222 32.293532217717036 0.5089412749685582 0.03578247526125185 0.42805559393916937
220 7.697844517698395 5.735208422937386 11.043041373992473 2.069432879313316 9.76391475510651 25.137849034856025 3.140416509337465 0.9876118052669504 4.207695172583356 13.008446928020646 30.93489047052494 0.5088383229610698 0.03466230943202312 0.42868268041422875
221 7.220733288572856 5.658188539574573 10.92373520718418 2.094433924588189 9.065467478496714 26.447680641411374 2.437223819232776 1.084398860334801 4.601619247017327 12.129252499996259 35.25477120134237 0.5093078269482046 0.02832500801282607 0.4279823313267739
222 7.791176472723186 5.782709811843485 11.154895731676403 1.8690524575850511 8.849170388656422 26.34407370741459 2.6079159303707984 0.3835784283321927 6.698353987618077 15.584271360306854 32.86823882024013 0.5092551231072705 0.026567066240385986 0.42831615411559243
250 7.491587249933427 5.679697027263106 10.787350635366442 2.158410137631776 9.410186849715657 25.488106682857257 2.978046786642013 0.4197291038942626 5.6934560867439865 14.220482764443862 31.138305931490724 0.5078498422007738 0.04821863173615995 0.4253226481000018
249 7.065240222360563 5.944338152576908 10.787530983775548 2.0762954637187807 8.725020585565417 26.12137111829641 3.011230834925229 0.6588998725705253 5.820711065342095 13.346325470703293 33.503027493762545 0.5093778683345961 0.026825702412988078 0.42763782725129296
248 8.08663495949826 5.659000652627435 11.290562228177327 1.8407259323017862 8.990045850747604 25.546982106649576 3.1460438258005823 0.5829862327199249 5.697306485834492 15.939758168442872 31.963125892379907 0.5088547174198078 0.036190239608874644 0.4256193981233915
238 7.908407996599075 5.735857947698978 10.817572063016714 2.400751957648186 9.58813115948065 25.00601692306592 3.0614047900964954 0.724586353727545 5.632565236511778 14.772343868328255 30.214231712670927 0.503209217966482 0.085978100415761 0.4216099097425305
213 7.484731588403134 5.716893861682842 10.626339279652711 2.15959581756244 8.415974485201419 25.75596595027971 3.415728467666544 0.6528666457367308 6.63650405416829 15.867139561193905 32.24353248153497 0.5060790529045657 0.06834089686456493 0.42333944988194083
214 7.92734607441049 5.847407451765375 10.680901540299082 2.0931885223039344 8.442399327776059 26.079726317173144 3.2285187218858833 1.011905530341531 4.893200201239972 14.002780903201542 34.26040017426456 0.5093289218198301 0.02936029124254839 0.42798357876196763
215 7.863690533723097 5.717209308768677 10.289704555850994 2.6563088879439207 9.700794258643098 24.92376974390308 3.1636912916349282 1.0822819686414478 4.791716334027732 12.558619080713154 31.266765164403758 0.5092381485872126 0.03828962007417851 0.4265635097750601
239 7.732585944229979 5.712811846311301 10.678917445895705 2.244331280634779 9.397171044139997 25.389948585477665 3.0915951830475055 0.7875082869992888 5.061674298753955 13.123515087909844 32.21593444955252 0.5092700047693175 0.024623312688084945 0.42859777346779926
223 7.706089215736446 5.286128724091635 10.788436030161893 2.097946516753032 8.871794556415166 26.382710541693694 2.793009315368986 0.7419351626186771 5.946046270792484 14.82428833900841 32.45301151151265 0.5062581797642379 0.05808813381294407 0.42565921974365606
240 7.555616886319232 5.657063435211188 10.855340405871521 2.046439862468222 9.10157831332787 26.230243909941265 2.692631230170817 0.993415591089454 4.580582781658593 12.62860870241069 34.33858557324419 0.508536162086903 0.03543289236857267 0.42820831383507496
224 7.647770859518882 5.763597128137541 10.913541639733959 1.8767650192861582 8.017850237891698 26.081391114949476 3.53466485886397 0.7474923293831535 5.679364489900224 15.907592007610033 33.59433040105151 0.5077138363532763 0.05311302236679231 0.42538521661748135
225 7.9289854890918265 5.514703794011684 10.394314706842945 2.4281806093136784 9.45067689976471 24.707436456478966 3.624825336054723 1.223159894183767 4.362926465433686 13.79936859304472 30.888557895878186 0.5069781642586045 0.058998372830495166 0.4240446425958938
