# timestep 4100
# phase bcc
# id f1 f2 f3 f4 f5 f6 f7 f8 f9 f10 f11 f12 f13 f14
1 7.841278072795701 5.529641256624571 11.299463981105673 1.9542256256618853 9.842313238408616 25.64466083902529 2.538548468493113 0.5749823716458221 5.2755789182035855 14.017096270598698 31.692688156467085 0.5085129240974571 0.038542863917461014 0.42638592458307945
2 7.793770259297165 5.618426622460566 11.098752411254559 1.9859478759485034 9.71640369636491 25.713284222365687 2.7028558091199812 0.9707330862438942 4.1522195154523605 12.772940527132096 32.37905040386213 0.5087326630637005 0.03961919559600189 0.4271566267624988
3 7.724486514014545 5.683497862487283 10.982431606580253 2.1097349581796427 10.165932647122276 24.95450850649757 2.998894915892178 0.9403298591716625 4.2592712365269865 12.663354174474392 30.16719454190547 0.5075132171377087 0.055098983446150954 0.42588274032682744
11 7.249640498800963 5.628599100873568 10.95269447104936 2.2969266413784375 10.863110973356124 24.576564432044385 2.594454394724433 1.2917127362586691 3.9214919703531868 11.919936825430707 29.062329033347538 0.5066055994260379 0.061355984678419406 0.42499307996510843
13 7.682446769764598 5.607105713179389 11.084601000625645 1.9882464627420169 9.17341583902364 26.290755372498214 2.494345125408691 0.6481415143324191 4.9053325762797 13.807218099049182 33.518114027880195 0.5082226134071468 0.04370262024522977 0.426680058001112
26 7.9016564973089185 5.482102582619596 10.415660598200422 2.5772911594983383 10.031683244612058 25.031528559303684 2.8934451940299355 0.925946136016581 3.8085516331202705 12.028599710026583 31.59680631012154 0.5078857721280523 0.0502999728429815 0.42619609669298886
28 7.559409199182688 5.80263658044888 10.961437365852538 2.1878875184144153 10.031839480408586 24.912010994204437 3.0020985448383026 0.9038502572768025 4.237838559517591 11.975461149640687 31.64247321977998 0.5100652331244508 0.01848946064974721 0.428433689552619
36 6.86445989939448 5.660505781633525 11.198104204717673 2.027309316151764 9.88335397484709 25.27758531032529 2.765634476773828 0.5630787703368478 5.575606939317244 13.438566022702194 30.941665795913465 0.5082315236957337 0.04702400715663752 0.42657960756868324
38 7.259076236781422 5.693682312765172 10.81831291265128 2.201529070952082 9.520080190548889 25.762839766732963 2.7716734863705987 0.31341648102524455 5.948140648796272 13.728175960943254 31.414731743334624 0.5094682153453153 0.02932800234055982 0.42849525731846483
4 7.932839320824425 5.629021962259193 10.905677522959637 2.077189322579748 9.335484323550565 26.17517156014773 2.5927598122528144 0.6684695465613347 5.320467684006854 13.613011822915965 32.56653795775948 0.50953529869269 0.02300202262823517 0.4284180254529412
12 7.668500965153418 5.74701093641775 11.242814053775435 1.8720149396289898 9.838594510507745 25.64128981596858 2.722000657006239 0.4536404993781906 6.157594352413808 14.83303519908452 29.68332594467775 0.506998893294555 0.053891663538135876 0.4247339276724645
21 7.209052558585309 5.523399190755654 11.122406181332249 2.10060404389856 9.807706587681745 25.488076076297595 2.714182420053288 0.7123919763216571 4.641035988000317 13.685165215320536 31.15392765010977 0.5086248547285748 0.03946188027645689 0.42736168787223067
22 7.63175282391295 5.712006399212056 11.157513814225862 2.004027542913065 9.594260824162333 25.637299859558137 2.658178746864466 0.9400031661812595 4.580922623690695 13.36359247776629 32.309167216978636 0.5090640194222753 0.02867135401757984 0.4275465117064787
46 7.269173557636247 5.882215520576645 10.710892978687335 2.624845069712856 10.969764349849417 24.19894838766853 2.751922063122562 0.929530064651919 4.23160623749136 10.68748299820139 29.57659852230171 0.5086805411321802 0.034119955090588544 0.42702070484079424
47 7.31368241396001 5.854161141276477 11.362486819032432 1.9025841075840921 9.468003021070093 25.498007477448017 2.9095552737711934 0.5324786497221791 5.951555285846696 14.29209561453598 31.36435925198579 0.5078914682201816 0.041950035251261994 0.4276464824086393
14 7.203647654384448 5.835223463419822 10.816867006792847 2.131547603864272 9.187467577670525 25.687725802819806 3.031023920171169 0.6959928239494491 5.429920584969906 13.157273158253476 32.64349655197235 0.5070912017787438 0.04748759643351173 0.4268020212527906
27 7.5348820037675885 5.6287874837740395 10.993244256684886 1.8387249935452163 8.603989427750061 26.957095854574344 2.5295193820458914 0.7093105102505669 5.09560371859116 14.566819872186796 34.19410079765561 0.5095158005276493 0.03190559798562694 0.4274141329938255
51 7.744741812125467 5.778054230652627 10.961318976836733 2.3377506158844814 10.448112663795664 24.6244831248745 2.9849659853661814 0.5622269989557895 4.531912789922229 12.568150812840123 29.498987814232798 0.5077397729920011 0.05129870999931158 0.4264298149290192
52 7.60943934693777 5.742429008157537 11.296115656118413 1.9805666460262448 9.98466944659906 25.222175605977004 2.7471447240483196 0.4426500340126761 5.43644707364437 14.055280076339336 30.707089096090108 0.5097023726389116 0.02247690749758914 0.4280005867513455
56 7.261171190686899 5.797271546792886 10.77391828428868 2.289736982277106 10.52677083065017 24.86792381292661 2.726748537833733 0.5929242376142047 5.074556228739772 12.024246714368978 29.589234579413862 0.5082943464373872 0.04290911174690422 0.4275828588498414
57 7.295631655130223 5.830212804460405 10.987455681633458 2.213613826205358 10.432671732219786 25.0190449407194 2.6076459628829074 0.7467792227064621 4.417037590246156 11.473312675088183 31.0524916104223 0.5094810867460471 0.03307083688724319 0.4274844702400827
29 7.92537056223651 5.703773903731292 11.444247764728944 1.73721613026646 9.346506999132043 25.786702161122665 2.760978631065445 0.6030698358444825 5.094612605900743 15.104114640292167 31.885015833084417 0.5102341494526502 0.021325721625253775 0.42815830622487533
37 7.884897864843285 5.637052159381423 11.289505864312783 1.5730931537995705 8.578968912692295 26.89274964663894 2.5054717138172826 0.6297879979874728 5.998535776092283 16.46098204430385 32.95852891837356 0.5090704717692396 0.036935832814360074 0.4273760396723752
61 7.291755227630177 5.877329967539526 10.590636026881691 2.6390737963853574 10.662608168262484 24.285282835544837 3.0634670255104 0.6521044731944756 4.63187867013645 11.282153879097113 29.488438893076555 0.5087514231198189 0.0432785485248708 0.4260459545347789
62 7.2881736057794955 5.723153143992761 10.71880671046347 2.308919621544883 9.61119521159225 25.360520474716598 2.8785522271264057 0.43130276046442095 5.869330046756132 13.717774901222944 30.93052065766169 0.5069088070167026 0.06299895404415186 0.42326585514996573
39 7.453288102779314 5.762183166486788 10.845733942914915 2.117560061099397 9.459608806802825 25.389511045112442 3.122007722725967 0.5954050093351614 5.535520359290161 14.455307230822347 30.514712866221455 0.506751480518806 0.054139233641647695 0.4260406914328753
126 7.499116814549167 5.526036129223466 10.1551447279555 2.6622503034057217 9.513298882353984 25.01389255981468 3.1353188011077364 1.073095051218897 4.670228722687652 13.339678959060523 31.02125755409742 0.5032038950473816 0.08699111526539624 0.42030092767284505
127 7.416148186723242 5.478020614713736 10.266741784234416 2.4979772176926285 10.045130112738759 24.802632530654172 3.070338498828038 0.8165189841680425 4.6119352167717125 12.103712216007764 30.917149509096948 0.506678583404803 0.06353448657555158 0.4238254443404022
151 7.934490263159783 5.517415121944246 10.762414417639711 1.9840449400776525 8.783937349835341 25.963460695372444 3.0104603589183436 0.7154734997691121 4.95987673199466 15.09505578015283 32.77838278586682 0.5084754444565875 0.04465407323190076 0.42601988842291955
152 7.379183431418839 5.706864976578305 10.216851144682607 2.491773852316288 9.664190732914065 25.417951406859444 2.829755759139769 0.8901756651334313 4.76820034287366 12.396249807659736 31.70228054259409 0.5072469693297686 0.055815194796231024 0.42524406442343804
66 7.630158751693736 5.701191043478045 11.574694044541635 1.6933099023915694 9.529229887806592 25.652658998588812 2.8488897387202146 0.6569779925949603 5.092897168806424 14.699205381544715 31.447892857290842 0.5092129531637112 0.03248490223716347 0.4278858268748692
67 7.747959750351585 5.54264627229156 11.250503351143813 1.9846926445632622 9.899399145025663 25.893628400890595 2.3503683762996213 1.0023850574831226 3.7960688325343632 12.49751262980453 32.89749703026735 0.5101209676316851 0.018114780110172434 0.4287731815068535
71 7.705913117863043 5.741763306743686 11.299527240030658 1.9018467855892502 9.566951545820144 26.069690384437845 2.466897785422592 1.0369699913900503 3.881417962969983 12.766027404280065 33.303564843931085 0.5092196487366812 0.03378952436104889 0.42772261044989884
72 7.84558524138697 5.517503655390312 10.994256617039506 2.129171711349347 9.880545581146997 25.467849559260543 2.6846886831215735 0.7178837031547438 4.346343107429261 12.795786183004084 32.15245624107233 0.5091797387255886 0.024074375935408777 0.42842097176715543
187 7.217147429248647 5.6826987511974245 10.872421649805846 2.1262019438374273 9.417830280590396 25.069170164818612 3.2828017058032937 0.754602683399254 5.855593095687548 13.992989182565566 30.895344615980115 0.5067024871717246 0.06388784444155965 0.42360631679345145
186 7.652557168575102 5.727343016336012 11.048233741644648 2.0008254432931567 9.164404310500311 26.36105933857873 2.4979663440929363 0.8077466813365335 5.632422622818715 14.076852527031146 32.72343190866979 0.5085015250310911 0.039390911979881565 0.4270549423557275
5 7.7600258040218195 5.655735441051397 11.018665544160635 1.9702841491294467 8.883159241679795 26.417042315255543 2.6405239408510006 0.5647074403929365 5.5280091411049765 14.399252806711504 33.74702575407621 0.5094599974179164 0.021973740966675807 0.42846380230940395
15 7.729252697315116 5.841771989533945 10.995013516011106 1.9784464728231463 8.743670857499872 25.695764111427412 3.170446795287105 0.7409157255120632 6.126366021668006 15.504554307125265 32.04671206189845 0.5056761791818852 0.06735569567675677 0.42427583765148874
30 7.332043783203612 5.880903393152409 10.958203964554457 2.108077471482623 9.581537084461615 25.7527114817089 2.665444733047351 0.5839096600415221 5.696256873963568 12.949064748680614 32.27968366760549 0.5096193268182926 0.03531426814292934 0.42785843422184544
40 7.340266362357949 5.8707801571109055 10.679463817974627 2.1902514071717625 9.215312177231363 24.99142881421014 3.374219326038112 1.0685352855962167 5.756197445623624 14.397473659223403 30.623009404137726 0.504076686233938 0.07766146358824944 0.4230205213584803
6 7.659158888568049 5.630827581171797 10.970245050618589 2.046762458057227 8.994059574758117 26.123024576457542 2.80073983808284 0.79272173702499 5.793874383055082 13.973452980504094 33.15612992043203 0.5071017446046235 0.049533360249221885 0.426980213848585
7 7.307558986211064 5.837838900538016 10.898469213268298 2.050763360033921 9.021253362088913 26.41034874169243 2.507746122418496 0.8176952137269227 5.70426801959702 13.329460305888466 33.22498077732361 0.5076264881002618 0.05221074361486081 0.4264928894922358
17 7.737918376737603 5.772088312726015 11.062842668520487 1.812023237894118 8.263859003927037 26.96765705096423 2.6307850188175257 0.6894380461755776 5.75234639533269 15.004150855457441 34.78660548407152 0.5090867131789012 0.02540625338859839 0.4275678718951048
32 7.354174014427963 5.716268178549863 10.899360227261974 2.184541312017927 9.468519385635092 25.381873416821545 3.177694920564658 0.5353577046857875 5.608970891268846 13.590403704804547 31.371710172905924 0.5061125092711012 0.05764290117993591 0.42529800124722167
42 8.026805295271275 5.376017145979056 10.35925790530684 2.722767062428213 10.543313318646304 24.62643106075267 2.7724450196972814 0.7156307915450868 4.385317861506235 12.798337430229804 29.447325517889876 0.5060745093693525 0.0666698803178881 0.4232732213377168
23 7.7188063479396 5.686118386477426 10.806265264410513 2.1200735446876737 9.274550422932977 25.27537214667147 3.070047628047135 0.762605493152202 5.600510382628727 15.357946051070387 30.914985781162446 0.5067254532517439 0.06547356247196162 0.42388363257841066
48 8.353435366194585 5.254583039858563 10.704262056995878 2.3160787927943858 9.67689415758563 26.554475049602612 2.0487823642369403 0.6186300535397833 4.63894956907936 13.344842706364673 32.756301091138845 0.5088641053037571 0.026727013068699023 0.4277764043554641
16 7.743332508006785 5.588580968488219 10.327053593895416 2.639338567576302 10.130150748995362 24.662050847456456 3.18383539663322 0.8836116829981755 4.227701429563888 11.644591752666473 30.855978299517513 0.5087790672577391 0.03556377870757021 0.4271160815544442
24 7.43156960495944 5.726534615530053 11.01332688871816 2.1379681513563358 9.09601533679585 25.443727895660775 2.9007153833953554 0.8172247813847986 5.430258055776207 14.54846283193037 33.0489899110757 0.5055749481018896 0.07483374051965372 0.4224466040096419
49 7.195423662918137 5.875962260166789 11.594733320116982 1.5781219314848536 8.909400448774074 25.732026154503323 2.975059872901669 0.9072985700652422 5.367739998049315 14.754297526340721 33.18303641523409 0.5096978562068322 0.030826577977074308 0.42768002627185875
53 7.595143894212458 5.68211111960015 10.912045909485952 2.1356630410313517 9.954472992349936 25.425528014424852 2.7158838352014465 0.7132721241505647 4.779702748913411 12.893032941434637 31.2559051461852 0.5099041577963197 0.02311962244578768 0.4287697258026238
58 7.627217469305029 5.563032913183714 10.912729373620927 2.150314628209533 9.5925344264723 25.77427967420228 2.740134647073479 0.8648691998542778 4.337210456847339 12.71401134476948 32.76208154665597 0.5097506620439609 0.028003801211094182 0.4271173185238142
31 7.794449362996918 5.5983820611856006 11.118410369668979 1.9480632997562806 9.153606869779138 26.034865387475193 2.6683351984730304 0.6688848999833727 5.19259629929468 14.536563226644889 32.99741674876075 0.5082209790790444 0.035433719124427686 0.4277520326541546
54 7.4752032017301895 5.885328613806022 11.084585729184942 1.9809677563731525 9.288496296064825 25.4454622443666 3.0577627672911847 0.5748332492616847 5.840663058944483 14.16552904775565 31.914879952018186 0.5092939369641015 0.0394761641816549 0.42725123190777
59 7.463164826886903 5.682358974199671 10.413364303873553 2.3863955731512037 9.561740575213944 25.397609570154156 2.913961265463841 0.870489231258235 5.6732286483356935 14.12281638179644 30.175001675942234 0.5051932430266677 0.07619079540120613 0.42162009209308304
63 7.36463795850515 5.671366149232532 10.833500218798259 2.0125718233627414 8.994160471239367 25.408911842512477 3.265668188755029 0.9960157960432381 5.722585895326452 15.21657603730118 31.091333831039975 0.5070050337722167 0.06483586904258849 0.4223005533511808
41 6.883783140946866 5.840403057538582 10.871444919401421 2.25497396789428 10.00447161795677 25.005122151819695 3.0054794775229734 0.9542069347033563 4.9200090008217465 11.823820511976145 30.150572813829783 0.5073664386991685 0.053850223039665336 0.426193993028495
64 7.655920684032731 5.3323204111366636 10.873445518891499 2.194691733046441 9.355647390377822 25.94706322576974 2.6936739127231544 0.9603558679861511 4.540691012041874 13.420034027110761 32.912225183011465 0.5073455630693514 0.0556046136300424 0.42398112420922546
128 7.191997409332848 5.74957144289268 10.897753947610243 1.9763342170740716 9.101462936853295 25.975472668068722 2.9158579403934493 0.7888304603410692 5.384934880701127 13.47180293311316 32.91817175968641 0.5088687089661535 0.03553896586576603 0.42747107631450865
153 7.484375261218036 5.7459284735389335 11.027045627611654 2.2495472406996027 10.361912265353583 24.688530070383198 2.8554956683744925 0.3806758101330932 5.807512795585932 13.396651449763532 29.349190771502546 0.5088800576294162 0.028357032282574968 0.42759517675936515
68 7.62790622626494 5.684688132891228 11.306133733938143 1.9194426853475928 9.517744418258733 25.540438271438855 2.9006743255412126 0.6220044785697963 4.744421882238589 13.964502302751647 32.02725555366023 0.5098327876102539 0.02723995331970274 0.42818680131947756
73 7.38869461177198 5.777496303310099 10.88380689526827 2.127616326409348 9.382243618744445 25.912470503198268 2.674974418671004 0.6570989134747887 5.315180537322224 13.163301437608748 32.82261772236703 0.508141836144621 0.03935389853132875 0.42660066926748624
188 7.23892600983931 5.7507982549198235 10.34364072680687 2.69667565342661 10.378558095085445 24.798593781169934 2.8594549812313854 0.8145145243269805 5.229564120922179 11.758091261943976 29.220680537790955 0.5053662361859289 0.07153811940603809 0.42269855127434586
8 7.140095128090909 5.751618872599356 11.003979485270772 2.078413416230373 9.78459293818279 24.801713527400647 3.121085634320648 0.9504089975050711 5.176344858881169 13.547583421311847 30.804461056322655 0.5061433652147894 0.06214454332802905 0.4243852829552214
9 7.305703901621555 5.6864579455439035 11.277574778880956 1.846734359453491 9.006025183629857 26.00098116289581 2.799445378192647 0.7688303774256325 5.318164786581435 14.359350497114 33.0928516762835 0.5074543833482303 0.051360511241897625 0.4259622824650692
10 7.388572260116222 5.59961218225409 10.54787834866545 2.464185354040672 10.477989285079838 25.08158220534957 2.5884646065854136 0.6369680461306042 4.993820203266282 12.993504193919783 28.939757088310124 0.5080522800252091 0.04952087806698572 0.4266551943387101
19 7.733337585880887 5.4600166015434235 11.30598435886708 1.9296213655488668 9.758783454480309 25.97030831656725 2.353994122045855 0.7500342652427041 4.327198621258582 13.763000677416416 32.32999608307034 0.509072256872541 0.021209290735739798 0.4282222194588314
34 7.609338944685475 5.499966684811316 10.561604163540869 2.3508255633591277 9.438325081721715 24.90989644532512 3.432856312932409 1.0205030583079502 5.333358560603679 14.562600547387074 30.388309684291805 0.5061504031332702 0.06404683567170034 0.42487960285264725
44 7.6290946571569 5.224935964470588 11.027389358313217 2.382521386655928 10.406077775939861 24.112367446039194 3.3067389863855916 1.1065557613425925 3.186795286297027 13.326010513954182 30.059868980268412 0.5059249795005087 0.06584881369039683 0.42462572528012077
18 7.557243740956151 5.494685927602233 11.015366641710468 2.110990059499539 9.910393810667486 25.257090305394918 2.8094453665870054 0.687419865626346 4.49563213338713 13.10131448532673 31.747898418187063 0.5073051005372348 0.053379628242227306 0.42570488088804276
20 7.303146496246042 5.560147104086454 11.047978386747976 2.2025438256102694 10.431625673354663 25.21140052393968 2.4654286163942416 1.049463364495961 3.5742968886950957 12.180635479153391 30.536834953442703 0.5077343132318637 0.05113996798261232 0.4262712807698233
25 7.516639896593542 5.643939562075504 11.060286680307883 2.023552784352613 9.40754557195986 25.47472415651892 2.943505204506724 0.8156556707377479 4.817891954541549 14.35645309751212 31.81928855985638 0.5088385989860252 0.03528599553744103 0.42769867349336926
50 7.646092758679122 5.477873023955441 10.72889855510199 2.509503422157818 10.663022445311558 24.53071317047343 2.907258301901872 0.8742094380343673 3.790978744185082 12.124095166364901 29.788750723488135 0.5098324141513438 0.02693322072219303 0.42791338612003027
33 7.497315475431886 5.583555069229391 11.160849793358961 1.8846846205341194 9.044619494625906 26.300241465699067 2.6615524243463136 0.48083682615624895 5.386204871362311 14.395582255388696 33.18615911345777 0.5088679625452831 0.03587131612251935 0.42711278060999525
35 7.194679559434071 5.304616834710485 10.53226129587617 2.6139565521914494 10.011383074424383 24.513614481559436 3.205651859445124 1.0580458990176673 5.346012653030159 13.985683930855455 29.12742308916198 0.5027406868767359 0.0880650030206036 0.4215185781708672
55 7.63337848392285 5.775772247164812 10.819775823281148 2.239618314682229 9.790841468875875 25.117594214570705 3.0130399404799073 0.5770120886706073 5.048110182530591 13.102674744674959 31.03085715878415 0.5099785790460957 0.02105563379278413 0.42824462785823814
60 7.309901103493101 5.729957285013311 10.904379137542385 2.1092785594963446 9.68826439910171 26.05044428908726 2.517768756283638 0.7227536803778343 5.062391399141788 12.334904979356256 32.32833615091899 0.5085255067059679 0.03946791853547029 0.4265162777858206
43 7.422292802992477 5.732695828647464 11.373558746324818 1.9586831426946159 10.096598544962955 25.385569315584984 2.560863685906804 1.10759181960595 4.397936342634765 12.644570232667743 31.471636627197515 0.5090863364575432 0.02744800280345968 0.42872237796126617
45 8.242779637637536 5.14896345296247 11.253910162591623 1.9386218919361473 9.57045369553497 25.95903310054329 2.434279494659523 0.7330941868525014 4.3074266521596165 14.903977282269915 32.70657807186947 0.5100516360886883 0.017617070080320974 0.4284309905947671
65 7.617505558173798 5.62097789058089 10.796964606039138 2.3000334820747534 10.145007781386902 24.644169976437553 3.0884739087060487 0.7118813122532426 4.513780225170997 12.910711494727082 30.58129902287378 0.509281691478468 0.03941745167615452 0.42690113146984027
129 7.77583590460948 5.625872798673716 11.196287070125733 1.9345002221882424 9.41673288824231 25.775888884216617 2.7172386951360483 0.6506819913832824 5.891328334332597 15.036386127451964 31.20836814301438 0.5088650055771385 0.039231006355432335 0.42771515356209694
130 7.735604537373708 5.488680097877111 10.98235612575333 1.9017674964381832 8.549412638202115 26.05241529038131 3.161134404861707 1.0076500896232168 4.651569766619228 14.758899323647062 34.10023004913932 0.5086256051333349 0.04238873526622073 0.4262051399540362
154 7.630910381013007 5.5264810121503265 11.216477229016851 1.8238367629489505 8.798859915875724 26.488405547195004 2.6353851454093022 0.4109543841396168 6.016313703819066 15.573504988009732 33.312211546527216 0.5096733375491677 0.027067577544930076 0.42854874965001427
155 7.8257297334972655 5.6276039002386735 11.133460527068918 1.7640960840617383 8.488120049464262 26.535748435368752 2.8118208729756025 1.6359341086131651 4.697007011620082 14.320597562282972 34.55438585235327 0.50830708154252 0.046337456366733226 0.4267083976481666
69 7.72385964328329 5.736483000803139 11.154417470381993 1.8820767778526297 8.899450524973869 26.073902376928654 2.827533051201387 0.48168479247629076 5.61302185398291 14.975572071484315 33.02129328156022 0.509927472190625 0.017750415517691607 0.42917640330796397
70 7.881098854054499 5.626523495495607 11.330992844157539 1.7936966270564263 9.092943937550805 26.42527567719103 2.477117314515555 0.8312160736986596 4.514301799546319 13.79567506212678 34.17019896916773 0.509729473478194 0.028207874503889927 0.4267106280546672
190 7.588225142914018 5.6891878915581735 10.5723310305581 2.4003722548687296 9.412511925104614 25.44689587463867 3.028659974366465 0.9118353517680183 5.308146551882946 13.792422861647811 31.29893722095835 0.5054935477144075 0.06666461112147676 0.4249668519596992
74 7.633356113431463 5.767553191403403 11.364068329864446 1.7498813423040211 8.97989071180199 26.058154450343967 2.9019718135050825 0.5462383898043147 5.734365450526843 14.741196697788943 32.8358775800606 0.5091737318051827 0.021492373727261267 0.4284686344091431
189 7.591399189531051 5.536050269017445 10.877374496004585 2.1776684797382795 9.475318792010354 24.941362039697882 3.3557316996381163 0.8940559323788766 4.255030942165805 13.440815363309905 31.939663731643197 0.5090119047156916 0.04205000944142069 0.4270834607702002
75 7.77478328419878 5.639254955843387 11.407802460054322 1.7543388907508801 9.216164012162087 25.93247623812896 2.7870326425534753 0.6107997118468568 5.322315297861782 15.103251326636352 32.035839508428374 0.5087850711749644 0.04107662211884704 0.4271910641644238
76 7.020457668335186 5.732833319956522 11.243268541415611 1.9979463498590115 9.643416325969762 24.908069997429564 3.3389771227861558 0.6965834416223621 4.993896018831589 13.285597458085919 31.309891077570214 0.5086469029261617 0.04156973610773393 0.42741942704311475
77 7.519649407448751 5.440288651300225 11.273363824534185 2.002184227696558 10.224517744660202 25.680441652683946 2.337066587781903 0.6438563851416693 4.110320736399499 12.915862432955286 31.630429388407308 0.509893619345382 0.019475025731894184 0.4283935520004326
78 7.294339413642621 5.737779610043958 11.10086142612488 2.076256354529067 9.922517669783844 25.60357536663349 2.5761824014333508 0.8139445045700859 4.620671755842214 12.869205737077284 31.43322237256391 0.5092508766574856 0.03656865125581351 0.42744896195327464
86 7.475387563025378 5.466772451967603 10.847261336883237 2.339733890959736 10.313593463527104 24.858948201930943 2.852927882138752 1.0470969923050644 3.975645449558341 12.715761766106285 30.245020252294378 0.507969068975911 0.047423905710174206 0.4271633119680744
88 7.794363977063364 5.538140413380392 11.238238513748705 2.074892824280467 10.526057183078423 24.84688216118827 2.662190630955164 0.8354644838923271 3.6606796819898624 12.593747784423133 30.652291072089213 0.5098362414269416 0.021305043315418343 0.4283201368088168
79 7.225590669319746 5.769458069717016 11.190216495172528 2.0370509749115846 10.095844371090074 25.139583502970233 2.7706958741236294 0.567418903564424 5.317125288277299 13.377804202234314 30.218929077583496 0.5091215908710757 0.039949676335081945 0.4267829818389618
227 7.7630309593909015 5.720540513617907 10.495644415501708 2.3281865401315915 10.17849377817082 24.76508728907572 3.104854356142941 0.5501351317919622 4.804392508300603 13.045570324740673 29.37735833659963 0.5079021132288659 0.05180100997923743 0.4242379033203433
226 7.153895555396448 5.817042944567913 9.979336039921245 2.885733084602013 10.493034958129323 24.499386911872953 2.954073243961173 0.9593233861346053 4.9435340777295265 11.771441238103382 28.28974387864302 0.5033754447939038 0.08669952847893558 0.42004187957969125
87 7.577711811459467 5.424660413485918 10.976486026432765 2.42508698745508 11.262531943597876 24.129609908972288 2.689005342491269 0.8127203900496358 3.28295155065935 11.417120998369597 29.20216164192173 0.5100094575471844 0.022966422839896024 0.42813329610514794
96 7.533263591112488 5.677279422757759 11.170945077986854 1.7702837972574903 8.866592011927567 26.331266648862346 2.836090062328384 0.6336236176046003 5.235135524530211 14.753389877787098 32.85953363044046 0.5085918145013308 0.038550717312759004 0.42757773055840465
97 7.856713132785061 5.6730095637190106 10.783702747062055 2.218547650954435 9.868236052330989 25.880268843521332 2.3259450816712066 0.9290646950836421 4.579850228066608 12.749866863200705 32.11743534736295 0.5079595117524456 0.04380905960616881 0.42674414091183654
89 7.202670325665265 5.8009569870598465 10.500726597964992 2.552965482844943 10.158125686126796 24.241181591348237 3.4213991587247423 0.9436273472182287 4.338119460988247 12.31021221354798 29.639096322667786 0.5054666654767883 0.07634708650659118 0.42162075212192424
202 7.18880934058422 5.622783941537797 10.12934881010209 2.687823698178692 9.379606898050007 25.325663062388 3.248772950006025 1.0003214414048707 4.900074997377116 13.161997274217416 30.71360237887697 0.5044985524849377 0.08249600047692454 0.41999490419699015
201 7.089049633673275 6.008903600583619 10.98582763601341 2.1740286681775634 10.060729090404696 24.989406574028944 2.9263769888783373 0.47284734398917194 6.261783591534549 13.215810221336138 29.47961862492498 0.5088130360196346 0.03854424474380406 0.42630817605440574
101 7.291455365260348 5.724180958317301 10.575265977987476 2.3357360182739817 10.15035308749301 25.27926768844366 2.5539035601374946 0.5157712261874523 5.569316743645501 13.335716621203412 29.637604592542523 0.507411533334812 0.05284754829771303 0.426050894251635
102 7.25954360275435 5.609353062593547 11.053820968362164 2.1694256174203157 10.314789908915802 24.954205735857922 2.7629991763995463 1.0828637802577024 4.415611933181505 12.719952855911432 30.193704893527777 0.5091738403733113 0.03822920910494803 0.4269983597072968
103 7.652292055076101 5.565993787764357 11.318858566928967 1.872387815011349 9.523980586911057 26.592707392200428 2.098190086000436 0.32626032827113927 5.83826285327267 14.7453788848886 31.996771205494866 0.5094267039873794 0.03322237977539567 0.42694239880991425
111 7.708101256225351 5.177511571086895 11.417434343218337 1.9114556262671998 10.158599798178853 25.714538931473356 2.305216493770871 1.0202891969256587 3.4010305943309413 13.192859441284458 32.11051033667751 0.5096101926584892 0.02814777048976699 0.428380267745629
113 7.568183925568571 5.587761974307754 11.610552509375925 1.5968627158820698 9.320514618743712 25.82789857164122 2.7578924244760827 1.021770487143704 4.57471956459033 14.889336258876543 32.56248094723549 0.5098038412996123 0.021795160366496175 0.42835770795673
104 7.286054548182389 5.8056883408727264 10.74682986300695 2.431026978477605 10.213758300498334 24.800153366856904 2.92410619927757 0.6948970221599395 5.272662159200824 12.388916653365113 30.382173688117124 0.5082859283486646 0.0462152251744712 0.4263323023302901
112 7.723764590105856 5.259909870794791 10.757946624271764 2.779760466675017 11.562038065726576 23.64563025202336 2.9282971862844396 0.8625880777704884 3.4542827188076575 11.810895356224954 27.477599167946003 0.5084933010520182 0.047078919230893926 0.42633315365375707
121 7.854328998565206 5.257246897756041 11.554759422617256 1.5730826718019777 8.760122396195925 26.038633925744097 2.940379703712331 0.7491239435930727 4.552610767800465 16.41841769591791 33.597736266801995 0.5071875882406255 0.050771012554994006 0.426611100122418
122 7.6764836152279825 5.498533415884311 11.17375644298988 2.01306226024812 9.616407917723809 26.082068692273026 2.3828811863995703 1.0358303080744626 4.25445971200653 13.118337339311891 33.00365042279016 0.5076242775704051 0.043456023505172456 0.4264832203104689
114 7.299006784321163 5.8006700027794675 10.261703168151778 2.658934856573508 10.146923771288767 25.10502698517857 2.8434864687297856 0.8245934200714029 4.875868490296432 11.551267613944393 30.432185626185436 0.508748688161892 0.04306450479104667 0.42568457112299696
80 7.391004830236458 5.656602375111499 11.112057235778806 1.920844038073563 9.220272495970764 25.37438425629076 3.147561534451156 0.9819264616337698 4.661273183515672 14.150595538312498 32.5332246008654 0.5089546884670907 0.03941914104346771 0.4269525946556752
90 7.798996792926259 5.619827147279648 11.185405707879697 1.8783151703897478 9.295197498927712 25.977110193951933 2.687409196757439 0.8525618790880582 4.605974236358628 14.091388012834953 32.717302119422314 0.5098105388323589 0.02395122824856 0.42805539322460207
228 7.983142453880699 5.474793679275877 10.72414348321064 2.194300662704212 9.538082597275118 25.498406579549076 2.9511144950643637 0.6500971116954822 4.825728391364975 14.159334247324745 31.452858568634458 0.5090361098598858 0.037054648777805045 0.4274725006071137
81 7.596594303620923 5.695396901945453 10.385684911017153 2.573678772070041 9.844662709887656 25.19301442204212 2.9499359099935796 0.604293957568451 4.898497130450421 12.529975972127346 30.93050690634241 0.5089756094538584 0.03858262146590285 0.4271114239044659
82 7.818624726575292 5.4636785847784015 10.347991408192716 2.4809705076695883 9.347130850137038 25.897639941297466 2.725257664738645 0.9934568137678181 4.186136042541626 12.39898950503092 33.37407902594728 0.5078118739643627 0.05418972708472584 0.42593485538170905
92 7.7950644446992285 5.735714342179842 11.077801105498146 1.8831236683668455 8.85056325013428 26.117328446588154 2.807581624693263 0.3347510624079623 6.581403543078187 15.625739274453634 32.4566957119236 0.5100121878116772 0.024282651254913926 0.4278097962333495
98 7.644608389480515 5.8044556087803185 11.331470012691916 1.7900954242605203 8.982054644869129 26.751069869021386 2.339982272545479 0.4926482340012082 6.116210823178817 14.720366000159121 33.11068493525021 0.5081103919338492 0.034600742041020746 0.42671054728879576
203 7.924137496767074 5.460426994258853 10.66224544390596 2.2552905607981115 9.530028755645473 25.33280387929374 2.984250284180025 0.6600375048119758 5.036362188373495 14.247840917810876 31.453755983041884 0.5087382443858863 0.04410341596762487 0.42552569734119094
91 7.387958499925895 5.887489081156214 10.818381094724582 2.0904451153067836 9.002838834644454 25.594258710865343 3.178211991259587 0.5716863857571326 5.933018633004722 14.113786661855977 32.442258091260406 0.5093815240345638 0.03405877373529357 0.42679195957176547
99 7.636783015123044 5.6228697894850646 10.992378471038805 2.017638114017352 8.990893130467363 25.464403639096663 3.308106553549587 0.9560027431043749 4.6566288740316235 14.036289171570006 33.103525589230976 0.5067215662687308 0.06089144189412348 0.4256122370379067
105 7.51361806804009 5.746222129011265 11.252436299878683 1.755100394343598 8.662858868070272 26.378254320007493 2.7477451197664102 1.01003809113245 4.610232785073065 14.157602526851802 34.73950572362561 0.5089272515206212 0.033760243260856526 0.4277520475134422
115 7.840932183039874 5.6483790447435664 10.79502544667221 2.1448473311916767 9.076413739734706 26.556285251198673 2.3533289582715553 0.7094843983000113 5.859422545671286 14.583614803989112 32.413809690520985 0.5079288450879648 0.047749999636230105 0.425950636617455
106 7.4250411585660085 5.946789717090721 10.889663048774336 2.0949216033838565 9.482789078200556 25.17727457900633 3.1378191473488233 0.4607631153901849 6.481914775080912 13.64398218877617 30.866960406155535 0.5081272309542392 0.042356069996209826 0.4266921265396701
107 7.881444576708327 5.710677424230134 11.227120255575583 1.7872831937785418 8.85728130509518 26.014097950468884 2.9838969856060342 0.6377590164095849 5.566231836961701 15.213568535599032 32.713228725194774 0.5098251784589352 0.015744695383042188 0.4286810537082512
117 7.76383361834023 5.744303113975727 11.26558642345723 1.7123372287978913 8.077026362351482 26.705896756570656 2.867936391608911 0.7211166685985247 6.499844907024969 15.947488802357016 34.62172459105355 0.5090021421598813 0.03488123116934143 0.42767759230449
123 7.322186551566971 5.908274358962995 11.412249567578328 1.6083451311704353 8.684282233086808 26.315225285811735 2.841410785084779 0.500079603018786 6.784364105858616 15.770964579142705 32.34987189698727 0.5079408794995914 0.045445930154152374 0.4268620294685645
116 7.150178426217504 5.8879207513367104 10.359570587183583 2.4794813777816995 9.184734118288102 25.251392011853312 3.2635932212682026 0.7476161680454959 6.46796701039638 13.822544975921998 31.013931760130863 0.506218810067007 0.06275781338750248 0.42485221793965483
124 7.728777955642233 5.4495237480807415 10.265841435592975 2.477954901243155 8.894977689776798 26.49110884689543 2.570452547841926 0.8884620554167507 4.795425082107907 12.691989891813416 34.60843836274828 0.5084883678585259 0.041048138297846884 0.427588765645331
229 7.626081287032769 5.910464852153432 11.27312811943692 2.044725456594462 9.830503199157159 25.201193820832025 2.8798753756156055 0.7053735411168088 5.313108825577878 13.172523124294482 31.09491807645179 0.5076719454855572 0.05319427708409568 0.4250773186689049
230 7.177933609550433 5.592459611542076 10.558350579250563 2.3294963273384726 9.318527783253632 25.71328703942579 2.8829808768203096 0.608194110258169 5.842244839005223 13.546769024594393 32.06671515150628 0.5087087316576331 0.037059291628334094 0.42735663063951185
83 7.521564299583128 5.815093582440864 11.033461835487254 2.0728377815517316 9.182822878968423 25.254110857258464 3.3285464891086525 0.9432574881950367 5.306462697899162 13.730624638792245 32.59464458878011 0.5070578281177072 0.0632012617722186 0.4236767668115035
84 7.616046437069103 5.495286750025459 10.69422238858525 2.2802391010385232 9.449126293293887 25.107333216916295 3.201361888404657 0.9590555387598941 5.133851622790024 13.433633208047933 32.15875236853089 0.5062404008681097 0.06191898400542341 0.4246119172914932
85 7.654272148510143 5.548302939692578 10.320571390327284 2.4988122527048087 10.264138585238877 24.730480033651766 2.9480626815887696 0.796342606739716 4.978378413863509 13.422056415257643 29.16417330353925 0.503182894526247 0.08585797125446992 0.4215319902440304
94 7.481001516941148 5.876184320003979 11.06936627824415 2.102594251937124 9.588067215599757 25.68534189056683 2.6618926259348967 0.6645553360520116 5.9324049732766975 13.624125215157015 31.477411184094915 0.5085252674235455 0.05054511803925046 0.4255877687417601
205 6.749965703081528 5.87965321115466 10.606831068534252 2.3935864492654306 9.571839936273406 25.450750911064585 2.8875975505532936 0.5339168277957478 6.083451504281869 12.260885451107757 31.803493877510807 0.5075927808423301 0.05127710205788515 0.426060454663305
204 7.606851070248978 5.683110911898676 10.032779373362251 2.898251219435964 10.25227996256209 24.394013950180785 3.3398282581187493 1.145803839895457 4.8370397860506875 12.201438709769649 28.85365397818165 0.5048770424198655 0.0752847523303367 0.42232576983627335
93 7.859328772075783 5.699623032212724 10.441839527627112 2.4830760811421304 9.6228234821123 25.400482031916223 2.8723063408146094 0.6265266736064306 5.099133334298708 12.501782071118022 32.02387497521489 0.5091980554183975 0.03258617413888076 0.42855094146087996
95 7.292785912345209 5.53192216855662 10.76209418076242 2.3521591470881456 10.278165956919109 24.948969892388703 2.826446171337591 0.571064460719966 5.2323395535017925 12.680142914645025 30.234025408434906 0.5082763258030127 0.043686641446631536 0.4269736363938783
100 7.702029816666419 5.655558276175206 11.0462044988181 1.8800408763560308 8.723727329729275 26.73009696101641 2.496955053510623 0.6014151925915994 6.0746456082715605 14.804543394179632 33.62080341830561 0.5074407773636694 0.049606374305160426 0.42667871076143865
108 7.504012768520624 5.600378070374895 10.096239291415309 2.9761036401966523 10.388731138075702 24.561894988969264 2.839442246953239 0.804447811069995 4.827629085117078 12.12330974541366 29.66297689279602 0.5080275908726328 0.04727181332057155 0.42658555639010115
109 7.690956242433507 5.629557217377189 11.096739854207097 1.9505652403893978 9.304885546737715 26.020863721124197 2.7023573374712297 0.5576357117512494 5.085980629911235 13.735604143031715 32.5885900659328 0.5094146581486525 0.0295689213847566 0.427781183343202
110 7.3524614879725485 5.478421356845808 10.854639818778761 2.278470253143274 10.091661461625536 24.73670464672079 3.087093114802218 1.2569380928173512 3.5250925546962333 12.362633518113292 31.273111317737 0.5076954262664557 0.05611181058460567 0.4252010191980936
119 7.899300376431014 5.615989373433757 11.030697289045895 2.0771702658863576 9.434400851314583 25.879184161537484 2.578595848856558 1.0242163870508094 5.283235710911256 14.555814619930537 31.791760089679777 0.5091358420591552 0.033910718899589215 0.42756120844080947
118 7.47102989992026 5.792660803013496 10.844942616603827 2.359507593529485 9.932968751177134 24.80541774241655 3.1385294851489176 0.8567807477155238 4.9246967940814566 12.8046884190093 30.777453793028073 0.5087241154921578 0.034391446198310735 0.4278008112648252
120 7.176668330190313 5.63122583832232 11.215826424971297 2.0654376283780715 10.665263057063207 24.689749338969555 2.850012883784827 0.7814495625369497 4.439948104801226 11.97645583204944 29.756483178287112 0.5096414496064345 0.017659535707533685 0.4282792504598517
125 8.06534280252738 5.572684045749216 11.377341623855068 1.778873194409433 8.951590107520717 26.102146125608023 2.925753398489396 0.8751873759212703 5.478838342145972 15.572641184584183 32.380597456536385 0.5081794909244357 0.04233620281255589 0.4270174911097419
131 7.325152209173047 5.853078053309807 10.509971203055839 2.4917685918504366 9.648513416888822 25.13692737536504 3.0470059692998874 0.49077309651657675 6.171145433134407 13.561343105900825 30.109160725420686 0.5071631385218801 0.05602627992533008 0.4249175784191233
132 7.7047080105683055 5.680139679642237 11.028596831670182 1.882107528272981 8.344535950747341 26.7198200496088 2.7204148941943167 0.7785484472512902 5.5414745134868895 14.673077007558009 35.21230800150183 0.5093040529014118 0.032981614290012666 0.42811541241075557
133 7.416647837300737 5.734114445793027 11.173113568352015 1.8590886586459217 8.943778548902332 25.84246544325312 2.9544676807571606 0.9304991790901408 5.393129808768698 14.345571157887488 33.067496414133444 0.5090060146344957 0.030296405900421437 0.42754353510089993
156 7.894761005409344 5.853924004618653 10.540923677463638 2.4967050736156757 10.197041673681854 24.737623663070863 2.99887155091831 0.3524776627719241 5.814031795042911 12.74464536584603 29.76349837509639 0.5093956723948707 0.03214414300092252 0.42689780096601965
158 7.628426124717691 5.549220400476779 10.91767500572368 2.240684288218555 9.786195231547422 25.081319382267036 3.0416009895867058 0.737464253807477 4.341208987337396 13.086562835877787 31.58981119191567 0.5087566583057368 0.041125507234106705 0.42678587850583477
134 7.585184724153899 5.663559384807185 11.13502429848952 2.0558436174936374 9.916998569278158 25.765229814698962 2.3901624990855814 0.3087372077458726 6.021284122392752 14.309782833142183 30.761274345934737 0.5092356303147033 0.03851787181026667 0.42711603560269495
141 7.4011837688797515 5.814883574493151 10.744546033691849 2.2121981895383547 8.97378872785871 25.664810685459766 3.122951012414762 0.864807862056746 5.411063377975011 13.41139948897188 33.13470720160707 0.5091772522633063 0.03602850595379992 0.4279776446892567
142 7.92096425682978 5.534265841786345 10.8508380459934 2.226745554684282 9.680876920719177 25.363733104311386 2.9314822172778197 0.7714902543293125 4.651841753163705 13.301081451498426 31.650560307486845 0.5079427641362559 0.052267895766990494 0.42532167993779724
143 7.687505821425057 5.432152665936832 10.990718823945002 1.9958034691380946 8.936807084714049 26.02437757106664 2.941670893457519 0.5015678410804414 5.173536706393395 14.783095199375158 33.38988582631349 0.5092290303608733 0.033094042105924495 0.42769442236646
166 7.636015819441636 5.9429302792921295 10.837419780890466 2.077783925165812 8.699983781476181 25.63864877571694 3.258088521900734 0.49078800864932504 6.296051449755467 14.64637281070488 33.024874944843816 0.5084982951204949 0.040085261736897033 0.42784395502162004
168 7.362808011665995 5.7610904756754735 10.731312450397068 2.269280439987743 9.686456896661511 25.302848622359463 2.9080807642227313 0.8461083852526536 4.676498434033859 12.549872957550447 31.867784656237298 0.5089957377891052 0.03733352287712152 0.42780232861969447
144 7.574904474546406 5.692502063402625 11.313316841306111 1.8582432163394644 9.418262259548847 25.42700264023993 2.982422265136997 0.7664553489480229 4.686875495473448 14.071815782036282 32.07979042373779 0.5087475392218562 0.04267659209096014 0.4273044966193823
157 7.775236324181465 5.599975756210931 10.922063480082445 2.1433842752151935 8.955201914006768 25.11110190500689 3.3539525964785915 0.8159951773433047 5.634606527887603 15.725627575525117 32.0111318355362 0.5052045077388261 0.0711526851280621 0.42347663002548747
176 7.264928628907528 5.850774393961336 10.375870707228621 2.330202891284786 8.923074412209466 25.64129355254735 3.3022596969212756 0.96936852379765 5.405496907782951 12.87789032642867 32.873606012298616 0.5075860685176276 0.052052783453576223 0.4257877982914078
177 7.53594305414454 5.3335178042890545 10.25062855870207 2.850366945542751 9.789718166755856 24.524772475226918 3.3044931712900665 1.1798328252362755 3.925973120375744 12.764148821214777 31.425995628211375 0.5050978477044497 0.0705442970989253 0.4238445055554849
169 7.636240726344736 5.575293959730266 11.354269557573975 1.689603926380937 8.545559495894441 27.001238070328085 2.4265880288322923 0.6206088136068837 5.350852820486227 14.978969560876926 34.98245613586984 0.5097384312584885 0.028395546873481836 0.4276955344347544
159 7.738004280261586 5.572163925221904 10.952651702334332 2.2390271697574935 9.989982642851619 25.04052722802133 2.874165311842669 0.9848978452798574 4.730969809624616 13.459964938298304 30.782806584619827 0.5072344880904335 0.05915596634887157 0.4247262523055328
182 7.587633330948503 5.672995787752739 11.21076138903313 2.067497126385417 9.79245700488083 24.645653962838747 3.3094874490628707 0.7375525212856657 5.022122049216157 14.330473713536481 30.621467439062023 0.508128454237974 0.045276599242038335 0.42718217477679465
181 7.380233369800107 5.8431292136538735 10.787436819751333 2.018873501082234 8.410310002889386 26.020705626886045 3.2401902599486307 0.6501725938522528 5.940182325951591 14.39029485342705 33.92465421215907 0.5094391044112553 0.026936734438042557 0.42817517483159845
167 7.898844734368451 5.686297967902558 10.860019965898585 2.043345539708294 9.04121547762075 26.109877761666667 2.7520551051463973 0.7720325978384125 4.8958161749546765 13.761719674634035 33.465707156407674 0.5094724275646697 0.027154343002000113 0.4274328232566909
191 7.790745993342817 5.537843969600441 10.252560596303084 2.5679627960131697 9.43349883199908 25.471890981931963 2.856371824173379 0.8367283925265743 5.218005712773086 13.411511116686459 31.8003943376518 0.506234529538739 0.06954982394090463 0.4231702667333391
192 7.636758211219165 5.474568353346847 10.78281612656927 2.142686306901617 9.201975407333828 25.343544383157575 3.124909328224096 0.6050986229150632 5.249473451172032 14.33008948808649 32.43703782896435 0.508651204028626 0.04064334647488762 0.42687021394030955
196 7.4805560184926945 5.801326542610292 10.993268371622428 1.8728108587680032 8.833007380232026 26.420473836933123 2.6954473862984774 0.778173118343908 5.210791954023875 13.89697375009808 33.872355897743795 0.5085776161441812 0.04970897736360383 0.4255317381847606
197 7.396391531850329 5.559034213510878 10.96019670113588 2.16971180227108 9.542166697620736 25.446439984090485 2.940549025197564 0.8100519306143119 4.830136962225151 13.885584237587775 31.815441959085373 0.506218460267102 0.06735314965403152 0.4238028637090945
135 7.9457712997722325 5.425084970735823 11.149139786909561 2.0332700006540874 9.723241280412966 25.819347495945113 2.4817393176546867 0.673834553701738 4.242020461460868 13.669952026959688 32.691426102368794 0.5097709941790634 0.02094810992934776 0.42838713969209813
160 7.777382738220366 5.402263921045364 10.733165001998099 2.0953015424181114 9.365704552135307 25.30996765370013 2.9678724067111184 1.1220580348121485 5.274441152434258 14.934372492745315 31.453083188093807 0.5053929626665717 0.07350313912576041 0.4235773448887884
184 8.036658214221017 5.746635104797942 10.649009674805237 2.5174369684418654 10.385998504174372 24.205271752570102 3.1711146431078103 0.8951463744700382 4.678092121606029 12.769391474392268 29.498357074529306 0.5086919319116882 0.046546540853149666 0.4263506297615562
136 7.497974428422936 5.624162352840047 11.294688220286462 1.867193017875143 9.40562535833613 25.939257079046715 2.6249662086024914 0.9958839313992531 4.399041213700826 13.204670945300133 33.36662770813035 0.5093780071138198 0.032981601499189425 0.4280919177473242
137 7.536610106626506 5.619001133525847 10.505387899785243 2.588853592351341 10.318718785896609 25.190565295376178 2.74327203898892 0.8395822329130637 4.599258488733396 11.652514168912065 30.196687787553838 0.5080250672442912 0.05613956311528625 0.4248388439346216
162 7.490485534148181 5.56101531565041 10.765933884367321 2.188690591518848 9.21305218140104 25.505290276792728 3.0395417568403773 0.4247088205010613 5.819961077465903 15.22362007703242 31.435781394966696 0.5083789656338008 0.04681675487194954 0.42650273963106394
171 7.695769761188735 5.704655312122715 11.162460102832299 1.8825026571782675 8.788880722631632 26.03583635931756 2.818809825276114 0.9328903823865033 5.376532592756656 15.008385862113375 33.686012422410336 0.5089239958578753 0.035937128120706444 0.42789427394260754
145 7.661533490836307 5.597610771126207 10.956370125970333 2.0974551015824594 10.230414154406454 24.57311269934088 3.20951946163838 0.6821836576084568 4.8217394677656715 14.136165392580665 28.72305772778277 0.5076258941709552 0.05793411610781541 0.4251851728326199
170 7.336749092175124 5.6933645241174125 11.051249128336382 2.019628195736739 9.606984279839656 25.950632107763408 2.5487909434476674 0.6364976464439533 5.450475911217067 13.060464626155676 32.33224020805148 0.5089266770183413 0.0413492541294645 0.4271877753966501
146 7.895610170361251 5.535080626034592 11.341236754332998 1.8326017347110244 9.133694068658631 25.480198590138976 3.0551906288036563 0.7038941878362807 5.299228430247366 15.624346075264148 32.16527151052746 0.5085805458607954 0.048070255952931414 0.4255091940801793
147 7.585264816172916 5.7723244831446765 11.045042559276308 2.0441028500135836 9.735481748934973 24.937532092783872 3.2693938680040833 0.7749745358661123 4.481716843247881 13.24668004988522 31.166232506908496 0.5091753236246828 0.0264533966098152 0.42836437759214585
172 7.68388042280907 5.6432046884454765 10.54609629874908 2.3596666056457556 9.697259667887527 25.2472553224281 3.0232805832804566 0.9294429084753254 3.876092804093961 11.816283282744154 32.511820786765774 0.5096606814780441 0.01938550534354853 0.4285136116186239
183 7.703450314510593 5.595061655321179 11.003589882795085 1.999760194371963 9.226038451563191 26.09721558936535 2.6842478204784763 0.5261605942920549 5.595677281042748 14.35759938228556 32.324955663479926 0.5093425740983586 0.02682751359767275 0.42853720516957233
178 7.801662475447608 5.688006933935731 11.19371525323474 1.9933198276600814 9.335098844768174 25.408875753106635 2.9243093833962925 0.9280136931978265 4.723463179714998 13.922400857458232 32.87965847808935 0.5066216625886415 0.0572924762878318 0.42558741672114064
161 7.87748968841445 5.386800940536778 10.777338786660582 2.4061531316184066 9.989253151627794 25.03317562236287 2.9787034942185038 0.8829568461972098 4.520744914103974 13.186664180705005 31.06317150914589 0.5082705682649075 0.04689835182222629 0.42678765561837834
179 7.493114070414689 5.695959215912174 11.161061171475014 1.863786748973082 8.587750835437271 26.025403736957742 3.065737827390686 1.2414732686775907 4.755561564594849 14.573002854500153 34.18325350976653 0.5098192861129296 0.024930611256356112 0.4284317613919654
193 7.575670799599314 5.773877462513434 10.720895655232054 2.1698207241533805 9.334865707437034 26.050708609282342 2.6846482383380597 0.7738171653048357 5.043189154192108 12.424979968541042 33.296506326782996 0.5093828358478126 0.03505134083363121 0.42775761495569425
198 7.580829458029535 5.848774536341753 11.136037427152898 1.9415754590062921 9.296048426013657 25.810437776136176 2.869985450409807 0.6396206867747709 5.605098383805943 14.080031895572526 31.96706036334236 0.5096797490579131 0.025936032444893457 0.4281102480493086
185 7.513407997413308 5.89931081072864 10.627553972050302 2.2769162567026924 8.886340505565016 25.76325126855603 3.012542551887442 0.6569119068611484 5.902200187938472 13.833097677867112 33.255373813040265 0.5093445253857583 0.035670593168601376 0.4273282348621571
175 7.685505911728912 5.688132058654538 10.89041458098729 1.9551218310376692 8.628788085809768 26.701335595831832 2.654040895598319 0.4830161086564443 6.824043728961778 14.510651635276151 33.70497109114317 0.5069551318360407 0.06461775471413363 0.42363667304591734
173 7.976964793671646 5.504074681984021 10.469437362454654 2.3322341310388537 8.976960671399354 25.919433575019465 2.917474547784105 0.9965346164280146 5.072660063868108 13.921118885598062 33.137377179326094 0.5084551691076683 0.04842229338103459 0.4257631376844622
138 7.929457437786269 5.548834336411164 11.165183475909444 1.9791833548873135 8.89939027071819 25.72420822440314 3.051511401385828 0.9318008250441211 4.899793918295088 14.637550883273546 33.66932385845468 0.5066804381491274 0.06182611431212952 0.42447925407864834
139 7.47153856652168 5.9413770337786955 10.986070996027596 2.000187735198594 8.938532408757931 26.200962092571274 2.756753121288748 0.610128536580072 5.970122699514208 13.420199099340582 33.595112557369625 0.5088156688417055 0.040967929713123095 0.427080650938721
140 8.023876469546876 5.7179198549309085 10.99601261823161 1.8123134281567697 7.868139085515745 27.02353088017719 2.886275360712226 0.7493904284718369 6.1700403371938615 15.324302581593782 35.63009654163123 0.5095050735616603 0.027512343378432044 0.4278424423938061
164 7.437727653163143 5.942719361264086 10.802144825373563 2.232652764689965 9.594301189622614 25.051246430969737 3.0731514301395326 0.4543622489945604 6.108768736713008 13.602683239324241 31.138243943616494 0.5089975007506802 0.03820730483861755 0.42763617528378683
148 7.8950507116469195 5.491376151581992 10.685904874204972 2.3467383091693392 9.606707488973596 25.594907425041274 2.7375208527506496 0.6976853184673492 5.215801480488158 13.778109242825897 31.24704083441616 0.5064015835735594 0.06649299131695924 0.42272413128065733
149 7.880996796227801 5.642505878144425 10.593651847766484 2.408865671561378 9.513415916396053 24.981565059232977 3.290023803533127 0.6451082173790723 5.162778250852404 13.63269983372884 31.259534562217187 0.5092670447721994 0.030626227070931905 0.4279254395519876
150 7.5542465733077 5.747052984704564 10.82066358400457 2.1979817816788008 9.074493179908036 25.044194116291944 3.4615588288531374 0.6163703076907413 6.038539645168896 15.222669883884036 31.414263950742278 0.5058752328042395 0.07278562805723923 0.42215953125258987
174 7.500618658780239 5.891275403017842 10.831844676283273 2.0832442329247054 8.593653651367273 25.60842429446777 3.4145785583833903 0.7820955988780092 5.617362738103616 14.101423894956943 33.67773141317432 0.5092242254645749 0.03117808207124266 0.4283306406040699
163 7.677550018709677 5.706559909019797 11.155625273329113 1.7604350692158577 8.264343659692104 26.19165249580061 3.2869983563086986 0.7479321302554197 5.846386055050831 15.835565601286008 33.836132568197755 0.5095230700141239 0.029268870004475946 0.427852276088804
165 8.027839643379043 5.685957705118564 10.799855751290519 1.9531076522693378 7.864331751010415 27.735852338032736 2.322325773349449 0.25277281182529254 7.776129733557339 16.570145476811867 34.830407490001186 0.509736124248642 0.02824576010773915 0.42825422062702684
180 7.5490757736173455 5.842850967152795 11.15397490719853 1.9764719962740005 9.17785865479369 25.663070994818852 2.9684786020347875 0.3507801857005351 6.373613145375802 14.759633648494708 31.979681450866945 0.5095819026836391 0.0271316933139446 0.4284127616533442
194 7.770307756206819 5.793943415800878 10.60491494757463 2.1372294186761587 8.888536573360373 25.86729714654896 3.1168388361638977 0.7346762421454843 5.126042341948842 13.847356995796737 33.03317691336413 0.5095285221651801 0.021536423936916644 0.4287996036886228
195 7.753809558143482 5.821599520041918 11.24877364069585 1.7074032600738758 8.409647692321007 25.966303138135988 3.3738356217389036 0.5434616285905429 6.313680095963213 15.750697936619371 33.09042572853491 0.5093467803930194 0.026726743386506716 0.4277056232776624
199 7.721791593261719 5.772534204443447 10.947558486224207 1.92222298764528 8.645390173874027 26.08764858156007 3.2512404354818734 0.813635028617691 5.123663280365038 14.337567475080672 33.02754347748848 0.5096611977557434 0.03155192932422149 0.42778402044922315
200 7.913003237140097 5.597210241555364 9.963927621318444 2.483161135758183 8.632768828354854 26.14614074581765 3.052120253747953 0.8150609906932401 5.694237311331612 14.987144233780826 32.15703310714224 0.5073404783103881 0.05962903673103695 0.4243875361518714
206 7.912603947988476 5.6569507903220275 10.557253122094853 2.2099266536419178 8.93517508130858 25.393880986933798 3.4313280768992995 0.660644016482723 5.82993367013703 15.327646434235229 30.94317232414912 0.5074514573225686 0.05548923839947763 0.42512450126553986
207 7.867098967794878 5.7135075867359735 10.76872820366218 2.1796932591899645 9.098440138286353 25.49379493151431 3.233953191506124 0.7580172704395106 5.1228002530048995 13.891545966607676 32.31608495560464 0.5089467067752932 0.03232865827600687 0.42764726880092624
208 7.347408920446357 5.892445427605992 11.241940062107794 1.836991859568442 8.921284640946071 25.477036225484767 3.209906599278529 0.5135496221115792 6.45619052473637 15.481558273993642 31.732893509260183 0.5089115958331433 0.039687243172786865 0.4265982211415934
209 7.800364966850169 5.462664817525067 10.446592144398375 2.4957428579807086 9.649874546664902 25.150830309241073 3.121385088971533 1.1931443240531308 4.096869441696719 12.73625030328091 31.769309140845323 0.505417407828187 0.07045570165801511 0.42408928972132565
244 7.251544478395195 5.627531287843814 10.863495724549558 2.1335612558591954 9.490593083759723 26.194359081445572 2.431344100873906 0.7518779828490694 4.389012461923451 12.04051484345561 33.77748219032493 0.5100967835043654 0.01640010644728366 0.4285343961203521
243 7.437412265021227 5.646685546389113 10.724379789183024 2.286916538719807 9.695546865814284 24.801025685879303 3.280734926766815 0.8864122879330593 5.026339094873235 13.649680591758875 30.559370202741636 0.5063454753417197 0.06584028426372865 0.4244586296104062
242 7.431391247444646 5.766617949705021 11.346328059868615 1.7345715200949434 8.660548540406785 26.36473820102095 2.7815377146601525 0.6247446773679697 5.856228074194486 15.390934834783685 33.74812159277048 0.5092345276896408 0.025731412829155663 0.428055866551041
234 7.3441944527965175 5.703849032064655 11.288870888252424 1.869787715744418 9.358049590915728 25.683983007551838 2.9167238958712796 0.8493657244670622 4.830252032413341 13.487861265023056 32.85944465089941 0.5071597040866767 0.057507466102984496 0.42549277221138754
241 7.368523146448763 5.762095463600099 10.905977890227433 2.1351299496568914 8.986130051995497 25.532152447731235 3.0718289966571644 0.7293900729636297 5.497737507947622 13.542675719303583 33.78748683433241 0.5088568645588293 0.042181509437745734 0.4266464595146577
216 7.851313863868062 5.66835654504578 10.160685500333127 2.790403083724094 10.052385082032478 24.67374161288772 3.1355785862330934 0.8053631981728406 4.223395047472119 11.961117479407394 30.900539296370923 0.5090164384984618 0.03309856709386188 0.4273176099249207
217 7.480159275495091 5.759110439639905 10.760135129583254 2.0913886852755526 9.350161529416514 25.946716013902837 2.665317912168549 0.7114469780868827 5.848153005073341 14.28198760773344 31.368615960571745 0.5079531192284626 0.052701837810143516 0.4252323845308944
218 7.70659832438898 5.7250874889915995 10.655699401617992 2.3866433660344737 9.817617923886163 25.569685574670032 2.6702932655077105 0.7953200593281757 4.623986177219258 12.136314136075137 32.1029951473852 0.5082981126904819 0.038208024366660785 0.4269500392452799
233 7.437797943987371 5.6224936882764 10.54502754414931 2.55328746142792 9.714953948032294 25.148300324124374 2.9122078698548557 0.7592195686433759 4.927205072399931 12.838711625408191 31.469210470930225 0.5057417710458231 0.06854134289112143 0.42292349078863045
219 7.8017178876142 5.788482743378809 11.222065493561079 1.9757730527507475 10.18837424275509 24.827293340360843 2.954502922779046 0.6583200762560685 4.860324541468288 13.542428981872195 29.878821018016477 0.5095905153130057 0.02051424725846506 0.4280643278241237
232 8.026402033282787 5.650799454895195 11.120950869137125 1.9797531480592212 9.482490706841016 25.752575107614536 2.8030115643633895 0.2685852082968822 6.5286803686760555 15.226673006914439 30.457306808297552 0.5094504161708384 0.029237816192383508 0.4273971748213803
231 7.950862720021011 5.538816420071056 10.7439608671099 2.0390772225280864 8.648792166709647 26.34237851722812 2.8307640468284254 0.8295395293353974 5.37542583045712 14.910055642896554 33.637588402938434 0.5089484097294279 0.026693850627995078 0.42755282246312876
236 7.720790175942062 5.326108763146498 10.930594594433652 2.2439920553209203 9.884505769657816 25.242010241187387 2.8023515464533126 1.0293126740947531 3.9397104244235335 13.029072086412025 31.88190536419876 0.5081943731816029 0.04993717683402363 0.4261094161411173
237 7.142303737072693 5.911311136066255 11.322618289754077 1.6899844352930566 8.598081924632062 25.82795012984338 3.2769931290688037 0.8866498578594194 5.467726447422104 14.649284943861973 33.74367550651625 0.5075455645807934 0.050673127148685077 0.42611198581824183
247 7.675723998950393 5.485264994603792 11.118355275899962 1.877087853328378 8.837495859371385 26.782099029804147 2.4569888522517784 0.5053633623167209 5.845539879211407 14.933003438169012 33.71157991950794 0.5088908619201072 0.04146215768602647 0.4275904346274262
210 7.732224401119291 5.708192309696023 10.92893374187983 2.150258491442804 9.442881318273821 25.707746617860494 2.653969031452684 0.6779695029200923 5.722907576077355 14.584228710822273 31.45779829287739 0.5086971149835202 0.0372548860780225 0.4272220616350286
246 7.633359894426053 5.546947643533443 10.837291972696887 2.2780793036707627 9.72150736399782 24.803214617816927 3.2489395331600415 0.9377923252044283 4.113832043395107 13.428116502390557 31.469755504090564 0.5091261651487217 0.03918492802657294 0.4267895327254911
245 7.800444892276761 5.522422236464614 10.899790188278075 2.309898422547276 10.497958085770346 25.06169626183441 2.5532251427119075 0.9651040533729788 3.9069865615093566 12.046337987989217 30.512597182690985 0.5089449777143066 0.03916830239100487 0.42709353943008
235 7.443727812487754 5.6596404845045365 11.206062983001969 2.0030686677544325 9.727680433193914 25.617355165310354 2.669564863992541 0.63272427498203 5.0529686672934 13.379364592768992 32.02115716341344 0.5083272583239972 0.046479291423233725 0.42668879855842523
211 7.375430721762653 5.862110503566847 11.252417153130954 1.8369605923960832 9.259692500137659 25.320637680168275 3.275255116216777 0.6125323811762581 5.83590085351322 15.054732510315707 30.986355627446116 0.5085125867109911 0.048147262501451564 0.42631592489592607
212 7.851191712845018 5.489061565157796 11.111611392551877 1.934290440844126 8.960203294049013 25.82437760334152 3.085495045158604 0.7388305561724337 4.751247223419252 14.433140105145936 33.3655798767077 0.5094438712799796 0.023816988762710035 0.42901520141057414
220 7.634532510207983 5.713730632661674 11.223872525424216 1.8963546431661973 9.172928810737819 25.96684646719616 2.745529886145213 0.7145167271910492 5.060918875532639 13.824136628518351 33.33032465277686 0.5096893398031281 0.02532198751807576 0.42802047863904413
221 7.97228867578922 5.549264909782194 10.908500896864469 2.221097307241377 10.0950756319414 25.113848920673114 2.769643462405637 0.8104051947167348 4.383481575180733 12.993107035854027 31.21028338295295 0.5090378935307829 0.035011868058814476 0.42680470585633407
222 7.523030554433296 5.704697956189084 11.3221783187126 1.8184058327803725 8.868233380582065 25.787410490448668 3.060210398569841 0.5841814865124794 6.223427741628019 15.36591398392886 32.70422323437303 0.5083856318718847 0.04863241903680131 0.42610454170312106
250 7.733686428097577 5.638413419625368 10.907597510446282 2.065611659882576 9.132404637631304 26.194138562452554 2.6948059740399954 0.7162872695575176 5.227450266498169 13.859630346247283 32.948744196794614 0.5090449316793826 0.032101976554529364 0.4279962917354322
249 7.873470846469821 5.445973053531789 10.755283315022332 2.3067514475250213 9.28028871446877 25.408377031892666 3.2248604914514636 1.071652007100961 4.86145919730287 13.82818183281269 32.16486720558747 0.5066353284219094 0.06503394731014801 0.4238310723830601
248 7.302854272310517 5.939875987002038 11.393020624229143 1.6907791671448325 8.750962185963825 26.23405604620816 2.870138578295162 0.7633298740639213 5.636453189653826 14.038768785190221 34.140121634053145 0.5098574628027565 0.023205669109479302 0.42812229936494145
238 7.7226752929213935 5.4914701074627565 10.79168818876011 2.1714022074762807 9.113566958766107 25.716896110165198 3.0568867035535416 0.5671604785390534 5.313159897560822 14.1976481852033 32.5867925695513 0.5087798426473839 0.041705683485574456 0.4268536965477737
213 7.418496017112656 5.725248429726768 11.05316620956142 2.0087723646840745 9.106256943798478 25.87617723193553 2.9743750140815464 0.3521058403874042 6.161241142106096 14.621063911953962 32.1687455300641 0.5091011056838719 0.03232635036484266 0.42797727197129315
214 8.082054286168605 5.578725014279736 10.765811614700239 2.262515508719077 9.25604817756339 25.896101736044688 2.7250583405697255 1.018069503693688 4.4612039229062965 13.791373485929894 32.801652247064936 0.5081492352639224 0.04897666635189575 0.4251630336755317
215 7.5108455785726855 5.789185558400328 10.423355077169 2.3780258923648425 8.996244877081834 25.77944937126288 3.084948582461837 1.0887701073154434 4.407880917507596 12.211806580759047 33.94503548987354 0.5095980218447245 0.025621496687347884 0.42830459303850776
239 7.963730913095281 5.584564293146762 10.492408225542599 2.2232442452960175 8.979925098365914 26.12610392644696 2.9144553389028998 0.44716658014786986 5.995993304170128 15.24400597953619 31.067339757766458 0.507130333352706 0.0593559118690639 0.42456565410664876
223 7.381206781232354 5.610017933413002 10.83139272063296 2.1528369647168795 9.041143306359565 26.128595461679843 2.6255457351217086 0.5811539972054538 6.301901969422173 14.403433899672484 32.951366427881226 0.5059207357486867 0.0685861990609312 0.4241752205800814
240 7.9120924152815935 5.681470176418873 10.790182125189181 2.10634208796475 8.88541997993712 25.45980664047994 3.5285488197487296 1.0132128351733272 5.049675820852062 14.206597586701786 32.31899881777791 0.5080937460431935 0.04248334350155962 0.4273442382427471
224 7.400157986064455 5.893145826486893 11.01581222983258 1.9355022649727467 8.571548956825703 26.132267130770092 3.0113643281500893 0.6104727851100411 6.07041823398013 14.585538004011958 33.88451779964364 0.5087316318224134 0.04451194669792227 0.4258565844571356
225 8.100485094187736 5.530007297048355 11.143346558946641 1.9919853045938887 9.53139650650103 25.3039634819278 2.9969839155373403 0.5699515412313766 4.953736815387767 14.733054262763718 31.10696994932341 0.5093301635903045 0.03595510040233749 0.42695048597935203
