# timestep 2300
# phase bcc
# id f1 f2 f3 f4 f5 f6 f7 f8 f9 f10 f11 f12 f13 f14
1 7.586766298500647 5.785808088343622 10.836101172681118 2.2863910818723405 10.093253903219525 25.336856979904965 2.6580715167573663 0.6324662937472784 5.1784533808106765 12.571780150883855 30.68876835632189 0.5084860862480584 0.04590773684125305 0.42649660688250124
2 7.798565223005991 5.658145931924423 11.120895172790657 1.9532642788170687 9.257186927198124 25.676861369520147 3.0262778570128477 0.7294579222489124 4.85910104840648 14.483156099508165 32.1067765593949 0.5085838908179713 0.03918254893283134 0.4276588603313004
3 7.63237777453073 5.68491020961012 11.016764188223936 2.0583320557498754 9.40952830138643 26.10778855873343 2.605606980362867 0.5398794804251847 5.455557890344655 13.860247100461518 32.19295418927385 0.5079672623177889 0.045448701532387184 0.42705952029361777
11 7.751771407261783 5.469949476487121 11.024807884884643 2.091648003088859 9.471373546589321 25.29272630184682 3.085452502758877 0.5000902050553442 5.3636816059865335 14.733835730225593 31.582956686919122 0.5091241100016209 0.03611525374430844 0.4270833678955434
13 7.399636043302077 5.754957512278517 11.071435035730602 2.026156532531716 9.832007670162739 25.33587208333037 2.880696382373613 0.878599642227675 5.150398032149258 13.317314785118626 31.047654147158468 0.5085305224102412 0.04567559310457342 0.4263281656920843
26 7.422924330159561 5.968435212118994 10.827321236118745 2.3200420476071124 10.25605109291283 24.98155655884077 2.8148859820555643 0.6742935304806945 5.189765709384444 11.988172836345667 30.35910995867932 0.507979862588198 0.048248915634526365 0.42656747547695645
28 7.338553439670924 5.532697077772602 11.040012740509809 2.040499771661855 9.537588924399055 25.767525113770382 2.65786790556523 0.5312388409293041 4.946687261338721 13.464114405624894 32.42426878980759 0.5096844373309536 0.028909056285780815 0.4282769116146183
36 7.664229236346518 5.583338924773888 10.457725573027252 2.46578992858781 9.585073295428646 25.26679428632456 2.9360562562142256 0.9258960076007178 5.109574857159783 13.600318534981824 31.14251044302995 0.5072392343606431 0.0575102511501813 0.42601037419663307
38 7.275144110767654 5.771663714875016 11.083276726345558 1.9930320950847973 9.285435543741933 25.81174037509357 2.7314409290125328 0.9717615176895773 4.635433225407679 13.082644890176189 33.416479029046826 0.5089764875922645 0.03873339166946755 0.42684651602607004
4 7.443072753977483 5.820559385204393 11.254092636082234 2.0563032656902474 10.302926129404808 25.173631586866232 2.590866185135599 0.6982111273065502 5.113233291721904 13.364387249134793 29.92795825931163 0.5079829756813807 0.05187540231445595 0.4257820558992999
12 7.455357265908111 5.698883211596549 10.842312529731561 2.2414655918075432 9.800039990165166 25.409063609853565 2.6662973361460893 0.5358641047419029 5.673628594489923 13.793521058264155 30.790691903016857 0.5065111803895737 0.06322441512057458 0.42514229973755313
21 7.6532488829692475 5.771476287699927 11.00436364508884 2.0594862355128813 9.543370772589638 25.615802143850704 2.8263439343949535 0.8175354957352235 4.395002148678987 12.812285953845338 32.474772121878615 0.5084333167100354 0.038486954961875236 0.428402158769038
22 7.314509055566233 5.62742804368865 11.171533594171548 1.9270892884307174 9.403710550931319 26.073926142355244 2.546586075821997 0.6214725732022505 5.106950299853183 13.494389988839092 32.86953676906313 0.509967471746857 0.0191343862898896 0.4282941754507841
46 7.770523761307484 5.643711050607582 11.276354118383942 1.7974083825184477 8.61895933276705 26.17382465607758 3.035826859974639 0.6800350760821194 5.339960522197695 15.647915706604364 33.01294109188167 0.5078184601441782 0.04504590669355151 0.4275299461488557
47 7.662564580351609 5.769486526034094 11.166584860099855 1.991766223801397 9.883219712910204 25.395643652155698 2.7383316968057474 0.5763853477437292 5.305202552799596 13.516630893844901 30.761956280869686 0.5066122381057333 0.057194154783410805 0.4258972454288284
14 7.6163215477780675 5.583444563929495 11.050062445970633 2.124449100641996 10.094588431006288 25.8116028389325 2.351431151788193 0.6439053599258046 4.348031151038888 12.18316231116709 31.916572309928604 0.5092096423353256 0.03025345611081803 0.42794524598384037
27 7.64504516023109 5.650103519158955 10.59496902631748 2.3618227351187655 9.655338346989758 25.883403929230436 2.686798946497244 0.9761094378265052 4.450931736749364 12.264517802289372 32.3328804034348 0.5096720418166706 0.033868242541655186 0.42695594095958894
51 7.767771373568447 5.849259072872614 11.021194289772748 2.1355009614112 9.59027186834184 25.443465839580455 2.8648010529386214 0.46699884115016477 5.768941991122592 14.359856314788825 30.68350936545633 0.5078285497723228 0.05284535952680886 0.4261887317389136
52 7.780683674553432 5.674612346825897 11.10256789747123 2.0749775721398347 9.978277384480839 25.3298162413714 2.692233806826083 0.4553952024880694 5.172483730492383 13.859724234020334 30.44070624569974 0.5088259504747404 0.03433150391945352 0.42780766838523004
56 7.710589705797623 6.02922011032762 11.363061244699049 1.7715020211108463 8.921462891638894 26.12552170947044 2.7814739988765695 0.716147781907155 5.909472486410601 14.391134565146945 33.00104434639153 0.5096153469060462 0.018192162231875742 0.4286002801755234
57 7.464643425119092 5.567622471665522 11.215032379861299 1.931808848470637 9.05322292764844 25.743927337588115 2.8924626290482016 0.670187459210762 5.024347947362604 15.003248852049195 33.061247182423614 0.5094981833693365 0.027646373612277918 0.4281102768567432
29 7.54497515242616 5.6334874092316065 11.317352025038492 1.8510522615084186 9.694214746356833 25.761497782651492 2.6377293528118866 0.4559454264635713 5.664942475312583 14.489495698596063 31.193618368835143 0.5096857022003419 0.02395364062680119 0.42803354455140796
37 7.439024996589254 5.837254195268674 10.8671991661929 2.1588317280842233 9.542671803044676 25.41264922760614 2.9889448428987904 0.6812539708175163 5.802493584671718 13.25788009936902 31.262032191113672 0.508380610833357 0.0418991129571359 0.42709163873451494
61 7.590673833564803 5.791882690509026 10.985799719311883 1.9564707200290754 8.862987495327728 25.997945821376497 2.969425584924978 0.7632399083820972 5.350528797556539 14.299797479818166 32.793923258048906 0.5097896634046734 0.021341152118102915 0.4277655019902226
62 7.922770311056512 5.637799611911738 10.890738721216847 2.1878183993462876 9.821421002870844 25.684582989527925 2.574544599974324 0.5079430913996156 4.788918991757285 13.150233035253455 31.8561083944194 0.5092310198651008 0.024971545318291148 0.42764354308937486
39 7.832896392234629 5.699193789505317 11.1739983014984 1.9807263969828695 9.94545634152859 25.290657286501155 2.726934369980137 0.7999850862811814 4.855114138672734 13.798807036078347 30.849254881103633 0.5090749831436038 0.03707616587045697 0.42780612791930606
126 7.247207112483821 5.58477684223793 10.599527302919888 2.3703814564955183 9.962546203616217 24.18941364369599 3.612926026740409 1.099049693159442 4.559522670782769 13.103839678183313 29.616302717857128 0.5046187497173242 0.07157995376791265 0.4239474807749578
127 7.555298905429428 5.484340726582367 11.139406645071675 1.9237207301227621 9.253373265335785 25.773869336424944 2.8361968982782906 0.9683899320777193 4.830345890495906 14.383533278940122 32.7018935649852 0.5083071752527826 0.04876729373280957 0.42647516851693573
151 7.366828364598111 5.695864713104258 10.794218347371782 2.23798811227178 9.693005524002944 25.717259365070746 2.7174973713815493 0.8788744029934366 5.008400282449368 12.512238203197338 32.06803272886603 0.5084430513818016 0.041325386737731125 0.4258636039809499
152 7.766269139111255 5.499191602882388 11.102403853728452 1.7518829366115074 8.576007144771271 26.69328239478784 2.6720494560174126 0.8428770177185864 5.11456674933923 14.874151384913272 34.13601094693022 0.5086434940168456 0.04347061921336356 0.4264932075651876
66 7.213294478555043 5.8475632091825425 10.887335084232555 2.0440331096538755 9.121649265226676 25.40741803129563 3.2659205085872847 0.6432108741563541 5.814590171757244 13.79923671392694 32.035933575141776 0.507811993034822 0.05617096609529275 0.425592255760522
67 7.757079346667242 5.404864693345021 11.040179703806137 2.0914583939152034 9.900101771352647 25.82102455912435 2.5160943652089007 0.7097210390570424 4.770491244976825 13.487150807100786 31.48799630789766 0.509630952745605 0.019798402323902682 0.42668195281786975
71 7.732820366741768 5.546687310667414 10.439065574503452 2.4414426873591406 9.451115773392509 25.97237260096288 2.6585012527209892 0.5139202953803199 5.057914036083604 12.860078430144512 32.64041427453671 0.5076977493635807 0.049066666325938264 0.42540474156838787
72 7.077327334215644 5.635129411281605 10.971089272458892 2.0447493510189476 9.506504333154309 25.417090507225847 2.9258100336268416 0.9609754179358884 4.396410196157779 13.235556760925146 32.11728966101078 0.5082449448908402 0.05159040097604789 0.4257690997116848
187 7.7111152755423875 5.683943521246001 11.272630490847725 1.9109234930005998 9.517610981188835 25.62525847523258 2.8368638591624156 0.4255844221841971 5.75418957599463 14.77503178444755 31.091534557371556 0.5095519027706449 0.03117564230542419 0.4278704102112808
186 7.200578807711036 5.872548712438795 10.916756238010208 2.3320061161733467 10.225330642219303 24.832060364750735 2.969354706592659 0.7822399118980958 4.960856495123455 12.576624846536104 29.37011374026233 0.5071592351146932 0.05939608162356612 0.42453463813089587
5 7.467687367061911 5.629980650338318 11.282828961623515 1.8718536372057517 9.391390294735443 25.739234911304596 2.7438551148678165 0.9799367119461694 4.477639116042781 13.581507805724794 33.0651569974352 0.5097291028652284 0.031028114575160796 0.42760727500261575
15 7.9771388634493965 5.348097148360081 11.189775930365693 2.0321660730277933 10.22285857871111 25.15363069650852 2.7094988515503 0.6908588189672558 3.9441080318431565 13.510108105128126 30.84722076292094 0.509598691492709 0.02451621839869928 0.42824293885427567
30 7.788953819761565 5.433775691406868 11.051028471908673 2.171651220926265 9.600843681364623 25.254715534511984 3.043611255044359 1.0200494277576124 4.37528498007475 13.846443572167574 32.071587249617174 0.5086561423058452 0.046162304348406596 0.4262062205615139
40 7.721675739320817 5.527718453403379 11.350876908397842 1.9189784127853327 10.04664833280463 24.966735453612205 2.893720924129361 0.6693605977865021 4.163157965804252 13.652085730274836 31.236304607144746 0.5099492388346969 0.021568775247628715 0.428253684654879
6 7.710027062289345 5.45631952385351 10.91343639157284 2.1038468799442973 9.670398679434875 25.672254193708206 2.675302399347185 0.7865834905142957 3.931874218022152 12.950519426038445 32.74997572978414 0.5081594672462765 0.04816263623311506 0.4269335141893
7 7.292365544443173 5.800194635360455 11.14253019238704 1.8804573485495348 9.08121866209811 26.533037488242364 2.4881616579604144 0.7032677734297638 5.343035816150815 12.780002151622908 34.223362944016806 0.5090372244174194 0.03661246678248138 0.42738393867747004
17 7.6338799327487425 5.563538643813618 11.053795827386976 2.2775223427720332 10.382428388126478 24.563697752380214 2.915887499548244 0.8798521898384853 4.867336818386922 13.252959597571461 29.800746076692597 0.5064998139525673 0.06252980371375477 0.42518077952874017
32 7.857064721596383 5.508420438706075 10.8423222329424 2.1958072442706023 9.443716027104955 25.86778512514647 2.68786800910663 0.9166723274334366 4.927870644439545 12.97042035678995 33.19786366778535 0.5075325861230072 0.053324914080212484 0.42596870152649596
42 7.368617369809636 5.481488981848896 11.000072310536712 2.20234272002415 9.903350533109672 25.29902287898635 2.759007290241845 0.5047038033339916 5.176045970975568 14.015776961726356 30.816086732997 0.5074734460739588 0.055594623975728306 0.42600830954443225
23 7.748801475201471 5.586259999286888 10.855986327232582 2.4652991411767133 10.381010066202697 24.58224125433944 2.818714348819344 0.7620315498822652 4.665448285977126 14.032531548317236 29.096252121479203 0.5058685260693582 0.0697627489100158 0.42409316521831963
48 7.290687214470022 5.791811923211816 10.94111513135932 2.2266087847203058 10.242938246532027 25.407052072340583 2.5530617946225136 0.7163424520450263 5.220482753498383 11.785890205897246 30.89871592793962 0.5087058299867656 0.04159830431164491 0.42696521850118885
16 7.048193301179692 5.741517875619259 11.36611600297536 1.6576727603291916 8.783295347842525 25.84328286156621 3.1860199035244987 1.2140100645696625 4.529322882804916 13.906151573873245 33.80649837010591 0.50935724619656 0.0274351417572402 0.42829328465082916
24 7.573217987344258 5.811427119994152 11.22223807044381 1.9049739032771533 9.2756221668702 25.902860429246893 2.733609037416388 0.8599406563875931 5.2235650770262065 13.733165933873053 32.83180517721976 0.5089514934583123 0.028829996788124566 0.42811404592708996
49 7.45607050615161 5.7930646690465615 10.550316104655758 2.4835764634702717 9.837812109343472 25.007663132454205 2.986035804700548 0.5466063506119332 5.547058980764632 13.230886711052097 30.436763504983034 0.5087642524491831 0.04307679316217823 0.42667083356907065
53 7.688177182080538 5.722444137515641 11.248207079276023 1.8525766245712019 8.976451694941613 26.022452866350356 2.880983776786694 0.7402290567902626 5.006460294169498 14.112774891346803 33.573313524901344 0.508914892393599 0.03332564616637517 0.4274633639225932
58 7.599054616803935 5.5342333038714004 11.158018471058103 1.993871915281294 9.628754088699125 26.125070119467715 2.39502736763859 0.8506092633911593 4.615136576510719 13.238207323899202 32.894362540997676 0.5088499211161339 0.04259787544676968 0.4275151644855865
31 7.422910484821767 5.777116622403696 11.257914415173616 1.9596393015962859 9.757541818040416 25.203417341323913 2.9347048175361286 0.7656439465694718 4.894886712521004 13.336062978769247 31.54361033187524 0.5088506066009859 0.04559356398501956 0.42703579578096085
54 8.062670144140743 5.567737430764901 10.879373565663347 2.1854619423674784 9.561207063576509 25.367407456345383 2.901370301942464 0.5140768998536493 5.303801034012872 14.291507830283052 31.297882247567102 0.5078897456334319 0.05522578224316139 0.4258053162483881
59 7.566425654830408 5.838514111358082 11.450451303789668 1.7410418603540057 9.248845000167 25.74555736722507 2.917771262428711 0.9318723144370169 4.633875005648026 13.662043142786352 32.973708094983394 0.5086902279750166 0.038364824032674445 0.4275896523762031
63 7.374989975528591 5.709354829218183 10.937109540393385 2.0367234927328686 9.624376568125864 25.38478424538815 3.036823813056401 0.8607976930684114 5.242785622631768 13.254807694815247 31.297348306443926 0.5086461050324619 0.03876381418100255 0.42757354797371094
41 8.122772164712552 5.212221997431897 11.00502951099647 2.0589189054991066 9.356312767434115 25.907139608143936 2.704072790876067 0.7017248373717544 4.288479139457565 14.2047366969331 33.37950175843655 0.5093997043158076 0.03170030752422705 0.427357066580809
64 7.430673899066559 5.839710981035751 10.338014806472167 2.6097845695597575 9.797725124191562 25.01994977197084 3.1419670811123934 0.7197960860207636 5.072312601885406 12.41584970969063 30.480752112733256 0.5071961747686053 0.05230606251584649 0.4262126794692881
128 8.025549369914664 5.425818511235831 10.623601105619363 2.317191785793235 9.322105161990674 25.528650367799663 3.0453813045815186 0.9098081166087646 4.330900986236386 13.701283752574515 32.56906048703086 0.5095581398198307 0.0312809122225756 0.42729560387005505
153 8.021339266315612 5.752521516464501 11.121364875407718 1.820674198874717 8.510447209886026 26.25758755336071 3.025870444752392 0.8649781542992463 5.297212434298535 15.198348711693539 33.51106219428664 0.5079320298417435 0.049133388700858927 0.42619087896365687
68 7.484693092543913 5.698567933608864 10.856094930752276 2.2758112778465716 10.431652647462178 25.095106499476774 2.6914354516266514 0.8645516292066782 4.827963369862334 11.820846793476095 29.95948190072827 0.5073937704871814 0.0605291721592129 0.4249587375343838
73 7.289198938693264 5.552640066869784 11.045975171919494 2.182081782953452 10.065505457068742 25.254495810557266 2.633932325836889 0.9318338171857096 4.8730311968422875 12.084738128083504 31.82065902601568 0.5060351940079859 0.06636129337108472 0.4244099716663016
188 7.626850804872784 5.763854929780329 10.814418561564388 2.1109336883699563 9.030919364143719 26.51689441428061 2.4398964212477274 0.5374696561530473 6.027496193943236 14.25699463659074 33.03838459720383 0.508272370985002 0.040705922697424395 0.4271596148700094
8 8.12711682676323 5.437347902761062 11.122079196191361 1.9477103513225822 9.343928109374648 26.26408383063289 2.465219804162073 0.6268753354384832 5.163024985733475 14.533667344603524 32.683207208237846 0.5093777039191653 0.03340810314925523 0.4274020655006203
9 7.496517646186373 5.774401859215708 10.843762466171533 2.1279287591036686 9.633543532253551 25.90124420228955 2.601714132445204 0.7693954320907516 4.570935305445742 12.11518784420384 32.742125329284136 0.5094763176868854 0.032226441512952946 0.4277046965686262
10 7.716253826639848 5.813499615914685 11.348838196457967 1.7045826935962132 8.758519895651093 26.34675241432336 2.7691413475279214 0.8135770575822773 5.048084719147877 14.485005132626172 34.183181270556865 0.5092819365241953 0.025069172209745152 0.4284688490117647
19 7.682071610699952 5.677825846184241 10.929472994988124 2.4925786594727612 10.249006914723862 24.5964548574017 2.9160169439088945 0.8711616249630463 4.707838061850721 13.19350734648939 30.41732189269601 0.5069018625019726 0.06062996187543182 0.42523440244364535
34 7.287191682039205 5.8515497133012895 11.08523495410022 2.014728842855556 9.46594477241313 25.39409265605205 2.9687318194256966 0.34803185023107003 6.242303591415274 14.244195482065049 31.432961336969527 0.5092991857048945 0.028324369034362605 0.4286661965150067
44 7.411983291464894 5.677993438305945 11.396033102526783 1.7711043634182202 9.161529798375486 25.470541378960814 3.111955285138061 0.7323581331637716 4.984487214018575 14.2194331310101 32.99290692580945 0.5096858252627806 0.01884716676416658 0.4283111333290755
18 7.450884765016089 5.831655075673123 11.087028724454322 1.8832324163001908 9.155025873225776 26.39985227330004 2.475435848974786 0.526609482234691 5.858984641003735 14.087015352837655 32.63167153677095 0.509005272975069 0.03832098067614558 0.42781849753506435
20 7.487157020031994 5.643166387765251 10.759136221351945 2.2429144355221964 9.584577169826519 25.602317697154053 2.805576736169689 0.5769339775404159 4.959194487441201 13.06056234307567 32.220704260121614 0.5087675069604624 0.04241755110536499 0.42687690920134697
25 7.602349505301552 5.717289179811704 11.043636452347247 1.9149053031309868 8.70314279860143 26.08545232899153 3.002540784939314 0.7665786495769041 5.320290054627639 14.492457817715442 33.7703835924303 0.5101192152001787 0.011872950117053879 0.42887435101628957
50 7.820969073373896 5.579399823541181 10.809666811934804 2.149939348133088 8.95374602537634 25.835426787880426 2.8979432633332474 0.9918010178384499 5.045520985807984 14.551001102209069 33.45027829077976 0.507275828750809 0.05831924180654259 0.42421561359150173
33 7.3816577976878825 5.511030265713979 10.786598320077271 2.328261982921891 9.302356670502373 25.346524730714705 3.060927712742965 0.8397892185650272 5.501679128076864 14.813671306827633 31.40285838078035 0.5050948579897566 0.07255176211591778 0.4236252969081073
35 7.627826072841654 5.76718027887009 11.002994176824314 1.9644891440120655 8.879509974046048 26.2035387664947 2.8296029048435325 0.6679857903828174 5.296061543209475 14.1099417825013 33.36142279182885 0.5096906240366974 0.02604998183390698 0.42781150576184784
55 7.511440363706554 5.700034465960976 11.060506707631658 1.995569398410586 9.313614548272227 25.799720893538314 2.825547814563307 0.6898726546832401 5.0529083459658075 13.63574541835891 32.59306028583754 0.5091781808449919 0.0296081699987515 0.42825227011417316
60 7.468108410573398 5.636849215889082 10.622502544581748 2.211049257462246 9.004046870704641 26.39159740077228 2.7089495453653694 0.6889193271695598 5.629708716628258 13.813562819072768 32.7862425290031 0.509202094091976 0.03203110263476439 0.4282253628743785
43 7.6281722970688355 5.63282370077825 10.896546498087643 2.1849683282174137 9.262250318856776 25.69449930527864 2.86439659892832 0.7508316701602341 4.968569766544555 14.332532087755641 32.26820408406258 0.5071851036916614 0.058265714755849275 0.42515139644709965
45 7.6740145292652 5.868329550562438 10.87500298850519 2.077747704076635 9.546547794806605 25.452640842028565 3.203311030317444 0.4505117996940601 5.8412437200785 13.7010584889175 30.27502931216561 0.5092769456640186 0.03261425871973484 0.42724276394230004
65 7.650054185095252 5.811262793339161 11.039972757192633 2.1113421560861654 9.598260612507266 24.983175695604043 3.1627009283740817 0.7115032058641941 5.217812909974685 13.486562061198821 31.660546931888856 0.5077506622535111 0.05053679908463053 0.42538902304626325
129 7.778358187375369 5.763451007638895 10.850410103268917 2.119581768577984 9.476187940001793 24.928176665565672 3.405403199530357 0.7847107015438995 5.714290964892631 14.452679978117313 30.539181421824587 0.5080730056783985 0.0538779995710994 0.42536389938917096
130 7.279501638678713 5.568624436268957 10.353292111822816 2.560859228869651 9.67263753292529 25.46858359992996 2.8522700223047073 0.7842405116964684 5.123653475957828 11.898632438327892 32.23412961457678 0.5075869641034255 0.05457821384562426 0.42569803225065583
154 7.687894617850491 5.922737406293899 11.262352698104754 1.8200935218383958 8.741775181373393 26.23902224774284 2.791944511282704 0.8981781387664787 5.529215067757862 14.011274925021963 34.18127194499638 0.5084138224663377 0.038825669848332356 0.4275076166831407
155 7.353621949452034 5.69456205596776 10.140043485438278 2.555319773346843 9.757469046489737 25.681801961774344 2.5935877544528436 0.629734506258431 5.124842585084792 12.046643440022208 31.807746846455135 0.5078959122320378 0.05144298975553316 0.42564466491603803
69 7.746815740730989 5.577464881210359 10.789973244904473 2.1797101906045326 9.723495037137981 25.33620846729762 2.8817354187996953 0.6082411082775047 4.960327308081423 13.525789902089475 31.48041034803642 0.5100427738603303 0.020191405936830432 0.42831593891514363
70 7.335228107515855 5.74154392585049 10.607563246408075 2.2808769054258353 9.14056296200558 25.439672926163567 3.219944497448195 0.5442156760673992 6.039271382381169 14.294759737468722 31.52931883134337 0.5071220390401853 0.053485744712822456 0.4260210067470823
190 7.39745641182727 5.563681355802156 10.848102258135295 2.117480943840192 9.145663908892292 25.498807058153197 3.1951569268737945 0.6196286843668489 5.149284141501041 14.94081962808696 31.503797269172722 0.5064151945091119 0.06050334403780587 0.4251859941155132
74 7.560437542357652 5.8010744999342165 10.844057740751351 2.1133388478952364 9.20767861691907 25.523678456552034 3.0974133451703083 0.6779185608683047 5.182610959673494 13.938932655330257 31.776773809667755 0.5088253714147944 0.039647849056047346 0.42619684692191334
189 7.918969808840266 5.593285148235979 10.965789113899172 2.036483246870193 9.427910956729328 25.25172987788122 3.089810790024724 1.061916854772132 5.041801622717234 14.665693345169817 30.977499440957953 0.5096080014020656 0.02696878199804879 0.42757743044617325
75 7.57511090843577 5.930198784198599 10.69071729880316 2.3752647694439943 9.636748604611237 24.88362761864619 3.4169256707023314 0.7717559416893616 4.7847829925361 13.007333342291426 30.36983269519214 0.5062342459824749 0.0647265469279276 0.42443091944849576
76 8.214422241065064 5.41968127856768 10.803087682266886 2.1011962929331593 8.95721577613208 26.06229685784787 2.855599019928413 0.8506889844344478 5.187368353334713 14.757871958757404 33.17130734488615 0.5078073896550702 0.05275930748417856 0.4258018737515749
77 7.488575181248694 5.9358947724067574 10.748696372955173 2.2928593139013507 9.541641669909108 25.83433955867159 2.6480380699599717 0.8511206444024215 5.394141244922779 12.323768407457642 32.27927360819176 0.5070136430341163 0.05943601707326765 0.42452634185083044
78 7.254574689418622 5.96858063828863 11.160456633988655 1.8859522555938464 8.895901757242829 26.02412816605285 2.9098364183468064 1.0432282797714874 4.725706955114147 12.946641548267692 34.29793851351744 0.5092580419730364 0.02643274368540127 0.42773217827963284
86 7.7785453414678845 5.541114146998412 10.96863557118751 2.1297979662266187 9.006023836877619 25.469222992978615 3.093777193037001 0.8108901781420604 5.695088188870968 14.777359425943002 32.701673174193594 0.5040059082060863 0.07380020493892561 0.42338561652914825
88 7.4791495791921765 5.531777767568812 10.826349024889534 2.3051767335194366 9.964238447804494 24.991777972371924 3.040946663009887 0.6523151459663479 4.846058201509111 13.620735361247824 29.99594274921076 0.50862581985754 0.04188140122197936 0.4270263120671522
79 7.7623900263616745 5.563199722927821 10.802856719284522 2.1319371392769417 9.850787658183885 25.345909802207693 2.83798734384933 0.8011224201089903 4.67675542224881 13.688469808323314 30.570557577358542 0.5075475574246108 0.05593651927838765 0.4250967716309719
227 7.537422864291823 5.284457187917804 10.518741120771526 2.2206081561045936 9.858975723228586 25.44384885139361 2.7825801502459857 0.5959186237867279 5.50087459068599 13.389432127679068 30.800079162906062 0.5072442696588069 0.05960426956785902 0.42509925126535186
226 8.131289602887641 5.167436922534169 10.658281912678646 2.44757113037341 9.723866582579102 25.43808304653928 2.7186965092878603 0.7529607243052009 4.846780393530793 14.40428457052508 31.178350281193346 0.5077283044969993 0.05183415247018396 0.4255208869382362
87 7.839490155560091 5.67750190547888 10.991704089880749 2.01935467174921 9.393113627697536 25.59183214889774 2.910634114979549 0.76024251435685 5.752355367966105 14.70619958597585 31.094968698790424 0.5087170389204078 0.04239437531300578 0.42614079955099365
96 7.617407887571273 5.633907147966177 10.909859892480485 2.1399938752998207 9.355899291288738 25.314517422945062 3.1092123757059618 0.6753522509030765 5.368774963996704 14.142917273070834 31.810046472905128 0.5089965913358827 0.03512863077493271 0.427394680490527
97 7.336939606399102 5.688322395857108 11.18465021641879 1.893435773941528 9.26451230527913 25.606438915916396 2.977135629153584 1.104641280874471 4.384871122075712 13.276800395065354 33.06068482349559 0.5090438010566232 0.03575599991235208 0.42780902604674875
89 7.645495783753041 5.341551721934337 11.231444252805117 2.0713246976553776 10.235794830410002 24.612825274470175 3.1930768393370035 0.7415455515192013 3.669609373528559 13.193981603839347 30.69946032639754 0.508532471445195 0.04423083927549046 0.4262271139220302
202 7.582688371069363 5.753870726677007 10.753084666355758 2.30026140713129 10.01433593123516 25.159529312429036 2.911448867611259 1.0248203649229422 4.260354547068869 11.933627010224882 31.472417159762035 0.5093641466782454 0.03146230971719664 0.42796203874145966
201 7.8027608983800985 5.617921050647267 10.95467444742288 1.9149423564947907 8.876465477371214 26.42340569680425 2.6827490596149284 0.7053647678540826 5.60114175252772 14.622126677603092 33.11523362871633 0.5097809781988671 0.019751957155552887 0.42825707657159684
101 7.9423178159981225 5.579007705929818 11.102561918003174 2.009343151575666 9.021877372538219 25.442920993600424 3.343213609456586 0.8844209610831715 4.580605382994022 15.138628014773953 32.07013948391441 0.508739037429691 0.043720420473263515 0.4262532803895565
102 7.491517935572679 5.6362430506412595 10.36696916562388 2.378536669494652 9.186764182219388 25.586587840320615 3.1940962208608967 0.8847894337251938 5.158157988964519 13.900999706073117 31.241674202170994 0.5074884144226931 0.05655781043789633 0.42567915646199245
103 7.799045461991791 5.8105220923420635 11.10722390445228 1.9854877933278918 9.298307704815262 25.78616051939627 2.837602378161394 0.4480542094010464 5.6235460219173845 14.195470169065606 32.06305465155857 0.5099520310621762 0.01965462668340214 0.4282492679825505
111 7.219652031800814 5.872297246055045 10.519561348590816 2.2163870650655007 9.10924443662343 26.256505556633126 2.6984148349993378 0.9409019057332758 5.987524253469258 13.307374191388586 32.135977974762234 0.5083380740475448 0.04290307452165801 0.4267972941163415
113 7.478125766600916 5.831074362704711 10.891746224807473 2.433255502408085 10.402343144695438 25.357402355780206 2.4210051386230402 0.6638185731028109 4.77650022821938 11.560136427833994 30.739396868665573 0.5091945400826958 0.03011362877177875 0.4279333423333855
104 7.532988287418266 5.765565936591316 10.849696767006773 2.1228998552749228 9.825878450887894 25.82225154415342 2.5341514772912013 0.6725274426428957 5.236887739087551 13.355547695992387 30.985588168152642 0.5085250672257006 0.04807265898710898 0.42554390121648444
112 7.970867759798891 5.631250216767698 11.459672337004342 1.7305231113421926 9.132338760020879 26.235679577285453 2.6716557462940966 0.961441858352323 4.4373009076230465 14.027398346534053 33.67840165542942 0.5093036183821736 0.033609053875068906 0.4268079912257537
121 7.4822137074666575 5.8918461806346 10.92501246134792 2.241345193546339 9.955321785729618 24.787527767166857 3.042489670236908 0.4144654981170753 5.607348183050005 13.286168133754353 30.583907331575062 0.5088651969699304 0.028113115545971422 0.42831654691730936
122 7.23134333824024 5.803678316069732 10.953541468601053 2.154090362834637 9.76923923266519 25.51579700213535 2.7251819078964945 0.732167917377743 5.073487130536486 12.900091638926577 31.681121016221343 0.5094578109825736 0.026821671407344698 0.4286391553233027
114 7.424540754102508 5.581394311354629 11.076552281706666 2.002765727907679 9.88965354032075 25.739604888209374 2.445540490710975 0.7283329963066774 4.870506035062095 13.127362354186333 31.86991874924181 0.5096137224243005 0.03021564049532725 0.42750475329089127
80 6.9887530044730175 5.693099127894945 10.732830569333359 2.4111010931766175 9.665841927676784 25.05533146358702 3.07877516194601 0.7130189686167324 5.130757882442301 13.093168996961321 31.3057441541612 0.5057374373985348 0.06580449289786658 0.42391796058742476
90 7.7309998312600365 5.576736642840654 11.473601488490852 1.9179048249915032 10.435828200006428 25.029100342993154 2.7009511731176623 0.7885807720273584 3.9273568859431567 13.29614063971438 30.18861890831363 0.5074215620810564 0.046000580215081875 0.4264814500906497
228 7.270174161261005 5.567311173446269 10.7901273445578 2.329619984959726 10.334183027453314 24.603145437275572 2.998111573237327 0.7847972868506387 5.045653176145603 12.133737684070105 30.08450409884782 0.5054769716882921 0.06642347824904345 0.42437189118018337
81 7.410242682448982 5.535338172469387 10.896087454303833 2.019374582125766 9.40504743155987 25.94737177697445 2.670951366262046 0.7716451494282247 4.473692854501524 13.563047418767779 32.56293573947527 0.5090387713926228 0.032503420665033866 0.42731832512790047
82 7.498445723340611 5.709746595057082 11.195186627233934 1.8882322796770332 8.988466558670366 26.042944011334875 2.8061266881767817 0.9999679962346215 4.481105923996319 13.427804313780406 34.27972066270659 0.5099553464583859 0.027062022694571024 0.4278388646065928
92 7.914552159865914 5.65551155815785 11.04870721322778 2.1737710383532107 10.068605298627014 25.309827846191766 2.587307925661855 0.43591394479745427 5.317176997372774 14.31025871810903 29.964103454357133 0.50894688355069 0.03603403690420927 0.42741816036270835
98 8.155381730051808 5.2796553324791 11.1747911769762 1.9408683622447 9.60938612305773 25.931041348719617 2.480482275417746 0.5148261082037414 4.7752080912109465 14.93496919462495 32.01627506153493 0.5091611937163121 0.03166194381670905 0.4278060408698616
203 7.118562465906921 5.905037962333595 11.0111784317456 2.1764143767279647 9.961127852375057 25.036941029883238 2.915252769101919 0.4652471366219792 5.748372910925582 12.844550367898766 30.669447836174175 0.5090076851521664 0.04004015090708217 0.4269094238574162
91 7.228758525194982 5.3414326690386025 10.42850506084754 2.7841714537887516 10.965001078092374 23.828918152391346 3.136777109840856 0.9724344786635478 3.9585598436908462 11.624497642120946 28.715904737010543 0.5061972478646821 0.06689607191067072 0.42401834782892184
99 7.577237776158213 5.53791841666104 10.861289183983024 2.153518339340487 9.48935998846834 25.045115762834186 3.4633103374203413 1.006774274213279 4.625071135558814 13.912283169561821 30.54114117709374 0.5072710835908161 0.05504081348311851 0.4254512037121778
105 7.45384083740373 5.723931135311601 11.12428642091431 2.057753961686153 9.996117945348143 25.19723651920562 2.908221065908366 0.6044867654692478 5.0039871553625925 13.317427555687038 30.53251546219255 0.5094562612066292 0.028355024274297286 0.42814036613390855
115 6.992799813957262 5.695767187866234 11.423579480523344 1.6550158939331159 9.106816781062712 26.519810209288103 2.4496699401655584 0.7354150072931206 5.143258047967919 14.180800193500966 33.037197746648125 0.5095533172745264 0.028068980819054467 0.4281884412525944
106 7.799605146687661 5.459191542920383 11.323476837558202 1.8939246485249521 9.960241641482254 25.02045329550722 2.9561451017704505 0.5809794581961488 4.486210210925037 14.148582486724083 30.87428693659928 0.5090953601159763 0.03827466254005422 0.4271541188706398
107 7.66472305885028 5.548563669852339 10.882234831197987 2.162506384203742 9.751974678013706 25.0942197293932 3.174275234689135 0.8281323479079038 5.221216045360382 14.17495388120693 30.335039780920987 0.5070940450895207 0.05711391569700456 0.4251027481458081
117 7.864979478221505 5.4423022037457764 11.231077933872983 2.018921806597957 9.846834324029782 25.988990287197463 2.3344368640354305 0.80849865662187 4.418503692298935 13.020038311168468 32.62080373598246 0.5090768804828465 0.03615117673025982 0.42691500274877325
123 7.901830160298881 5.464261307777414 11.25430705332438 1.8072571265858581 9.61051912650369 25.964766215780333 2.4467444584637934 0.8049445938020908 4.724492637519781 14.61379638683019 31.68059052188707 0.5080434371778079 0.04776582676601438 0.4263016047009936
116 7.479306770392251 5.561815669444173 10.862999311782572 2.4076847584121066 10.744536904878904 24.822229347934254 2.5442921542272368 0.7290030952584379 4.870429232606238 12.175133886834406 29.64801968151128 0.5078259211606103 0.05104158818440994 0.4257754271570395
124 7.605730833978762 5.5291174114644495 10.947278020501122 1.980657867165965 8.757959189347067 26.170684374318302 2.897644166789203 1.2582737959320023 4.421457760593449 14.291842017143635 34.139885658291085 0.5081292068870666 0.04289933832592444 0.4273384951208366
229 7.897471861679657 5.530221723306744 10.52365920319227 2.566100321106884 9.887086920427018 24.808061854785773 3.128431904238878 0.7717348647498671 5.344949231264613 14.299989428015659 29.47539572023084 0.5068805644113714 0.06312788747877428 0.42408507681871965
230 7.510397832324662 5.712884290374437 11.27256838518072 1.8872057047154978 9.25774336916629 25.362253468498103 3.136491311795567 1.0977066854623903 5.061630707577704 13.64889844447601 32.49139741840754 0.5083108848377649 0.048015429679952745 0.425659200154939
83 7.344089541672493 5.672858181191594 11.20404288963548 1.9527950511242824 9.483108202984836 25.638807034986588 2.8823944524317326 0.6614972631211289 5.216803332580679 13.566748240774473 32.241223029781324 0.5095116442476124 0.02172230542823452 0.4280333090274442
84 7.548670162934069 5.6349913774967915 11.252363347176844 1.7617416691069565 8.590700167467407 26.51618188019586 2.7667684571087796 0.8081905942421159 4.932073020243772 14.529852027140873 34.6252983984561 0.5089255953610105 0.03909545972904976 0.42789528734505483
85 7.316050886209724 5.7713805921683 10.397635092164517 2.6645977496258033 9.852484887864613 25.575619774807276 2.538264684000128 0.5372729300583277 5.909625621177815 12.805372269182099 31.046407181144374 0.5048403029149373 0.073137953581244 0.42452537884859776
94 7.379972979352492 5.692797892126863 11.03267662902957 2.008112252945743 8.705349372885605 26.175654829920695 2.8794507234998084 0.7255465110791365 5.9181597186109425 14.773094850365233 33.44084415015387 0.5079024707485132 0.04066470414978412 0.4265132340759289
205 7.3792830073781035 5.709984040124633 11.172270688029352 1.7998667397894088 8.40081843642693 26.73460770824534 2.7780272620542306 1.040413356811293 4.99666894887327 14.578827696928904 34.989374005495 0.5081484752037849 0.0476049834626359 0.4257656494510339
204 7.951090717316028 5.360232717312809 10.864598282308993 2.1411184854962597 9.534809342120703 25.68170839055901 2.9118276139985753 0.7960431418706853 4.469675939266959 13.600112654069832 32.151402957593525 0.5088163118402863 0.033057368847733665 0.42781706410871756
93 7.281185681620563 5.809441044845767 10.537878756555479 2.4696683895772424 10.000667832836365 24.488913927760954 3.1909778875424255 0.8732974347510426 4.913206353073256 13.114158304421458 29.72454595930632 0.5058530417478185 0.0687073096213613 0.42380209198036833
95 7.487454433733281 5.748171071822262 10.845437618435367 2.021562165341164 8.838873833932324 26.184911437518082 2.900579795391864 0.5458441566342576 6.030912319416365 14.75844701950738 32.10938083548298 0.5089007887633972 0.03777502190582108 0.4264041278970788
100 7.251428674658924 5.563558815785617 10.59480493663538 2.6494280493373155 10.310858602630853 24.69796844887953 2.692842458003584 0.7080492318938255 5.195718582621007 12.16786934114111 30.588964605039862 0.5060589503227756 0.06284442889430945 0.4248867499219813
108 7.400706266764674 5.912798037419354 11.06283965276426 2.010502526745704 9.542877340539693 25.667375786562435 2.8216348822002093 0.8562584737284504 5.479692585686212 13.444733904976989 31.06284056760805 0.5086121638578361 0.04509607170023724 0.4268288618457627
109 7.954990598758007 5.427035078648967 11.145865676390756 1.9218489507987655 9.122605141858761 25.406938741169345 3.2262917480894915 0.6444042101752161 4.424107693362133 15.243847517250419 32.33837686804234 0.5088360307127862 0.032462436802820294 0.4280102232369732
110 7.423545860010031 5.645688914086952 11.028416438073545 2.0136098464412613 9.347865396037953 25.280155648525902 3.2997218164654214 1.0657238401793414 3.8769126561613967 12.995906095391582 32.572761699879536 0.5098858463308037 0.01930767371503891 0.42803023098801224
119 7.263318532019301 5.885897984027828 10.86510084580322 2.0957422061154722 9.569449652986858 25.725767534553142 2.7471292129222658 0.6505204558166118 5.786773596282859 13.536498036362154 30.790533895402064 0.5078794639389344 0.04753068487860262 0.42647243396850526
118 7.825202589640462 5.874748049143681 11.05362957029074 2.0627176666998346 9.703217119214543 25.94961156734815 2.4622741780117696 0.6489078644820051 4.9744138041354 12.698900474594142 32.36944303814363 0.5089608148146986 0.036571180505092865 0.42662736920306193
120 7.709869997390294 5.584856007808043 10.610148467164281 2.291857907106027 8.811966681864694 25.571693299056346 3.212927283537195 0.6411561322679238 5.2585336506271565 15.34665094067032 32.62540055361148 0.5083173207827824 0.049641138702724616 0.42575468929318167
125 7.391511937386217 5.761899011581149 11.07742844444309 2.121333438433375 9.376615129106675 25.302800812505346 3.037279577889173 0.4733848839799296 5.53148049999432 14.098000990360527 32.03826167274923 0.5091237204586813 0.0257477520405482 0.42861075877482957
131 7.609733929426854 5.87712772478415 10.961453502159177 2.0560476463800645 9.595513407340478 26.018508585234017 2.465110135878594 0.45012367595057484 5.835588962302121 13.374329860650429 31.436884128067078 0.5079657370093804 0.04166072913652878 0.4278490878857021
132 7.77160724233378 5.676157736934034 11.070939122925038 2.0328555379353626 9.66067402468339 25.911121462038263 2.5011388123937444 0.9302818589045458 4.019824122090756 12.533612186618395 33.08420065924629 0.5100566966464567 0.01804583650776384 0.4279971628766746
133 7.344627333549287 5.521796986256068 11.118967397036664 1.9007137029743135 8.933843125359532 25.97147285941073 2.943749750228409 1.0630946163206814 4.619620761601896 13.906681134811448 33.90444282214864 0.5085647184213691 0.03942905714374462 0.4274662724605886
156 7.981503650356344 5.639968198950703 11.536526480498349 1.7813635497765663 9.610618836641272 25.541698750337616 2.7722411245980276 0.6234062637090648 5.068842442848704 14.98652524798203 31.07280948111074 0.5095781616487812 0.023451637529578618 0.4278406508772306
158 7.693978697689636 5.491534393981074 10.86202573868692 2.3046988746169323 10.197854155845473 25.15816179764547 2.653876083024154 0.65130386216036 4.305535676036014 12.729745575813253 31.257935913938937 0.5092017726863144 0.030778054607839517 0.4277204728023633
134 7.389348526175204 5.85834262536257 11.167831158362521 1.8498519206473043 9.313835887727969 26.266247013662593 2.5201440651804616 0.8190765331818725 5.91654170597669 14.030341407312049 32.1539343280384 0.5090311627654006 0.03409077658545655 0.4278242399601076
141 7.516278224524257 5.796117879400542 11.22404455349715 1.9799075532983836 9.571035197764651 25.520112590905537 2.844776450891477 0.6689973380587201 5.058143689728784 13.387081222322479 32.17788164538405 0.5093969168276484 0.02578797450986906 0.42805164310779487
142 7.981970550970966 5.50812925224779 10.862477823575567 2.1274016716412367 9.583181345426615 25.46184882523738 2.8429577417886684 0.7281831733134165 4.4717307805724085 13.98691107567866 31.637445300434674 0.509311584404894 0.03719083597702305 0.4278598696393776
143 7.882889732435017 5.566338580848274 11.041769438633285 1.957439784258514 9.266060212991851 26.0262337869993 2.7640711169472496 0.6337255865641964 4.980509859122565 13.885776283755378 32.76048530261689 0.5089798345273187 0.03915301270168985 0.42767208803304013
166 7.5069184330822285 5.744921575484748 10.921540509867471 2.3000568329655775 10.195590676999489 24.959767537842627 2.8021884215586472 0.9226429255603211 4.392841225672873 12.33808026195663 31.090198961159885 0.5087929922637136 0.04143779064539399 0.4274558184452449
168 7.092248010624487 5.774176696759636 11.398993141624814 1.847748011437844 9.456674699324463 25.26742733381748 3.111648390859604 0.8641703199104637 4.993747764992936 13.963164411744568 31.946218709616872 0.5097661824448811 0.019877371451675757 0.4283378673135738
144 7.517849828270494 5.441935785534637 10.89730882750198 2.0561011799876585 9.380727838666832 25.907768898463416 2.798565596289503 0.4824995640377589 5.7296366283062445 14.475465850198749 31.67359973681125 0.5090305787311097 0.03872537428459663 0.42744295800813575
157 7.7277703015186905 5.319881098731093 10.793465765018649 2.1619943087852778 10.032013183270001 25.25073908681668 2.8537686807189786 0.8941264936579685 4.505866241864865 13.57916989784233 30.040362480762433 0.5076744629944663 0.05473314028294575 0.42542762531439193
176 7.295291729520856 5.4641446550490285 10.766929934200915 2.2927448951709675 9.808134346198777 25.34150509841866 2.7821382313288643 0.9888151630609823 4.086234613190571 12.75273712255909 31.740227352916257 0.5074758727135464 0.05160747676102101 0.42587724875037886
177 7.009618561696239 5.791529248864093 11.232721987932749 1.840075348909113 9.08338013438847 25.69584761491145 3.087507427571187 0.927471699249113 5.402647442924497 13.671429159078901 32.93128898970814 0.5093012191882273 0.02911023348822368 0.4273278435354586
169 7.432122834526141 5.568824331854144 10.659430690974725 2.266275070831177 9.559249157068718 25.447129290890697 2.8731900450333927 0.9232772262109914 5.279695912200746 13.269926014407273 31.48911454166303 0.5084077679412459 0.048164185089315845 0.42577454741172516
159 8.013750125578362 5.2261930862679025 10.970382984866628 1.9694387192558216 8.866144725162243 26.232277465829082 2.8813692320090656 0.618110958266837 5.312708731872595 15.560503164876689 32.719168346526594 0.5090795765623347 0.03923451340827029 0.42703150424977365
182 7.588849500727515 5.689582336443557 10.946027067251837 2.231931037466328 10.248961710109764 24.541644069579093 3.289197644887839 0.7690854338802413 4.603656206135502 12.975250291651559 29.344044459193636 0.5085981619240794 0.03951185712931615 0.4276439638859522
181 7.4859681621407885 5.620435434907115 10.86407441164566 2.325618749640093 10.288301710712688 24.766629466732336 2.8625508225470466 0.8981553592994861 3.8363708967817676 11.916256735086193 31.06570472199155 0.509019272152016 0.03273260300518348 0.42735118729042365
167 7.66347350095333 5.36518600665876 11.284248490027707 1.751773645842524 8.837266735470612 25.84227453481771 3.2633456691306955 1.139892647642854 4.434037782571393 14.519828539085001 33.57605771907293 0.5083352835567001 0.043302899084124824 0.4261380036767547
191 7.56889870541463 5.667355799316701 10.766215480589928 2.3923671150106527 9.986464294068327 24.980028714133102 2.8397800020734674 0.8937322879684492 4.809535349738081 13.521273740266805 30.298460249150335 0.5056645925849022 0.0634918839488829 0.423300444932769
192 7.697416822387052 5.645430548248475 10.714733066137281 2.081863567303364 8.758440857769568 25.650712991707472 3.236094833842323 0.7870650491173549 6.093106812635456 15.673202301166087 32.219547395095816 0.50678167097571 0.06317275528221535 0.4249894850252354
196 7.6404005495686516 5.305746027098904 10.514926568675758 2.481978804542816 9.547562664464325 25.13642237522965 3.0541736739854666 0.9927292259653745 4.613235694979544 13.224905185334194 32.21921085915204 0.5055841572582915 0.07327997500956565 0.42168939716149295
197 7.559977052128323 5.556586087940052 10.793689231227708 2.2866939880251933 9.445083399626437 25.479845238741387 2.9449264164167555 1.0050766068020784 5.585343223129621 13.968066512892124 31.326685565541027 0.5068173165611476 0.06618943319338323 0.423761462128093
135 7.802002370447346 5.672876707584408 11.484606562812406 1.8051323293785382 8.998204553325591 25.73061214654408 2.9390431680807194 0.5981408212997228 5.2344579982732835 15.663886877386512 32.89342630191734 0.5090073256522007 0.03799841810023447 0.42780741397524885
160 7.553049486437384 5.796489433442569 10.606767778606054 2.2907942961048096 9.575103641235987 25.46469662543079 2.904863528871747 0.4870264777046655 5.44420596768481 12.924552726940325 31.810567758869585 0.5096696587948588 0.018420818247383067 0.4289896445522647
184 7.980755797763246 5.704243826539244 10.948292596382172 2.0871831855978296 8.972831561006195 25.068565076429717 3.5223748636241505 0.4862938201469373 5.694823218355091 15.559694883302388 31.79202782594742 0.5095971027683569 0.02854248612888669 0.4283725925473942
136 7.505679928181538 5.859268611627462 10.6654555493423 2.2484782219175012 9.019971855482424 25.563596125912596 3.1561338477962306 0.6744058511705227 5.6772179987195575 13.60237150265191 32.86858499527871 0.5093276382423583 0.036358215709901436 0.4266386547616461
137 7.343324777884209 5.693777444776281 10.75780743376059 1.9908923065621982 8.083631676333491 27.176346577379416 2.581910060468917 1.0386995313533753 5.356917065562343 14.278005610579614 35.47698719135329 0.50933350432415 0.03305845499162908 0.4279115278110497
162 7.721082924119554 5.9015815626987145 10.85782899248263 2.104562961357399 8.877926899871595 25.49398954563273 3.3917765069144483 0.5733680490869775 6.101673120796018 14.324652500800742 32.38596593684159 0.5091493263646256 0.034424233426909506 0.42770534289369055
171 7.706186312860432 5.93108132443426 10.507440940448598 2.3022097341578425 9.056827911322369 25.903920237672473 2.905257885794437 0.647521536843095 5.380693771838631 12.711757353295022 33.349577549115615 0.5095980724353915 0.02495517186773433 0.42857425654412057
145 7.972166154870619 5.588043555081944 11.35271387948904 1.6909049508198404 8.594343342261439 26.33918438685193 2.9486928271713815 0.4289198333047161 6.153959176798547 16.373377080757837 32.68233074524976 0.5089892200004237 0.03728733686274296 0.42748175491887797
170 7.618461539609964 5.803022914149132 10.712172694680671 2.212085634437096 9.080812546045054 26.041535830279653 2.877830113143421 0.9505835343506766 5.560402339971533 13.564842519212688 32.55282926419424 0.5082603240268783 0.04682606196188078 0.42653677266342066
146 7.769802858992395 5.775387843101127 10.961470768286208 2.0816246079876635 9.619494687642026 24.881329977212026 3.3646299489203173 0.7701901237174261 4.7937253900627645 13.237189223851713 31.16990115122221 0.5090699914903273 0.0323096800216369 0.42811064901841184
147 7.859376347195171 5.665299195365012 10.939937898894291 2.100595350498241 9.077692434971484 25.935195187874815 2.862660960340458 0.5339886466688814 5.6720270750460005 14.90650452849945 32.0871288954547 0.5088988023585395 0.03577292089984634 0.4278064210023366
172 7.98741074508594 5.809158506306975 10.853087282881352 2.1172960185963428 8.842234899948513 25.803248724363346 3.0661565846946375 0.8839924339236753 5.595734759090069 14.23415787144676 33.16408195313335 0.5093752397329617 0.033177942474253395 0.4272399966860114
183 7.846136791673849 5.863446668531363 10.768719801789358 2.2344165695013802 9.357335186266532 25.81495036832467 2.7504600272539257 0.6593489467765584 5.808464407539713 13.489127582762876 32.31557252358762 0.5096690157655344 0.02565548884291235 0.4286308080702506
178 7.148721686245091 5.891543446185619 10.652027012019545 2.193861413131235 8.895010025879957 26.1573230507049 2.7849979514062855 0.3351927139206864 6.62261013091841 13.946975333259712 33.09254134182821 0.5100112302610039 0.018877454766366222 0.4283214122286947
161 7.978003874939016 5.938818058129115 11.016902393213199 1.8479300806269683 8.285227930764666 26.113979631938058 3.3826044743066044 0.729746833413354 5.908913297290834 15.162594533000508 33.4368542869166 0.5099027498471744 0.021312478128738727 0.4283483447638458
179 7.488410132081557 5.837621389443664 10.568870122619781 2.499711021789442 9.668712751667043 24.926772001325176 3.262185955675002 1.0682941622011435 4.75016155823637 12.152637421207878 31.593714776739734 0.5078905952365723 0.04961228447251793 0.42656937931041045
193 7.658224755843431 5.7910132047402465 10.816886920904626 1.9421349633516114 8.253424600864573 26.947824256634963 2.800222699022622 0.730342912973663 5.954731825759979 14.495054539335765 34.71799110416367 0.5092400263648783 0.030620526366338118 0.4281578557153735
198 7.71617003117052 5.705691510862283 10.729236849970922 2.056246680251624 8.685794310824175 26.280628007984934 3.0277018037562637 0.5778050153005114 6.122608880944737 14.631819556858101 33.10883771164636 0.508288865296974 0.045548468723288126 0.42725324577925883
185 7.355338575065704 5.73521362182467 11.212278235028053 2.059687080230361 9.665203816584945 25.02089976959728 3.0540533411986734 0.773582661683188 4.699054855932537 13.658675591747512 32.00891920821948 0.5100063703633573 0.02350599605892617 0.42843980554949784
175 7.934831220302886 5.517954309751287 10.80378439115071 2.188487336032003 9.602391606243565 25.87192432977873 2.6240850809153073 0.632529771162222 4.658848428301329 13.738754492990246 31.80114732421792 0.5088351574790826 0.040947000163015376 0.42747371740249424
173 7.640400282060422 5.7152691142565235 11.058275662642492 1.921989978590247 8.785428894243141 26.151008935331408 2.9290920546226635 0.904566479166413 5.486771794553616 14.396865961711038 33.673175079924945 0.5094581450778921 0.02839191038978958 0.4281391726422629
138 7.294820257956675 5.827869771259161 10.677217153630144 2.2626109892715784 9.081092759610387 26.12627140396926 2.7200905105364366 0.6169162759724641 5.770390116131044 13.358058547480525 33.11166981188847 0.5088269111679938 0.03824944515230314 0.42719428781198043
139 7.738431018141131 5.856201716432888 11.29481837154877 1.894580357517893 9.129503533703037 25.92180332620137 2.789166772541681 0.5522145448373723 5.56535770266978 14.64272426737471 32.67104921226972 0.5088027018958319 0.038996093282766035 0.4272059679603577
140 7.219946114793283 5.795014948880393 11.060789510662099 2.0308390051156304 9.230335332169094 25.78696552880489 2.8529577360457425 0.7478855060922979 5.330002024965566 13.526363671402871 32.998675881354494 0.5084158130004645 0.04723983192507194 0.42625918098077076
164 7.897517448531932 5.522599563500526 10.759617285648053 2.100016336604887 9.022333759575025 25.928095292088848 3.0112717411599847 0.5729281115075414 5.612831020253891 15.232790519044642 31.60256260801556 0.5073989210032569 0.05567533045428573 0.4256063589911029
148 7.6391900879467824 5.78567068587686 11.036219386268188 1.95878167332436 9.148275218166242 26.00790726050902 2.803547535876183 0.5509879023888385 6.0473837028341695 14.76862763315584 31.76460359370947 0.5087509305878571 0.04115635742759553 0.42755448574336374
149 7.468898787040477 5.649540358606827 11.161507433603251 1.8653420218506374 8.783361750542815 25.70693380193938 3.1313876375152807 0.4786551718702922 5.688717784311016 15.922834785775926 32.649023245374295 0.5080223025132314 0.0455349871025501 0.42701504193274514
150 7.966004177474465 5.674838013011598 11.456506768689607 1.698099102000624 9.18243171446486 26.181100717091734 2.659381841579943 0.7222235579766939 5.162056308002603 14.692919639160676 32.623021693027766 0.5101150604730577 0.022625401278428506 0.42858910568572695
174 7.534104994001534 5.491699432466413 10.852217224044802 2.0472037686721327 8.894889516449732 26.138781874448338 2.9504404205402155 0.91425472225746 5.093651092762689 14.179923398679886 33.17736321794905 0.5085132621668875 0.043167866626627784 0.42732575700474845
163 7.678229976408999 5.686993997729809 10.661412356838685 2.291340200047473 9.289931889284476 25.713381184630038 2.8717610741980906 0.7049417516222926 5.698288754318855 14.155135240248729 31.755453363341516 0.5094828637074426 0.027950067327824867 0.4283818966434083
165 7.411995781146532 5.699315691139333 11.464541966423308 1.7209641710755956 9.63676693854821 25.537957295306224 2.9532799066932687 0.5898869572282823 5.312201358545591 14.075455964064483 31.236450852023864 0.5093089213792182 0.027187548305249346 0.4280849186482986
180 7.3949218851080465 5.555692597692372 10.863611958682052 2.2164600877953236 9.574361864145953 25.558832720856934 2.870099944542283 0.5791608196956198 5.2949152834684945 13.79125892852561 31.66672185659407 0.5087538951685388 0.0423906490399717 0.4269248073246066
194 7.786922783583425 5.327657352539331 10.915710938185667 1.9142485005375516 8.44634942672404 26.123946912407835 3.1039603428974445 0.7871823238370573 5.250995071317289 15.80528752631955 34.11567279862242 0.5097795832076202 0.023402541721200768 0.42825100845265746
195 7.780999168268408 5.447501814474788 11.189277895335255 1.8562643810543626 9.540059632986104 25.663859033167412 2.7312372477953 0.7745907136610022 4.615367246569088 14.807590544839599 31.560631130810606 0.5090565246610934 0.04032569574669627 0.42666229004974526
199 7.747984926432905 5.601664340407236 11.053368374007277 1.9589832017728968 9.216721153053909 25.46447215304978 3.181721668368287 0.9801606068090852 4.508879465498424 13.710278167396282 32.880883977321915 0.5096856063118379 0.026460292650612817 0.42801490806338444
200 7.8061078548757035 5.695425680705412 10.784443851282402 2.24359946346693 9.833620162395649 25.590366557878486 2.6627962702302903 1.0383368844193819 4.904135648677179 13.218866261916494 31.0145679711885 0.5075711406227824 0.055711262349184214 0.42483355640842047
206 7.565271777621161 5.534833509467724 11.028716204049818 2.2590159184682546 10.296655238742435 24.628686775950328 2.9368017983021537 0.5006837148721061 4.777342252558869 13.410127992124972 30.049837030772967 0.5062865557366749 0.06132485589526001 0.4247484522206686
207 7.594031039163914 5.59743177093158 11.182000759424348 1.7863621154952396 8.60609026443955 26.112841435715424 3.054096081776747 0.9634696564659314 5.139552268191446 14.642418599822678 34.18802977976542 0.5090865338472668 0.041771376707296116 0.42704307437214784
208 7.809903046879287 5.5243123245128345 10.761410214800996 2.467987347686946 10.410842977739284 24.689772001155152 2.786128426373469 0.7119440883309893 4.865880498505559 12.580930112035043 29.90452345780084 0.5061078263833981 0.0648014567955763 0.4243365278611684
209 7.413368090664102 5.840230927874822 10.61548142636091 2.221837493758149 9.085449454783328 25.650369019761325 3.2927786847769043 0.8198950228388581 5.128882929998015 12.955954351999608 32.27123236622145 0.5079072122084194 0.05343426205432641 0.4262961727419824
244 7.309588603300346 5.869631434105286 10.799744840214421 2.184964742159618 9.202331177114807 26.490716627363586 2.383337057427518 0.9098008955130745 5.37203666989742 12.344077272342235 34.07198781269365 0.5093673886620772 0.033514252097291856 0.4274685037265661
243 7.874597428319073 5.692422398860513 11.138274993869109 1.962671766760185 9.18933743031169 25.173342454035268 3.240660755247693 0.9247587494019509 5.055740306188453 14.609302301383321 32.20092450635989 0.5074657826372002 0.05297354587339317 0.42659293916406565
242 7.375383047260899 5.964819988885911 11.256005376334832 1.7969969365509562 8.989312786740786 25.82308264037505 3.0194471768575215 0.9637849044686356 5.477013192688355 13.517876365989117 33.40448140843345 0.5098136334620967 0.01535175476394555 0.4287432675186287
234 7.48633755285528 5.89744434703691 10.945191887391665 2.1561144508720993 9.867009285211518 25.717044148175475 2.5732960429350515 0.38997965122913125 6.10358950638594 12.8457676680968 31.22023982347475 0.5091315685649918 0.0396615418074082 0.4273384696874502
241 7.5460259680814605 5.517476835082653 10.863597390466614 2.1986937294344853 9.130204057156257 25.801007690092696 2.8215769904949073 0.7758991213256275 4.971229950955551 14.221952767857891 33.19985899054014 0.508600058636708 0.04018108704519621 0.4275575780095876
216 7.299086054346173 5.771938286851991 11.400193607017616 1.800250703123229 9.342094920756153 25.77882866312301 2.7671468393456475 1.041564531872011 5.290561109994823 13.50933807555899 32.853022504421 0.5085161785023409 0.03780990339515139 0.42730170903863485
217 8.005531728482842 5.539115908898858 10.43282172286591 2.4593056580147907 9.797152063596188 25.506598277697474 2.7347726488547592 0.37034162766398177 5.336413990468932 13.34899338510154 31.200800746360486 0.509493434200979 0.03622904985575322 0.4277626147813027
218 7.867031124814483 5.4343936870168426 10.707552045717042 2.2089110817614515 9.132642456427295 25.97043476347008 2.8190555504740495 0.5735106260668635 5.4631958900212965 14.056010387235288 33.156971093143675 0.5087545289700084 0.0379501632399717 0.427527554719985
233 7.549807378646607 5.683753637946856 11.088284400487995 1.9243278075594348 8.76933058900801 26.200984668695938 2.8118383050960833 0.6430404404346897 5.263646601096562 14.405450329998688 34.17303929782075 0.5092319234883215 0.03078036670001371 0.4282410582713814
219 7.861028291974122 5.616134436627421 10.90254082019041 2.149830932954152 9.306354912078874 24.854651093550387 3.6404856873889018 0.6422263383930119 5.449502213302357 15.3766186582155 30.190586615814027 0.505884082561594 0.06682307563625481 0.4234810108187479
232 7.697080472275434 5.752651679442494 10.66348225504842 2.2617108535472754 9.838573080079614 24.916804652413543 3.1577178720601378 0.7300937868825305 5.549999402928239 14.08914799003298 29.367998215500794 0.5061737234455068 0.06796498555708917 0.42338071087176754
231 7.22934815215122 5.910366870769793 11.145747680537232 1.9863108969806078 9.649347463928788 25.520718597405146 2.795673242167853 0.6542593172359672 5.4855500388344165 12.983674491043413 31.53937807210172 0.5096106528529816 0.01985878893879483 0.4285027130010968
236 7.3436535046362055 5.5689703961924755 10.537878786693454 2.4003471207800184 9.398848567358456 25.110894326565145 3.366499215336359 0.525552707193761 5.270263915792933 12.957611133175863 31.99372144747103 0.5089377555350559 0.04173021287504958 0.4271440739668171
237 7.75917067515532 5.624866320501053 11.076221825696352 1.8835664172415818 8.619337361089704 25.741391453064153 3.244303844878077 0.7713014515477078 5.1007004245837555 15.549075240984335 33.19495777419089 0.508872660089357 0.03454095347680362 0.42769233128157125
247 7.7166732556500826 5.927834440461795 11.211362093758998 1.8298095434964246 9.058647953824213 26.129824455005 2.740216245567452 0.7162461119242651 5.544004732651825 13.657972003052533 33.00093067657391 0.5092407454757069 0.03048520760368566 0.4280356583872766
210 7.630632337332168 5.843830143676289 11.328399245292998 1.774936972466622 8.523199878507286 26.42591724431887 2.811966661549347 0.5374110011909154 5.872226020416853 15.285326319335619 34.0184051966395 0.5096235828364113 0.03130710636544803 0.4276589315493271
246 7.666167705237124 5.455745342225082 10.661157162270408 2.319919369730141 9.531528078036711 24.758187417875984 3.433601290643302 1.0675204406663734 4.577288632617951 13.713649506471814 31.362831784435727 0.5075873733740307 0.05353355920844735 0.42594022148874466
245 7.780341216733267 5.656839908355004 10.801527337170947 2.0657682758685265 8.631143231216365 26.760023147565413 2.4880331102010818 0.8021263323871142 6.2776135299686215 14.516175151212579 34.01564269703999 0.5077814572274192 0.04476894737536248 0.4268172647670134
235 8.18481375304595 5.643248126289122 11.289868052762607 1.7907040984595566 8.925568889800985 26.36296279948048 2.6397041481579846 0.7100387770100718 4.927188124692671 14.679522091649138 33.741805137381746 0.5090783141525126 0.033532100365435295 0.4282828371706613
211 7.740427100942142 5.8842301866448565 10.510487396957638 2.3899176847702397 9.584055790259628 25.41839408139808 3.060804646055472 0.6212072880136915 5.751356445486545 13.062225224902196 30.843664609772055 0.5087577666206405 0.03936116128048774 0.42696931428941054
212 7.645948270098764 5.699533095021479 10.810820386936921 2.165716872728369 9.251232634634965 25.11177685502544 3.2318288099415065 0.7396036442752713 5.165650188113764 14.62261171943402 31.826647563777634 0.5081324663352292 0.046714602556278524 0.42648520518430466
220 7.35092999613895 5.667899256905391 10.797469474536209 2.1717622172978737 9.097928349142984 25.41695142968416 3.220718318585404 0.6710201163838774 6.292657252887877 14.412506611540552 31.678110786726187 0.507843232442829 0.05587271011389886 0.42541789875662217
221 7.851502165588738 5.699998243636569 11.049671390568157 1.957316773123484 9.10555835069679 25.624673333095085 3.209804327012123 0.7821839140581373 4.672645650315973 14.242816128855168 32.1188460526078 0.5091316819928454 0.0372949616458192 0.42612645029720936
222 7.947026628403203 5.584207071250196 10.657244408099867 2.331275460936318 9.390650327382264 25.449408326637442 2.8904827120630627 0.6304006830257556 5.271876493975621 13.813270732096111 32.504815247414236 0.5083063688102117 0.04238537122693164 0.42715679672361007
250 7.510543807708355 5.485531592927545 10.55941922309612 2.354688788232326 9.736284188316384 25.553387524049395 2.6762598869374847 0.7691764614667712 4.969027752961835 13.122229113398452 31.782401615720794 0.5091592735339071 0.03851489456427323 0.42712156043297866
249 7.4797690831359205 5.677239642853524 11.16534223268597 1.8698830740802577 9.093567249164558 26.047896541277428 2.7557840637347515 0.8278801485730827 4.878412961310263 13.84503481763219 33.084061719512675 0.509995957239799 0.016820334155931968 0.42864877540897983
248 7.651608842615377 5.672903014113049 11.07349847278104 2.0706836525920127 9.479471419290055 25.489594043830003 2.796066746117712 0.6484284459062495 4.916487701248025 13.676563892822045 32.80877138832911 0.5087201534861675 0.04443149005250777 0.425652019689681
238 7.5280892951044205 5.813810861826496 10.767108839970705 2.2319533127147655 9.520366086157136 25.297749841468754 3.064723516396973 0.7150548729205636 5.092075736108597 13.24106106881719 31.730357265793078 0.5086160561858007 0.03597257074418577 0.42746970368605847
213 7.417382156584255 5.779245528868241 10.911934015234491 2.066157681119322 9.429623947551299 25.11896015952438 3.2874690194245226 1.1927422647160255 5.136541642559606 13.468861595833424 31.47598063218911 0.5079977770846905 0.052975552169154824 0.4260993376609465
214 7.20484004111026 5.711469281439325 10.953571306107309 2.217277529331682 9.978992903562913 25.246326859008477 2.6881777037592776 0.5589178955707339 5.305627407727001 13.36234025890625 30.964941713003928 0.5091438256914302 0.03586775507842917 0.42735886673159756
215 7.915597950636357 5.353425108112103 10.646788246111859 2.4059352014157858 9.704781380122803 25.91790071924828 2.4655193025470794 0.8106234623972539 4.3987254779693 13.25844286034289 32.29876289026 0.5082407368199142 0.04684043884877948 0.42628375151834363
239 7.542687388707278 5.868922630035925 10.845197454702998 2.3029956345416878 10.203710538454946 24.849914710173895 2.798599039182555 0.6501231022042588 4.793583448659384 12.535867046881522 30.5951965892233 0.5084465131922447 0.038828089016590205 0.4274602273510886
223 7.592472283869068 5.495713269830819 10.297139753671267 2.9681422975270975 10.587436857073225 24.398355365400178 2.9100708809561446 0.9472344493287209 4.5589231948059945 11.997952692827571 29.259512182063826 0.505096391985227 0.0766182815683744 0.42240881516379897
240 7.638205698069022 5.2810517772574235 10.660641191559568 2.3553192840928685 9.423740837968634 25.048770933178726 3.2615686290110326 1.0000292097525134 4.640931177787449 13.872294892743437 31.63033764196779 0.5074629640069601 0.06021978528272977 0.42358509082162643
224 7.531249686988202 5.830510488403646 11.190550093884845 2.040522597528 10.049689342327756 25.65498295862494 2.3996281926655856 0.6287154475471944 5.322636155797726 12.765584631508892 31.39669157810652 0.5093353772627804 0.028363837058511646 0.4287111072057868
225 7.305945492029396 6.002663773411259 11.550487848817584 1.6579492422856528 9.40846342895299 25.467348314800418 3.0167600871957356 0.45366866199108746 6.218894662316987 14.528895360591614 31.441459794340602 0.5092022840895367 0.033374513301545734 0.4273811408914916
