# timestep 100
# phase bcc
# id f1 f2 f3 f4 f5 f6 f7 f8 f9 f10 f11 f12 f13 f14
1 7.746955149773987 5.737689895201762 11.405320000191052 1.9739704835534915 10.465167577100383 24.908551476898086 2.67561947304864 0.6050359786780345 4.965600598005583 12.698202274680657 29.919448144701782 0.509755521113185 0.019772831996376083 0.4288033085368008
2 7.7967168652915335 5.081798517547209 10.810740263545098 2.2746513827863533 9.740352022250793 25.293692677449336 2.8195792971921825 0.7104614891150441 5.31973407381334 13.845397059161515 31.632976946139785 0.5077325835911288 0.04973758449977379 0.4265166401870072
3 7.422492331415979 5.770718777221964 11.175128397913236 1.9402371035305175 9.522021290534997 25.857045067603245 2.650732480488899 0.25525645844783323 6.66711235161455 14.93536768662338 30.61114712518906 0.5085379284789504 0.03769597428125072 0.4273052485709176
11 7.663143110658599 5.807094448523972 10.966870848160177 2.2229144280130426 10.20655451647238 25.379796062324523 2.538309446715538 0.7893427639929895 4.933740750679346 12.561194251839016 30.420960899651107 0.5089642061718882 0.030408482448422664 0.427545536072655
13 7.72928940931298 5.878590456148437 10.994293494984822 2.1418419463544307 9.77711283574045 25.706137086420156 2.5369233130617275 0.9390263030781362 4.466870861704949 11.855407715810664 33.042970770709616 0.5095183052912841 0.017538934891299103 0.42894734939247897
26 7.6232468452246 5.743447842015302 10.810363001630112 2.1809998388928378 9.722622709771942 25.880064958441142 2.5505645680677995 0.738199055409089 5.181495491501712 12.813126887299703 31.66104161901883 0.5089299408385078 0.026961817327006275 0.42803713227853685
28 7.4196408358858505 5.765320862461109 10.8751166438312 2.2187943461914053 9.972800693866533 25.286467903417503 2.8928368778135676 0.7136391803748292 5.064510299846962 12.345205287807017 31.22291481753329 0.5078226487973501 0.04759762731650087 0.42741030417205766
36 7.308914657946137 5.456484818114235 11.065627544808152 2.0473776398530674 9.47656274567968 25.22712650499174 3.2620929487764685 0.8160281749504349 4.408569403306751 13.810109679867574 31.536339499654833 0.5076611802987202 0.04299961904497142 0.42752742304621955
38 6.972272649278146 5.409947000199901 10.69754029518835 2.083838688811162 8.773323685293025 25.810246073730035 3.218198508977269 0.7308363283332424 4.578398283047554 13.748157813791114 33.718275080872424 0.5100233664571328 0.021247534881021855 0.4286005848268011
4 7.836193071600306 5.572259260783416 10.959357686274814 2.2388108416466297 9.86214895695566 25.270276713838765 2.831056459291667 0.871625018311175 5.5052009935084225 13.791823878353053 30.10790053583214 0.5077287579570533 0.05179582005067352 0.42599946167639813
12 7.490782936243327 5.463219334460269 11.255311530762494 1.9957370404903934 10.001241618459575 25.36245364752884 2.666197978406617 0.5644938762346431 5.385174389705857 13.807735495095365 30.551993916257118 0.5086725386092021 0.038553656839732026 0.42746651576252603
21 7.372964154078633 5.562967589769152 11.126588170384137 2.079437317304623 9.940714399291691 25.20851796005027 2.8165721795355196 0.7922658477842317 4.729200383176705 13.470914936134099 30.628390064638417 0.5089746652883053 0.03940697456196017 0.42703510459698407
22 7.18971978978886 5.623932174404949 10.876511565921433 2.1253261801811405 9.430866205194398 25.653595681941013 2.9292571629743938 0.8116698156281444 5.302740422650995 13.509108252178862 31.12960935564797 0.5074149778782303 0.0573473894712685 0.424792927626419
46 7.595542206700836 5.668766157671923 10.991002859608477 2.1102018910850844 9.639218571645976 25.916301146086198 2.523045574030435 0.6715198117040903 5.273333909621097 13.591673520671684 31.945105112647166 0.5091347170829579 0.03501372348028313 0.4275934135179461
47 7.525029304812226 5.646452174005825 11.105816022066461 2.114147706518038 10.026854493420085 25.41295126290806 2.585438099156567 0.5249351969100591 5.402764470487681 13.580754973185877 30.452346414616592 0.5084814493410688 0.03664767344724246 0.4268314237185135
14 7.567361523098904 5.596413361534624 10.961920345746057 2.1060984769769093 9.146720696958845 25.602441363034448 3.0116241793414296 0.9086053668323255 4.846351903924817 14.300494709119672 32.747795375757875 0.5087368172259391 0.041510460585902575 0.4258274635813462
27 7.340102955566831 5.568321449368321 11.042602344508573 2.009032992455263 9.285342831628107 25.94932877170602 2.67929534693293 0.8620637961493427 5.023909353076071 13.626369209559101 32.839000445887166 0.5086465510556591 0.041132893518743725 0.4262783146219327
51 7.952891387346856 5.685750807869119 11.032614868749993 2.087338424075632 9.8304471140402 25.716300551157627 2.5482570846146393 0.3654831769992455 5.8094213014209295 13.80355367570307 31.07566236314988 0.5087036836722524 0.03308082806396853 0.4266521764041688
52 7.317241918816988 5.899966312693138 11.147664312942437 2.049023729692954 10.16160065757034 25.054346110029275 2.7639165874003395 0.686100163689668 4.998782443976907 12.480692515556033 30.363341216827777 0.508820210552785 0.04091976004865035 0.4266581691405034
56 7.704572046311862 5.577982617996889 11.210437068804124 2.221441918943749 10.372429779525534 24.55015954484474 2.9035111187762848 0.6335846993345257 4.783085320034643 13.399463862102243 29.919221347293174 0.5076004097638096 0.051851893343524656 0.4262568781510454
57 7.712529600728492 5.545720341971196 10.809480705290477 2.4510168949579536 10.020146385699324 25.07633602858263 2.7520866042487846 0.6136657179811982 5.220864334132744 13.643243954067731 30.720857874308162 0.5089980887084856 0.035902413627339605 0.426418762294156
29 7.996421931014162 5.460523539534521 11.471656934929472 1.686898021581514 9.18794489936496 26.028270334706345 2.7408583205631807 0.36737650466559335 5.99842865973918 16.25489170364437 31.65563084081488 0.5096372110660495 0.02227932600622646 0.4281081400156614
37 7.289613433046604 5.347656538797991 10.550452241543617 2.1977913722426123 9.192487362457985 26.068588408340297 2.8263694263427808 0.5418598060146944 5.181059126142686 14.001419018274598 32.142097166818395 0.5087556109428039 0.045419477271561134 0.4261034685642556
61 7.529259512271323 5.715278372506623 11.221318770506343 1.9410594660343463 9.452257291529946 25.65212083421273 2.850765038784635 0.42438234233301675 5.4593135454203034 14.191952916684734 31.872910072893113 0.5098759413717165 0.024977735036397407 0.42840661939336483
62 7.436128316735082 5.792458881196547 11.289442987397447 1.9281833430746071 9.48826483110375 25.609025300626012 2.776227071104165 0.9034985499590543 4.804852430176858 13.050349121350347 32.829716937321365 0.5083503117748172 0.040846771249366746 0.42724125458101553
39 7.7626096709838714 5.617373663840291 11.198925643746398 1.8926564489618727 9.363366710674557 26.045319515887506 2.6777522480177844 0.6333088274381793 5.060506544873604 13.739440228823918 32.73059118575855 0.5095007117847701 0.021936297829545957 0.4279900160114706
126 7.3559210770506045 5.5663795336973285 10.687478661492241 2.1445378988057713 9.231784338133263 25.996360950092033 2.7339324664558475 0.9225458497970197 4.646264936267373 12.85843145822795 33.439392624807624 0.5088225883057746 0.04170010729375395 0.4258444080318305
127 7.4089374840088835 5.547180003597105 10.934284355568911 2.2117964374657206 9.62163104482115 25.105065131396138 3.1424411853195098 0.8027251607140019 4.71126256633454 13.010838795453985 31.82944659117736 0.5083865381600885 0.044176816487517465 0.4258701403310839
151 7.621951615740313 5.757794131009638 11.216634153213294 1.870386414106625 9.136921466002384 25.92218649423208 2.7957225433736266 0.7525404903486748 5.312633760415798 14.230328496525265 32.840269920975004 0.5086684015422988 0.03539609046987976 0.4270709919323856
152 7.482650968016644 5.611842522866632 10.530340846193797 2.3721491935277244 9.508651520652899 25.857110787867217 2.7763731877104045 0.9124284178873885 5.520805349648633 12.774381638873333 31.359305576720722 0.506964157973258 0.06122093599210043 0.42430816207729616
66 7.506681265687429 5.916758005627767 11.098893823434928 1.9956284156793735 9.574621833378496 25.54019482421741 2.781619016163324 0.9694182986601508 4.713059824179504 12.676501330700017 32.393185514076244 0.5089496720775892 0.027546951506875722 0.4281442668687409
67 7.4688058163397795 5.578892807107102 10.784380070292423 2.2565696814233753 9.708700163256424 25.7572132066977 2.647310982495791 1.0780372008360921 4.764986591381321 12.744151699249441 31.567482623179476 0.5081202287328731 0.04701943429418719 0.4261297131978463
71 7.652758635171601 5.789563809833414 11.292885322053339 1.853550291606324 9.45748685713417 26.086425591707627 2.5723042294426266 0.7710374861167365 5.05017675287626 13.294979304664638 32.832636793816675 0.5095071885775462 0.02093388237143827 0.4282260848296291
72 7.810869570023746 5.699846913183265 11.057237086701837 2.1562713964514253 10.256634288517493 24.893984116181677 2.9271783575819637 0.7912840772911979 4.675540914715831 12.396568769207208 30.37799319367826 0.5086712950524795 0.04390966620071712 0.42678711880375103
187 7.657427572046716 5.669723031983395 11.186303234500107 1.9492329962808748 9.096180008723953 25.510529286033417 3.0885562515302003 0.7093219175617004 5.522452737021725 15.401614542676912 32.16904326928197 0.5091479567703433 0.03266120718634525 0.4275994864339424
186 7.652011841181181 5.6230245339455 11.10610328758039 1.9587115968692448 9.461192865526273 26.139877567675676 2.5408578444809535 0.6163841396541458 5.518915168879164 14.225683522965864 31.62034562190574 0.5089944930329897 0.03401809369339895 0.4278002971006674
5 7.4340997691657105 5.6553546602001985 10.734052361813827 2.2250182408320835 9.652525891544599 25.483198289966214 2.900451173656781 1.0246023288672583 5.474210529811218 12.953920435272485 30.644350587904594 0.5083778564858477 0.04471367591188739 0.4265809045872189
15 7.614717639298265 5.700350162845958 10.926814351048355 2.0181476828176126 9.19596783258399 25.84901650321493 2.8771327559768456 0.8425810747154241 5.054999587902444 13.329615017383034 32.861360565126546 0.5090806728981567 0.03813188915201185 0.4272369053003772
30 7.663037358561642 5.801236859518592 10.94264073649494 2.123291918562307 9.664406859064723 25.094312765044194 3.166937438417127 0.9757564053986565 4.675485594054914 12.783743593004637 31.784894816122602 0.5097380266016207 0.016987309100960822 0.42911386868518264
40 7.590326043715395 5.689145605676335 11.05451065278593 2.071408020264571 9.475208619778583 25.43274083796044 2.9128126928199514 0.5726474251974153 5.3556999175674775 14.24922646125767 31.901314735588237 0.5096188875464663 0.025872677026505416 0.4279345287337265
6 7.674840587602661 5.683080590499448 11.169177623447077 2.030611091401648 9.400727441563642 25.443155998407025 2.95839923346604 1.0902912569999959 4.825456990780214 13.590380175670834 32.57967089743239 0.5094652130536409 0.023843896103859827 0.4286644457629338
7 7.580434318794725 5.42684242181603 10.934056321181842 2.0203104531889973 8.889116020190686 25.90101555344737 3.0004245341686144 0.881343573602025 4.906939477815437 14.444272728287295 33.42553616449625 0.5085000445965513 0.0444811795386876 0.4268608591305664
17 7.807736241595517 5.588042147728829 11.182469157857481 1.8867834672923363 9.095642174799949 26.562044258032824 2.4102831650485985 0.5427757067310907 5.4628160649858675 14.486818901839161 33.446862477840796 0.509864245154836 0.02115466630123393 0.42833726183976806
32 7.679587372819597 5.757142928714824 10.99940482392715 2.119532259495804 9.913387846655429 25.54468188900063 2.6208371909630115 0.44952666024066507 5.3771189632015055 13.112141057928097 31.18733557904209 0.5099692275130705 0.023027135237186438 0.42845421335507095
42 7.557067234585333 5.788546241488415 11.325718824224703 1.8542920943546477 9.707044444720104 25.654373695627015 2.6173292754342192 0.4005809842480064 5.9129060449756015 14.60501829692405 30.738051183123044 0.5093210694211726 0.028403625311323493 0.4280918869495042
23 7.799207727685483 5.491837553217287 11.203054681752057 1.7309294262014912 8.513396953437374 26.894154965393597 2.5593790627537825 0.4191458993620155 6.1554638607889265 16.289909297697772 33.54135621624729 0.5099740941454618 0.01311844374856431 0.4277354175329343
48 7.789953998000074 5.7183248621637475 11.117807278920337 2.0235285492976223 9.726757711009078 25.580770851666017 2.692666636662888 0.6555099017056463 5.134951402639106 13.595109279016857 31.159251598793247 0.509326837887146 0.028519596806099567 0.4281793643227769
16 7.369584743124029 5.628712911546995 10.835026443427827 2.0871163247529623 9.034408799505643 25.692202212635532 3.1802716308676615 0.6389798298730394 5.0391033808016585 13.924546893138913 32.88464911492279 0.5099888231935171 0.021159426496219096 0.4288685654416576
24 7.629679295216344 5.699783744348539 11.412116311173373 1.6683371372859488 8.822382037693105 26.29000890640766 2.7688195733676233 0.8212706284261148 5.06736887350649 14.654502786925152 33.90422984713727 0.5093418369371464 0.03055372857087156 0.4272274784051689
49 7.521268239585739 5.72059190959941 11.07324071481432 2.0361738353887215 9.581621421130633 26.230828660052186 2.342711569062428 0.8302915844990999 5.046701131312753 12.657158977519742 32.542815844519204 0.5086886086743888 0.038252976368138375 0.42744997739980745
53 7.393756519852936 5.520137794599182 10.658000311568994 2.2440080272201444 9.156249514106944 25.996356191807187 2.7730899043362043 0.4568624371261815 5.40823340041075 14.160947586179017 32.63950989255256 0.5093389210339452 0.027212116751487075 0.4279018668173731
58 7.35785957688656 5.753601306978508 11.093258547404027 2.0123078946653408 9.533924431042271 25.36079876418235 2.994141193827259 0.9554546872057393 4.2536156468686865 12.945006561047466 32.3700969439352 0.5082527712434816 0.0434700644163445 0.4269925057578607
31 7.546303710104672 5.586105324262623 11.110149493031908 1.8803670179370582 8.884855042606095 26.289829777538582 2.770544861743189 0.6886912797900872 4.976478852711345 14.311427786909803 33.77008176698335 0.5095563298765182 0.031297837226661025 0.42791198493023935
54 7.600312685001751 5.850826149997871 11.265795591986521 1.8584085930526877 9.467329211523744 25.905536587626635 2.6460503712027785 0.8002986748499362 5.1243916070936715 12.853612190629825 32.93585468930728 0.5099745209175799 0.025904864180793175 0.42787867696589044
59 7.657415898373602 5.581160302851456 11.144394414710202 1.9605653943539838 9.439005133449301 25.890154912934623 2.7203611519648043 0.469201414394648 5.360998221170088 14.23545953770632 31.74661987701102 0.5088260300381628 0.036015647465440274 0.4274419963285302
63 7.703429804875624 5.836122646891198 11.00026175727463 2.0015421320665623 9.227542854785646 26.013898205091003 2.7198784024263967 0.6003866347006127 5.18320274298498 13.394175599059247 33.09855845572 0.5095692179657189 0.025099166791916278 0.4282826725832326
41 7.471489174230541 5.8550950202481316 11.176970350729778 1.9514357717240434 9.540549268893013 25.665086152012226 2.781973174709717 0.8235317793123033 4.731720620220544 12.801967893500777 32.6385787935423 0.5089390637218226 0.026960727376490322 0.42772026427280296
64 7.3983749466591435 5.560983330273788 10.992381923118234 1.9692588081231535 8.973558627693215 26.20054240969317 2.807034035458137 0.7009201128891261 4.871137354964262 13.714222815942243 33.7403942767301 0.5090555870924074 0.03146330179141414 0.427622973776731
128 7.215302743499231 5.7838170566197515 11.036574794643357 2.068889731313532 9.628676679179938 25.265647050340636 3.0092660682631225 0.8562920183348017 4.3502044492769825 12.296163416591963 32.68391899690975 0.5096027952017993 0.013532550079164624 0.4284707933698721
153 7.8080758396812024 5.846907911463267 10.862434527217962 2.1637716512655656 9.773173890009277 25.67372289532185 2.5985669752658316 0.437707717652713 5.889074142966372 13.686937350365394 30.67730705992554 0.509366247171418 0.02573271590409799 0.4281888733807482
68 7.3905514673328465 5.784878092650291 11.098792524303816 2.061489478592617 9.830709016967251 25.451543912235856 2.740814731790095 0.6483676877390242 5.246819901686012 13.4762465496463 30.89971126790061 0.5088939062774808 0.038484377810363145 0.4271391814961158
73 7.413233995338231 5.649405092511439 10.92639672913762 2.120357631629708 9.520846140881096 25.634952564684845 2.816547128059529 0.7104551488070983 4.759704702965438 13.205984425758306 32.32428605787256 0.5089954701365959 0.0322569536364462 0.4277168579376757
188 7.641693075514173 5.6737548660198955 11.25905974197775 1.8306233349201586 9.101174646012417 26.03228790998781 2.803171054000826 0.4837236303349643 5.682725258232489 14.987962508491828 32.441880683430774 0.5096558831812356 0.027632135748431527 0.42798165984363706
8 7.560854139200512 5.4212817497498555 11.023016056025108 1.9335766775211551 8.788213669315496 26.302949370882477 2.7675514757645345 0.536678068565565 5.458702164054005 15.30093158234153 33.42407444014944 0.5094836005839394 0.023483060144528136 0.4284203134562809
9 7.445069210217073 5.366103854298186 10.590970598878396 2.474166845021396 9.691809997448305 24.542831096316913 3.407950707587009 0.9125524640256113 5.0192815817235354 13.857222006592359 30.5052042084067 0.5064567661984847 0.06422617017209598 0.4237143818703463
10 7.5233985654447695 5.225290654881986 10.614220979051735 2.400582555098142 9.919791483593306 24.878752217757818 3.1508766056301427 1.0726778776828767 4.748725901264359 13.175997837109605 30.05975195732693 0.506881667855523 0.06082610734816982 0.4240766454553949
19 7.719995805459775 5.831684819005377 11.175668897292546 2.053323060092677 10.040798747790047 25.2547355229332 2.7507532167483135 0.8857458742400148 4.216719039457701 12.342342263186636 31.624341639787634 0.5093511279604617 0.02577186277680745 0.4275681861090715
34 7.101481750339167 5.541853638363355 10.776672555302193 2.2186373896055 9.168688303314532 25.14939644404788 3.4490013721109785 1.0866206145703525 4.759203904364929 13.602675759604857 32.26153570790286 0.5084215187554331 0.0467849974799144 0.4257105983227571
44 7.408378930278727 5.573906040932546 11.013728369162418 2.0391927002673946 9.652363390139188 25.575221715458277 2.735944983521146 0.5710243415818018 4.851266255959031 13.235330510402793 32.01943101754435 0.5097809607391074 0.020370227643036008 0.42827335393804
18 7.8028492782261 5.704547557315458 11.40308127767086 1.8699893931996456 9.827071451045915 25.606307133761707 2.547721044274713 0.8987799321861083 4.739054930628132 12.947392943999215 32.482718769502654 0.5102551150309463 0.014072922276815355 0.4287557892960276
20 7.846246689582962 5.654253438785743 11.145522572950274 1.9961499313437663 9.82109459094337 25.928123618876697 2.3931893990520607 0.7543111662621709 4.825497890928128 13.297435529876182 31.82708220910784 0.5097235466065325 0.015425790760300881 0.4278507817326389
25 7.557638483475733 5.606232556104438 10.938216015241245 1.9925329484873335 8.812987286856707 26.081021418448934 2.958259436944831 0.6564785376506689 4.863561128068116 14.26634548968215 33.878052794598574 0.5098666465391597 0.018545307597893496 0.42896197034675493
50 7.473461223422671 5.862658601358954 11.171091506363036 1.957929527900134 9.475447750441159 25.714527847232326 2.8614852784581735 0.8076391647521868 4.879381100188934 12.936371640903095 32.5327877319243 0.5100494643095353 0.012891144985792045 0.42856571957939527
33 7.654525381818184 5.671177848105033 11.215860654251157 1.7937986106842383 9.110582339893838 26.014044953044415 2.7963810428832874 0.7865592300888876 4.788692624901637 13.964676159976847 33.38156474225155 0.5095438058568577 0.020558342633026572 0.42785985625735695
35 7.369247602397098 5.508130168023271 10.893741483314285 2.0068643801043815 9.005193356577132 26.080494075485014 2.8358060101058173 0.8070346978382452 5.268392919226186 14.109737451418006 32.950776069223565 0.5084042661389491 0.039949257167562015 0.4275518250165551
55 7.738400879682822 5.768582379474458 10.815573318467976 2.277474308917581 9.793611962848708 25.062323525847948 3.014267208516382 0.5791845125206849 5.41507288601744 13.40087484939588 31.019416161571666 0.5081782106876973 0.049857634572970246 0.4265693284553962
60 7.623521201521388 5.549964404359574 11.093674836937948 1.9276993727730873 8.967505792296343 25.747606087364126 3.0654153954670202 0.9907216947914825 4.474319833763816 13.705214489856122 33.64839232547243 0.5095113613346056 0.030964058492210556 0.4281123402162596
43 7.199155796933488 5.3981093397441775 10.767300382600865 2.385093255070351 9.854873691323682 25.180788247512005 2.8247012860760394 0.719919220079203 5.676886643006856 13.857447682204258 29.927607018946134 0.5065810760221618 0.06775695451120008 0.4233760180736953
45 7.674073314305988 5.66928380972962 11.49693045429065 1.7158723800354738 9.49346987412269 25.722379414382175 2.8002858601077363 0.6385542534830493 5.009173933766954 14.222738030977636 32.14688321917585 0.5092210646134706 0.027237524846255294 0.42785190280575885
65 7.446584128446111 5.673982846741233 11.073304878186603 1.9665503019058024 9.159952716110865 25.705668043168036 3.054616158547732 0.6114511463607231 5.030724053059556 13.982216941544952 32.627024256326244 0.509629037695662 0.02357321610760062 0.4286999143177021
129 7.382565891069227 5.7165553757048375 10.912141275034257 2.1125888629861023 9.359882940227061 26.03745942062721 2.659096901677467 0.693883154523003 5.858029070548957 13.643145309992471 31.886647793951745 0.5079670522023575 0.04849352848991657 0.426583028369988
130 7.60817581539023 5.750140818183653 11.141876996158166 1.918918113184949 9.10390894378972 25.3545682462906 3.2618565208965697 0.8703356908514621 4.6925273387238775 14.137948550229511 32.91280408411766 0.5099333457362439 0.019672155083638537 0.42866805739400304
154 7.765404340099368 5.650059083903448 11.310358400650962 1.8365666214001684 9.248436677640669 25.964618177541826 2.7264915948485116 0.7203490072112676 4.956902187989555 14.271992408605536 32.76079666854474 0.5092361175918424 0.031320072187145505 0.4275380588444072
155 7.891865696579713 5.513877575110267 10.931255327912398 1.996693374022935 8.72620508786471 26.604392425744667 2.645787046277705 0.6681766405154905 5.351826982843468 14.100501377169413 34.459720315523455 0.5098164578839185 0.0257862499224414 0.4280976564686676
69 7.8471782225325954 5.835057448067246 10.989463740221934 2.051072395012734 9.531417273764426 25.71255845931521 2.762199487605163 0.5325994032033283 5.493634246402737 13.224557268189503 32.09837659509437 0.509307507005043 0.03383417097595288 0.42788119467105507
70 7.676107958595782 5.835638858519926 10.95181034101238 2.028055233871351 9.153970673854932 26.40988901186521 2.570264785483765 0.7952972425801237 5.168956278152524 12.705681688446363 33.55312432100315 0.5094484082223882 0.027548910317011177 0.4282745757736483
190 7.619645985254468 5.686001214925166 11.063166781345556 1.9269837845939064 8.907256586044502 25.871819382320663 3.126900351163096 0.8185391793499934 5.419246239898956 14.470788995114969 32.65005506956262 0.5088442652625497 0.0409331897197398 0.4272342394002358
74 7.641330991120625 5.431083799348551 10.955463797367125 2.1020320928503065 9.376560456728019 25.406021895965555 3.177518711803396 0.8263548813038205 4.863022324720945 13.55116914518372 32.319184452796776 0.5088952807890238 0.042833221469388 0.4269456473446352
189 7.666886694556529 5.562759859249372 10.995818811865178 1.933610869478991 8.877850821984165 26.34036807961262 2.687297016636442 0.7910080987679509 5.212620303587395 14.221817625801833 33.82155939268838 0.509909084914849 0.02307161367154264 0.42829944583424895
75 7.736900360770462 5.726174917501897 10.90749412278036 2.1273168617967886 9.73422149344928 25.55232535745877 2.7895708518652285 0.5956829451605793 5.339329821872254 13.483611913757356 31.03596077934375 0.5089134604302673 0.038160157935367374 0.4273467448255615
76 7.429999910408031 5.794559099424727 11.173899935689276 1.999084181732508 9.548581344422606 25.599019528367652 2.751913360931487 0.7560674670326359 5.099380134873935 13.280218935314908 32.405208286415 0.5090978844878821 0.03197072782418482 0.42807262493246784
77 7.407229519930248 5.4248907163604105 11.185684171312056 2.0420101370082095 9.813202158323456 25.32399254919784 2.870623035680143 0.5378419683492183 4.832302180964617 14.362223687877666 30.883302645090165 0.5086170305836704 0.039962163738982835 0.42787689631019254
78 7.712428230053816 5.511381834060837 10.942187626170622 2.1731120627003473 9.769850870659756 25.5612139422728 2.715987144090264 0.9252364303249824 4.318056475421567 13.003060435464013 32.11350335928223 0.5093255108818341 0.02571306379052953 0.42845341884512184
86 7.333814555769894 5.706588142929314 11.034250460900045 1.997568802905364 9.15447842424727 26.23161004103533 2.5590737456897483 0.8620764699575527 5.135473298788047 13.61034561624946 33.17436720682247 0.5087210634919188 0.04393961254194193 0.4264469370368914
88 7.815089978107478 5.714061929427978 11.321869132234465 1.8700189379276604 9.715017726621097 25.5210064966272 2.7599530908371754 0.7571525334279312 4.641592599342071 13.33771721409293 32.00589965791909 0.509903633680065 0.02612689886379646 0.42829321518485697
79 7.581013711800128 5.728575039962431 10.915163209087282 2.315992011847309 10.357978122864607 24.696296281187916 2.939215051043518 0.7349785443382092 4.368508092847423 12.662875137287088 30.062593606776524 0.5091991916935491 0.031115033018472057 0.4280838186410082
227 7.361137503050776 5.893284427318024 10.768435432609385 2.2685689493912222 10.066105352002744 24.79978833646549 3.0660778672694677 0.4718648969463555 5.6886771993476755 13.269362490500447 29.149990933764933 0.5088450146908323 0.03879887054805827 0.4269896391962544
226 7.5189447008104455 5.637920018259901 10.909759717936252 2.172934180567875 9.960425044054809 25.58057642675582 2.5579820055368923 0.5162500436567292 5.192519075903705 13.323277110522726 31.047966164028814 0.5094512863210072 0.027225453024670082 0.4276354045716185
87 7.3958514189573314 5.577084813923377 11.154451730635271 2.031483800543269 9.928993918370331 25.72861413027446 2.4621786462038444 0.5110371605104607 5.412519148939433 13.975405869409176 30.95815589780543 0.5092682947013455 0.0354515548646321 0.42760759776269125
96 7.468498728193727 5.498041393286627 11.252530945636497 1.8946078572968668 9.150984724116837 25.845635298611487 2.9182202149614893 0.760694943090942 5.036178148610242 14.760911610106065 32.84721766607027 0.509267858374458 0.031563857748666366 0.4274415995277086
97 7.668649036012513 5.558783784044853 11.004034979351594 2.215012100051799 9.874231993167276 25.209731327832454 2.8716616801300576 1.0712529447996035 4.3759052028715635 13.276916753621874 31.42605191756141 0.5071534721136957 0.05904284671605585 0.4251260325883887
89 7.461601178076105 5.828655977789563 10.920454158739862 2.230314236922245 10.149083858427549 24.77522880865621 2.9835760072386677 0.9127568840496714 4.196122554078894 11.833032450091045 31.305787802189524 0.5095977515847553 0.028737305847049772 0.42795111916698303
202 7.386102919466344 5.762774061853687 10.71773434345395 2.3183279014017155 9.689682135509347 25.17789399887602 3.101948995320109 0.9991488338920633 3.889472203621884 11.848649551788535 32.32528027439048 0.5095418503710376 0.02306649045376633 0.4285308156753507
201 7.497406360503887 5.6982644547232635 11.106892339888345 1.9271065195148906 9.366478118336307 25.48038314909284 3.056352336280938 0.6435785490754947 5.130605093612253 14.380609848268405 31.72748888229417 0.5094517216927085 0.020473999109865873 0.4286167157460394
101 7.3737473286096495 5.413930456941866 11.071383188487339 2.1181518598595486 9.772258437976125 25.378688149870936 2.8027743730549886 0.8306591218738444 4.956886768533193 13.793109010295282 31.381354437120784 0.5082906051000157 0.04913828340837745 0.42630694040441597
102 7.238776308174577 5.587855317190381 11.046754781186849 1.9141117544153012 8.746660400313358 26.42128484371751 2.774404568393053 0.8101631484739226 4.646953847481178 13.762748018933838 34.63093178306952 0.5101511107334425 0.011282036656498393 0.42855927502226054
103 7.5162240325216265 5.444042154626118 11.045013924559246 2.033200418468836 9.522510127723834 25.55889505859638 2.9027850586691852 0.7292787921798963 4.429954937401487 14.034865628117817 32.07990243750602 0.5092654020173831 0.0340237360013503 0.42775436572600795
111 7.5657677543434545 5.345821631580935 11.343729289199473 1.850367453694855 9.616627912889426 25.743866590020374 2.6987730729155124 0.4604222544249869 5.206390792685641 14.782374772036446 31.740479388393123 0.5095946671079449 0.030329316638272014 0.42735072608859664
113 7.649248291033539 5.63499892252183 11.151869617410862 1.8926609106192898 9.294482984593285 26.124939287065096 2.5929388489003915 0.785100155608695 5.155038143070542 14.237204285949923 32.628418939926796 0.510212639220659 0.016891674761704924 0.4285817264918057
104 7.815622374402439 5.777999484131777 11.073747570266265 2.1288437437644285 9.927257611511417 25.213665374479255 2.788920429776883 0.7654724739275224 4.803899528962975 12.78142107903773 31.539083914105017 0.5095001093253931 0.024742261964876545 0.42832042749786653
112 7.5611822112384965 5.80753276589214 11.315327314820523 2.0312671774118662 10.350190747187417 25.482631593151186 2.4881311106518367 0.7330761221308176 4.745317630720887 12.275911734563426 30.697411745993243 0.5091844716510037 0.03563010952809716 0.42699448816283375
121 7.303568635911553 5.482085470165687 11.40191437401557 1.7780210901187428 9.474680260339706 25.811401498713593 2.6438172245556038 0.687962924762866 5.351587464609247 14.93107650190531 31.643377141623436 0.5092364857683992 0.03523435592362058 0.42766522760636694
122 7.64942010314581 5.705491919821403 11.143792119050214 1.9562515220204926 9.507681616388247 25.994894033467904 2.4971163503332323 1.0215834240618524 4.636897957500414 13.070155505960734 32.99233252295274 0.5089792055532759 0.03378397123843131 0.42696370469718387
114 7.82213958645494 5.838832637985588 10.878930814179162 2.2117745550567225 9.968137998625469 25.482396814016855 2.611361280173603 0.5829959139801199 5.076243686111467 12.612973880936515 31.43547949507122 0.5094241347035143 0.021776487976845463 0.42745103640173965
80 7.43212601152248 5.684786708908877 11.242729223346906 1.6973464863731886 8.581936256507648 25.919291588552337 3.265714822074856 0.7811441377067997 5.162717919704553 15.367387685881472 33.25589612926002 0.5096792956012504 0.024336923901055987 0.42758565158038275
90 7.728330179885526 5.616035530357086 11.112735329856152 2.0701795600374298 9.590169993071406 26.028639709053 2.4825294029472125 0.7179123205511214 4.717092434266451 13.471384091267112 32.039600412668115 0.5086627146250368 0.03726975632587556 0.42765169868640796
228 7.304987125021102 5.776774759615366 11.111268985323077 2.173639325690872 10.216531296181744 24.992208601630484 2.7616164230924913 0.5678814967600614 4.934094788134899 12.654361138154314 30.77672447861402 0.5095104340798027 0.02011354444951425 0.42892625217096136
81 7.205567896946324 5.648731404381226 10.945404577401282 2.1846854410794485 9.732781753732903 25.020119848938556 3.1465653727334137 0.5720155970321984 5.213110061476108 13.405053041822782 31.162661135444438 0.508992879428176 0.03887588667996366 0.4274737774508069
82 7.643269998597506 5.631205208486976 10.897368426744631 2.016089977725668 8.827319020654684 26.60392567373236 2.5643229691860596 0.7262326604701047 5.578942113225983 14.309560008343766 33.64556177896645 0.5092837395113021 0.02997845846511519 0.42816028822356966
92 7.810539987127059 5.678711699990792 11.24599067672027 1.816015326373516 8.972331852183057 26.307878728310392 2.6557947696757735 0.6617130253602003 5.342787389468839 14.734715461324473 33.18823313122337 0.5098171289300413 0.023455406116948362 0.4280172152800169
98 7.734992173609769 5.554231940050731 11.298041985012462 1.8140549017383512 9.198253232473318 25.863750432030198 2.8673181936238454 0.5585449319980041 5.14893957860496 15.059272168433525 32.18331796682095 0.5094353735495138 0.029161925620756896 0.42813987952492477
203 7.279448249351325 5.683402962314021 11.098996611554265 2.042928713195328 9.582305467154322 25.557408271946944 2.876274850982113 0.46047677801312786 5.335611040099463 13.877861837944812 31.43783847278879 0.5096989350420242 0.02577249097170842 0.4284049519001134
91 7.14571315972786 5.756070017614316 10.884276912162571 2.207276531028397 9.75562029607759 25.043675028000226 3.1273518857535807 0.8249165344211844 4.483913907606263 12.58922008946567 31.720932718772605 0.5097151471208702 0.017923141304942845 0.4284138136583372
99 7.6945118698806745 5.547405045204389 11.197894436741793 1.9514159086774951 9.369763306257342 25.97567122765973 2.5982413189070193 0.5210791285196241 5.812117777441971 14.872411317628709 32.05748553772779 0.5094338587686221 0.03318493945680986 0.4274000206681319
105 7.696393671171116 5.675434010172572 11.39922462446773 1.6800799109722007 8.600149017604933 26.690116729709302 2.602959391734743 0.8395310471325202 5.141906741499149 14.953931640246525 34.62239544419829 0.5091897328572772 0.028675241276413077 0.42821647575559
115 7.96579393789399 5.570408215628489 11.124434930828636 1.9140046967784816 9.10367952084692 26.275858787226433 2.6395798412020848 0.8373622260880643 4.713264327504937 14.222766470003107 33.22920453844978 0.5094571513170865 0.026309776595832873 0.42775829615299643
106 7.416605730268233 5.828567251642479 10.841592413944575 2.3200768788738215 10.032137797985996 25.201849550166187 2.729217946800255 0.6194400820157469 5.172890189736591 12.359317891091832 31.1724919744546 0.5082255933067907 0.03792945619283818 0.4279451575287432
107 7.8050208842825315 5.624771943710037 11.427864816286588 1.6695316868032832 9.100034278342203 26.048305449774276 2.9522169485809187 0.48043212569763194 5.786294439531693 15.61412431467656 31.714777007615858 0.5087774216230306 0.04063629264730921 0.427595720793962
117 7.694779814500698 5.707418361634821 11.16220083091764 1.801755143178354 8.866548277538893 26.41716509342824 2.6471081457045065 0.5317764557133443 6.198448359402959 15.608926705160291 32.314815159884894 0.5092241929397665 0.037010169844820875 0.4274276196357277
123 7.676935556187234 5.5735319609999365 11.060215976517748 1.8826087408272236 9.226181443818687 25.99334544275723 2.6965357466110866 0.8415559855998179 5.366898647481206 14.88870355612989 32.02118938856272 0.5086264944984582 0.042914428618036474 0.4267135504835445
116 7.321084978186111 5.81128144412826 11.056626167940765 2.0251869815642434 9.681091271321693 25.31764158080638 3.0072138241968345 0.4609699353641341 5.28133198534128 13.371450114964968 31.268219092848994 0.5096975268776209 0.020661237621029234 0.42907887318209775
124 7.561377661755346 5.544972818622202 11.1158368107421 1.9000380369219338 8.807275839979802 26.467986284113472 2.694289532831377 1.0277177967095394 4.601568094573577 13.71808449212865 34.884644302976966 0.5090213366340558 0.03995422975370509 0.427208507606688
229 7.7117193268209 5.780468807686841 10.969408065617271 2.1699730886900346 10.028731944805697 25.30941987883253 2.678157321521459 0.476005013229545 5.687926974789789 13.31403437101189 30.371681128053094 0.5089837793760159 0.034111511336760894 0.4279460775062343
230 7.446979890073905 5.4362227568076875 10.963840352142434 2.1392520605560863 9.423024522976448 25.08755012672318 3.1894287848447544 0.9529244631980665 4.58799441706392 14.032302382878468 32.162876948446325 0.5095809875533557 0.028922733092558543 0.4281104305780784
83 7.681402186003003 5.806133304940143 10.959905994790734 2.099302577032833 9.267150932433921 25.610846656990628 2.9952419554068936 0.524615160382633 5.553031802476596 13.853401203715787 32.35676851049533 0.5096037723905698 0.03197822884555071 0.4278461696049292
84 7.5687867571357526 5.887665956445663 11.204064543503945 1.871582533384594 9.117906409647205 25.597583073617866 3.1833992738988575 0.5716946490445015 5.383898958070101 13.915120468814127 32.54939302321425 0.5098087746644263 0.028305715200632856 0.42799319580551737
85 7.858913068645381 5.639461130609669 11.290978121518679 1.9273791661969413 9.644617154425356 25.43807378904934 2.8515666170302825 0.7594132332391772 5.116677340843703 14.23310786105942 31.603356581568477 0.5091951477468419 0.03494563687599787 0.42765305106561813
94 7.967601980897202 5.788503794742952 10.939361396055805 2.078582887480968 9.008996737913497 26.066909249714378 2.8688016252348794 0.6582716929106354 4.944210162151792 13.560692036485154 33.63646400798814 0.5098364593423539 0.013573742263696193 0.42873252025343644
205 7.460831842328612 5.571805203215677 10.704479711335189 2.318096697865929 9.509567819509279 25.32332469424713 2.981004781175521 0.7978553480958145 4.830335681958195 13.224847504858387 32.1441209819591 0.5095546460820728 0.030969885569346645 0.42770924320001374
204 7.82407677826598 5.923933511656911 11.028047789873266 2.1205916191510625 9.935036105252966 25.21422005893058 2.833297108011781 0.5522892431217907 5.481607656610586 13.183633891267936 30.675372463125615 0.5095998961844308 0.029838516128487425 0.4278766706480257
93 7.7501896611007925 5.7681953664989525 10.948604755114001 2.1457081601730987 9.605715937811716 25.615150178070685 2.7905992597273683 0.8356092441845215 5.172173628586718 12.689455782007117 32.383532546182686 0.5101185652396512 0.01628696231817547 0.4285598475902918
95 7.3755191233575115 5.373816003565677 10.92603428496579 2.2650090427806284 9.738972203190814 24.967008251474883 3.0727057355361382 0.8028508934671466 4.878517188541838 13.874184276276583 31.180702358183744 0.5080554513891133 0.04892650554238271 0.4263530206388362
100 7.863607328067264 5.895828429046449 11.026004942532905 1.9979908899298495 9.687942921238868 25.49841183385193 2.8298280699780016 0.6829356055247102 4.951587883968604 13.052262095218362 31.50066788294781 0.5094349823990545 0.028522426384201115 0.4287921953437989
108 7.408657606615339 5.692201833660438 11.077500204324508 2.0078690478013694 9.395208039137875 25.661420075889488 2.920901829455117 0.758974072007394 4.598587833135035 12.869624106116396 32.73968907466198 0.50980370228261 0.023712790841945698 0.42816527684474387
109 7.438047921960311 5.7675444319909905 10.993308157698296 1.9618605670779434 9.114609234834685 26.138316361727824 2.7066399537922106 0.9177948629158661 4.690827469625008 12.933604689611611 33.82486977183247 0.5095295497607286 0.022251387051598813 0.4283157955946821
110 7.615864802396892 5.694318250063827 10.998602526757052 2.1655512131677774 9.870472261607619 25.31098990072786 2.843423619242735 1.1840635561527244 4.122171411298353 12.18142398241957 32.009628931353724 0.5086642058222879 0.0392975757986112 0.42711610893284446
119 7.749592074539146 5.831798992041241 11.35619809439617 1.8954160130609854 9.664966238107008 25.836246926087085 2.5452544469650795 0.6068012750926786 5.440252443314313 13.429524649548634 31.905713079596147 0.5091183629988758 0.035405488399187036 0.4279625528031987
118 7.828800521540197 5.659460395982529 11.018782280161739 2.1028245195013517 9.794526480711085 25.58963588158818 2.6505288590782343 0.6418168703986911 4.978344523489967 13.12696713539428 31.904847689804505 0.5096977052190402 0.027913606004001747 0.42833828436145793
120 7.4827459530399985 5.506699147638447 11.055964882958342 1.981019883031359 9.31781523555554 25.481359577676674 3.0750656919985513 0.6434693684168221 4.623007560235173 14.110333128964221 32.28309745144175 0.5096139144184936 0.02850202210919559 0.4276014919746695
125 7.6532362130898095 5.647609618455194 10.98516550535849 1.9317827513262287 8.864261604844382 26.502633289653392 2.782706293038064 0.6084651321365898 5.2025002197848496 13.965682434432129 33.65169747142245 0.5097607171641355 0.012489371207744121 0.42908654249331624
131 7.717121497076876 5.5315471747838485 11.264329010504374 1.893656887966043 9.116526692446008 25.644802288521653 3.0104699561310175 0.7117195938376166 5.4251944416858136 15.56241324351748 32.2061828423543 0.5090264761303908 0.03179377571169105 0.4281425456468462
132 7.617560247114904 5.586433703355124 11.103830139764229 1.906628088630291 9.076548829428082 26.17769361844956 2.7228616959855017 0.6438416932073252 5.144728261774045 14.448083098431418 33.08438167093816 0.5096213626502238 0.023957592168105175 0.4285057865082624
133 7.518865991382415 5.616172668225878 10.930525213295063 1.9673660854551966 8.921316076085214 25.949180839891294 3.0031146547595235 0.9808086300372002 4.675168495297763 13.891636733300018 33.61789606635811 0.5095797016703849 0.021907365997234505 0.42844116770056734
156 7.7658158037986595 5.763510893321993 10.590891720061007 2.536120586366885 10.311773807576254 24.82154572673868 2.863097306057616 0.7112721601520312 5.555864616590371 12.809255089180498 29.335207149361327 0.5069995626522882 0.06060824785736518 0.4250501171318611
158 7.687965237418525 5.818165219683986 11.251173405280891 1.9310493809975522 9.566074846831924 25.50992874302421 2.9176437652584672 0.7359406979849482 4.896218929758918 13.445257806800923 32.144217267802375 0.5087110557749389 0.021134714758650273 0.4286775714890116
134 7.958490568886427 5.535066954924764 11.257175353936459 2.0057817430651785 10.063382833920258 25.10951098207806 2.7789353266004806 0.5812447746041284 4.963698726994693 13.671885640397468 30.878308528557046 0.5098486115381918 0.018149155318883267 0.42843598542601063
141 7.63359336618501 5.523056852299715 10.760385134438629 2.192445828625876 9.083119997835517 25.963600237847267 2.816004388725466 0.6175357414551654 5.145405786925438 14.135598818796433 33.17243791348221 0.5094189294875532 0.0258329878089166 0.4283985912142208
142 7.354396529769598 5.612607946561462 10.857645640916694 2.0689487583339026 9.032894055388686 26.052505051135437 2.7935408779466946 0.7757969758836384 4.991426574386796 13.777115253361737 33.21205945662167 0.5092009077163022 0.03033072627684743 0.4280089366360786
143 7.247436518827738 5.647850387808353 10.945644125745366 1.968232173477986 9.115301115719369 25.961975830406892 2.828871192014314 0.9356608406367716 4.722417759801305 13.562417320805176 33.35662799771504 0.5096284476578329 0.02232343276851251 0.4278629729967588
166 7.7087553870061685 5.79993631881132 10.857202839000317 2.187035891948124 9.657529469781473 24.88175332449276 3.3411250287558603 0.6542113587269294 5.014735062775166 13.443723921467768 30.84661230895669 0.5095290023534937 0.02395920210561478 0.4276453907427892
168 7.40407495538961 5.609343647821191 10.829235641145003 2.163580851269429 9.779863228858561 25.128848224001587 3.0434644467590974 0.5326837629215574 4.809727257813178 13.078675812555037 31.316293961053486 0.5095369970343827 0.025232540714817783 0.42850113383893845
144 7.590757292832355 5.523238843846312 11.038614301935324 2.0340974260013 9.067933829550306 25.774667489375126 2.8657367242319673 0.7400345756575805 5.325169298816918 14.829173221439413 32.71008897005626 0.5076436783236503 0.04791609835610217 0.4272453146012477
157 7.649591374404141 5.660314968028659 11.161466250148655 1.8036217162938946 8.822761289450789 26.41275138468258 2.784756643498146 0.3862992279271188 6.1144814794799895 15.604270661619314 32.23374127292393 0.509329746179966 0.01416815527876321 0.4288580442322935
176 7.432734530611544 5.8430004977759715 10.813778804809472 2.2159311663555914 9.543835179797016 25.38709226197449 2.9169363775191552 0.8869250550973342 4.792764055999595 12.222490041771692 32.65071889433461 0.509857523182797 0.015720108202041526 0.4285828565247493
177 7.173630003224693 5.581008964728656 10.684740206305564 2.234121979604956 9.124694312339093 25.653025922697225 3.0450711313985437 0.5812162917349676 5.23105465945474 13.799061029920122 32.57626148431675 0.5097106804460027 0.021960841216292496 0.4281153387012975
169 7.853400628837487 5.673942654274068 11.2615276633644 1.8313660194529404 9.104518821503287 26.348096281806317 2.50462786121163 0.8542701244566113 4.853040858182627 14.114789673176418 33.60451037319391 0.5101870641323422 0.016658381943915307 0.42884626930057884
159 7.780482307118692 5.390619935820269 10.898913343523962 2.177501475171715 9.22652353429566 25.514034970319425 2.9536853982738607 0.8021100943067403 5.098608577434224 14.45551867505344 32.65564840880836 0.5069358404790729 0.05823695673079602 0.4254070328461969
182 7.193778791993848 5.390966474406841 10.73873481868959 2.3580079143826804 9.753431471259402 24.658667618332924 3.405316869618122 0.863588198306575 4.701561422767606 13.257191854461611 30.96739275713909 0.5080540283495308 0.05324843101873647 0.42483351329212077
181 7.312203181756294 5.569387092850529 10.452992936180177 2.4547377802055834 9.50241607750113 25.05454888520661 3.4515228558790727 0.7654461570345146 4.596388454247608 12.725225351757924 31.410854316105556 0.5083512003170412 0.04584976949199486 0.4261065697811316
167 7.430681488468886 5.745329059859742 11.147251282655834 1.8693954052201047 9.162581424166033 26.017142577250677 2.8547318349227693 0.6963868872107495 5.049319339942734 13.9056071009001 32.52234431869249 0.508397512299317 0.04455387526717048 0.42629604510551034
191 7.6022828205557635 5.426068637802357 11.146888062790477 1.7554193503073146 8.680635534893439 26.260884971704986 2.8941294578753007 0.7511425440893539 5.467668067016182 15.350725537035087 32.98643977838108 0.5095835706133759 0.030499810986303333 0.42794990263758603
192 7.698422114734437 5.644559125876099 10.961671780926453 1.9417991440767537 8.562227129659425 26.25470123061205 2.9408022714022635 0.7132111764621699 5.7044576511633105 15.357062664511185 33.441741353124065 0.5092423546108384 0.030013300949759625 0.4275153858836773
196 7.5901569410041825 5.452190119640633 10.961292023977718 2.042423397526143 8.958427822160647 26.0357356300628 2.931585149492302 0.8502658774624886 5.2156381494719 14.819188466026487 32.70747948088478 0.5078808830872634 0.049962747041365045 0.4263724093075843
197 7.74600619891773 5.6654101676180435 11.249967542709832 1.8137885683158175 9.037970623530844 25.79275611009009 3.0075055793370975 0.6449638881772919 5.3880522626276806 15.056687532063041 32.471922768337734 0.5096818886694569 0.017806715750546914 0.42836233220990316
135 8.015028696293015 5.5278837358793655 11.190540656093276 1.826628625750628 9.1792620170133 26.27872572397785 2.5361615799327306 1.0232480203923877 4.57404034261812 13.927117724928925 33.7074819787795 0.5095772519277016 0.02078446372774469 0.4282988710919851
160 7.694561254763869 5.707815325626497 10.879294479050548 2.2179119711156563 9.414833753389635 25.362335659741653 2.994088088200757 0.9365806345684187 4.816745124569568 13.616137322539444 32.10275870335844 0.5074188978017569 0.04917894385965915 0.42695183700728645
184 7.585030972802325 5.698793305976883 10.752736294206075 2.39523756939683 10.015252474895634 24.712346185398946 3.145204194007201 0.36233204347275244 5.8463060634380275 13.904144357552788 29.646653360256796 0.5081205972628052 0.05074238826217291 0.4259484014113744
136 7.05202331712838 5.628332943265009 10.932104013306837 2.1486369512450545 9.45755958053586 25.165674805268164 3.2766339042475394 0.7209597362763018 4.823335639733606 13.376644031688048 31.278931706809992 0.5077469630749196 0.04880103417195428 0.42657773898180895
137 7.42901890215592 5.4381254931261385 10.795835437834457 2.298513944174339 9.660684269180875 25.003083793619247 3.249772619994998 0.6267256400309222 5.326697060539734 14.604394350011049 29.472106481686705 0.5060868466708117 0.06607069836735904 0.4242033636132258
162 7.396494367007849 5.572674770057976 11.080869324590086 1.8782295374623295 8.598196111277895 26.029081553500173 3.167317587576857 0.6087279661089294 5.272655530149266 15.111730496359286 33.47077919184937 0.508812759913612 0.03101791906219682 0.4276017509181667
171 7.685629281154832 5.690250417312549 11.125904632006776 1.8355290852396309 8.403569831136227 26.624220960596244 2.837217584688331 0.8952672408470801 4.688352886286337 14.168733322202437 35.45970423740024 0.5102522224757526 0.017546432836743064 0.42867296950717365
145 7.37902776922646 5.42597728007718 11.142439724930242 2.0311930834008844 9.255627422684965 25.562296590374054 2.8799115869486442 0.7340155034746862 5.555390933988223 14.831849031409142 32.06288585703576 0.5063258603938156 0.05869210501220572 0.42570112697783746
170 7.776769952380586 5.659242487844579 10.911200853072215 2.1479794433121655 9.75869471343634 25.322763175810373 2.9997428036180414 0.6296313550296995 4.56659401219064 12.596596861775202 31.802237668287397 0.5099299582663751 0.014857803878767502 0.4288092022311322
146 7.666914011149949 5.8883402932856255 10.983628648488994 2.259211066916529 9.829617825643075 25.332603175529474 2.8120053527193316 0.8462484750790144 4.9433644080943075 12.905368170438848 31.41902594744556 0.5080437728595035 0.04267959527304806 0.4270177583200735
147 7.560597512740251 5.534587767376121 11.02744407958541 2.0150596783842762 9.30702388148483 25.987602302466936 2.7014609433189647 0.8062239906615016 5.978073053917029 14.287642615526536 31.703136040864944 0.5072582543217756 0.0518727160069849 0.4251122580875481
172 7.404187375725196 5.764237960059271 10.878171057835194 2.0366713182722647 9.022739394357824 25.900521992527892 2.8886815373038295 0.6126006776917832 5.720145204243418 14.098392025357903 32.82021634538081 0.5101158413470746 0.017434019618230105 0.42840180591860594
183 7.730161121188923 5.904351233637636 10.897299781033883 2.2417521379408765 10.073691921046073 25.143956723118773 2.774297186496281 0.6637960075355714 5.278829296779628 12.303881369968302 30.85054804297501 0.5095272164134836 0.02578837166443014 0.4281472395327189
178 7.491802525240667 5.850391958708232 10.887150328214327 2.0564659301140784 9.114792119499437 25.791784670170074 2.9701304206157073 0.6236879187959069 5.735520563948608 13.576328272869313 32.6299442385649 0.5096882585276435 0.02541552979922761 0.4286359597179696
161 7.731209821176982 5.60519484792816 11.082106292574759 1.9212314691234869 8.715164889919892 26.01650293024912 2.9865939677207103 0.6164885647689675 5.2194891600644056 14.826729651289462 33.798889238096706 0.5097292345045038 0.02038218128755937 0.42827651439869274
179 7.476346749848853 5.7415764874247435 11.00541891157102 2.049199372826267 9.518030976633545 25.644809312220218 2.783809795469367 0.5661261101748558 5.126462059329201 13.132753795614809 32.58296069148527 0.509899965817847 0.021102034955624103 0.42831191919588524
193 7.856617795450976 5.9209823622912525 11.13687069100333 1.88754500799358 9.172028702170493 26.393251952681553 2.568787498673343 0.8546649466195997 5.02244200444281 12.670266220106456 33.64757141806524 0.5100333892948752 0.019109069043663874 0.4286420172433403
198 7.534156506693027 5.772458733534628 10.879957390942039 2.1199762179137487 9.167088872150618 25.674432729766565 2.9544015327032325 0.5315324573518185 5.907942518131916 14.624326904896824 31.659966260275436 0.5084275603989397 0.04240277050386332 0.4272152729500305
185 7.539430306175629 5.699014722393097 10.957026950310519 2.052919273614992 9.250577960538896 25.235485906324207 3.322262392967884 0.7922768567195356 4.633228724713168 13.283264059721915 32.881861314212436 0.5102255113483569 0.014064746569308447 0.42911908812870164
175 7.892633026711918 5.629275300702301 11.220738480880307 1.8862314482806875 8.836113357530047 26.225771006045676 2.750981892304106 0.48136391451537913 5.881521498582058 15.450169470575046 33.23053544531082 0.5089466286828954 0.03632445832517313 0.4267900617990311
173 7.884815179218296 5.761187303739423 11.341623704821492 1.6872174345187452 8.709954126529382 26.595951777200998 2.638945698491176 0.5729124623503792 5.747822172094883 15.217818428605135 33.508904905566645 0.5099370002454252 0.01723786797848156 0.4290605908637464
138 7.677263939438193 5.7703602522761175 10.818213432124464 2.043008426473527 8.931951990850989 26.0505077543648 2.966373148439078 0.5344074296591563 5.935581851043209 14.396895951256838 32.2823483730156 0.5083814436153617 0.03651854241627877 0.42730243520693106
139 7.970043371652733 5.7676736260883485 11.026287747609844 2.009079516366435 9.166429493567037 25.999866142591173 2.6797161715391735 0.6926559744097716 5.46631355739614 13.906489796443422 33.11130177131612 0.5095997050584153 0.02782267333551166 0.42788575444348487
140 7.780314149073205 5.6718974419499295 10.790826857691009 2.0465816549852685 8.500954002978663 26.2146694200358 3.030021756819629 0.6831173511254057 5.499791551963173 14.315941649929945 34.537619342663646 0.5093191458092245 0.030026592651802752 0.42754940807387865
164 7.630083092977025 5.877946217464114 10.875400012176533 2.129559459399316 9.292533182163238 25.552645997402355 3.0180743786373037 0.5946854224970103 5.394026565989217 13.492214170756666 32.24489971343614 0.5096118738467214 0.024096720063497206 0.428522981789122
148 7.820500140482549 5.881233618895517 11.340433640211048 1.7402744104427355 9.096856079395879 26.732209083636537 2.3424958341841187 0.4264284556262587 6.288394425265539 14.679464920462893 32.44113389645389 0.509432471293676 0.022987993943415358 0.428228156233573
149 7.5428393624670775 5.906731257999688 10.994660774526174 2.0743179046260587 9.141636023992028 25.52593208027899 3.126543505586252 0.7398229057641494 5.882953354389925 13.968824411050628 32.01762526656071 0.5079397908176524 0.05128616163741365 0.4252014910269947
150 7.837907201187963 5.6951314288521795 10.963793437449315 2.154923090493179 9.575658511796528 25.456371673421287 2.855587107108944 0.8534727953095306 5.119713069531252 13.62271681081607 31.96319849537712 0.5074238009018334 0.05605123233402024 0.4246991675425479
174 7.348636271711719 5.802059425537701 10.579118056616302 2.249846647700653 9.08297630507221 25.657069875023804 3.0789169977301807 0.639382084682416 5.1708007830002565 12.679957483432416 33.27753715525419 0.5095056138066467 0.03126636020859308 0.4280411355048746
163 7.656907936322645 5.557293117835913 11.275976339968146 1.6406676657640074 7.928482506144766 26.789241572611935 3.015175853611868 0.4367075380336817 6.130106893990806 16.955280251973512 34.482727643073886 0.5098833184379493 0.018785291864368094 0.42851553596134107
165 7.826338539648367 5.805797902252096 11.064452975808043 2.0658620424871703 9.424208060134198 25.830100454697398 2.673197954117161 1.0767953854887005 4.780436209059704 12.770092644675632 32.79189407139956 0.5084262047020377 0.04614087364833226 0.42660952667523644
180 7.615424509994642 5.786542438912712 10.876251825894503 2.2143557478976463 9.795043520256625 24.98163356022914 3.0996020097783044 0.5657719471086218 5.23898768859893 13.333979388957305 30.658064404204787 0.5093212424151443 0.031539432361591624 0.4280486946741133
194 7.570516515265154 5.663700291618514 11.16934428000281 1.7850326188554306 8.457494801389476 26.18431068619623 3.1240874530800418 0.8735506873220049 4.943247687136307 15.015663386242748 34.268024866736326 0.5096864643038465 0.030035932545151117 0.42744779802699817
195 7.89214222398702 5.764368936637831 11.067091632981723 1.9619868896640034 9.029656232249032 26.28216513802382 2.5936581285482645 0.5577736983724529 5.678844999779044 14.644929868720428 33.00697311374313 0.5095514603756383 0.025276672197509693 0.42826112756034673
199 7.718438698568768 5.793482993971096 11.136406369878191 1.8713556567435001 8.863044034150574 26.131263429739924 2.8924804689873422 0.7429660209384262 5.374633703274623 14.602153196332736 33.067775357146104 0.5098256054190615 0.023610549957907054 0.42823702785694656
200 7.71175340428571 5.673584197798902 11.359125687905932 1.7002975411377483 8.363506626994768 26.642989629357388 2.751593393132025 0.6719822847838525 5.272708056021386 15.223519878864137 35.08636350777116 0.5099184179506948 0.018392264607873972 0.4286298776808262
206 7.5642899114230175 5.752559913306325 10.920086819665286 2.164108168702555 9.630195968197352 25.701142903490602 2.7233469530479155 0.8348978739626267 5.410627488370123 13.02779997713676 31.736287465286075 0.5092117500055983 0.03337104917307716 0.4279628789053453
207 7.836583277082499 5.7925196428495624 10.924892205431387 2.097849660268981 9.20716786712656 25.853220051607753 2.7820407131420177 0.695739777205482 5.502046105156037 13.799554278126115 32.62183765892287 0.5089112379565179 0.037225720873496355 0.4273955291822531
208 7.371107270524655 5.7033976833216204 10.934397232510218 2.1239965063982464 9.501730117663831 25.003310940524372 3.249610349342694 0.66816035352762 5.6481061074116585 14.332224045031735 30.605705367010668 0.5078542343322666 0.04866029512822856 0.4266154922622646
209 7.6892341130493564 5.902826076816786 10.742660012381542 2.1407629350930817 8.85897778344187 25.985176337988406 3.0469450815202284 0.8546552875566733 5.0614814938206285 12.947571868840887 33.9479370976823 0.5090504640121206 0.027908188314604142 0.4283530285747959
244 7.4695074710660005 5.544851831321367 10.994776907965905 1.9878799867422137 8.952418750702618 25.884295263114023 3.0518306646502333 0.5914846971932444 5.212398229816739 14.67272590351069 32.912421405210274 0.5091915753457578 0.030129269904394067 0.42790184964630523
243 7.747068904158294 5.733830967508783 10.869620742042745 2.258929741595859 9.703780232741776 25.25153433478823 2.993765262558208 0.9110027396878316 4.861049665851875 12.919563430074017 31.75759500170451 0.5086750161851665 0.04172783657834155 0.42660339807515424
242 7.322307913023238 5.5580994955203336 11.072059782236314 2.065770047976371 9.46141943572039 25.481893447435628 2.8543001197169398 0.7893394492011099 4.747632453278158 14.054682468302385 32.21506313779198 0.5087226675627256 0.0430065405550756 0.42632900304079524
234 7.6336934361459745 5.853535684826224 10.732552099759697 2.5026548999836526 10.459726865172378 24.75989297786547 2.9022331028584993 0.826116077968553 4.578331952649318 11.715629826436102 29.833299408575623 0.5081983167837578 0.045997628332012964 0.42715617147326923
241 7.518793354654607 5.84953974294966 11.117404877883532 1.9290041882384574 9.203265238135671 25.606993896978747 3.010638192485038 0.7047495839676929 5.388932498308288 13.848292975854726 32.56120269204395 0.5098733681376837 0.023532844937694492 0.4280729830924081
216 7.5552050361541365 5.745103904260736 10.843003885882846 2.1912092952932762 9.696635605762625 25.493052874789246 2.7483608993496462 0.4781370951368766 5.721234832168051 13.222211656315338 31.577744187782127 0.5097651408622326 0.024077231994806794 0.4286885972630268
217 7.719713067295303 5.750027819575709 11.288473266011955 1.894994766093123 9.514355671592243 25.871199519556484 2.578301399202316 0.8811127365371713 4.722435397263464 13.372145453717726 32.89369550499181 0.5092848122651259 0.03262507465098693 0.42770340508991866
218 7.615216756790818 5.8316953029265255 11.063203948631529 2.017497446984031 9.418500718515599 25.565639792014053 2.9813566279447503 0.6133254100980441 5.370144681251974 13.465095073030547 32.047821259581596 0.5096435618018448 0.02423448907916968 0.4279028437351457
233 7.628586016201441 5.663947743777137 10.77824639933214 2.1655508033970006 9.262494666677565 25.83619248262279 2.8236546035958336 0.7605224953870298 5.130070142349608 13.157399429507652 32.708109343405056 0.5094371184054792 0.029554397323381554 0.42757662756085935
219 7.684517411921344 5.879587227063927 11.168315338691391 1.9879688746763076 9.665966519562764 25.599554302855115 2.7374627889083896 0.4478474636233942 5.681979112466634 13.71060928149499 31.344225721809355 0.509779825045105 0.02776904877545545 0.42795042014314966
232 7.671436711814998 5.680566955446882 11.025789992923903 2.1687494282983617 9.825541615925642 25.0539375185866 2.9683664833100813 0.4817715455357017 5.817504658945735 14.700167694491576 29.851325123258253 0.5081390481187565 0.04630360046137944 0.4266268152761937
231 7.685176723871882 5.737469330785584 11.09421828497922 1.9374165007485138 9.092092410539246 26.28259956134658 2.621065782249394 0.6510196417988824 5.556179460422171 14.30629375247642 32.90228325644681 0.5097481103824487 0.019659085373017093 0.42874390431945236
236 7.0998005170066065 5.588409572620432 10.612546396799068 2.277030207708622 9.305270369031767 25.47323227928174 3.085957125087295 0.7419459239600902 4.622287845539887 12.685499912609085 32.90203264323671 0.5091622779215411 0.02698298822005781 0.4277993207319139
237 7.484951739320183 5.548062060780941 10.758665077891663 1.9560258683003071 8.349017763456738 26.291956235719315 3.157568327445807 0.8233346297856037 5.130543206282335 15.209209993604217 33.84464919245152 0.508859169666211 0.03899362744470615 0.4273171388906457
247 7.735806901517257 5.560675961353647 11.227754870386367 1.817590770267678 8.95433614779437 26.43410046802068 2.640189522255227 0.7757953297108716 4.960731215642061 14.525143806068419 33.41745202476523 0.5096143451860928 0.024008137534829957 0.4276258562599572
210 7.676477322250939 5.6460857847749955 10.5001175226988 2.45013176472844 9.587870337956021 25.2928537514285 3.1265635645813017 0.732421259251753 5.241326240152671 13.825378786626636 30.48359786036635 0.5075242958690762 0.05792039150895463 0.42544183117727546
246 7.13419733285032 5.775327886940418 11.083472203537754 2.023723281791976 9.556848491080713 25.18604638641393 3.0716522519334473 0.6549470301880518 5.180092957951974 13.241695499949198 31.72877370175521 0.5090427602017695 0.031095035266519987 0.42750876250756276
245 7.980033214357249 5.664628232258202 11.007908302290662 1.890460887232348 8.925193782988803 26.418433171484555 2.5770473990703877 0.5084349850267939 5.931182742655358 15.246111043307522 32.687609511168475 0.5099212945687723 0.02063526208986523 0.42819387435260625
235 7.9953790213518605 5.586510441572955 11.210593894819997 1.7779593610200402 8.94146435366744 26.355882295120978 2.7851574611765413 0.6008068688135952 5.409723187060457 14.867636620860207 32.86414495012945 0.5097833295614083 0.024468560986317715 0.4279037645338744
211 7.554505598925877 5.787120443985099 10.966580018439238 2.1271663679082273 9.763614560614073 24.865570959633708 3.1945319804036343 0.48283187029232055 5.512422577700419 13.672574390532706 30.688572353512 0.5091105909497661 0.027484744987986733 0.42828889830651196
212 7.484189465421956 5.808774047555518 11.284441281527227 1.7643573227819374 8.7454875228671 26.111037292963754 2.9726699979401183 0.6881870574384482 5.218785681936523 14.494897332683452 33.862288231787474 0.5099166550857179 0.024732894853146305 0.42717267943680803
220 7.755130554905018 5.988373511655954 10.945968218582154 2.0220708202541258 8.944363051242714 26.252862852620435 2.759961529986791 0.7400211794857133 5.615181550929734 13.588401476397438 33.235463749505314 0.508715568997821 0.040141300841858595 0.42722832774125563
221 7.341252225430233 5.754095867306182 10.76344143514406 2.4395714081567332 10.126254511906783 25.184060443503856 2.742155481379361 0.7581219368698525 5.013376566228246 12.122770325361975 30.922424948285958 0.5074852588288042 0.05447962129640211 0.42570652144738086
222 7.596645583920459 5.78084806065742 10.774565047804913 2.1949875251137154 9.47807766348406 25.326424077449758 3.0389319031925086 0.9966174292955854 4.744252055616057 13.310453207620254 31.70940253192317 0.5090007156798645 0.03756555258197736 0.42707563299678136
250 7.778803937675168 5.74379564677506 11.17732024729914 1.841823633177392 9.119167350123746 25.86928116645195 3.0211712257242693 0.6051881867216384 5.409983138098558 14.610859624693202 32.16522169476343 0.5091555546286268 0.027694898472967716 0.42762007714177136
249 7.666512544254589 5.705541099850982 10.804841650244775 2.1004012482471954 9.098020310964994 25.923484910861198 2.8741682780697113 0.47886651054825036 5.446069805512654 14.19267005117848 32.73630691512922 0.5098175973684927 0.02438364027578731 0.427451837947446
248 7.44071671750853 5.545548475622091 10.939426251375307 2.162169485900469 9.590282633719225 25.300586083489282 3.040108263468055 0.5727775345506398 5.448341253331596 14.047030833793322 30.83095600358442 0.5082978416629395 0.046316200173240105 0.42651010517174537
238 7.540060805851439 5.8083634799159 10.81100312489762 2.1873639550266395 9.507416277462413 25.249293997770838 3.2114005570887616 0.9040540398406217 4.553499723417984 12.161876691197923 32.242978278279764 0.5094457143812443 0.025633621968377814 0.4280408972184779
213 7.631168226807726 5.659593609879601 10.720947636032474 2.2527300664699217 9.50632718447971 25.46714194413755 2.975697966649866 0.4854057157773024 5.183158738639733 13.755423949438958 31.33620338042213 0.5099134207110991 0.022762709654914327 0.4281787682867305
214 7.8765905318686915 5.7845687763897224 10.91854052503543 2.058872134516811 9.236326657858388 26.081057405045957 2.7111411994982846 0.45521679510621105 5.65126336773263 13.9745045349087 32.25314688806912 0.5100684876514483 0.01278173951183276 0.42853323222513706
215 7.656663231471888 5.844547527973306 11.099974849904877 1.8379752817081956 8.484332417708027 26.54250878793657 2.87641723496028 0.864403650102982 5.075679204382965 13.819221732907591 35.1453981189063 0.5098890774817865 0.02192205161972657 0.4281842333635898
239 7.94198775759101 5.941410319107244 11.120814258407407 1.983907591537253 9.548335212054115 25.68355410669396 2.8451952080172305 0.7289011639808907 4.847391708558247 12.882648831184222 32.11864486197859 0.5091773824142553 0.036877005459461557 0.42750250674122814
223 7.6162874075082945 5.644391805199387 11.204756613620104 1.8937635628041427 9.166195458787541 25.90010322113343 2.8119090485483857 0.8001166811944835 4.45382045870045 13.659518762025707 33.609013305456585 0.5100741124457846 0.012528207378745703 0.4284978745695755
240 7.728984472700286 5.60026407049703 10.928265843556487 2.0666349582722354 9.02553906676712 26.063241958321242 2.8088681987700044 0.7479956617741133 5.397737185023765 13.598995674156594 33.759958814865996 0.5092721175055361 0.03619166928352355 0.42780180406972584
224 7.4846540128817205 5.646170427659119 10.93945377042134 2.127722016720662 9.247941843535333 25.425400272467197 3.1700652879896696 0.6185172209337381 4.890964904571169 14.03988206959442 32.35030705981836 0.5087885296247465 0.04114212090725847 0.4270956329680178
225 7.7857270355611 5.686119203117788 11.19524159499226 1.8584775205703647 9.073360162564446 26.403796855718806 2.5264401574414594 0.3952638260786169 6.0709000912103885 15.347957502589937 32.19207663969133 0.5099647058297443 0.0228988563331448 0.42849578347432465
