# timestep 8150
# phase bcc
# id f1 f2 f3 f4 f5 f6 f7 f8 f9 f10 f11 f12 f13 f14
1 7.871475749248782 5.59129748496694 11.087303318084627 1.8788206480961183 8.664061751957167 26.634135311877323 2.610864174549473 0.5349057890483876 5.746410091080319 15.53204314329781 33.751080723391006 0.5096060520341621 0.024581392815306143 0.42787201749297876
2 7.278907578040799 5.899610193148926 11.170919553434956 1.9479696854709445 9.734825855937352 25.87609082331705 2.4871309612122485 0.8672551039272073 5.17764584440102 12.38249624837981 32.464429480743995 0.5098544099385803 0.02132742090698626 0.42817300809707326
3 7.969547029864326 5.4862874226723575 11.154096395656339 2.026312308709321 9.870119809924345 25.053980626782586 2.9443469367544752 0.7565719080699126 4.14883215847887 13.814449872236487 31.38296021893944 0.508723792234654 0.03899267984901521 0.4274609697152204
11 7.749768242460952 5.814112630079982 10.897392611691883 2.095555517679127 9.29688075388819 26.23665956662267 2.5759570390972306 0.8877492655000577 5.612819831109138 13.093068011173571 32.7212262827729 0.5096494040364218 0.03468003715189546 0.42733025298521843
13 7.694586202745329 5.679011393266776 11.272448944314108 1.9864365103063468 9.776211146158834 25.506325487978916 2.7905292447539436 0.8070499359830687 4.344245933000271 13.217303813005177 31.996012153722376 0.5088469814713351 0.039886509155558726 0.4271605792469452
26 7.440372531157933 5.839357913290992 11.229474334938878 1.8664362433290742 9.504459054612187 26.011862875301524 2.5745528520667396 0.5899634672083157 5.860045299323209 14.142389841162917 31.31273086632594 0.509374568446938 0.032343241916204114 0.4278479908622139
28 7.503646266552186 5.6609673908080556 11.111074963719407 2.11687168097641 9.72464619842703 25.455999441502673 2.7616383304606784 1.128642715773855 5.134762725281487 13.99114819884751 31.014662699254142 0.5060743512283505 0.06561581334646438 0.4245057882451904
36 7.874800776167498 5.571252978445495 10.808908276568891 2.2827725125165776 10.017031648127551 25.445054897615076 2.588398648964353 0.5532881824755568 4.9269683867410805 13.424166542636291 31.031613950835844 0.5078347871629149 0.05151887027542946 0.42620200130506697
38 7.354623509034904 5.467659453773401 11.288635092300266 2.0592111661843044 10.333727716778123 24.45241880483643 3.0091251381284665 1.1763480679186904 3.4465321611080824 13.238663892821016 30.430624100356876 0.5092434298058075 0.030831480795329113 0.42838399604949856
4 7.35694165797154 5.757964067535502 10.983662882797608 2.0683091835698586 10.08575325394052 25.241912787731643 2.7401092959286757 0.7096347948715752 5.036567882406539 13.075007603947345 30.498435080254087 0.5090127935308651 0.040708308357288295 0.4268988331718323
12 7.69961708572775 5.2409248831354445 10.770899560905693 2.3840326515198345 9.951895414737791 24.78623797305578 3.0012694976149685 1.134149922374311 3.455178508359193 13.237245262205082 31.666761548633083 0.5098621418860989 0.02119966499974904 0.42851734300942085
21 7.6403679127972 5.726821251889516 10.883860819564628 2.1733928153158057 9.40348109240227 25.624201593894227 2.804305092552042 0.37535172834228714 6.0488615423087575 14.859253435469757 31.239119473968948 0.5076881653694927 0.052466463367279295 0.42585404522764025
22 7.443588695075974 5.636391308360809 10.297776062131312 2.609043603696811 10.376498671759085 24.41160863640291 3.022660522174707 1.211911622659768 5.101418815145484 12.73506395218039 28.822943177713384 0.5035635142782373 0.08583628870776361 0.4197310002543725
46 7.441369251916872 5.913066013622591 11.107274441482351 1.90009338649132 9.166868878164898 26.142729983843026 2.6782842084973026 0.5427368411331047 5.988851230797137 14.254699364009651 32.389741922718606 0.5096956256310113 0.023085844140770483 0.42836030518941925
47 7.8116397527043056 5.073535974788796 10.610202479985908 2.4866138751926052 10.243287624950353 24.75544063318686 2.941120144443405 1.0976094707878248 3.4892142450688866 13.279485247572104 30.747285639334077 0.5096050988912362 0.027895292151475074 0.4281384847860816
14 7.807503716036024 5.084748192139092 11.200372069284125 2.258778863631454 10.766595415777434 24.438312533631876 2.771664280689816 0.6721356488904155 3.852395781228849 14.02945519692293 29.144544379353817 0.5085076831723047 0.05076067193979469 0.42469259423221917
27 7.854017736795676 5.1912117709941095 10.718708434865878 2.518159922232874 10.562489903158012 24.186017219859128 3.2050182605320754 1.0751862627473028 4.047276875037032 13.469036846027455 28.57256198445598 0.5048266996442016 0.07902259542305046 0.4220508946013404
51 7.2062108939907965 5.8356773506251285 10.928513541157933 2.128819151656084 9.277312463330112 26.01672536174157 2.6023815795809826 0.8989522793428846 5.54546268001102 13.264667687679077 33.09040033076238 0.5068458634245887 0.053455974338342115 0.4264403583806333
52 7.188435462700772 5.726182467864876 10.996795246945986 2.066502774934005 9.279013023362396 25.81087663644585 2.793883677743023 0.8953731108744427 4.716042842224738 12.904045359225538 33.19522484572154 0.5085527423279892 0.038169006446553466 0.4271303622554003
56 7.588287894835736 5.3813570740044705 11.041748516710093 2.0045178951113667 9.234190625704967 25.742401250387076 2.864863591176587 0.618231577756401 5.177085939436015 14.461983788482621 32.72352402225963 0.5081747169219218 0.0514791521080235 0.4265307173643592
57 7.280792366112326 5.793160885186145 11.149249260851787 2.3129827609947213 10.651046619238619 24.185728085559962 3.005131358534341 0.9122130647584011 3.669585180944861 11.759450209974625 29.90106151265232 0.5084637865114888 0.04127153112201943 0.42740724558411486
29 7.580525266305361 5.484547728923553 11.225069272430789 2.0714166650143526 10.27418542312508 24.988638437261283 2.771931226985347 0.9358528603135621 4.514663183600561 12.6612966891886 30.960462743538073 0.5073573051472196 0.057953039251224026 0.42414590772730093
37 7.678905830080472 5.31467885002661 11.008509603196194 2.2347585605150213 10.322046152674769 24.49106839397002 3.1637962934463424 1.244924766768547 3.406565563744108 13.081776893855828 30.517458389381858 0.5083149696968912 0.04886602068460375 0.42539586574755905
61 7.4641167754215445 5.798636110766817 11.122277152431664 2.011126622488859 9.406257389561086 26.03350259081041 2.413085318923253 0.7745105559762483 5.654636599281889 13.838522238207448 32.77511565820094 0.5089902249632703 0.03281236386009125 0.42848256048196304
62 7.7828961839658755 5.266538637627061 10.718331195003417 2.4848951074816634 9.94435287575892 24.834845153273264 2.974710410666397 1.038173324866316 4.425510414470475 13.988890017761904 30.77054395963485 0.5064967925869095 0.0612284993848683 0.4254148559024838
39 7.265344640013995 5.5089864093721985 10.664387106348537 2.225149219656346 9.455293842104862 26.422557281926384 2.2507582523069094 1.1501090511220036 4.482362065443886 12.535245951866276 33.278297811604396 0.5094353041779265 0.03514529973318509 0.4273226394131297
126 7.136988821401778 5.898242572703647 11.182037840798223 1.9632994599453473 9.600448448000115 26.022333004440295 2.3830161287647043 0.6722559413197875 5.980857337122338 13.075237715558949 31.86242759224089 0.5086577214451573 0.04100383763939621 0.42718785754011546
127 7.448719072326963 5.688975795686848 10.86409450475563 2.2411317909432857 9.370081950843343 25.324460234357534 2.8241645905611787 0.7726219103969281 5.62191404055944 14.352309215200465 32.271190942364264 0.5041749355734702 0.08031227310687503 0.42112826229812994
151 7.285383917753906 5.81227969942547 10.598471154576643 2.6234137770963892 10.430675126263312 24.355848622574086 3.151100679071844 0.9353837987391768 5.54927969546196 13.528452008395 27.758618200697313 0.5062987848504386 0.06600236131958107 0.4248900649060269
152 7.790096943153889 5.7186251425835275 11.015223487249063 2.028342273584364 9.438794664895976 25.576793361990322 2.9030083522931998 0.500277136462862 5.691454558009464 14.24669747828326 31.6288500649071 0.5090153112945195 0.04081917742166893 0.42690831855950606
66 7.804259975329767 5.542546784971253 10.755198943577797 2.081658538916323 9.199310092656297 26.376475331350285 2.497668730219178 1.0770034729552196 4.677427504301119 12.960122423278678 33.759632402146536 0.5082592584713312 0.04481678737532748 0.42563088082717143
67 7.769410739504947 5.42911559710065 10.511992627321783 2.577872649902987 9.970411420336585 24.187919407296327 3.3318310123336428 1.2371590055414392 4.45590024260471 13.937470948467167 29.821009346055902 0.5037124720162097 0.08482284245302217 0.42026785378867826
71 7.621729427553005 5.754652290395669 10.951830112098225 2.206092581080762 10.113052505238256 25.2821127276031 2.650042802271132 0.2887625782344405 6.167137566028248 14.40932873409397 28.97869690347641 0.5075205325315356 0.05597175052002571 0.4257915761205392
72 7.52704180935044 5.9846384000788975 11.197650808736297 1.825008903483271 9.452525451778387 26.397431315244035 2.4466353662119973 0.6347663446203593 6.383219688059553 13.559811915048613 31.72077774388304 0.5078886078341234 0.043443949651200284 0.42643443991128055
187 7.640057061870273 5.368347004627313 10.131404409729154 2.9348646114265167 10.102104909671453 24.883062846936486 2.8725877172863976 1.3100107988893102 4.320596660874899 12.446215517618333 30.4534305221572 0.5069979895002259 0.059749969457503646 0.4248382097847508
186 7.722583383222897 5.21718686029584 11.042466414074728 2.050529609806453 9.196545423509598 25.518774466839748 3.051424535325137 1.1598932720472008 4.363715194623251 14.607622488026736 32.65331180867643 0.5085667885483145 0.0395532880758705 0.42735942993799136
5 7.653807529371307 5.647189740955768 11.055223057906781 2.107311446320413 9.904443183550203 25.354007022463033 2.7653788628559712 0.5371192130862887 5.245916005485197 13.768093308299177 30.791942036698746 0.5074590849059227 0.053609804489745845 0.42668417036933864
15 7.282280964754138 5.527572742790134 11.13940129323631 2.0559433902015765 10.385065145451572 25.92708511808245 2.089581384877603 1.0131121629425552 3.8584987406196363 11.519409922019156 31.676471007249212 0.5077536663175604 0.05154613354112696 0.42597484945165226
30 8.004242721255403 5.694834717425433 10.979690220186928 1.8380363273208042 9.06947265021502 26.446369991361095 2.630356549078186 0.9790053049396995 4.95480760138494 14.325995142075183 32.3984929961975 0.5076313287260587 0.056150717486501356 0.4261419723563616
40 7.442914504598336 5.547744983390312 11.071973204396453 1.9922203580572555 9.712762705200708 26.7366811270011 1.956710021784046 0.386185395696286 5.589664633882472 13.785753816331463 32.00631100175294 0.5090234568190328 0.03631039317002846 0.42771558369669505
6 7.415148255865248 5.57409630216337 10.970284026730988 2.408948203587789 10.736260473341028 24.622999942054125 2.904331725345022 0.7678925981280943 4.4482265444303914 12.437557737021566 28.929809939419787 0.5074361821936745 0.06035556286743842 0.4250907973948882
7 7.335971331110242 5.802782099148893 11.474215918109344 1.8041581620239269 9.657120704381924 24.969492320367518 3.2410939569976986 1.1150194232547388 5.1156090656890925 14.606959947032202 30.314874665169306 0.5085185588483478 0.04276448758368075 0.42783518031345513
17 7.585555349863533 5.273923745649987 10.897870767428918 2.3144298511074406 10.07252583666437 24.910609545102105 2.8200130574212494 0.8689139314585832 4.238375355635712 14.308313920484233 30.63648380043872 0.5076467179163175 0.056907579058333185 0.4263939195310491
32 8.190667925946435 5.42169288076734 11.1410326826499 1.914797834718274 8.974156908402922 26.059210421851336 2.876533489447192 0.9185008192091649 4.465815785962645 14.62370536186539 33.61486210678014 0.5090548126163782 0.03115709448612146 0.42822633568327567
42 7.5444035906366835 5.625622204226166 10.988659866867726 2.1135884808188483 9.598672639557574 24.802468420709943 3.1821439349912484 0.9873571292542548 5.165566442673498 14.125630424011389 31.46529055793787 0.5074644134982843 0.052834139248216956 0.42642900286628227
23 6.887974803584818 5.5574183102260974 11.081314455404152 2.0741193203622736 9.833262071031559 25.95556263348312 2.3280709705250406 0.8793609105225082 4.897846169440371 12.315194996778827 32.33945319130077 0.5078836274665968 0.0473347854894899 0.426105580304669
48 7.330997630425742 5.711747393654167 11.288936603723801 1.8496438823380508 9.48605275863632 25.188037572864836 3.0383146990639087 0.6101839533010119 5.697224607950224 14.688638912755597 31.408751822843723 0.508233626516217 0.0441996381846758 0.4272853778236473
16 7.2771499089732385 5.2431805743513 10.339522480570135 2.4978860541578234 10.380119661172534 24.3059854880357 3.0778914213424717 1.1419154628339168 5.382661466053301 14.03683989280549 28.47077833517439 0.504016033880737 0.083743833099827 0.42100478075262104
24 7.754876966824359 5.345492898532963 10.541482747809734 2.9205710236964504 10.740704751515189 23.76272538211787 3.257278602988555 0.961346190710044 4.0595872093189405 13.35728145446631 28.173787125177846 0.5062334983424779 0.0696218441596596 0.42380217156889244
49 7.910387523781236 5.503536911466808 10.463481253903883 2.6507841033055293 10.148208859504413 24.749665677141927 3.0398794437988292 0.6838887171528798 4.137692402480353 12.336809357409109 30.567674137216603 0.5092463651881161 0.034557606462752154 0.42752070849628326
53 8.061135735651794 5.583658514774589 11.404294740314517 1.7840367148067195 9.241423388712127 25.39438177520997 3.1198869618713214 0.9607090522249367 3.854042412420923 14.394041250294336 32.947819622806 0.5080770039325502 0.03930259670004024 0.4267769058065191
58 7.429027350021426 5.7455181289033925 11.210641865378044 2.008479216152481 9.888816260347062 25.65655199131606 2.486701452409794 0.4100760052276818 5.765329420699021 14.057517277720779 30.613293963777327 0.5092591141742202 0.0319159685395532 0.4276136500476342
31 7.228275013479289 5.762616860993029 10.883209563504389 2.18325765022981 9.797933116105746 25.564224267302173 2.718316618843757 0.7515402062352391 5.044323266938686 12.34596478720274 31.969685718001784 0.5084889461199906 0.039195986477546296 0.4271463888814567
54 8.030351233143925 5.337269950438384 10.145033611963504 2.644712799713642 9.61013418724763 25.399712601531515 2.868726882835309 0.8673809689131154 5.207890964090044 14.218671331487588 30.592699946371017 0.5073066314573367 0.05766558477863818 0.4253134450688052
59 7.155977735673032 5.513091889436701 10.461029718184882 2.464857989001262 9.63624291778757 25.151930189624824 2.967802408848965 0.84486031155996 5.172841416123802 13.00798769677246 31.489603561753086 0.505386384100563 0.07499395014061364 0.4218655750286888
63 7.819998635947358 5.580697323146877 10.330603752686114 2.807874886696259 10.640455090707269 24.312057363170243 2.896889911391973 1.17776907502681 4.826423473148623 12.446554442049285 28.699704770309356 0.5051256335874152 0.0760826189784984 0.4217063211902326
41 7.834874067454154 5.428056912991403 10.723210402093896 2.629124349804658 10.219593751129747 25.055642125861493 2.761592868696755 0.7754560797225395 5.033668740134259 13.398826606974819 29.821002806631217 0.5066856932116943 0.06614335428689118 0.42300171855822627
64 7.2953965278921515 5.754141753942811 11.187994634414352 1.9425613329587899 9.117128242216006 25.684964866758815 2.8802461951324227 0.7620733170613123 5.2276667533814125 13.449749818812004 33.538554495385974 0.5085385759248418 0.025897917798489482 0.42910945733944644
128 7.616257884032478 5.633958078956456 10.505328688308001 2.402479893814269 9.054359032226857 26.618660860774856 2.442031364992889 0.6041682462498988 5.822343958999818 13.826045229887704 33.068160432141184 0.5095377845451744 0.031509034906248554 0.4272658328961462
153 7.571256754935978 5.740420739318738 10.216503926462776 2.6417199531795656 9.74248913006068 24.579135908491065 3.624099343097743 1.1413208664427978 4.094226923769384 12.186139862525561 30.128841421861306 0.5064355682283085 0.07067544130683405 0.42183285717986335
68 7.427682867372919 5.141203183392977 10.616028097095302 2.2910788012978793 9.335289978252849 25.02318317760339 3.411388789267318 0.9594754736641902 4.569793111609739 14.901877983079626 31.047871447229873 0.5049645173553908 0.07373784620526173 0.42279938587020394
73 7.923478957601178 5.218999707395088 10.87171817981798 2.153976541062512 9.579468074720218 25.128415201844376 3.3165435297575696 0.9764811139181991 4.520815823506723 14.72973274843983 30.529494475959186 0.5089078532344843 0.03669990887339119 0.42726373664316647
188 7.538622012744263 5.680880678563777 10.724307923803847 2.390106711413162 9.406470141114239 25.358663822713652 3.003668340999668 0.9920819938566297 5.111563585286157 13.328508189418237 32.431429760259476 0.508355019805188 0.04506568693321399 0.426128442411009
8 8.018609888166097 5.376125774034828 10.325113325739894 2.6114091610764447 9.968088557797568 25.07281494141367 2.852894409658838 0.9803250796422779 4.310405261965647 12.891883199870918 31.078915251974266 0.5076239086596498 0.053143924541777486 0.4259095603596676
9 7.748038024175672 5.7217548472872855 10.719856972980697 2.236358301552787 9.613580317384475 25.328905467283445 2.9943278928953085 0.6593087903912238 4.924113033616751 13.21736629722792 31.33021268770528 0.5089814952585489 0.03654844740957435 0.4267236229488685
10 7.505878542315546 5.822510472616791 10.76797091845682 2.1981665526182312 9.050321666007154 25.44393828133115 3.0771351507054363 0.9395218589756315 5.461409066052577 14.140609087530205 32.654097531296955 0.5086523410737889 0.0477970239920922 0.4260413860546127
19 7.2916050084376005 5.8561859869716075 10.836144572596492 2.0810152261779895 8.648231785094167 26.529670547427745 2.698524015775098 0.7570730405383885 5.993550733965561 13.625134219619095 34.22865735377769 0.509043338399966 0.035634388278623544 0.4271635063682995
34 7.741342302976675 5.705459548872565 10.75732463693352 2.1918907064548976 9.305183898422099 25.567306642129527 2.975697719109597 0.9675515913039247 4.473378964042034 13.232773517561812 32.93712943926417 0.509192602140718 0.039962710553978015 0.4274438366893045
44 7.85585289853927 5.6008862800533015 10.819110405936614 2.162848007196695 9.10773066003367 25.64517375013322 2.940507591946527 0.6133304706977954 5.6839032262818625 14.246412045878918 32.98459585318789 0.5091474549846379 0.03709833653878102 0.4272836586982791
18 7.862365410876945 5.340536892067374 10.872334732534357 2.0734610638506026 9.064971740210995 25.797330065170883 2.946741242841172 0.5445325743059043 5.733035985864709 14.552660550694167 32.89850073701597 0.5074096477891298 0.049521290645657176 0.42613278032802426
20 7.795366005334291 5.837043172388676 11.113049995194213 1.9386722012226525 9.009408478507675 25.516653812353 3.222317749965741 0.8102762338545944 5.7978909011204385 14.862360722770246 31.93953144801667 0.5098176359848774 0.022603395907486383 0.42874927916604066
25 7.588106361281339 5.927643947472194 10.823561877101941 2.313199652303345 9.770499204798739 25.02115398265357 2.9256742568211083 0.7452582534869119 5.066666586332737 12.890329485500503 31.529486210314502 0.508686264164659 0.04322543090807033 0.42648955615490497
50 7.676949142745081 5.9377607108274555 10.959673602179627 2.163209378425578 9.18664915728759 24.968102298349795 3.3460769442543206 0.5709007536240486 5.691177295363717 14.729779491520969 31.9627705476605 0.5089585598747135 0.04354414765257708 0.4267846724993901
33 7.985374989766537 5.605562766845875 11.060725519797128 2.0708366886610143 9.533030126285368 25.208071904986475 3.023761370840031 0.6151566359906864 5.167687370671801 14.070003794716825 31.89555404404926 0.5082300459450668 0.04104716785081433 0.4272299753537483
35 8.093757735664003 5.331017925764944 10.690112645887204 2.220590137890278 9.311187831950246 25.625580559416747 2.978406803085352 0.6656413399404981 5.06284931207999 14.328446067850699 32.31004416788342 0.5068906220708633 0.060149288621857463 0.4249491025037374
55 7.249708188017771 5.775504319274466 11.157959996591135 1.8770508144146234 8.805877384965164 26.595658117435722 2.5732835200928506 0.7865274478526543 5.947611865813322 13.181958806083456 34.79701156697014 0.5084282958402246 0.0455286157921622 0.42658590697130144
60 8.0231387715139 5.1270416396444 10.134169925225985 2.9179800377780607 10.353206497640729 23.99702787666737 3.2607503983892494 0.8426058614186542 4.607852325776198 13.109732179117264 29.576397260013238 0.5022250535241901 0.09408257284359339 0.4189123258161534
43 7.730606348746088 5.862512852121748 10.6984546154016 2.1528735284596587 9.218320481887453 25.63706445754298 3.123735210770047 0.8706984640318595 5.717939300649907 13.961800693503157 31.40014251120005 0.5072098652930874 0.05414264448294363 0.4259375567653218
45 7.209043242399429 5.555688525642619 11.028625837044759 1.823011887415132 8.103454200132711 27.2090618026519 2.5044326212927848 0.7591970797599404 6.317070357207644 14.540872409791909 36.185283493994 0.5090603189694293 0.0417417938313013 0.4272551968787606
65 7.935061301646806 5.570589504059409 11.079186930582248 1.9309933012022102 8.760838909518313 26.282008364773382 2.8076203832325866 0.6522656099958931 5.9538457974044885 15.299351504389023 33.348046139189755 0.5093427222234378 0.02314400656159804 0.4284030749851397
129 7.732236763070084 5.810179301058421 10.81727860975527 2.1286987891386735 9.035512727709825 25.733341699143956 3.3057811301156654 1.3855014123493679 3.873704074769478 12.64326013774643 32.96792623204114 0.5085271066018588 0.04082779580417594 0.4276999867767601
130 7.951472140467702 5.618412281327182 10.826867661815836 2.148162253625744 9.125296648826055 25.940383129224543 2.89027619576938 0.6278880614169107 5.592742734573899 14.65879146479422 32.367291389627596 0.5093986200161208 0.02898016372626424 0.42791647300601265
154 7.897503276646687 5.490173649217268 10.686515748512807 2.2870027104712367 9.217164015585498 25.086126553256914 3.4317631930101444 0.8272614141211542 4.764475177219848 14.419043610092547 32.001503489834754 0.5093566095933364 0.030313331847104753 0.427940262040936
155 7.949842748626585 5.748114380235804 10.8735292251421 2.386553389975912 10.123212362763333 24.85106890870964 2.9158401735190793 0.556513951286974 5.515813585013165 13.364639942864828 30.088500177231403 0.5090685381254305 0.03577197777927198 0.4273308099083188
69 7.444912528689307 5.744205690020231 10.90647696807981 2.1977527593347665 9.711968412754521 25.3374695603345 2.7550807488286995 1.1464147077010718 5.043629246027017 13.211834172861765 31.192127666317674 0.5085821936766635 0.04203273638861451 0.42703820182684354
70 7.4574249114968545 5.627408266625933 10.896362800446482 2.221209291289994 9.665387825538279 24.909459774598098 3.1990096154657146 0.8186531994495321 5.650627263887225 13.867414450490756 30.839350075147138 0.5063419720647835 0.06580452765196403 0.4240317136139513
190 7.762138694821841 5.8707756818295165 11.035647060291645 2.101164705484013 9.598016323323208 25.404295858605693 2.9087682458112245 1.0905604829482565 4.777445463159085 12.902959379775602 32.184361797209384 0.5099530052007809 0.02495549044918614 0.42744667490345434
74 7.631453913015649 5.406877957530654 10.52814826389553 2.592413959915069 9.996358279654032 25.160019978387254 2.943453039167388 0.7568934965006988 4.613511170630276 13.120599578196956 30.19209851412267 0.504634920081851 0.07008987189781547 0.4241719981656901
189 7.057354779331124 5.717328495763642 10.641299310366982 2.1601197788117563 8.636830452924782 26.301330341377824 2.707327625786172 0.5893093585650288 7.322300940763444 14.990523578016912 32.91077519402811 0.5069972014234773 0.06209097732485755 0.42385912497579487
75 7.466075812349781 5.638584000116498 10.59449038070217 2.3693491566619773 9.37370857417561 25.780934399361765 2.6353045050008066 0.5910745715418301 5.4422120686977875 13.60418075559602 32.512094205891536 0.505303890726116 0.07069611259686191 0.42392578918697643
76 7.954051955461803 5.428349164217755 10.76081643667293 2.2076786848814542 9.701149534416691 25.575029657480975 2.8210921266976667 0.5901777175412405 4.6339465341130675 13.775399715139109 31.002828158858943 0.5092114035204034 0.0324736486531807 0.42752946990058555
77 7.373952025596816 5.626574376490792 11.177163963865086 2.030934164647655 9.215980250935145 25.08267647060488 3.3301271189962662 0.7322495196963212 4.914811249834693 14.47770733282978 32.309754510126886 0.508525242460283 0.04038245149015882 0.4269092418233513
78 7.550373679564241 5.870682383695813 11.177602221116103 1.9860818569171448 9.652802984351066 25.12738461233143 3.060815085168776 0.6640345400254352 5.4491954538295895 13.751579355339228 31.13280357078501 0.5093437755686115 0.027172634347778692 0.42804920974432453
86 7.839356350352343 5.553513323920118 11.099150659179879 2.1068758614284855 9.511501787776382 25.446553495075257 2.8363999532286637 0.7968414696728889 4.972309570432684 14.619717006126784 31.8264189888399 0.5064750262919877 0.06031871072698531 0.4256352395973291
88 7.672339102546075 5.669041497872789 10.711755562135089 2.331553998934217 9.727492517489232 25.950803676285183 2.432587043036797 0.6879610910342765 5.82311239452642 12.740986772817 32.0595322712436 0.5079577669747144 0.05051264673640935 0.42604965814966883
79 8.075145696050258 5.443246689514289 10.826791975462772 2.0738909953302755 9.142358333315192 26.179230356098085 2.6418887078195574 0.6636794364794494 4.706174589620124 14.086221589012364 33.34856914636392 0.5095465655441638 0.025886413694194556 0.42795571740126065
227 7.709132350693333 5.611128787856185 10.925728782601912 2.1145006383919647 9.47004100259945 25.800962270214914 2.7172859133287592 0.8110398898029403 4.713546492648836 13.36797768871781 32.007083826067586 0.5084921947784429 0.036221165331946976 0.42786841272257337
226 7.473246580962797 5.61806856282033 10.549176156238428 2.403412915091913 10.043409873658133 24.525305130349164 3.205586398886481 1.0250002683245731 5.106597696635468 13.714212512188448 29.44106621242907 0.5012942588951678 0.09681773790966884 0.4200037449624069
87 7.011695250770525 5.822931350806502 11.03637419714124 1.8542464226427244 8.644476965267318 26.421813675435292 2.776541021534401 0.6713760289159115 6.200766799824917 14.768444318642198 32.95290578325034 0.5088838232381994 0.03614687295418063 0.42771314291300966
96 7.169537645243991 5.881195093884979 11.107672135258527 2.117022052844839 10.091344050872845 25.144405012606803 2.6554254564021704 0.5002036773926186 5.309222719514464 12.778243775529612 30.994052168484142 0.5094500148556946 0.022666974149379186 0.4280090915012067
97 7.0065470982349085 5.786312997482866 10.736586093093868 2.258633419270621 9.73812150277994 25.06814209426426 2.826613720097287 0.9578443086205775 5.480407151361538 13.294086381330562 31.051408374008798 0.5066852513151912 0.06593688890513696 0.42390064978601344
89 7.659125378097491 5.895004895656404 11.216015210050918 2.0016580136198963 9.809321796279889 26.50959373752975 2.0216965577912505 0.6613891689211071 5.548274149483312 12.477913099688196 32.34683928992645 0.5093808904683332 0.025310007472205232 0.4284334224108572
202 7.63442976968768 5.742894210864156 10.91964256187575 2.1667087685109414 9.769241205183048 25.63319083753122 2.582580739340529 0.6623804866711219 5.756293113756207 14.24614733692436 30.662252778966778 0.5074284544071115 0.04784636292739624 0.4267156702698453
201 8.04991155537414 5.252528207950469 10.799098115802222 2.095886906162986 9.308743543690136 25.786114696643306 2.864592042023852 1.0650496816064974 3.9133021607893577 14.285774549587648 32.62422570488866 0.508565700753278 0.02920709686050834 0.42946853820273595
101 7.169964056072721 5.775482849115007 11.34539523478896 1.7979525076364686 8.669770504326724 26.558254457968648 2.6877583722347325 0.9903651336955872 5.378895448122599 14.121805789211772 34.282729869409515 0.5087858229655547 0.04116534404846764 0.4270128897687351
102 7.578016593693576 5.75471547012744 10.741134724792131 2.386369312436406 10.404245291040423 25.10425333801279 2.599022178227678 0.6043551809415517 5.43179177328931 12.426194076866851 29.96396743299458 0.5084009578796082 0.04550674131049554 0.42632472124960485
103 7.131710267644576 5.736811309915322 10.978426415576957 2.0418089146183696 9.007594577495174 26.032773820189195 2.879460396771036 1.212098508157737 4.757119488736126 13.312348336559918 33.53435753798552 0.5084737746229593 0.04566871076695126 0.42641496089090863
111 7.662883390742784 5.631886905821225 10.679879868215545 2.0945967517067356 9.05321230178706 25.13829790177054 3.3154377856822292 0.49935355085156524 6.341468477684109 16.012602985142333 30.882738782557276 0.507138414260759 0.05139958860984826 0.4261502855425574
113 7.959708525216645 5.538052153008388 10.726392187311502 2.4252524107389597 10.025287978942025 25.016852111175403 2.831629353763956 0.7041403264333366 4.802689657540737 13.322150863706003 30.6458590108113 0.5082623780163907 0.047846795380437776 0.42577656811062775
104 7.626615835565943 5.756386360102451 11.077099774744552 2.1229573976314713 9.950251837103828 25.44811757544129 2.6753588560933705 1.2115955834440255 3.9765795864026545 12.342677160410078 31.862105410316897 0.5094592536792728 0.032210121455557 0.4274919000375621
112 7.268754389318656 5.765620217601852 10.881287377495825 2.0535749941083927 8.952760905199218 25.926171377098008 2.8591133205177877 0.8203792801869509 6.05023504742322 14.391161653093137 32.81685004694006 0.5074764020529035 0.055087854682527304 0.4259749720376429
121 7.802124926208354 5.116269197064137 10.649128275220315 2.465232221847118 10.197940398606649 24.777297941844154 2.9357280563668944 0.9359135127414804 4.0847212635208905 12.802918355109277 31.100979614762167 0.5073502651470968 0.05550361412939792 0.42560630246593106
122 7.312434327600169 5.216513968692477 10.55076528280006 2.3873823220165145 9.851596062264752 24.752693030310674 3.042077067372833 0.7876284131070213 6.1073769510392495 13.612231583705128 30.546677612379902 0.5037602642429939 0.08483550757610589 0.4203910083037361
114 7.874087566626663 5.529192409155129 10.576130409076532 2.521454871734649 10.73192317857196 24.146489059050435 2.988321285536169 1.1288102564649884 4.453701889832558 13.170734640605124 27.795375447001234 0.5058068270364618 0.061380951736601776 0.42442314285442895
80 7.33282119977655 5.77700169373627 10.799472736685763 2.2307121752077235 9.724821182096392 25.730763816053614 2.5797497561399343 0.6989326158793336 5.376298581469407 12.689042001809545 31.822100885937033 0.5077905791501712 0.04470029337656404 0.4264705388265629
90 7.145643094260767 5.771895478790697 11.134138276615275 2.1656423294528397 9.878512975611065 25.254866918194605 2.737514188470875 0.49248609409406735 5.66036987174234 13.557159882472515 30.889676819226647 0.5082482169738451 0.04137123452159035 0.4277414123751102
228 7.55919242292936 5.561940513972003 11.099151884231645 1.8857617989946374 8.887043735793618 25.878894472794553 3.069275287170621 0.8823531044283424 5.510206990274671 15.420509963616462 32.39717303723543 0.5097035883649486 0.028379625411869423 0.42846788288501486
81 7.59896398652953 5.555159059764127 11.431118820885487 1.7430850902919706 9.629700278666851 25.679633353577923 2.6817572167076253 0.694315385191618 4.975526656753685 14.560749252002424 31.770516198360134 0.5086367312544295 0.04420556676983602 0.4268687037242293
82 7.440519494403356 5.611823730810652 10.957727935019323 2.0188585389496367 9.580806935419542 24.781993311667346 3.5073605009768105 0.689485479809998 5.495362335007546 14.75740083733228 29.87756043283006 0.5080423708042475 0.051557452347391494 0.42657881052160096
92 7.349528258809735 5.5633766966702485 11.061755981637043 2.115348329709284 10.034259719433685 25.511248415761223 2.491619256455211 1.0048742428685578 4.028374404026421 12.301415664978482 32.33259750909556 0.5087150719923466 0.03994407522181564 0.42727096258618213
98 7.694618685000947 5.516489306686127 10.710988794771767 2.3738150423879896 10.003623790880509 24.94647717165924 2.922431309044846 0.9525607444652997 3.990483938518066 13.011214176394754 30.933888106121454 0.5088545072438942 0.03616720752199433 0.4271363575840866
203 7.314880125637531 5.573778776078302 11.191991825874858 1.979379029870484 9.231585189056384 25.127647652655043 3.3997532555643413 0.5538257748119022 5.5728459356980204 14.919813619147016 31.663725289463287 0.5074637359137124 0.05640917434905675 0.4237666511422936
91 7.4378261808660895 5.492865818244081 10.870734986716498 2.2516594957689775 10.363544232353632 25.230677025219943 2.5913847649047392 1.1475334974181408 4.099784797666981 12.393915853042175 30.543049764195256 0.5087677205569479 0.042855639791238506 0.42627114716034137
99 7.349866223698229 5.608619229371916 11.078069127319198 1.9671677583150162 9.34978330110003 26.071418370245468 2.6003514473861773 0.33042027565072085 5.9693097798638375 14.723308417157135 31.461776194860793 0.5087579888306534 0.03830565898943462 0.4266017278652696
105 7.273984652047073 5.809582947233536 10.946247943407105 2.224099609824673 10.119580816789163 25.18003198182048 2.7752397423422703 0.5795704838867213 5.2714198434067985 12.825905223012157 30.654174517550533 0.5089449281574253 0.03431231252928735 0.42813559479316565
115 7.964725517049698 5.575630918790621 11.181220009637908 2.2627858358740487 11.243626657180815 23.70143733761633 3.1120295127816897 0.945919849668469 3.0683531936764465 11.925078980006422 28.461876641944727 0.5094723427898421 0.028204064140728926 0.4284049969822451
106 7.409075546645983 5.243564939748778 11.299420228980553 1.9391606397781405 9.96700675774776 25.776512171349914 2.50588871125831 0.8411334118514329 3.8646459961597515 12.601728680827154 32.66992466461987 0.5077696106316654 0.05179258728989219 0.4265454035378163
107 7.101490945312891 5.547764371293137 10.834594527814588 2.1991450590776176 9.633168526893584 26.218242294225742 2.4870557473371897 0.8770376346333193 5.636001488129984 13.073614949499948 31.563241295895175 0.5074108358131394 0.05140201075934781 0.426784313488901
117 8.0380776034459 5.120188708076785 11.024582715275082 2.4178695288630423 11.070451465492129 24.123651842574805 2.8516221336226124 1.0943570865879726 2.716699481556974 12.340035227060495 29.515625533911727 0.5086536039033184 0.04412011953077504 0.42738144147291246
123 7.54798899177414 5.234378221016523 10.832658993369158 2.411562396935147 10.037574603408236 24.78964852377576 3.0186492810765633 1.149473092257069 3.984434090350578 13.032495669095221 31.451907233410747 0.5066459159086614 0.061982465996451984 0.42453114329390795
116 7.456156376076259 5.162945836119972 11.190649063172064 2.011824813773116 10.356370410408307 25.107946295204897 2.646480345331105 1.115473526642333 3.126396676567535 12.354040563129095 31.730638022545932 0.5090266640634817 0.03767611847012576 0.42686338345813263
124 7.172921110156596 5.701878388484994 11.253602466993254 1.9285869559390452 9.862656433361837 24.759184178017268 3.185925989281513 0.9777872416301226 5.602434754798416 14.636511437946941 29.3132036645454 0.5074060598036174 0.048475326694549306 0.42592975650080167
229 7.902096381975707 5.639680078085253 11.083491670484019 1.9651453628788764 9.123706002726319 25.85857699949239 2.872519453440901 0.9590567569692454 4.9158187158313815 13.872444665019891 33.33745429408185 0.5089442671407878 0.041456836951758606 0.4258531711900813
230 7.33201070035841 5.590681705504376 10.864323559258285 2.0257988716810935 8.789089444406418 26.233820773115486 2.795966799800919 0.5950073350546206 6.007641034326273 15.070672142773553 33.03293642955149 0.5081979188572916 0.04281117887388922 0.42762125454797767
83 7.784328747797214 5.6509669007904115 11.07611868109179 2.276705488749841 10.37989397622733 25.35548788015149 2.3984823963654063 0.6585486225971147 4.905978497529471 12.600824343593162 30.905624765066133 0.5091251897360699 0.03188842723944666 0.4279521268147565
84 7.863609425206269 5.609068218870677 10.573283681273663 2.310618859781537 9.70419083514562 25.009229259892535 3.093654019825007 0.6508192509298217 5.153375710111253 14.038981700340173 30.090828437511213 0.5068627137127142 0.056728307992521994 0.42572074575625324
85 7.754564763337633 5.329605354966274 10.606875107383717 2.466237764870055 9.559845657003152 24.924176253123687 3.241849025891744 0.8919813289903992 4.462340509754905 13.351091104516554 32.066471868315666 0.5069700238389887 0.05665786456190822 0.4255703476424652
94 7.557635177145142 5.800080901752543 11.00783696873781 2.1865780351544326 9.639868792814152 25.353788768258006 2.810590169071716 1.2312119833902921 4.152225210409583 12.635177093779838 32.37969258442632 0.5064283740659422 0.058701625238687626 0.4259288501210846
205 8.293214178593704 5.501012846676583 10.884515737518344 2.2534359845842604 9.879890638198432 24.589512019241994 3.389536901478914 1.1537487026312856 4.139731157177238 14.435300187848494 29.86582995777167 0.5090697973330036 0.03917015366510333 0.4259469472028607
204 7.44244366590965 5.542863557625809 10.1983887375082 2.6641163652826414 9.32227826645759 25.581852966491276 3.0736757300660424 0.9676979438932993 6.389034287076494 14.2952400080413 29.786403584466868 0.4999885778278605 0.10788356996381548 0.41521424468101353
93 7.63657216662272 5.640308173282049 11.256346773556665 1.9224051227078105 9.935957643011236 25.18853109081656 2.841097835889174 0.7346036370063973 4.399635633404318 13.253251493215464 31.198193712145407 0.5081914485295752 0.048644345674809214 0.425581408062731
95 7.591698300592961 5.286766514408159 10.748384470455994 2.3355073976027003 9.55862316689358 24.85086725488093 3.263212769690009 1.2921422128723332 4.724358745942277 14.258873321482366 30.97095723952863 0.5051585204753188 0.07608931513687767 0.422505529720809
100 7.527217787559075 5.831251198519304 11.074127295951511 2.095509890598048 9.630609546139059 25.298923678458113 2.991442459543421 0.6194036593262252 5.035447980760851 13.285752230682505 31.618867948503866 0.5084603794130111 0.0374055923279241 0.42771606954110863
108 7.459464487822457 5.609545280394204 11.311825198497218 1.7858590615463381 9.22038421888764 26.06768267960025 2.537842732412017 0.9487156566105115 5.7494413285832815 14.520606528882245 33.03318239609523 0.5099344790701968 0.023462006693854755 0.42855942035385297
109 7.715031158772067 5.76683974647873 11.135127728121956 2.0412713170146692 9.455252328247605 25.880053507282472 2.551522999963369 0.8504212815645793 5.33825158786401 13.492240192493881 32.990721536898285 0.5093512945118203 0.03658894384756705 0.42713409102170985
110 8.02450770563734 5.855920628416209 10.922713871419441 2.0567103178487187 9.307296022309549 26.43714425581319 2.4056989916290594 0.3158078826122426 6.692820698983435 14.408520097924214 31.775444515524544 0.5096363611564209 0.022443746035667136 0.42807153726637526
119 7.56884332961983 5.756520510634839 11.03949866957216 2.0507009073497837 9.313576015005562 25.531072346655595 2.9176864312137143 0.6790026189648457 5.366348379177715 13.90400442475892 32.40564224136132 0.5095526411664213 0.025700310926096894 0.4283835690200552
118 7.585114029747882 5.490195626121958 10.768487022900636 2.4620110367886796 10.130252353579873 24.770350635537373 3.0281499602317994 0.9497065406827563 4.910933105802901 13.767135276713663 29.77548224255087 0.508294231303454 0.046540985278190096 0.4261482240140423
120 7.743228820805093 5.892187041878288 10.954619693868251 2.0148659183240993 9.199280418408664 26.509609290897004 2.40474886690655 0.7656932774188306 5.458618546641049 12.960823872102413 33.53167687508709 0.5081721241438218 0.042479325136581245 0.4269706838978388
125 7.4919689784041035 5.718195404020998 10.649534799458518 2.4823883225897587 9.825097594623925 25.004242203171714 3.0411495078374475 1.1064487548293553 4.32072006006704 12.324509534902512 31.583577318883496 0.5071696293898146 0.05328798642524329 0.42604994754077696
131 7.502817780552707 5.322979229661332 10.979094148349347 2.0762506379216337 9.5039490330388 25.266525853939537 2.944484805277496 0.5716648213090223 4.903523109868045 14.402607011185296 31.88973876058814 0.5083917312631393 0.04755310817219638 0.4267372330673283
132 7.8069192444284194 5.471710113372203 10.871097537489122 2.301398640061194 10.028724728678975 24.90120848621474 2.899999473020564 0.5288613123820703 4.71226514397157 13.800395103523869 30.78655591591126 0.5089486087857659 0.03135232831728129 0.4281505047270557
133 7.711958454916154 5.743177088500012 10.487419574450776 2.5622115938029606 10.267195662333473 24.89116849193212 2.7962722622076535 0.7833639995600872 4.4093342397780075 11.967477093221184 30.31126405079759 0.5081777358813349 0.040681473792731175 0.42603913639406293
156 7.308136677648902 5.821337705964437 11.164182951183388 1.8497378041271326 8.864879702942433 26.518357193418723 2.626954095054368 1.0520794291820457 5.372275924447628 13.691579829039654 33.47939881035883 0.508923873516366 0.03738861334432236 0.42754518772735617
158 7.586650681577915 5.6050501779889945 10.31532361061898 2.3477316797602783 9.410783775631366 25.329505242834404 3.037063394958355 0.9846909736995515 5.536093652961856 13.586170736237547 31.396875522448344 0.5050263773122271 0.07541949836364206 0.4213534323330284
134 8.024691846738444 5.423070536820864 10.357271514660745 2.43419203158282 9.273636803384441 24.694083941151263 3.6758850730344794 0.9387811642909782 4.615579491012075 14.142417859815076 31.143352595472745 0.5063591364699377 0.06339749228128665 0.42472580155408673
141 7.618582537849563 5.375815945943679 11.481249568712817 1.8170039719605964 9.631282305202209 25.352767105447597 2.809106958661663 0.5791820313354303 4.954990972740712 14.948142143197595 31.769590078655167 0.507705941869893 0.050517703084063774 0.4264631324646937
142 7.0349826649484095 5.872789823816318 11.033192453619186 1.9372622906277734 9.335239550673798 26.35743190674353 2.4278259866573078 0.5416011756273037 5.97087939354697 13.65641635323518 32.33446770747827 0.5096567010105206 0.027752264540205712 0.4283868579599838
143 7.3072253924577835 5.455880008531935 10.67531512559456 2.3498569039920816 9.645733213072504 24.78521405561516 3.4667505785983415 0.8257522631305578 4.262080956151075 13.262941544611285 31.399872431817464 0.5077103599996793 0.04836987160528455 0.42693353610369944
166 8.090610013307035 5.449521860858709 11.089079504618761 2.0623528127814845 9.675312674462978 25.898410608229828 2.4333178931487733 0.6788367555984862 4.385550300377316 14.078158005905882 32.373640753609465 0.5097450048603615 0.022050037100042816 0.428742538047116
168 7.47554187001833 5.603625441453081 11.263908438102622 1.8338163652933086 8.926834467961863 26.12149351685762 2.732719550065422 0.717367138365374 6.144489321953529 14.944855994317614 33.3640553016612 0.5091933304585519 0.03397975836409429 0.4282615949098671
144 7.83960480699567 5.684233250064258 10.748309294500128 2.316460216895541 10.02318790073421 25.045184795558843 3.0641592362663617 1.0443770880968068 4.357280363120676 12.290822609618601 30.798715941344412 0.507815658734151 0.05149343767972315 0.4265486108766145
157 7.305281132429458 5.734586481587122 10.66208880451025 2.38528775208825 9.93750021507029 25.444153006411728 2.6916624504203415 0.8455400191662457 5.518028451974661 12.472927721745748 30.94133992821881 0.5064582253159139 0.06439929603845783 0.42439368305634245
176 8.224433106082374 5.495153807179261 10.881685124666927 2.1122269905894555 9.87818960561778 25.345868773808192 2.826794509267646 0.7443646231757226 4.8586498514285665 14.095497778496451 30.30997826539424 0.5085711342976377 0.03600741278345233 0.42777386164718806
177 7.354181782164596 5.7455486756706495 11.301078039915453 1.7312793354038363 8.922751851330819 25.753249785184288 3.079469944220364 0.8003311284959282 5.625393763842267 15.130936220111282 32.56250800190462 0.5076092778638338 0.05114488810663642 0.42677581835271344
169 7.556677734753197 5.329163067191779 10.28709276291557 2.873515974431269 10.25058527759295 24.079148362521206 3.606694175025427 0.8607269590284151 5.099412955959698 13.17767571042219 28.524276144544636 0.5037972438251747 0.0840430501681997 0.4209326570536365
159 7.811405550335243 5.762926895007885 10.716225551101502 2.284580303560081 9.356212467947154 24.986320579429492 3.4237759079961987 1.2248571667811208 4.959858802766226 13.998441369451617 31.223893749096245 0.5070784224517209 0.05707288139473055 0.42473658267397
182 7.5099906237483065 5.657127574529003 10.848090100175645 2.0624878933384054 8.893266951139816 26.265053029285976 2.694068536318844 1.028779344833356 5.179857031400226 14.289046706570707 33.61709253475161 0.5082411439468966 0.037540220432620425 0.4278180370907811
181 8.193724293705609 5.3758090275987005 11.055676927308834 2.0548004690857895 9.654997681030405 25.685043609203504 2.767730816479572 0.48300403662800556 5.072460978263743 15.022334027180257 30.878294163622687 0.5088255821798584 0.04306869917448713 0.4265821216208813
167 7.462285773038485 5.621928511302975 11.21133260733658 1.9111097646771529 9.604527695213353 25.839273155315354 2.6170120300020594 0.6696879651222915 5.681967816543055 13.950097216821495 31.59989297927561 0.5094360659914396 0.028805932203266618 0.4278346682855214
191 7.340861079113903 5.532092604495649 10.945174993755558 2.128058568886915 9.732582158443773 24.872815809937972 3.112976306309335 0.6190392012547977 4.96459827544945 13.554473443130421 31.55155677197617 0.5088224203997102 0.03859325086796847 0.42669846864734223
192 7.874231086993218 5.312207461921514 10.362756925268892 2.7880028105415784 9.893492601007384 24.227420285081195 3.58991224813376 0.9326540263374037 4.733841148442701 13.94744722169489 29.879420686385306 0.50770510771091 0.055380995468630255 0.4251094905838962
196 7.561795642304846 5.856311380387422 11.09615364303651 2.079658933699667 9.687166312943432 25.573389564778008 2.756899950324695 0.4666227855215312 5.618806416929809 13.748914189551984 31.183141027754175 0.5092788688783115 0.031704740688355104 0.4278026464277011
197 7.770546354269532 5.742489103301474 10.787585876223652 2.2127847161141805 9.430858572485851 25.344759950792465 3.060700382807993 0.9148627102906113 5.20572024049803 13.757091524953177 31.729857428523875 0.5077970133619709 0.055195023141429565 0.42319629005001547
135 7.65787962841119 5.834163836876343 10.798747263885055 2.1682154697648985 9.078457362874092 25.02470314792484 3.4927082824752844 0.3547071223316359 6.195373127303105 15.012272945300714 31.373315705820545 0.5085890570582559 0.03834007309942523 0.42779643502102077
160 7.774552704362611 5.773054262576532 10.48564173697764 2.3304725685718064 9.127055567419449 26.299385102225806 2.652515150474772 0.5451615644938346 6.059667918213154 13.474357992909109 32.498961546173796 0.507620686862708 0.054552367965196344 0.4254938595246335
184 7.348668733033011 5.8236420446651875 11.224168700054726 1.7046108960330375 8.086688042907994 27.20031677755555 2.6277398100136082 0.8858908862103005 6.227542337058576 14.453255843232277 35.65720046879579 0.5089673496397447 0.03434199357385179 0.42668077381543884
136 7.523657697320735 5.887507538329643 11.177976396702192 1.7688701249257006 8.201541236048469 26.58015590041294 3.0628024710019823 0.360873575166495 7.2703673688417565 15.608279260984272 33.90165132613033 0.5095025422782076 0.026008036602751396 0.4279737041888569
137 7.718319154957217 5.986878269448823 10.972829198782078 2.1960066898511412 9.360963519968372 24.827123101838836 3.452436826448525 0.5767702780312179 5.857052109548439 14.433387664581776 31.16646877022676 0.5082250856678806 0.049188079916318364 0.42555883440744374
162 7.414831767946639 5.813568584452375 10.8791192138706 2.013127475711868 8.55583145422531 26.352895790828565 2.9203301552767726 0.8718302401555703 5.4573990340671426 14.155198122316646 34.047612751187586 0.5094760832030899 0.033634471627662345 0.4276910280344451
171 7.06185258879722 5.799216837574774 10.75512548383362 2.2088063553343726 9.483102160890107 25.57498829452319 2.826226142045337 0.44054054105527496 6.276197598150123 12.60097905104496 32.46416057700534 0.5093363106464905 0.027243118579674992 0.4282140747771436
145 7.63168424401539 5.795498654044741 10.657708808420676 2.2798778413592324 9.171398938394093 25.733152674845655 2.9719972220995445 1.1519179078332156 4.497387760494901 11.844577609960458 34.25643722210198 0.509316587697465 0.03142871775505178 0.4278081145331041
170 7.982099176717486 5.7241603463031145 10.883223803845265 1.9584799958804577 8.541556934392995 26.624538369510574 2.71809461481657 0.4647885488404375 6.260179319235869 15.211480336446044 33.34891431732124 0.5091047688595038 0.026256482882689246 0.4285651803590397
146 7.416607547459448 5.815579319965836 10.43781795145065 2.452576988871651 9.452321253602765 26.049296472615563 2.499292840988511 0.7872025139551415 5.35890635584777 12.060145658224817 33.07916496322337 0.5094397972738417 0.026500741146549753 0.4285124292388524
147 7.6322618654290775 5.699344347526648 10.329144272633425 2.461671786801508 9.049709740081958 25.95755741975376 2.9129415622063686 0.5499729792653432 6.191168420260468 13.966825743624696 31.89862058947323 0.5081735543720337 0.04457225862922793 0.4269707873079514
172 7.797424228233981 5.7327069254100165 11.359434892754393 1.655912481365623 8.059746924072874 26.52291035792191 2.9470322324570195 0.34146238495694947 6.932474442654626 17.57874965261927 33.83706792024336 0.509665462629982 0.02929291971340507 0.4280040359549927
183 7.779598035086889 5.6251591815967 10.601727548415251 2.2063756339172147 8.634474339221118 25.54561414500385 3.2927059880534513 0.766359703682153 5.364835980083416 15.252959855033463 32.75406180940071 0.5072479995333472 0.05104676825292981 0.426563964050733
178 7.714662626948134 5.884274963102845 11.071527661134393 2.009037789274838 9.236098879662103 25.37360749707452 3.1879738339721486 0.8492698853268175 4.862258565621156 13.631527731897759 32.383966866261524 0.5096682459483458 0.02558869189427298 0.42774715993499857
161 7.215861379986083 5.693163215722265 10.290985980403669 2.542150560297613 8.738073446008622 26.08539176626824 2.969721822408673 0.7585623519588612 6.125226013086839 13.78091113871286 33.003055572925135 0.5058911618591393 0.06959645537246531 0.42344249254961275
179 7.6668886916870065 5.6397881642288805 10.774131807554696 2.107384089023842 8.556926881815546 26.121249808974135 2.9470092847819886 0.4936428821689851 6.43724866268026 15.826908627638437 33.06074014704322 0.509060249363784 0.027216196623686646 0.4278358387861813
193 7.779935668072105 5.766957014648319 10.898836751405197 2.0820354576307074 9.248386457733075 24.718092402080018 3.787086199487079 0.7231765721146466 5.509599802734879 14.441249741459542 30.614833702506246 0.5093472511062824 0.03252473446853878 0.4281269586833087
198 7.4715858551001135 5.944799494594876 10.433763870078984 2.433044924059074 9.611104903635159 25.34948846577032 2.9258603100917733 0.9791330764214605 5.124592469798259 12.470712459662263 31.319766392200375 0.5081864452053215 0.041955706272769136 0.42647099599452176
185 7.36403499041941 5.389991107304119 10.428924400972907 2.40531157993269 9.489593129848272 24.616246318372227 3.446309630761485 1.2425398812961377 5.323151990137763 14.20969259477732 30.576174682970734 0.5020707402593956 0.09652692289621381 0.41864066016811324
175 7.925916139693115 5.473621339688133 10.82559441086691 2.1872213251860626 9.694839016271438 25.29203904090178 2.895884490810033 0.9979176736148727 4.121962166594791 13.207010367178338 32.16004472796863 0.5087693365896577 0.04094302929227564 0.42755070241860293
173 7.841147028044573 5.534876737352378 10.828468561989414 2.2082885188701327 9.61876348561904 24.88733126447253 3.302521834355754 0.731051028004207 5.481715320043852 14.517077188045414 30.50122401352167 0.5075663275268842 0.05132213513484586 0.4263875777693185
138 7.885094855199812 5.740663964717868 10.976796308438598 2.0318179145986646 9.027159129100118 25.72283146304193 3.043405441094233 0.45373687389508394 5.909932966737356 15.02517462358948 32.23319000736609 0.5094654139168076 0.026579745881907514 0.4281455365923196
139 7.693239955908217 5.55658973989045 10.666940662856986 2.3847974406819543 9.344789399137365 25.389666663470784 3.0639786757653096 0.5255759273697932 5.4673217110283705 13.996651325821075 32.1066417707024 0.5094285593803606 0.02435412740760329 0.42777325068118005
140 7.699608214964147 5.54322250409839 10.86628408328182 2.441259622243219 10.553361780777085 24.01474163435689 3.1523113773334197 0.8495611541780886 4.090309454781323 12.896873701823806 29.398385071431566 0.5071337178088539 0.05314987924882806 0.42676943926662647
164 7.5332552665534385 5.699458165053338 10.571117145466614 2.2021123538161516 9.00795333325212 25.581053806137803 3.2282283515369685 1.0803139866869882 4.322594641482729 13.10246148825215 33.28711833774743 0.5083743978157396 0.045363597066212166 0.4271336274037076
148 7.528510185001873 5.803311563132994 11.169964257755959 1.9076259613790336 9.09039012711253 25.31582747959887 3.37756830056008 1.0153046982317286 4.329532905445886 13.258998670064535 33.473876695014816 0.509628742434119 0.026279835285850876 0.4274627407471052
149 7.341553552547532 5.8821187397554375 11.214730337564916 1.9703581015408405 9.260599084268524 25.604673879803617 2.9351140143805474 1.2087203693419093 4.2347452296841706 12.398519548564392 33.59918362312734 0.507757303027451 0.05478706809892008 0.42499518000088315
150 7.505136950470776 5.667827298364043 11.01793377190978 2.112570115958719 9.653299517002514 25.254886559248835 3.0813191704147163 0.8108051531242616 4.1899371327354 12.678761274754338 32.39359214679997 0.5097173204991992 0.029012474936127974 0.42848725301635887
174 7.893814245823595 5.617166115059905 11.045832574149587 2.0796357966079912 9.64008336376171 25.142476717691245 3.026964810657699 0.7786256772426678 4.8118568778241855 14.440618968969854 31.189761086358654 0.5087874079033846 0.04397467393647026 0.42661389225071467
163 7.646178409786384 5.673814893908792 11.034805945856087 2.052440922538972 9.375127779828427 25.529461723350792 2.9214583383682164 0.43245131951821164 5.470133441952297 14.38487366414912 31.986208705049066 0.5091386009043158 0.027813704066336858 0.42840616258307707
165 6.901708856472489 5.901920244890217 11.140164331325586 1.9429331978903668 9.199892622333914 25.399813780194616 3.17719063605913 1.0557866917937657 4.440571681470042 12.165424041501756 33.73223543841207 0.509613021863567 0.024077971247798834 0.4284546311529949
180 8.231959758559515 5.281227011634643 10.786281467481201 2.0978959598795623 8.821591630886122 25.845036434859644 3.1306209559384195 1.0464037132587125 4.193287470089538 14.569795373483478 33.957564533742186 0.5087776845960157 0.041441948326959 0.426393340737139
194 7.689506444953679 5.839564615274263 10.958238652208665 2.069492938334435 9.143867237045866 25.767939285595673 2.872683730376675 0.4493828280224238 6.243508684364972 14.434910883664578 32.290074880027674 0.5073388619563909 0.05105493322871166 0.4273323380357132
195 7.568485579088495 5.417302646990501 10.20336667877656 2.7602259575410533 9.93204466565359 24.878027876711425 3.145639877653929 1.004348869489616 4.268490963127759 12.049719626479897 31.22596743428718 0.5058231447494866 0.06724398507340855 0.4247143703375399
199 7.610937038905754 5.656507414662233 10.982941083748837 2.2002841757394815 9.453299422008305 25.679904362937215 2.788519402300067 0.7195423121258944 5.203600812656465 13.364014647123394 32.3998603363304 0.508649643435124 0.04012156995614766 0.42734207728559215
200 7.5396928476070375 5.733554398541532 10.559709863958568 2.316002979097157 9.650130759801852 25.232752819663304 3.106657193591629 0.5625325706623092 5.341186393319519 13.618369599057948 30.50236292084626 0.5070749231253059 0.0527373819404979 0.4264964823182659
206 7.537562397851707 5.470061985441816 10.10808726603288 2.9730502860145283 10.177418489535278 24.570460288901625 2.9588662504597076 0.9887928249695569 4.902776516267379 12.63254614672347 29.911124488592353 0.5057464301333285 0.06732038299617259 0.4241202163148955
207 7.393735190311527 5.828066482296821 10.878613252033228 2.151192175957345 9.767624266470904 25.790501755454823 2.6478736695125717 0.7555547747236102 5.654384095329447 12.804400420974863 31.18425606197418 0.5080464745350612 0.046628969686225076 0.4271002889165193
208 7.655041075044879 5.272114766464185 10.746123029997436 2.262649723276844 9.40300638976207 26.03811372852065 2.5255905030671415 0.7424039114661213 4.929161287897176 14.027349961668373 32.92130404169029 0.5093656861628012 0.024539926843780556 0.42861834679182703
209 7.245335131529223 6.004586992414282 11.133770319970601 1.9110372405679454 8.757250065699647 26.278206058177222 2.822691161956013 0.6592392359024791 6.522428121097828 14.16371662604052 33.4161549838001 0.508549535228133 0.043431437777266824 0.42676841807760224
244 7.9429982448438405 5.542963892886224 11.384281261653761 1.7105746739819419 9.052728241543965 25.50999885767731 3.1899861720093514 0.47893892166358765 5.57105246291113 15.98558425254728 31.523440298056936 0.5095946268964564 0.03171760010539992 0.42747485392227463
243 7.779196268591246 5.7051297474815525 10.77867136836364 2.218267868645392 9.628617338727501 25.74135358378924 2.694130394716926 0.7947438955595695 5.434815236248044 13.815742069865392 31.149893945892646 0.5092959399048095 0.03196436749959233 0.4275540169629687
242 7.418727797172634 5.494870235777715 11.110744122552955 2.03768033184332 9.686551351412517 25.373065500457027 2.8606007569477514 0.5375993850532297 5.041505497553205 14.292031467830084 31.36468993555261 0.5091507543213785 0.034623472103204475 0.42743206136572076
234 8.083339100034173 5.5724649183942825 10.759128759576987 2.1559292499755616 9.099835936088594 25.437749715345348 3.240540229072283 0.9765622092288659 4.8732730439091885 14.31322372967657 32.242278128155625 0.5079787187768945 0.04959142926570189 0.4259503773600045
241 7.935730948952696 5.498604654477958 11.217028471689096 1.9926243092416318 9.804692126435603 25.486990499646016 2.6360115812460903 0.5175759778775376 5.269348083012006 14.535114715224122 31.122150388407896 0.5080740195844943 0.04983091044289248 0.425190052379187
216 7.476492742282264 5.871000970008512 10.707000376512973 1.8638511991681523 8.496071328453732 26.03059539281208 3.101180032448908 1.1587254229526367 5.865788294641413 15.590890437975007 32.42616585371715 0.5072739209184115 0.06568448654875571 0.422773413602842
217 7.594696525502433 5.624638612584935 10.56081572961412 2.5976995260136757 10.263377200537379 24.85760978956919 2.8199866981713235 0.6222299252760031 5.004702906506303 12.711225743888217 30.13080671375132 0.5084954249461292 0.04151531017966509 0.4266906260192046
218 7.632988611812394 5.852879111464666 10.900858990514214 1.9999852321755325 9.073312667664695 26.2944373945809 2.657479316632426 0.6855889683443375 5.96391012719357 14.311814295492132 32.112580275957974 0.5094649546971418 0.028692128044815607 0.42829130727252046
233 7.688594053771378 5.705517647410181 11.232897029560554 1.9764537342737107 9.886351307296318 25.363547839302598 2.7116389908573484 0.7221434402761876 5.070472643578723 12.90592398528748 31.651318634995743 0.5079003324533171 0.04934949107341449 0.4257344052264772
219 7.5729764424227755 5.612188275383414 10.621663399668122 2.236375442182691 8.963974908328426 26.222566862092677 2.6176152232068266 1.0438351237062125 6.014211431975617 14.257849818178165 32.729251756073964 0.5070571782978486 0.058877952561655386 0.42527171134347336
232 7.315924898728392 5.51517650890326 10.693057152820659 2.2192277308922166 9.419845141269871 25.645772507401023 3.015144059259676 1.2723459305093596 3.869479197764826 12.451481122470526 32.92973820920356 0.5077943481362824 0.05564517036192484 0.4252599621208789
231 7.430905548985407 5.314998338264439 10.700788377823248 2.3712127020676577 9.964954608209233 24.656110265990648 3.199798166063797 0.9280537575517226 4.686171596978866 13.32723943045114 30.634937786761498 0.505689290359976 0.0659648987899973 0.42470441039337187
236 7.946480255580098 5.725126966545809 11.034183829026317 1.8368106455963873 8.071476148482155 26.67228359418195 2.8674589598910685 0.9487647766540641 6.065190899458614 15.485002710898211 35.251332523099244 0.5086166921748542 0.04459528115093194 0.42649956351960067
237 7.587471586135074 5.959806909341204 10.24054580316431 2.6361433835954915 9.811809086503027 26.008582130064507 2.379060298995483 0.4751143912936547 6.227829580502347 12.071643261596787 31.188992317081727 0.5082277244554027 0.04436295416007334 0.4265995783439136
247 7.187169302233463 5.903460409299542 10.62231386516985 2.17975183877187 9.078905126983852 25.493551666733524 3.241044531429392 0.5402065477674581 6.246186347781846 13.584308315305854 32.083024896403074 0.5094969307188584 0.02294405948758218 0.4286344834077639
210 7.822109382756081 5.567593835830073 10.935509380786293 2.0434066227835 8.772890188035305 25.145894026155517 3.555891433297949 1.1020688267150254 4.696679699082608 15.36464768603856 32.73957709865215 0.5093170074610325 0.0343655489363112 0.4274583104368795
246 8.048582233012663 5.1999246078323855 10.913583701911122 2.1351797929260417 9.128767055519463 25.166076344453888 3.097978726971039 0.84071297658442 5.3245530895711894 16.036335307748605 32.372013943372195 0.5069421099888658 0.061267369972071155 0.42375820896855115
245 7.415461140925905 5.990585346172691 10.632661637417666 2.2006061676114714 9.164104699726428 25.40303658653265 3.2751623594998547 0.4945757752457693 6.404648893340655 13.866856823951734 31.378085624726825 0.5089981166659859 0.03207039567825321 0.4286214824312745
235 7.854253076794722 5.469105531603945 10.334859481063255 2.5621274046699463 9.501583613384643 24.685537927211108 3.5527059783441355 0.9311863466645988 4.659822788197284 13.658428718349544 31.34387758061074 0.5086978176025122 0.0437189153375101 0.42663711556866196
211 8.164084581328593 5.558479618731504 10.303386888286264 2.4046253636717547 8.558492436190386 26.42976018456652 2.8082437856930134 1.0251333268239564 4.576241586958086 13.615150734968536 34.92932282465299 0.509124595541888 0.02732962962234402 0.428327950458318
212 7.649519985103256 5.643397585431999 10.634807303816213 2.332710990410206 9.320421390286889 25.289531674333933 3.1430280173802987 0.5069450881597118 6.320401264550151 14.636948638994665 30.887215588922313 0.5059755659977087 0.059982735413459116 0.4258535935047395
220 7.698317340048247 5.841296489995572 10.75706584921692 2.2928105368309626 9.407705584717021 25.195344605459166 3.2416056358527214 0.7816659852645457 5.245616266896451 13.257020656925729 31.495444726435284 0.5082705181256908 0.0443340740355809 0.42656008972309256
221 7.71669477992412 5.526497858674205 11.076907747944944 1.886732559796377 8.615947062212552 26.14539117006811 3.0090631058972632 0.7234819406693498 5.893862770251118 16.053507362385528 32.61468987520147 0.5064842402957881 0.06708034554283111 0.42359096302973215
222 7.854553085801049 5.333635131290928 9.956649754032952 3.0495550766982182 10.169909034236088 24.445011410402756 3.1405430148144156 1.0891230774283231 5.21978672615846 12.286261290264191 30.276968807465053 0.5061488304328605 0.07023589887012885 0.42237635315968836
250 7.7107462118421735 5.758712139628863 11.067715114516167 2.0209872009642598 9.715620301111805 25.38538615641484 2.841377516795515 0.7573283988548895 4.904555242076477 13.04362197095142 31.889415802092543 0.50900498524681 0.03468421642704991 0.4273745261096636
249 7.9690946336252395 5.337017177421298 10.214835975277644 2.7647778987627376 9.943184748496737 24.268816190366348 3.5448059155733525 0.9702288445006069 4.751963016962503 13.628915620514652 29.81958473327723 0.5041852993051034 0.08241624052817045 0.42030356225359755
248 7.8217373328526865 5.40209489184007 10.725200179660444 2.3823326321675835 9.609580619449934 25.178682352501195 2.977048517248162 0.5614582704369392 5.140926790251192 14.254565523341249 30.92297974102713 0.5051157162453063 0.07887886547088549 0.4215715717909039
238 7.833084010201345 5.772031953016692 11.029570672447635 1.906275975873648 8.392498651154185 26.32176374263991 2.934882944680341 0.5259191488561302 6.1705771677776085 15.66697838373552 33.690285485776855 0.5092243415838732 0.03236610116874009 0.4276986864100824
213 7.639453701184118 5.835481042822857 10.588244999599894 2.166000027660429 8.461417040864664 26.03950158268936 3.0902451012995504 0.923734037305359 4.944804178688052 14.190127132488032 34.00642824149529 0.5087234039165222 0.04100212216137808 0.42681069534541194
214 7.475506229320082 5.803423776875283 10.986310530010064 2.0769316709737558 9.08379887411252 25.09099099619938 3.455128559033388 0.929192889298159 5.350948217250699 13.96768388040676 32.236404419255564 0.5078401578302123 0.04845553665477214 0.4257389499505272
215 7.919578048292216 5.449898585817202 10.72838944084788 2.277041503988353 9.915689007141667 24.818562881891275 3.0611153077764763 0.4549228599607222 5.676465099859448 14.280590715170934 29.961044450525883 0.5065479072095809 0.05399167532828214 0.42547267625558455
239 7.269142918689674 5.774814391698653 10.349906334467626 2.389080746426596 9.220685419305921 25.265468114032963 3.313989418153621 0.6121390984720524 5.571648155470742 13.189732590617975 31.703169451960708 0.5089702775223804 0.03677395959158134 0.427176422897602
223 7.6402304188245775 5.323643609615043 10.501621719579118 2.3427193217249265 9.112402457373857 24.648810663903447 3.6266482839277243 0.7925644970150858 4.874139226162849 15.030211793312583 32.14310265386444 0.5052306207184408 0.07268746630229589 0.42282062529726183
240 7.1408638260270685 5.750895024100267 10.98044154073394 2.1016060399295324 9.385334993085454 25.948983266866406 2.7278758844164397 0.8209206191720574 5.343204477468709 13.41187011511257 31.848081385966722 0.5088726576870183 0.03583439189139961 0.4279434085123467
224 8.173818184379952 5.006803099895708 10.408589730148712 2.57333295629197 9.247880563159855 24.85041862675115 3.560037070865693 0.990337458398811 4.512800744143032 14.679173849762254 32.14093506760971 0.5045632926444152 0.08435046989649696 0.4195634474901413
225 7.061566865762325 5.765553565159442 10.869532209477041 2.406157012242561 9.672874303403617 24.549571608243504 3.3399556201057474 1.1663521937014854 4.8740291377801075 13.048028476100928 31.326805726816936 0.5065032598249647 0.06263119002895977 0.4246368980806065
