# timestep 4650
# phase bcc
# id f1 f2 f3 f4 f5 f6 f7 f8 f9 f10 f11 f12 f13 f14
1 7.4258549272095395 5.788535484692236 11.17725007585767 1.9602766366356694 9.796359147344914 25.574338760815408 2.6620841377778683 0.9138478062433892 4.7997536135215775 12.41136609183837 32.21777526798001 0.5077891620464398 0.051372763279172846 0.42634019638548704
2 7.748394834744019 5.6403413117632315 11.192295988010544 1.9619647996844982 9.5969415071471 26.05213982426862 2.4219342039359506 0.655228286418341 4.814287115296616 13.4451816883607 32.61792336369469 0.5090911852935488 0.031010252520164396 0.42776794561558645
3 6.955418615450414 5.710881908721295 11.118273952400488 1.7918130792592109 8.416478946855385 26.78583817192222 2.7247607592448033 0.5031720262942161 6.802087835381611 15.236442368955409 33.921704673400356 0.5097554870944372 0.0308651698339579 0.42750486759197426
11 7.457134310267647 5.690179502259058 10.975034318321994 2.2312498287679006 10.31567026593311 24.656246648594923 3.0617878629924644 0.6310655642593992 4.928883050412969 13.117912292475685 29.51399943970462 0.508869105038873 0.04417004216401214 0.42656801341875883
13 7.592407964475319 5.687698194822757 10.621251937376094 2.4522345044058538 10.383252871294006 24.764303895500984 2.895969116348768 0.9539249728857281 4.759313818751785 12.419471586565576 29.491401915767405 0.5061707890035735 0.06633276571035132 0.4240716480690306
26 7.819353698907618 5.556104959602048 11.074561925486305 1.8169641747199665 8.65015355838528 26.81314944494763 2.568293297808799 0.7010411401542052 5.751321157899128 15.305075840631702 33.50193250951888 0.5084825679236672 0.042194286429174145 0.4270963915376777
28 7.420394717416204 5.838095404933256 11.236931233576891 1.9926982299010707 9.56574560076785 25.52344865312616 2.6753977721538993 0.450991287507191 6.469059690982826 14.464739429350953 31.3895370903407 0.5089404492560116 0.04248761042873955 0.4268128080885466
36 7.674496127529592 5.485178166314458 10.946517234784674 2.2794585177497697 10.306749993640246 24.79434883694922 2.980251120761785 1.3684598483483084 2.8776093076519307 12.12044936819318 31.003524154922054 0.5075445682869584 0.055147639590152966 0.42597536826056986
38 7.766442290049982 5.357635404906729 10.530181191915712 2.5324040134323385 10.510828039988434 24.938332422403867 2.595556840776134 0.6084930968830824 4.0652436977982385 12.48254942123711 30.336928300002707 0.509628339613623 0.029095832633300137 0.4272989610189853
4 7.849467792067246 5.715442050594839 10.889514332837592 1.992573323664312 8.920416166741095 25.89058743008248 3.01605192975689 0.6955681557432456 5.423834502305161 14.957212990220848 32.26967036473551 0.5086812169891913 0.03374715931125016 0.42767603212950706
12 7.520194695903032 5.571003361446814 10.979780777766914 2.0810426268370565 9.658142272372606 25.611590596974008 2.6701934491810144 1.1977924600700445 3.7408454775122 12.813028075993245 32.79579700181727 0.5090622027666175 0.03952730462478196 0.42758044970876324
21 7.245345910244987 5.671450437251219 11.1247954440825 2.1818356375294066 10.389351456894595 24.96216660399426 2.6915781674086086 0.9423684524051131 4.255307018273804 11.555275050340851 31.260270111806356 0.5070837417017043 0.057775951664498434 0.4259058168124832
22 7.8719567545244065 5.527284643468794 10.964517351471171 2.069866243000319 9.552285724966094 25.79940272748094 2.775924510624388 0.5082370260968313 4.996120631438848 13.809167896568658 31.75541951646863 0.5090835798908896 0.039787859017590924 0.42722779801923383
46 7.5771639341894055 5.7034432520684595 11.156218749332352 1.9732016770251088 9.766563908918775 25.549370165961406 2.6802011528892464 0.4057536216326954 5.732650999838688 14.26720293385819 30.7783427231356 0.5094485406408814 0.022329207446333658 0.42865226545230145
47 7.060538484627558 5.74823073501916 11.047792507438551 1.8592681696236146 8.88028279717392 26.03887952002185 3.0088842561859166 0.852688249256956 4.981140685312766 13.786336247434686 33.55806978718512 0.5090417361416136 0.03785670328772569 0.42719313436234935
14 7.313372182422864 5.591276398947125 11.206004958080722 1.884671052104317 9.000964186416438 26.07651029995633 2.962173533268215 0.8787162210945175 4.949058032662414 14.042046385979065 33.09558803984096 0.509131350237626 0.035462885044982614 0.4270835854456674
27 7.215930089816453 5.8796856775613655 11.055619807452144 2.0935547128496603 10.165269982423986 25.482287407543716 2.6270924085694176 0.8414277364401659 4.871460810789205 11.968811396885924 30.84456459258583 0.5093247037658654 0.030549546577287055 0.42834902218871906
51 8.067467148114922 5.243608595583907 11.117093505536644 1.7644783812592522 8.33969523424239 26.92661866645621 2.6378327226501677 0.6257068105765938 5.135337612631324 15.88667431990297 34.84088562051782 0.5094983372756728 0.029574392236305563 0.42846390811466994
52 8.143926973648204 5.48674604373687 10.646763774894652 2.293516557329082 9.990165407131075 24.699668239457758 3.1217711310143477 1.3024067488735005 5.06264458799771 14.317344629342617 29.63512524896113 0.5057265409060757 0.07226366419017163 0.42195924502302673
56 7.498550664945183 5.506793112645822 11.425139306360581 1.7396044410179383 9.293588079445252 26.039735344358963 2.6892535590978524 1.0710355529861055 4.61313529797799 14.204933791703244 32.995803519984484 0.509185416133173 0.03325214772232967 0.42774388657553836
57 7.371069944119278 5.572331245353317 10.462984461984465 2.3845481475822576 9.614485144156435 25.639023029790405 2.6070942912493997 0.8405572670620651 5.079651070305888 13.141414201228232 31.68034602444557 0.5065623173364661 0.06452147219144178 0.4238044582598217
29 7.623039323739821 5.546671612480805 11.007887673324685 1.9091258421483903 8.511235452805476 26.5086282182408 3.0135953384063963 0.8780636878507998 4.70596275809493 14.396987945520934 34.4294300194807 0.5090137045005231 0.037099636426193315 0.42772687584664226
37 7.818524348889769 5.182155927988337 11.081319131089852 2.167119990300812 10.206888325186185 24.89830497784629 2.9012023507592724 0.7666595055768883 4.256713772284696 13.983644768160438 30.34724658059553 0.5072899745010286 0.05358712936327056 0.4260160447658911
61 7.787705326573834 5.6424012992936765 11.161433140083439 1.9835698200058736 9.560038960232543 25.65948238475047 2.710589474546645 0.7173045545313618 4.895297974341488 14.048831938844192 32.03620567664579 0.5090299560530398 0.0326626300092834 0.4282135759927278
62 7.141806804233296 5.801420296241005 11.088036076804954 2.0476952790884413 9.629633260005926 25.650138984244787 2.755097442682712 0.7831566456851273 5.195610881772804 12.863811245208717 31.845888544359642 0.5088686417520494 0.040707076006075975 0.4267369128292452
39 7.63759577168542 5.49558413604364 10.417205324582792 2.4014016497651296 9.738879035584349 25.028858098025868 2.9905496909816125 1.047908622380206 4.774598310028517 13.779772421807449 30.38077496900457 0.5073046035133688 0.05131761715956991 0.4264948202782764
126 7.813961903022036 5.786982357796853 11.117553832927848 2.07759784022138 9.592327396440375 25.287176391685286 2.933091778540437 0.45237591737536637 5.652622733289459 14.80301770690592 30.881144363045713 0.5085562323071694 0.0418599665469205 0.4264190627927534
127 7.582588777257791 5.7942141660374595 10.699988512744033 2.3248484010875843 9.651666286266568 25.427932091752236 2.781619344076139 0.5004725746315833 5.347873616275005 13.338414682838689 31.324852771351527 0.5093303207032248 0.03320851581492629 0.42778615094148104
151 7.736550420326994 5.5186256149800474 10.5852780871434 2.2438390647090887 9.212292421562264 26.126312763768187 2.5458441176625604 0.7748279113410317 5.736449405303832 14.01333884805154 32.70034770817219 0.5066620109686344 0.06213361021169497 0.42461074934059295
152 7.6558353836503334 5.775696885890194 11.1814915941213 1.987798917081171 9.491562804125385 25.483104129803287 2.8841593140287634 0.5214169088435535 5.623593408842657 14.2881613026483 31.696224366272126 0.5094031074444743 0.03245672243579771 0.4270156407245631
66 7.375397224136532 5.446772966569784 10.541387186272878 2.58803472661251 10.58501182133585 24.606000437750897 2.707273964025051 0.762720368337317 5.166820859709891 12.655978935430543 29.225759792479426 0.5056471916830182 0.06725326517619484 0.424305404711436
67 7.280883279025277 5.508204206652196 11.038691531943117 2.136112396621885 9.597979196904603 25.361092416299098 2.974301950006011 0.5157828580729102 6.156303752672546 13.89339291866813 31.354443433663167 0.5071262574715779 0.05497449975987066 0.42582647617988434
71 7.678477867799617 5.634938842925759 11.162197990167009 2.0397701086842694 9.84300176563845 25.44668194357573 2.6343716267330324 0.5954381502024372 5.171699209576877 14.039231344074288 31.312181603590048 0.5096410901467687 0.02665080787810214 0.4275472711473192
72 8.118750199060912 5.534916405569903 10.752240954967638 2.359284380777455 9.918501317076714 25.2934885529234 2.830345664609221 0.9236496240177605 4.451135453354148 12.604452646875286 31.575764510200095 0.5082527495726733 0.04965560095283745 0.424857292075857
187 7.420236209725176 5.554085880930965 10.938525354770006 2.0723407284679904 9.123908118470176 25.554794666205478 3.1144574492279626 1.008544214312328 4.645860954338785 13.880396887028686 32.659022026157906 0.5074247316812591 0.057001458240932355 0.4257276593553076
186 7.31518183384563 5.743641213497177 11.103894798213211 1.9261745074716552 8.966352911066071 26.19763592437441 2.7571281983187435 0.7870485565869071 5.218376003768729 13.490738083727633 34.041733193890224 0.509480358694131 0.020171707337437828 0.4277866961448592
5 7.506394562790958 5.901395703782286 10.959943610372962 2.239768547201858 9.886906499353673 25.143995579460906 2.837565563078897 0.8117367671857738 4.886342666151987 12.734240957447975 30.927456825846754 0.5083769909732941 0.04883912684073783 0.4265679698077213
15 7.641604257252297 5.71718601009603 10.5282669515492 2.442878268173724 9.660949971149641 25.2636112250126 2.791819858754059 0.7337117752473379 4.863228719847878 12.798007941912383 32.20359952252236 0.5079271542740033 0.05431291470269322 0.4246639880829374
30 7.264574709595024 5.856542103744424 10.545629339448537 2.5226891845365467 10.23364175051609 24.873457041085196 2.879821319291677 0.746835380170698 4.764542181140825 11.284603711402523 30.507246051976995 0.5090377630407863 0.04026624650545045 0.42667333271284075
40 7.3670443809954165 5.841193139993478 10.880782682638472 2.1996859221096234 9.718165506439476 24.25933534527449 3.5927754652254444 0.6524228991410297 5.974535019125235 14.346015155442496 29.65159700911565 0.5060387534794857 0.06411312659437499 0.42460346946299526
6 7.885937794716825 5.547803508065246 11.16444338607973 1.8389341692364616 8.878095886466214 26.362352031193577 2.7560545913825436 0.8679019014586037 4.934445921012833 13.591603300687485 34.35038411583183 0.5088270633593809 0.031312919433813084 0.42764867305487003
7 8.193110992484348 5.313299870842769 10.905689280704584 2.117538894097859 9.398108836532835 25.567139574754414 3.0996668858047522 0.4841909429018183 4.925775533239428 14.660674132451314 31.711157915141108 0.5093630752238817 0.026579207451658225 0.4274799300049595
17 7.46659120753713 5.818531823814743 10.962804581411662 1.9230487968124703 8.999232528098952 25.91193964981816 2.968400703080501 0.5554042582010537 5.754091322207272 14.238806037541623 32.74807602963033 0.5098677442177505 0.022917727753813733 0.4279700137209352
32 7.515995474997442 5.415862274311235 9.469097076635268 2.946183882129828 9.62429974638904 25.357977347216945 2.9115328185951825 1.2318244390150082 4.692724323110351 11.810074554763649 31.449451450102888 0.5027831904176856 0.0867177492424115 0.4206502108674451
42 7.648970401066119 5.666421682615523 10.816034349841624 2.1726235483785934 9.224490663438054 25.76217598587179 2.811838047351075 0.6819836364419956 5.62316114383092 13.874058535523147 32.727968932218936 0.508030896093666 0.04432872886937938 0.4263665061538702
23 7.759953527665245 5.651328228929347 10.797469749330146 2.031754547476307 9.027866764798182 25.470359448357275 3.27943826280788 0.5744963475106076 5.345552401515506 14.979467433124169 32.00896698298297 0.5086157475266506 0.04024702127548374 0.4261323544330871
48 7.777300270589167 5.601895342776117 10.689987201557939 2.252301265188079 9.446569409422153 26.224285658917783 2.4875942500947703 0.7097432579509153 4.553194584512882 12.823096127485805 32.88616724537727 0.509585035410061 0.028275014974310838 0.427831185740704
16 7.774011238979749 5.659083126431128 10.861400925734358 2.1119279968884936 9.12345473958528 26.13290719002627 2.635722253626444 0.657456088480932 6.054808440352482 14.919636016166526 32.064970376409185 0.5075704316315984 0.05170660794039779 0.42621261299324
24 7.360177682635613 5.728954407017025 11.015579588362375 2.0342359493018334 9.61865987782739 25.6079605460283 2.7859855300768213 0.6246371526840503 5.40292230193662 13.114689520319395 31.835498987551336 0.5084743230278995 0.048347453054481536 0.4258814525669416
49 7.411889462267976 5.7384466058636185 11.163185996687725 1.8429002695224574 9.304725337191242 25.881784972001487 2.7531838402494033 0.8610165950461414 5.294958570649099 13.828116052197718 32.228679216112965 0.5084933924906765 0.048532804259475704 0.42587483303011037
53 7.348943248908155 5.595750829439687 10.54638726608786 2.305673457650784 9.356426790612018 26.0899498720658 2.6143191195414563 0.4596043467345464 5.944704480331476 13.75000737396975 32.01768015262904 0.5092415297831099 0.04024971103104588 0.42697309988096227
58 7.577628926494119 5.538434603087671 11.006515214647946 2.162535476092332 9.461238856944005 25.25846887834756 3.0438747964906114 0.7279092377415384 5.532231327356165 14.231095762571032 31.634447520736828 0.5077580248171784 0.053669652931119714 0.42543951041029143
31 7.828246827253364 5.544868150175316 10.581228414782245 2.432113416508787 9.55091227288693 25.080010592488758 3.1108775842962393 0.9294852195256024 5.354698288641051 14.774572950414049 29.7438117466612 0.5053441325024647 0.0707012748598666 0.42421182964159265
54 7.201484065450197 5.793258979026411 11.506986302312855 1.588187944161773 9.0426905546444 25.90480666421933 2.9810108531232684 0.6045629659991705 6.452680957739934 14.382640872009988 32.55150631833531 0.5084936543656479 0.0362908915391238 0.42820403049913863
59 7.754388888748014 5.532945734092834 10.650902051625694 2.287662617374774 9.5085283023795 25.99638199362864 2.5534368217775945 0.9129010399557526 4.50005215418029 12.997613413571703 32.449028702082735 0.5094742067196604 0.029470777742262158 0.4281373050328174
63 7.791568368857157 5.405118630340863 10.699357414784112 2.270386838100221 9.96263549539469 24.758757941273807 3.1368336347045522 0.7673725789442882 5.2528126876501675 13.49488448720627 30.07948293277939 0.5066890683368368 0.061982671105817594 0.4241749255810425
41 7.526339441932796 5.951013290084419 11.498903626098159 1.738263362687323 9.287889867270303 25.958686236023492 2.715867176214678 0.5767587394200072 6.050299321468056 13.786691866042956 32.85057869211344 0.5082154952762898 0.048057673271503544 0.42656757163475945
64 7.642981796226427 5.42980591127202 10.924788978989667 2.1267388380270518 9.426733797981928 25.766520585363477 2.678973481075528 0.8422914045532296 4.2521930051463865 13.590657238419178 33.0650583117369 0.5095794196270542 0.029266526570104697 0.4277911571174859
128 7.462119202930475 5.7477271788882645 11.043068915821953 2.1128938451274384 9.755542236070069 25.007194308847055 3.15542062844675 0.9518570544912716 4.095924182301385 12.771407970353783 31.6155987852904 0.5075695348746609 0.05368696098834553 0.426189022831886
153 7.238074323927732 5.75961295201801 10.595489992184074 2.5157570072476867 10.130908532223138 25.145181852771874 2.730113893653788 0.8687593258008327 4.462513794765627 11.798622552730702 31.364365161162677 0.507639030848 0.05656071626343476 0.42536987101922646
68 7.261148986455441 5.672903446197664 10.990544511527215 1.8953757958006245 8.541189713925277 26.7801466042227 2.6138127190962304 0.6818335738734064 5.728035924630295 14.438334931586278 34.621526795250105 0.5100548973986117 0.021927693654590116 0.4281125271587604
73 7.378740082412751 5.754703156654499 10.448698559066848 2.4465988162709302 9.606406010276116 25.63338200761664 2.762961238407676 0.5659545830953348 5.964002048499411 13.602773599636956 30.51659782718683 0.5065271946880779 0.06397761424005759 0.4245808559357653
188 7.561381520478967 5.717106589578255 11.343650944415632 1.879848623276489 9.239239205406369 26.220281050503704 2.5342617884797196 0.5515233405184713 5.273929631535859 14.294392459379948 32.941454195287115 0.5095143976223812 0.02880325995859467 0.4275370207866712
8 7.189428618072047 5.890968682176178 11.115519616272042 1.8655902362012395 8.758320715345032 26.374027695277523 2.784576944018684 0.5049269816031257 5.933692013374147 14.269925024572558 33.46558559828438 0.5091505857782477 0.0304620143502265 0.4277003637125854
9 7.555366129479858 5.711177755388601 10.357333416814681 2.3788587540642676 9.55966984391636 25.508694944551344 2.835098732765391 0.926534888806926 5.051015580691718 13.265164894306634 30.976576265056345 0.5065963238031413 0.06171906101811333 0.42486658079449585
10 7.7096956001588826 5.437054956419836 10.96372768138095 2.2928330796737706 10.388933663772168 24.557167385260666 3.07915890797157 0.8782121381896257 4.0941739652413975 12.481903246971763 30.168052743398356 0.508203491732251 0.04222649704964639 0.42752050307302897
19 7.419410340637565 5.760290053310813 10.940348759675171 2.0879444529192805 9.551327468371978 25.796459239824067 2.7591256424977586 0.7605983093170625 4.632534367429441 12.708898877605407 32.33110621414058 0.5088112849406738 0.04200804821847739 0.4268199098681467
34 7.874812198294952 5.455524637059946 11.094092622572797 1.7971884335988921 8.576445759487553 25.976155698331755 3.1665408780624045 0.6632541326833178 5.619160801160969 16.428770251896736 32.47904848495877 0.5070219668079222 0.06428382254199161 0.4238222809206683
44 7.675591294721489 5.77658521724444 11.547934601692015 1.6045764886348999 8.865030350336745 26.552150670336164 2.588849460015151 0.63310835944993 5.872554321115302 15.16323861617868 33.25248152639983 0.5100045573676201 0.009360828873190773 0.42886928763195414
18 7.555341314217663 5.900394950324516 11.37626651986139 1.8671096321421319 9.567008916491469 25.474987223146382 2.8023322400642545 0.5020330829158279 5.947504846534968 14.75822609797818 30.869377511481847 0.5081260529187567 0.04782743732190929 0.4261996502361105
20 7.779693524495854 5.564587114088711 11.104115231096955 2.030548975477498 9.724796720331618 25.614626373169983 2.6667503719115504 0.6423342001026054 4.746932464691108 13.686499050696975 31.97972840760193 0.5096945932405671 0.03248289825783442 0.4269320800826544
25 7.5582446488201525 5.545030699803004 10.86446577840083 2.324946398951983 9.975007359614828 25.11567242874694 2.8103269958584813 0.7031599046692601 4.913563656596559 13.350025753730234 31.108611931469603 0.5076603594284513 0.05249417801887587 0.4251962641424241
50 7.6973324993569765 5.664096559235113 11.190285879444303 1.9187883583153689 9.55737355615541 26.21875795514732 2.3342295965457067 0.5017568753721021 5.4631776556027685 13.790144956844491 32.41430648360266 0.5093004743726186 0.02730223679925885 0.4282589427446809
33 7.676725391593485 5.933084809720973 10.985233004640078 2.228392707267996 10.259714273422723 24.99506240767451 2.81483324812472 0.5959275200442244 5.05625062480172 12.269896835774974 30.404686873914123 0.5075715915919897 0.05088308301936333 0.42663019966819016
35 7.163548086743647 5.822871323262709 10.794379921301383 2.2823092951879187 10.203080558170054 24.84210961193446 2.957635018527465 0.6467756873127092 5.2586170919453 12.507623719247793 30.119404793979403 0.5094017194582513 0.02650523915499767 0.4279994115918475
55 8.181584006340026 5.322862895851426 10.374479407412384 2.4346153211858357 9.274186427583716 25.685811262236033 2.755983296039196 1.1487534891375601 4.843347128426194 14.452425263224578 31.990738351917905 0.5048638114393287 0.07428963077644586 0.42317679388620855
60 7.691889843902014 5.781749276340812 11.569883226763446 1.732872703014245 9.487800701667975 25.605825388351406 2.739735672606207 0.7184600262923061 4.864378817707763 14.386792771029077 32.07273922450316 0.5099402684806631 0.026445933236789766 0.427952867417836
43 7.360756676001263 5.609699635804619 10.552417568226268 2.443997878965663 9.626087334323975 25.68027377798418 2.6806961888392453 0.7884362067994561 5.057352682710374 13.029040202794791 31.887673954332826 0.5082283646250974 0.04834286232852942 0.4269863930220692
45 7.445504247888264 5.8038737705919825 11.367730072167047 1.8700633959341841 9.799408084742764 25.516318834004608 2.711885047526531 0.8157179410802294 4.674636428144165 12.975992040646753 32.18633020433789 0.509781043223848 0.024548263033119883 0.4282113418840326
65 7.529903281359704 5.762386980488223 11.419797804955811 1.7661312426519014 9.241991401781112 25.96063767895567 2.7649103040242577 0.579165812858374 5.683916972379532 14.679130941291366 32.26277842773038 0.5096047085323723 0.02166111751811609 0.42878002533322596
129 7.367986521242746 5.608645657855631 11.051227920710154 2.103835449171242 9.586858093226 25.755884895530126 2.681086981219838 0.6141152582556207 4.637291978406369 13.044884517262727 32.21626217261621 0.5087605689925524 0.041440633199756806 0.4267840691983917
130 7.345594371802603 5.8383921529784075 10.851268262375495 2.0676848415088362 9.196828142287705 26.0248501019846 2.7480735581802604 1.1296035454666364 5.307346557143859 13.428802359018814 32.448624857849154 0.5070956203538804 0.05849888154297872 0.4249544990903273
154 7.817090922324355 5.465225043337458 11.22698812192437 2.0573222909986133 10.035287184766188 24.955971778917828 2.8714144864234434 0.8115949559901221 3.9081096528124846 13.558331665333652 31.508826534122893 0.5094531157711636 0.031980493745644746 0.4276703460338721
155 7.520767870453209 5.731007567288272 11.083728991938518 1.8208241101658342 8.489514530632936 26.584614444939678 2.7916164515733786 0.4937384008674093 6.730572212041041 15.528614777069752 33.456488540124106 0.5082060978504018 0.05179409350307875 0.4251822547150519
69 7.4866038994921915 5.69317192637741 10.8705010596487 2.1234357818979364 9.360198903884308 25.541261496404047 2.9735875553680478 1.081896711511282 4.006551854662262 12.552312864646316 33.20574259260979 0.509863400099434 0.023473679836753383 0.4285064307755052
70 7.814778444590685 5.419382744468405 11.0406836552773 2.2011836495828034 10.208072488045717 24.707756635943454 3.0560022164635128 0.7048013661981436 4.875338704134015 14.020729116226574 29.716924484492687 0.5087355534421786 0.040112880004136126 0.4277282711950781
190 7.529490226767953 5.872576707150038 10.844023573403907 2.209870679062221 9.664305961226782 25.244456253597654 3.082312748612152 0.8528501434019268 5.601181026289899 13.263888961704083 30.627913018247273 0.5083086146130346 0.04897336917570205 0.425700817787828
74 7.536544013534927 5.572325289842335 11.163284997327873 1.9804449054515059 9.624203350180371 24.864380219915482 3.4750786421466513 0.7431351328405221 4.068262908331318 13.6247984744884 31.360737523976976 0.5086709008757548 0.04193866382462542 0.42709486142421343
189 7.867557816791771 5.658142567840732 10.945764307892418 2.0646552425626004 9.472852404202982 25.746814158906894 2.734134577638432 0.520224361340761 5.411083946126985 14.632420195705159 31.251818082699106 0.5092383292009821 0.03131274385370828 0.4275741376889899
75 7.762377235664492 5.505460746630747 10.96882571550914 2.1830498588333116 10.244348235222837 25.105601712394094 2.7369926844913084 1.0170715202837752 3.5994126365328576 11.856073349129593 31.84463486993405 0.5097992537785779 0.029272160610098758 0.4282048536241576
76 7.124633529076744 5.8305465128492155 11.363884885183758 1.8381947297181138 9.523456436976108 25.476641666376057 2.852309939255831 0.6608501054603211 5.453720688665803 13.760455037364029 32.061880617360984 0.5086767512915558 0.034805429168752566 0.42793541627652093
77 7.608342406717033 5.3198923503461275 10.962113915701368 2.1395436396124654 9.608781902902509 26.08307608837966 2.436097090829368 0.9072358798493284 3.9605829982056124 12.947628435201288 33.27631301142085 0.5092012762741996 0.03158204128016328 0.4283025798158385
78 8.227433075050616 5.242800327180981 10.869034238921811 2.2835355605826626 10.169952455987906 24.868060213862787 2.947991322432508 0.9161946757196873 3.3864341114154257 13.02302366892247 30.90141965684124 0.5087936733505051 0.03956026563764476 0.4272600776852973
86 7.155807839682268 5.707966289401695 11.129254053145022 1.992026343708603 9.662129701572216 25.96326971756913 2.4311684911100224 0.6209648205207075 5.543663355304199 13.795734489542033 31.76277230363632 0.5077524010084029 0.04793518511876444 0.4274657518318986
88 7.648060261182651 5.880730094523003 11.157495419911532 1.8207973747743966 9.25948899745505 25.960539602281276 2.7590896355205423 0.7475968056343024 5.966309775338903 14.57455260499336 31.846337299821744 0.5079195171837945 0.04798951640680689 0.42752776866918185
79 7.428049112769768 5.920378599980332 10.691783910052294 2.2998857778995214 10.035712233137744 24.74250329811353 3.0333080802014236 0.8839808508228404 4.790829474204845 12.106880395780982 30.999091305003883 0.5079566992209866 0.04894789050796019 0.4262957209625954
227 7.433366058696614 5.899148948181247 11.296561734496452 1.7994733445834066 8.723612022833704 26.715917864234545 2.526176050334219 0.629631459073861 6.394950448081347 14.59284611834368 33.80670765286636 0.5093965066675991 0.031066289983174414 0.4274485010469485
226 7.617234890152032 5.5551810900295155 10.259037004376072 2.4329219411866525 9.506794953998185 25.229713135560566 3.1591663861319303 0.9209803860416109 4.904043614861243 13.886760669132757 30.55522716275139 0.5077811996806558 0.05772115913796857 0.424722397754583
87 7.3649715981754476 5.540831258252936 11.029346506566977 2.0725522831937515 9.474124218949044 25.6251036545223 2.8370903057588457 0.5578406428153097 6.016246317922747 15.296290308486377 30.629810391178452 0.5065743587704948 0.06225903390801639 0.42493108636334187
96 7.839579136725516 5.35847317757591 10.917875733086497 2.1608694725513287 9.622685941336146 25.557025700199773 2.7699176081838166 1.0469414522215388 3.9312281010253307 13.372814201860706 32.2535085368242 0.508582081531352 0.039477075377741935 0.42802012848451065
97 7.759497678189857 5.658921897562522 10.71924717812405 2.2264588699649974 10.040079657806652 25.074032737000323 2.8636448098957366 0.6585439461655233 5.427264499112767 13.532762741939601 29.765736484890972 0.5087673468762541 0.035260050835483 0.4275233165739429
89 7.674099200805442 5.819492289880667 10.725209134811374 2.0802315000185594 8.899002316886566 25.979629747978947 3.03185890231006 1.008660549727923 5.377780389932005 14.190249956554256 32.24131669345311 0.5085252102608451 0.052952862733599004 0.4248636898064053
202 8.116106704911113 5.466537100724238 11.214340206873059 1.840080737219986 9.056739295918875 25.95403577723225 2.9630891436273337 1.1178216249398099 3.677955801781816 13.903838062179746 33.719423658080544 0.5094664154659323 0.02188538392216765 0.42837703378774433
201 7.315824482320589 5.634914920033553 11.045778781130753 2.203119899190666 9.703819644754912 25.05624596236519 2.9047877260394435 0.7843507362259433 4.917906191720137 13.52765007658003 31.64948820546745 0.5079336412779183 0.051776479133468396 0.42512985198578884
101 7.561915705420369 5.614635872245188 10.618588302413634 2.507334075489923 10.641667567770279 24.912532719288546 2.6768679434744476 0.7316172286093555 4.031459182872275 11.453461257636038 30.113464463623657 0.5096443684455013 0.025357252578500477 0.4283115157462481
102 7.672096487896485 5.639362268885391 11.399515024875484 1.7483029932716585 9.430088130834447 25.41995020085588 2.984991560566009 0.4502316379892544 5.64945869703346 15.932500051347843 30.530904051475005 0.5088965293541181 0.038666594868239784 0.42746088590819187
103 7.936769479765981 5.372594421464772 10.782429796198372 2.3736788985844806 10.111129074521152 24.699510559426024 3.0486623381876514 1.0776560951772594 3.537632162306365 13.104261740803631 31.057635468815484 0.5085855393243982 0.04311416698513379 0.42699737629912754
111 7.286106751794646 5.551421220236189 11.129593527448682 2.097636657506419 10.09797308874546 25.40025072325825 2.5440440307958285 0.5691074723848955 4.911875153317517 13.250676487292461 31.172965679759702 0.5096936764679636 0.029049540861259802 0.42807255902608266
113 7.423755875572269 5.82982261246441 11.34077016032725 1.8088648471829936 9.225842756224933 26.188515870279566 2.587459114330675 0.8605863767837602 5.424941681042564 13.82070498838344 32.9872015303708 0.5098707842470805 0.029544320964831013 0.42766972471012676
104 7.956597770199922 5.479954066474959 10.561642719694538 2.3329295019245495 9.642082784472203 25.767712458616106 2.765680097887089 0.8433965446735671 4.001239774675992 12.228186872629026 32.58935942050059 0.509235623842039 0.03789977891558803 0.42760274313553226
112 7.674012478126622 5.804967146715171 11.36916032450551 1.8150093250250297 9.685143955097072 26.657859817148633 2.0152429793824505 0.602649267477644 5.463450170086166 13.360803506400819 32.418909120520155 0.509786445045577 0.02583172456053769 0.4279731305589092
121 7.040457280440193 5.578116422376571 11.10105060741902 1.8951566106795927 9.256601219046223 25.755004719049087 2.914335859428523 1.0239659108524322 5.008262292239424 13.746578727297752 32.738018853817536 0.5078174924644142 0.04821646181356126 0.42577890631499443
122 7.805980491768074 5.689054671668666 11.054566068160756 2.0843856601528743 9.736487985448152 25.496289707953952 2.6950354758004718 0.40963711751517495 5.575583244966621 14.147135407983974 31.220193788260406 0.5090424580598744 0.02767931055173196 0.42809235524735956
114 7.368804532765267 5.904847642852383 10.94907044216513 1.9527578749229213 8.970538283134065 26.51688201476745 2.5037481374206276 0.5992748699293424 6.30599403135531 13.893048578273183 33.14358405492392 0.5079263725937074 0.04858862577011905 0.4260268092442704
80 7.746439516256394 5.702177623529801 11.305876822414728 1.6751572817114706 8.326695925235853 26.823114126237847 2.650170929104324 0.8684607962185958 5.29102420229565 15.303518259059038 34.96566007046036 0.5097721076805656 0.025590907025352706 0.4289806436364296
90 7.860883210545215 5.652505652026096 10.891694703061848 2.046818952160244 8.964723733886101 26.270307447788404 2.7206504858543483 0.7772289384278357 4.898561210518938 13.771914477990869 33.68836080400968 0.5094141064639404 0.02562319809747277 0.4280481636283463
228 7.947714166353884 5.731977956072998 11.303813055941486 1.7800025074198382 9.220638089402685 26.27446295256547 2.5562937894165594 0.5550157498277117 5.554848900186325 14.704117309830679 32.474927381958544 0.510107484056801 0.02187097910232768 0.4282697017534882
81 7.6166227102351085 5.8573769332041286 11.122099422636051 1.9762019616564344 9.425124301493483 26.151561873220714 2.5380049497803463 0.29757599901324033 6.498323669743683 14.011276673196585 31.790441671096026 0.5096519945446882 0.02073484573185024 0.42829420743847996
82 7.762019871817405 5.4952212608482816 10.858761168817647 2.185972544212049 9.31389474487499 25.94485080489145 2.8333341717869907 0.5400710758950446 5.727747061757349 14.54608709298927 31.78056048005829 0.5082932342924368 0.05029512627676858 0.42597544042355145
92 7.595574752050004 5.536095290542748 10.981617703143545 2.132777496929121 9.480347887678406 24.821455831105986 3.3558541299609543 0.7844803802536364 5.192279296156416 15.025610489481629 30.6198024474114 0.5068486678556073 0.05774528779648523 0.4261630601897041
98 7.292732189842961 5.817205536733394 10.93700098047648 2.2535926985288244 9.928125046347809 24.8641057595451 3.062595485622294 0.9204572277993854 4.812221732248908 12.119399631626028 31.524633390433188 0.5060348538555529 0.06594035846719853 0.4244081274808714
203 8.118118832922853 5.454333773105768 10.942953562931747 1.8989267168185073 8.888768550834499 26.164534538172294 2.9266724610405648 0.5544031029003598 5.412088100025476 15.98507862025646 32.02524314872365 0.5093006678804651 0.03548892324963517 0.4278062761233025
91 7.841843309997292 5.492028928279553 10.592760066181851 2.2659395505928264 9.130156222939602 25.843980521652647 2.7801559850227062 0.9066583707980057 5.0007783982326215 14.492605383273117 32.37787697109251 0.5063349738757164 0.060865923874398604 0.4251664516169205
99 7.13299969707445 5.75572124637572 11.1934708520427 1.8787040411842897 8.932308341063763 26.203513215270846 2.702630168061716 0.5467974046263622 6.086989506104906 14.392623206391633 33.403327548836394 0.5094344395847213 0.02689923279306328 0.42753057192694127
105 7.722914237648642 5.8310055117265325 11.26466011189045 1.733955715771831 8.640585713055295 26.3138546736634 2.8434744289402363 0.6225396354112248 5.903147363208572 15.366448480231195 33.435951025461485 0.509010386134318 0.038312386894173774 0.42634623429414986
115 7.789640522108373 5.711904241712672 10.745786358883336 2.3335151432071766 9.73929802022518 24.994046692562836 3.095952758940265 0.6925857297671918 4.767126074633455 13.223874694308783 31.152941109347292 0.5083085242315913 0.04457680388503413 0.42680890210310124
106 7.668463589789 5.6790551083597425 10.835570961350323 2.150463623181746 9.12578593483867 25.345890581528003 3.359231177130858 0.6621276026495722 5.254497710757139 14.221415960089718 31.913632943353083 0.5083457852391194 0.0433062188681139 0.4267494443757331
107 7.554206022007835 5.836901176657814 10.821415611618741 1.9328684804124139 8.3249108680896 26.568130447367885 2.8279867251362383 1.0139737731122476 5.371891274976173 14.450231553000147 34.762019248023336 0.5089937586772492 0.03924990093097169 0.4276823851951138
117 7.32049505487197 5.860706058394987 11.006946820018449 1.9478997001544043 9.004919091352903 26.21994563783125 2.676814762881166 0.5582197741409151 6.124495976316489 13.722006285805719 33.3696212897447 0.5086980283034435 0.03444570494373683 0.4280515094367775
123 7.270814664145869 5.860167943604983 10.910288033984486 2.122650300100049 9.508164817576247 25.398350069156017 2.9967959067317174 0.6847521505221578 5.0897218208181 12.725016717116187 32.313805014185625 0.5093542250331986 0.028959097338812086 0.4281651561615715
116 7.777159308690877 5.616542818097939 10.782703633549538 2.0590400504996462 8.63898989850797 26.298131327985207 2.831397197881485 0.7631473187503109 5.14322158999509 15.019000036516255 33.55800989816873 0.5080193443926405 0.05004000677489246 0.42606082496527536
124 7.365632081155129 5.820879339295858 10.884184780789017 2.258085150736758 9.97894784919717 25.657989225595703 2.5548218433233063 0.5112097577314751 5.6511417291000585 12.469425330343695 30.934843668809226 0.5088208643259959 0.03514207919385008 0.4278325959909029
229 7.4201693929111014 5.791563974838133 10.876973198263835 2.0815556367070256 9.032258052818253 26.000853806895943 2.87327534155985 0.9839288786995628 5.53807319865882 13.86662804689663 32.57953116963497 0.5088366780833247 0.037123661716921164 0.42651680308388473
230 8.02961426546063 5.212550806692024 10.773915167022835 2.3613403029365987 10.141011281703598 24.390422976096193 3.272544952880463 0.860651502749471 3.6559243621165685 13.508782755681587 30.578956406926544 0.5078882927588958 0.04133619148545417 0.4268779552878834
83 7.669658618720602 5.825538780144793 11.014095170785632 1.9152157254186595 9.06562205491293 25.986081239328726 2.8792660637356318 0.7906036656583195 5.546566289257 14.12362944809656 32.42474019892658 0.5091937449241847 0.03466740650643178 0.4280445301561732
84 7.460455405720476 5.781434179284984 11.010899756505527 2.133487340183179 9.381873437015178 25.67206788954448 2.7621178766557226 0.873150285353274 5.686838820990953 13.616830217882145 32.67332538060747 0.5085714489934773 0.04754805028420965 0.4260935205886761
85 7.767962808479191 5.571594556687364 11.19601223953156 1.8134332653431846 9.022533663094693 26.368786152072104 2.510262733668952 1.0282133298776923 4.852323071367458 14.42068749585071 33.903655033307004 0.5098933013346275 0.019160361983662038 0.4285095965546535
94 8.031440986857458 5.3996296574599 10.707524185464107 2.319980482567894 10.110564905087472 25.58861166252634 2.4883293515827893 0.7624576761327579 4.019426902560332 12.19161403272477 32.02171962200129 0.5082425373804844 0.05104514018407882 0.4247652252804321
205 7.679739773437877 5.40958018435682 10.141091475554656 2.7765777325324383 10.15176326309634 24.94207742406706 2.7469926950448516 1.1009562686158485 5.338667039525732 12.405857582004552 30.639867606955185 0.507586140725667 0.0545435358841018 0.42481320736054823
204 7.121671411350511 5.900535784059772 10.859721386939087 2.028810951615201 8.798216242541738 26.13748835196727 3.0745686626666657 0.8014508139538856 6.135168791025101 13.886695694511163 32.39361257984517 0.5068079219963224 0.06130141993833067 0.424732369311208
93 7.580235170938346 5.662387168024073 11.016615069747568 2.029312421567457 9.46342761181809 25.929071341863363 2.656018492475317 0.6104287979229828 5.699145474670137 13.78226137628382 31.95623518713446 0.5078182154680356 0.045058408874724315 0.42624308380695414
95 7.475363300478924 5.513391890783743 10.974444461824675 2.1536136273973234 10.068024301201605 25.547818327306437 2.6093081947398478 0.6785356923519573 4.8681106246128625 12.961670823468646 30.716462370786424 0.5087466131735866 0.038676798496301526 0.4276428092135066
100 7.755371657022896 5.8554723053129125 11.107344504736009 2.0134046358244797 9.495863355328764 25.39586780559484 2.9449885345314453 1.3435151209902092 4.422370932755191 13.346855516852994 32.128593751494186 0.508070790186613 0.04702778942554156 0.42711052708977804
108 7.914777433193281 5.5155447276321015 10.885109314606373 2.2340155046457837 9.42960954605929 25.448129455545907 2.9719951116281456 0.6263066513362492 4.955954491871318 14.056621440570643 32.25219397091707 0.5094438269230459 0.03286671477291632 0.427594802476309
109 7.6749138840906275 5.957972160502624 11.085074443377282 2.0973186151516443 9.918244816442625 24.806438383069885 3.1133455617759402 0.38909835268882337 5.81477925516647 13.771820930040192 30.012880340947277 0.5099835927809331 0.018920050963032748 0.4284322901864097
110 7.561293242484878 5.744081188325822 11.21540194929021 1.8948085811711743 9.281524974586151 25.81901242306647 2.946973673192181 1.1154423865782879 4.610227945643596 13.502716238957072 32.46937476722937 0.5088802831625692 0.04181085351641718 0.4266452096904454
119 7.569588435689048 5.693545345729956 10.663793272371588 2.4871125200573347 10.338390026000166 24.613206891089263 3.1053515523129507 0.802053415529293 4.460231215236085 12.424966672886914 29.19607393559416 0.5080693571294403 0.054010904863227766 0.42515967216993006
118 7.637034328293975 5.64967943849454 11.06462741647116 1.9545988920473545 8.90121833039276 26.61530497834335 2.564568943577885 0.7786169990386271 4.930818371593982 13.877914245260367 34.02317298477618 0.5085485232140058 0.04278219648948376 0.4265645630698171
120 7.764466051135022 5.528510322462594 11.093184700105484 1.8593693508585916 9.395641208653819 25.871069115082236 2.8388449086252208 0.5792357529530149 4.9705919372570655 14.776252017572634 31.373519341360236 0.5091014356996739 0.03556309561322689 0.4276659494036323
125 7.770829747608113 5.496246527960848 11.081156554821463 2.126187769954102 9.638604926803474 25.107592093050958 3.085203606173619 0.5117655592191196 4.777442168695806 14.237127412561398 31.464699554110123 0.5085984349477056 0.03975456839822552 0.42621752400559654
131 7.60991753951185 5.581233002882795 10.784421431689292 2.197856636049144 9.346393521503515 25.25029991891762 3.1021365724379995 0.6258484672350781 4.891259536963002 14.410227818421319 32.020244234199026 0.5070186732127607 0.05738484284010043 0.42519937570025823
132 7.438920018408487 5.846693688302808 10.852148645464327 2.116435659797343 9.275736002079093 25.6088527469355 2.9038530513041727 0.5733079515509807 5.5106477544987005 13.368081716012478 32.61065768403761 0.5076525745947682 0.0484097801521181 0.4274267828876284
133 7.744857142579949 5.759899069417896 10.863011680587757 2.147031195873574 9.414200363107673 25.44408488152514 2.923984473237926 0.7231676773624246 5.550284766997288 14.199069709499332 31.313633651431868 0.5083771654617649 0.044370067968636996 0.4268057860805938
156 7.643943529987636 5.690613399114358 10.564403643974355 2.4225068333227915 9.533647550941154 24.992276571742867 3.1484524581135678 0.8141191811230778 5.741157753259544 13.697296466576734 31.175133003459212 0.5068325218460461 0.06159798300065796 0.4245037043475449
158 7.5046114895964555 5.927201313858017 11.072772441394143 1.867108090908282 8.588811606865534 26.720848455697244 2.693703599730134 0.6776599888434787 6.361462252702978 14.265313724621922 33.870204777111375 0.5081743381254991 0.04679178051282988 0.4262612304205775
134 7.567857534069907 5.882591051337709 10.647003343294827 2.434879386273151 10.063207483402667 24.960705538926025 2.933276580305472 0.8534869180016186 4.136714258754465 11.38032064209793 31.56975655672807 0.5092195599751721 0.03715424271515862 0.42729343499419997
141 7.856567965713399 5.2083911190998275 10.542179797854146 2.219212205261754 9.141486366361153 25.78514372102987 3.119050689905151 0.6770619117941162 5.086944479165084 14.676512324900072 31.854987731330723 0.507869047265774 0.059881902663322696 0.42364013390483496
142 7.507675231559609 5.6494437740011145 10.891269861610436 2.1714745464683105 9.598630223077812 25.713109538225115 2.8217816451784996 0.4742620421306956 6.095980285992679 14.021265406606984 31.023570949998632 0.5059367275715414 0.06863842945638399 0.4242193036799534
143 7.968620301076909 5.440571714360627 10.97149220249755 2.2082313379409113 9.673410665885516 25.105862896373427 3.006472491540082 0.9163792733140408 4.373114006044619 14.269929394026324 31.559661034510953 0.5082521616365356 0.042815986412041276 0.4263237415752076
166 7.666010585727198 5.388961706183963 10.662719116551965 2.370611327181204 8.905898092732 25.26629812298805 3.349800255448577 1.187731857101317 5.284289630809257 14.62837736935853 32.77237968979875 0.5055558752374474 0.07126323578070191 0.4226496908572287
168 7.864920908506169 5.626001922099483 10.680044816635286 2.1245900109978715 8.61579369008944 26.21338849342189 2.925675479499403 0.675653359990027 5.289537221033416 14.554601644385544 33.72455344543855 0.5092745218313942 0.029826324997483823 0.4286199832449476
144 7.571321630241362 5.572733611718978 11.097149936366852 2.0458864207780887 9.3653857990411 25.263191819416086 3.135869280431821 0.54904598460556 5.757084780771012 14.6292860178728 31.55808199018393 0.5086178095461799 0.04754456937692946 0.425497206907481
157 7.779686966157153 5.879275331138524 10.703600502087681 2.092018176705934 8.779872106582435 25.719169863583094 3.2417633743437815 0.6956260345535157 6.010268392029801 14.7956074887769 32.15074899312456 0.5081864477186302 0.044587010422525136 0.4268607819496846
176 7.577000535055861 5.931678673538428 11.028245294614193 1.9907482440148576 9.007380413588766 26.135928813161968 2.7444112169922215 0.4619989920406271 6.2692984728670025 14.01195982465828 32.80990272714092 0.509427689200452 0.032249895309278145 0.42765734240059255
177 7.81389856438176 5.568021954478599 10.921272970417103 2.0692558437934347 9.093115112923593 26.224046171293214 2.6281131482895943 0.3686043481770501 5.955223679542843 14.9642965623938 32.685598385829365 0.5089263534452639 0.034149483330736294 0.4269705209843098
169 7.83810952588551 5.55979318931314 10.649446437855604 2.29513348277594 9.512963782752344 25.16702211641424 3.1048140827373367 1.1478070473027024 4.162147546327455 13.134664606313928 32.182381067212795 0.5081061349206683 0.05006499245832732 0.42628727126310345
159 7.210089130361443 5.815521550117783 10.710867459236283 2.159895160477241 9.263485912521546 25.77186483165397 2.9634680678525456 0.6358010948083338 6.2231200641701205 13.701443070749876 31.33625689265283 0.5074522741551697 0.05586168035783007 0.42483069059774237
182 7.373488565893881 5.830574272842519 11.154891819147862 1.840584633481283 8.659464207037322 26.226009716523425 2.946576456246168 0.5701296453766882 5.938245285946834 14.93874881039014 33.041345314228984 0.5081465973679545 0.04945496583241048 0.4258832243693135
181 7.7256458523925025 5.794572402822242 10.782508849830943 2.087089302038682 8.906124482254246 25.66122425131437 3.233305771631272 0.7331402503624843 5.761870406022489 14.666181932842054 32.064593160343385 0.5082862722398889 0.042297313115207104 0.42716927686747835
167 7.455773568885161 5.941257415762237 10.754985296641756 2.2798849455931456 9.79213224839252 24.948992939286857 3.110628347763806 0.40405641745534876 6.297077244669782 13.888899927840274 29.897503172695973 0.5086667117975013 0.042813602683219654 0.42743761228252736
191 7.541212640926636 5.64236117626085 10.882924389924229 2.039298734995127 8.71506135476955 26.012443283704396 2.997474766994733 0.46262668081233455 5.799939710408917 15.151198765741682 32.922350445010714 0.5086605536561422 0.04403949116364723 0.42702991058702644
192 7.5965306741942005 5.5291480777156305 11.273487106036095 1.8747433438001633 9.209664412722553 25.90658257970707 2.750765527145546 0.7011004234710398 5.453753843268038 14.46881198386825 32.84547433548776 0.5084639162085328 0.041256335191521006 0.4267161565869236
196 7.454298559097767 5.634063047677463 10.558097845577864 2.3942698472259725 9.5795228930432 25.246336562768597 2.977887670635931 0.783176729758132 4.865310218187814 13.21685469212507 31.70467013048974 0.5076478889202205 0.04905972218813465 0.42616007964435093
197 7.687026803884209 5.626183225664354 10.719912919297018 2.2418140183376685 9.641184359961523 25.50310509783601 2.8436218556665787 0.9984388507892163 4.446653529422109 12.63012844684375 32.14180773883907 0.5092875334435727 0.03485314034682975 0.4270972393457463
135 7.6884972155056825 5.852516090897957 11.22653096232232 1.8754988470572287 9.26563464366533 25.689440542139117 2.9711748970814598 0.6791001313867463 5.287263843780095 14.072754377303431 32.259355137824805 0.5091455126147304 0.035514811501951696 0.42779298399701426
160 7.900156318865431 5.688554156570073 10.975367754783047 2.034748810720626 9.35030309686952 25.534217455840007 2.948076662857441 0.9048517264688062 4.704738240586214 14.29650544404302 31.78560251298978 0.5096679129055954 0.029415506669038687 0.4279340647377284
184 7.202682451520413 5.7303829997423374 10.66662975930137 2.261264172298026 9.286711794138698 25.96916517520837 2.6896737373277197 0.734265298389684 5.746345499541026 13.611414792024869 31.9358453772888 0.5070709442698097 0.057191950745999635 0.4253879687841411
136 7.836159256872521 5.326632352078091 11.251124089019774 2.0062327120868786 9.526184451542242 25.086383197983665 3.173697858631727 0.6479751889843383 4.493066741647162 14.44284692651767 32.33774807490978 0.5092235379508866 0.03478717089090748 0.427420726190181
137 7.671060549392202 5.360541824945246 10.400550022496397 2.626183318495371 9.727109301966077 25.533012904539962 2.6530958251809347 0.9088003199416761 3.8747921669395935 12.087019747279939 33.13236530525066 0.5078375417954488 0.05290366146007 0.42593656859278334
162 7.807765460376957 5.304588387244528 11.080946879968279 2.29097916316279 10.087164024986498 24.748978117195414 3.0141732699695325 0.7318858879306284 4.043414532749885 13.84955956846967 30.71588083103264 0.5080158612019395 0.054538419912504535 0.424885591145851
171 8.24710317264732 5.116496290144737 11.140934481050623 1.99643441392667 9.276894356673756 25.54485919417537 3.0067599166436896 0.8073179426085694 3.6813736257844827 14.82459277913229 32.78748675153223 0.5086423181076463 0.04338901545433742 0.4257671665782938
145 7.673746394865374 5.695639236778599 11.050527029994075 1.890163471398043 8.922031931635873 26.521674661345074 2.5239411410115173 0.8864122755576418 5.528906217132261 14.5399945704665 33.30932075796462 0.508324372801996 0.0429834688491507 0.4266784643452157
170 7.816048252934612 5.55423552042161 10.97396341735852 2.124142014058526 9.793613864962593 24.941139336641527 3.2669233518652705 0.9949227131889298 3.789976082746043 12.847010014995787 31.62555349372853 0.5090267670871508 0.02239981886806703 0.42911910610475607
146 7.670247658621209 5.244731734458198 9.964769314094367 3.041874164741423 10.14958421139237 23.78272758990054 3.4559470148232125 1.1939370684058463 4.4291104712890155 13.432158147092858 29.2818235739438 0.5014273748836029 0.0975002766680882 0.4178336534213942
147 7.277675928653914 5.653693989896138 11.153952755074922 1.6993962226078283 8.932186495693914 26.00652641352144 2.8163438704855195 0.7737640865212111 6.478169796252361 14.803602413730642 32.62560827890572 0.5065390347879962 0.06318056650482333 0.42530064100172754
172 7.109323941390325 5.616234156121992 11.058189893824718 2.0169403199224227 9.462804469496712 25.869464709456288 2.6403323815214423 0.3393653294440669 6.474847107782851 14.538285904614494 31.331078780651325 0.507612423122991 0.05432630621282045 0.42549873135318533
183 7.495753694701635 5.724863994090858 10.629018548286803 2.511338496927173 10.28584297886064 24.650931904902652 2.9019198178657746 1.3027652445058076 3.838428446919653 11.611631191528108 31.048092530109194 0.5058858597654676 0.0658730385373223 0.4235672303336748
178 7.8169094966147 5.544238462378578 11.171308467073667 1.8456249946587222 9.14484484426128 25.99087743381579 2.780577623900737 0.5319978976199093 5.266254007012779 14.836485499116716 32.351766893971664 0.5089608573651645 0.03956768539684723 0.4272987938512791
161 7.39003472825962 5.486052185331545 10.69111460358393 2.0623040575184084 9.39661297961377 25.706402732027996 2.7860799725479457 0.9260490879963673 5.557614498897896 14.2407101184027 31.435365248062027 0.5077082057236597 0.0499302327745075 0.426167858809978
179 7.2763619680358955 5.708194371770164 10.712944343091362 2.168688247572573 9.539385097069017 25.774881041006083 2.739326620345289 0.9210422995869738 5.031811729738762 13.161942506222704 31.754167714345904 0.5080414133808051 0.05151826993719207 0.4256553587693464
193 7.537748102413738 5.747614709630323 11.08046165594845 2.0912919902076466 10.067505193197972 25.592092782004233 2.4638372162216973 0.616250977798409 5.13213146115451 12.553271443184801 31.184942850244905 0.5078619409795685 0.04971815817072268 0.4262004945681448
198 7.722109523813976 5.629464014812204 10.459690121833733 2.4210608124229713 9.552697329628709 25.406884094861514 2.9384571895652063 0.7838258004740127 5.410245767789087 14.402019366694603 30.469118269870368 0.5063188376762767 0.06387032576601923 0.42448422469891484
185 8.381525998424738 5.590869496674573 10.39705621854771 2.366007147936525 9.567226636552652 25.26107861284378 3.110804407576301 0.6078063777413387 5.0770326830964345 13.929929318486005 30.640221623972092 0.5086662214526769 0.04496888963618905 0.4259899160691629
175 7.0933092225635095 5.750352679590019 10.346267372728903 2.525855529045458 9.388697492785163 25.45641254150771 3.003639280481955 0.7019653654027705 5.285395865282719 11.800704094182905 33.025196069037605 0.5076600186782515 0.04686226943719972 0.4264924242855575
173 7.315398722956105 5.789521398779121 10.32803200802742 2.379930489009633 9.618903487726314 25.320077099648095 3.092607366082364 0.6548148397997935 6.281289828620129 13.58832658223284 29.848209138084925 0.5041211219665578 0.07621772499219098 0.42398312302894603
138 7.5707116854748495 5.774017229150639 11.057387786351391 1.91312984820008 9.342657849491907 26.039723557701855 2.680652666259808 0.6826290223492234 5.300620528690466 13.664642153037622 32.26109778192854 0.5097469500705335 0.01832772752385203 0.4286499541686156
139 7.362845883377842 5.841842385947847 11.011113392052703 2.022311605549576 9.472636354513407 24.80365630716808 3.4780541271650445 0.7441714788241232 4.948052337253081 14.001044739827007 30.305971442801642 0.5072599593422553 0.057476303672818536 0.42464951315780775
140 7.5721583903699194 5.772657762592291 10.8493875378723 2.1053357586079753 9.179589830604359 25.504454328702128 3.066468406752233 0.5547391040861017 6.011514080647774 14.455637456352715 31.728461673572486 0.5075073883311737 0.04239368684560338 0.4278820362536866
164 7.722164611364187 5.520771284130029 10.549814997029072 2.5949244169808936 9.788423711368466 24.970619837337207 3.1905820179882385 0.9194106644610576 4.37009428168948 13.252337486239584 30.76845586324544 0.5081975915724881 0.04729561243303236 0.42623937512361115
148 7.474758871095407 5.693344405530799 10.881162857978806 2.097092806953059 9.13109234400291 26.147391758192565 2.633637624516883 0.4285522097392352 5.839375172615569 14.266240026466225 32.65612592997893 0.508884735434303 0.039116243837507 0.4261824219371639
149 7.628342377084041 5.735602065518571 10.426214521257384 2.2546337519206183 9.00139689140046 26.624612757802588 2.42609430227498 0.8115210249204495 6.617712952308953 14.07662353962974 32.34702765920507 0.5079202155313168 0.057926613937690434 0.42298046464221445
150 7.623856967732127 5.598124116477822 10.971030448210184 2.1440163567365476 9.784029690483894 24.978234494898267 3.1853723243372105 0.62109435559087 5.059581390500211 13.19925279154699 31.062452038278646 0.508433445066617 0.045652372986753106 0.42638537754635264
174 7.744852763017759 5.8232013815341 11.255902974423256 1.8779450331721728 8.897767435121763 26.17320136226836 2.7254907126101267 0.6684264349455071 5.296779800711234 14.364300350764623 33.834883272009066 0.5098686448735094 0.025701031451695444 0.4265330670270346
163 7.5460290852729335 5.591751403169986 10.842467946401687 2.0116839501888095 9.099926589178093 25.690723234906525 3.129176285483142 0.8476762181143896 5.28148870194945 14.682250635172986 31.925937505454634 0.5087486167785916 0.03885481100708841 0.42710136753260003
165 8.064710088896943 5.6156809504712175 10.28886359609284 2.5777711459396158 9.995088388944252 24.650186387845682 3.4104603152110737 1.0192779834940646 3.4247589375075416 11.45305305901439 30.669209194530982 0.50967852082578 0.02825616155761311 0.427985461312406
180 7.270358810307064 5.97554093485654 10.848062079074479 2.0313942431682475 8.76984254503471 26.107977316991125 2.9978158638790378 0.7910454214338168 5.269353505385505 13.157908008726494 34.16933476198099 0.5093340545071928 0.03317978898619998 0.4274155272356978
194 7.76960509304681 5.706943489818493 11.042822869353143 1.9526440254465551 9.084722423374041 25.481573472510064 3.294625808369242 0.645944009018654 5.190790446615918 14.595659177574579 31.975909105034702 0.5096962414434564 0.03208653978916365 0.4274335410554069
195 7.762965316860348 5.814840758812323 10.430991208520954 2.2502282619672034 8.3774715459811 26.077583220908043 3.1674695315032086 0.9248467624007859 5.7014359317637675 14.513167628799838 33.91518265556596 0.5080904217287222 0.05057348879970447 0.4257973909292958
199 7.588862398663818 5.742332456847183 10.776513384963549 2.21953468620954 9.347360699927506 25.460922717249147 2.9792878968663503 0.7264170575719222 5.634899858206014 13.770023447278696 31.969878132896 0.5082063371590702 0.04425237530253456 0.4266362968680486
200 7.581809030960295 5.695651454786436 10.735720850169567 2.156191082498709 9.237342179040855 25.738659538925912 2.9233047826972727 0.759654329009024 5.9334352964447055 13.82376568045903 32.184857224354154 0.5085590464063355 0.045727008747887266 0.42686292310012564
206 7.84127538352658 5.693991533710585 11.095593153241051 1.997873652122091 9.068511839026174 25.271678952853 3.2796329961617205 0.702154074287708 5.199846195929633 14.823476099046601 32.2932681835833 0.5085442409950619 0.038555069056747895 0.42734772019792455
207 7.928741385167157 5.764917281627647 11.093092979557412 2.057468653217643 9.683409627209974 25.654315636789615 2.7171336179987255 0.6328333561903922 5.945429900721496 14.259060807244865 30.628160589470305 0.5080817577594716 0.05004552141972193 0.42592320259653044
208 7.3339216931240125 5.558853303628373 10.896324409055136 2.1687947676892305 9.48006896310906 25.035266492719344 3.355925629425027 0.9711088808981301 4.46191958981901 13.167035855944055 31.71520655963929 0.5074598158041683 0.0566360721014726 0.4251304408963809
209 7.975844281983217 5.448186889558814 10.983834417161416 2.049568613212351 9.508931124513142 25.60791981991929 2.7690485300557452 0.746831559252194 4.8487367750737 14.39183710740714 31.64963714772861 0.5085874258019455 0.03608055180714746 0.42734756264069335
244 7.47026548951022 5.443371970709637 10.782219058126772 2.1206263821731226 9.264357513162727 26.150319534606183 2.5531730200617986 0.8077525424007612 5.39015444729062 13.683607516960528 32.95311401227509 0.5086168376549186 0.0401607752080682 0.42676721367692005
243 7.429905053365792 5.662289936512963 10.585089320137074 2.509437553615305 10.261989338995088 24.4608599890339 3.0879511546737097 0.9913429153255278 5.0048730511812085 12.802656049081193 29.435461798062708 0.506198942924836 0.06703632793056127 0.4235142341443705
242 7.6988526157912816 5.526092491099025 11.35857115265591 1.9156914522376074 9.648563874087605 25.33147970906414 2.8044327162022795 0.8763085676534218 4.364177975350927 14.111556048627998 32.3418618964804 0.5097678674083127 0.022282367339450496 0.428401692895983
234 7.6147895573518385 5.70237461564631 11.002053559054547 2.048029761054808 9.505063091803382 25.43356654154397 3.006881936575476 0.791187011156562 4.820317077929911 13.23461651270456 32.16572906912098 0.5078697658417156 0.043276593562532314 0.42639984799552955
241 7.272430223632663 5.794780000085993 11.11267983458584 1.954038356372242 9.408457688413057 25.37410823848627 3.1013494562413078 0.8244955858052273 5.820791234561291 13.873958525501012 31.31354676135263 0.5090357578279271 0.04065948710848183 0.4267682809491246
216 7.491342611290517 5.647715571355458 10.498135913194405 2.3218013386021634 8.987205540081892 26.679749085486065 2.388550006725441 0.576978536036687 6.278486997244556 13.383886721137548 33.67462502908393 0.5070801157125723 0.06341031694140999 0.42440254914226744
217 7.82645576396225 5.595319705034161 11.02635780501185 2.007857764877354 9.610815163880307 25.068346076212823 3.0707004602562096 1.1804838836737723 3.870991764247832 13.467167497336252 32.169453068588474 0.5071641577465286 0.05549416718191002 0.42616842264463656
218 7.23748380341365 5.695457400560967 10.674587538827778 2.3295862459806123 9.45923144182681 25.279606239664155 3.11241269350925 0.8453161406125064 5.251330484473638 13.29369124097359 31.36670683733699 0.5063024789423095 0.06513306889068812 0.42450503883526897
233 7.654065978701085 5.643478262142604 10.782279770768001 2.3299805899961727 10.001079405360121 25.308123866312883 2.8196202502771732 0.8050712894367803 4.865507540457617 12.297023496204908 31.12106841341325 0.5076633793251918 0.04946235297977859 0.4262418661858622
219 7.434565039936083 5.682745584904774 10.953317738922905 2.0575474033176384 9.61427562272796 25.153187403374446 3.127535209487147 0.7856631162120193 5.082303808542661 13.368388865385095 31.255841668587244 0.5088636162100326 0.03746118926453184 0.4280531425333369
232 7.263815897777718 5.620702530567025 10.770640794838943 2.1900067292557215 9.142260543630096 25.735941879665642 2.854184101143373 0.7329455329931899 4.6750906671366 13.207644896778133 33.53499172779718 0.5092581736917287 0.030731216381114826 0.4278967636515512
231 7.4790217015231315 5.67169860877375 10.733645190862037 2.1066711249070362 8.996367653405017 26.340858944323603 2.743337329678482 0.7149167635672722 5.511311523814625 13.87392481671215 32.5927118369108 0.5095336731763475 0.018792875344443478 0.4288601962283992
236 7.6273143077563965 5.6087765917206704 10.952860673182558 2.1635198531001767 9.583208768137618 25.7842544948512 2.646707739493434 0.44120340616118986 5.500715480954796 14.228707949573787 31.536978238823835 0.5087897528166452 0.03821491117003785 0.4279541493766421
237 7.660679046963069 5.714096328964178 11.295449032864575 1.819859522819897 9.343115065019253 25.231356826524465 3.242774899871969 0.6207322033029512 5.35254010128286 14.638626144510104 31.408543565627244 0.5100031440624914 0.021632995742397403 0.4285555654689873
247 8.177945441734446 5.198474038802311 10.72727818728129 2.2389098397014933 9.393571696988236 25.3430530181948 3.101847363328865 1.0714417501611067 3.622690095320647 13.962529526335935 32.662935710907604 0.5095149350152723 0.03520321433199832 0.4276199913304324
210 7.590634019822592 5.517400678851449 10.855540645977428 2.3195738245735984 10.220581569961517 25.14062945700519 2.7212847113263745 0.7124651428946476 4.348036806107425 12.073313668579168 31.53524863535278 0.5093783122478031 0.033355171859402594 0.42741982933639266
246 6.909799299922985 5.974914385949233 11.222299441649701 1.9738752722232393 9.523615720813654 25.797359988824176 2.716700406939402 0.3954809176536901 6.525245710003394 13.465932848354331 31.183794031101986 0.5088689274222197 0.039203555361999105 0.4264942415416311
245 7.348216453680442 5.4819129046376025 10.08774997191713 2.5736259391363316 9.550841766197605 25.179733870374598 3.0836367471103516 1.0102144875871193 5.294285745776926 14.133319100561506 29.99079718372327 0.5026318939392725 0.09169415221972185 0.4195405174105888
235 7.230284242198507 5.856767342340497 11.118850222646847 1.9938285152220705 9.396375903982783 25.803689408412872 2.74133607590149 0.5413698016744417 5.278472654255086 13.160922021704291 32.9517310820896 0.5100804804868788 0.025303380212173304 0.4279785722587057
211 7.2696530973459375 5.673096239487198 10.875824863347523 2.001447361145875 8.9179963929107 26.039804526609302 2.940938235780019 1.1758662104941129 4.485927266211206 13.469459746423698 33.685099370764256 0.5082262201338006 0.04782285327274552 0.4270415131055275
212 7.527890270776026 5.7228006490537 11.053577430902372 2.0374623409726094 9.694448479213676 25.363116516407338 2.8910615907793944 0.4778024928877313 5.843877462114338 14.093571562670185 30.78068624548768 0.5089357211717935 0.035498446529745785 0.42774955379934243
220 7.736214089903708 5.661582037872768 11.341865792295769 1.9674740095312382 9.748623018609496 25.162308188808627 2.82969622442757 0.5110834205984154 5.535071185314023 14.361501422628184 31.509199276948237 0.5073754795144143 0.05435034144150425 0.42538632755165295
221 7.381232860349386 5.688345471789542 11.03356422481404 2.3311434512288276 10.155871461885926 24.86232112946568 2.921096117464962 0.3433751274364896 6.103502853739958 13.559000246299707 29.97854305810882 0.5059493742704846 0.06397468984076736 0.42518717213633106
222 7.936181464358645 5.51266827933422 10.851467941076395 2.182633779486608 9.654697133572547 25.221876744870883 2.973410569677069 1.1191872539028276 3.4185520353258925 12.782156750088701 32.48396787255462 0.5088746942505082 0.04521092369318921 0.4264977117358138
250 7.49150170434365 5.742229755360884 10.756870774470658 2.188181064185976 9.18346522041521 25.71981107553743 2.9142793313143676 0.942420810098258 4.8220449472075675 13.524634844728357 32.565470379210076 0.50812932688213 0.04798073630582874 0.42607576928026974
249 7.646057349258667 5.7986678528281566 10.975913812960378 1.9732272190821425 8.625006921738086 26.28466387800158 2.9463051110744165 0.8089794851048173 5.7371813025792235 14.693839675355814 33.741452758277 0.5098572945126516 0.019980304132607686 0.4281321151573644
248 7.549697629465043 5.862873259040869 10.797020164343081 2.1892466815949416 9.193569959127169 25.47951510354093 3.0747285532893 0.8938410027274182 5.111019917830127 13.72114536458095 32.48234311091922 0.5083824671524646 0.042488215584138705 0.4276332451392835
238 7.800755660772776 5.9794951937264 11.128751621202962 2.1484127239472426 10.2041005030626 24.902029399198543 2.8637332771748123 0.6059596477251764 5.09082696411965 12.606082250382675 30.458374411691743 0.5095932128840958 0.024495218828690372 0.42822685305552344
213 7.568287091677521 5.649819365662435 10.304340855796633 2.5724506875058544 9.354080278401733 25.188894666461945 3.2411804083895874 0.9040824694213231 4.350825917423857 12.884555187662343 32.42189769711168 0.5093361919203635 0.03565901023443565 0.4276305406836585
214 7.869524294467945 5.849171362683813 10.815851802560086 2.095574710707227 8.86746211404298 26.412292548098062 2.6736867764488133 0.43985391256935435 6.572239267969015 14.788653008207735 32.47062113452861 0.5079864262264244 0.04668763682142013 0.4266709568745336
215 7.4304103003189725 5.908261270657543 11.134147767262313 1.8007118374948403 8.471856325876018 26.734535533531297 2.6659071596909705 0.351538662883389 7.378919225120625 15.280676502979837 33.530032955520326 0.5090871082433213 0.04116472223973864 0.4269479865071597
239 8.103316554777024 5.7519916591675235 11.024985860675422 1.9596785960180558 8.93797188346925 26.350284359241193 2.63516432984285 0.8545802891200898 4.856222151620656 13.755249318268099 33.980019318698005 0.5093215620855482 0.019811908937181315 0.4287392476442599
223 8.082389175144819 5.274375543274105 10.712959489915294 2.230243769368423 9.494656920534323 25.373814412841703 3.0690346847995555 0.9145902482018261 4.281399320930965 13.306862317163443 32.52516149921107 0.5089994452805596 0.036734118857089285 0.42776543391913385
240 7.256267118137842 5.795677940394944 10.946329358697536 2.135262398707192 9.09662161569962 25.62282408230124 2.9867559198981306 0.4419584974543751 6.043772306435889 14.566237003253935 32.13560375841948 0.5089554843457363 0.03240759511806829 0.4277565111578904
224 7.601151580797 5.75497742824369 10.995086499143534 1.9046199848926104 8.401084585063398 26.17194358586434 3.1151010581634435 0.5861681053342925 5.953616523513763 15.126803797517226 34.18654829237885 0.508720345019936 0.04393895390886247 0.4269920076076918
225 8.150783265791034 5.5300890528815705 10.976919411041113 1.9506073050315933 8.897950400946284 26.176293553122775 2.7755979748044557 0.4350459843506448 6.124202408863876 16.18936123962946 32.01134561235999 0.5087061686913588 0.04316839156636133 0.426895247861722
