# timestep 7800
# phase bcc
# id f1 f2 f3 f4 f5 f6 f7 f8 f9 f10 f11 f12 f13 f14
1 7.48356271939876 5.649009547568087 10.90082958137419 2.0540650994873566 9.050225725576391 25.211099617600002 3.4983197973352866 0.9981187891785565 4.209689278528148 13.558650015718502 32.8173108215723 0.5097336248287507 0.028431813111221928 0.4271237702048966
2 7.3892890387779175 5.68755728550657 11.022830748983536 2.0328439219859202 9.075600175017946 26.256853722251957 2.631677201874628 0.691165450149679 5.600939536340762 14.161917484621286 32.775572365484166 0.5088132153341991 0.035159587051194874 0.4277195392770611
3 7.663396888083077 5.591998903047442 10.267220503662378 2.544628069356562 9.846669162122323 25.3454806035026 2.7533209008150443 0.6669552220897401 5.597154751030016 13.711683718431283 29.874859051933505 0.5069861294660591 0.059272965676568055 0.4235573419623013
11 7.789633263576045 5.512837444160633 10.576175470943184 2.23864591081043 8.508738523324745 26.147390760831428 3.023533294905684 0.5931259782238026 5.6942089220591 14.827608605323002 33.9093675186795 0.5088245898527096 0.03525018944216955 0.4276619903553607
13 7.38065912355709 5.519346517273449 10.56268454101422 2.2071601951088287 9.04172537766868 25.42722114196309 3.0582842642053047 1.0453886002532309 5.935984410000831 15.714896102938793 30.746878248844435 0.5014071659425233 0.09235541502109158 0.4207024700641113
26 7.409409772519718 5.767227952975214 10.688833367900498 2.4083921878852377 10.088995111674521 24.322106949275632 3.46448428512585 0.8605592538463904 4.473740763228795 12.405056289035409 30.297374764641948 0.5077762982997235 0.04595784958338468 0.42667532833730026
28 7.89274495146512 5.377802637263952 10.623437028880941 2.416876276330407 9.956217008597807 25.00986350823818 2.9716445692260343 0.9900091661267654 3.475639161844137 12.41255948721496 32.06404357383219 0.5088836235625132 0.03651313615545367 0.4271683048687826
36 7.327909102406072 5.707983700869383 10.431563744655396 2.599604031609122 9.46511444762774 25.046624076925394 3.4200133949509657 0.8764334881256232 5.742970613457496 13.34072216638206 30.428650069305768 0.5066328613542109 0.06292949793655733 0.42532017873984634
38 7.278948423112354 5.860173431817649 10.97452909164271 2.036448412045732 9.319197680156163 25.80349758976914 2.7524730961661876 0.7008822262977833 6.3940285545614985 13.95576182337331 31.814716282121424 0.5100704717373659 0.02274177423353815 0.42774492104349837
4 7.314829297237332 5.389483318605672 11.017032611382815 2.1653006150480403 9.97144009291325 24.282655643316772 3.52574044179447 0.9387273059732534 4.108695335276813 13.986462864083617 29.849328721171997 0.5055204824838508 0.06428140754001578 0.4243176569459597
12 7.599515297665179 5.858578896084263 10.878293070072175 2.1807296994386736 8.946292376401995 25.464650928464778 3.0735365928662732 0.5267275820055728 6.115566996421496 15.040162376111919 32.573921763116985 0.5079830679657692 0.044731517572267156 0.42693218437103025
21 7.635600669642288 5.86472456552019 10.84546641016551 2.0480117789667727 8.793805638634932 25.728498610169623 3.250364252376296 0.7674005566323512 5.363906078720477 13.822018164647721 33.22565890992956 0.5096896237973592 0.02847330764860395 0.42838475983467916
22 8.07411529914992 5.473736149128526 10.675620749691522 2.0987195752461396 9.044786363187471 25.92047228227932 2.932449305811383 0.7945673055943053 5.158225252611535 15.048091446818049 32.10147671194083 0.5085144817464226 0.038108003803703445 0.4277430953969744
46 7.583756054851968 5.702539614139393 10.466837651812083 2.4326596457349963 9.520461155964085 24.961515042530866 3.3789035224399653 0.7284332831473891 4.716927147877561 12.799151803748014 31.603172841453105 0.5090502232225935 0.03310087363872635 0.42796940814313755
47 7.58544536225387 5.859669537713481 10.744203627839298 2.247335470325127 9.80860842445632 25.980949159020653 2.3515842256919344 0.7448672541798228 5.551645681529087 12.077019881604924 32.06494536159539 0.5092844001337993 0.033786482225751535 0.42739026324734886
14 7.862745405737322 5.679130942732582 10.596716655250646 2.5521180370838707 10.795018081718181 24.336549455393783 2.904604894462274 0.6493075967614526 4.355731687074299 12.041593155597573 29.04434305906814 0.5087933515937546 0.028406902464466713 0.42854124642168984
27 7.881591340801704 5.791155012061952 11.426263892119312 1.6259006686132171 8.547051420250291 26.353637767567076 2.7531306611885467 0.606962469099484 6.236499098753944 16.50016491038853 33.17800071095705 0.5100575532854523 0.019958948351760375 0.42792703089903783
51 7.1662597243174435 5.817886211113231 10.805823487768288 2.2657919723721838 9.914095927755522 24.618359153485066 3.3245859648135356 0.9581588343649108 4.345107562622342 11.83427486831377 31.604847457696835 0.5098973877675786 0.025753390789657996 0.42832682314516063
52 7.450111340251566 5.724892029216429 10.725486109327054 2.204395512737748 9.317320538962592 25.70978886772055 2.946842961852698 0.7352832979171133 5.393201955340917 13.372573386614663 32.10514033500757 0.509326373957779 0.028711069782409518 0.42727673565734964
56 7.4335747590504955 5.8367431496025075 10.265644902017655 2.716307797295308 10.156163969922428 24.37299075954392 3.222259951120901 0.5612182288119182 5.399541191955254 12.367718740311606 30.11615485586008 0.5066645683193249 0.058210601334154406 0.425462718258287
57 7.379967708215078 5.873331237298971 10.659845221747904 2.445243820527623 10.126058176440209 25.011348350497457 2.857387722437431 0.6266449798912906 5.521512630150576 12.470755470124832 30.02954432027845 0.5075661905605817 0.04882505863530627 0.42519129227639496
29 7.943018685168529 5.448203723718978 10.82866789624298 2.140382340224092 9.274750387294329 26.234289784095274 2.451521016009748 0.9426108842003702 4.472128348484451 13.428578889089183 33.89032219929866 0.50825583680718 0.036519461633054015 0.426970012173253
37 7.611797945024409 5.8721623265476675 11.216520831443436 1.748839535160507 8.321994534208107 26.88324802945265 2.684283939684289 0.5302255086831607 6.681863709414362 15.729966321004673 33.4882192271278 0.5095860113263716 0.025986580045343367 0.4280062457297065
61 7.363124858067375 5.761697496551804 10.717269603825335 2.5282877359963907 10.10792711845414 23.676440473744016 3.7561422917453466 0.7834124900589237 4.048475771046874 12.876631927921302 29.89145805923649 0.5064249268662585 0.06155301749366745 0.424664497191825
62 7.358163478094046 5.548932629897629 10.477629826599843 2.584605982067414 9.810736325003088 24.735079647529936 3.273873085240911 0.9004508960807419 5.00257662841022 13.368636119629802 30.16952384665969 0.5048543806524969 0.07565490929389933 0.42341805590205106
39 7.546090971117785 5.638373892289515 11.175705786525954 2.0339462355852707 9.358059408937478 25.530309116579577 2.858955686224992 1.0104561143433703 4.237918739258261 13.355783320658395 33.49452809458566 0.5086687162921024 0.03908664928081902 0.4274445148497782
126 7.843592560022962 5.600744633056238 11.057116512485948 2.030520394362492 9.254903634847967 25.817604958440636 2.8195158707394645 0.9475700073738624 4.455753633636731 13.753220936188518 33.21061200536198 0.5097593540963634 0.027951282219575515 0.4280780397829714
127 7.534047675833885 5.771620362912732 11.075626452409171 2.0037398313619432 9.303746475433725 25.573306162004418 2.977686818698762 0.7434588639339661 4.591715705567462 13.246326542676007 33.090153319490554 0.5097289858315951 0.020364898945547688 0.4289076632034666
151 7.774264600008 5.478438579910746 10.687279053028236 2.319210722356776 9.45569655154999 25.38973916458763 2.9266330354621912 1.2317331063878822 4.611030713872958 14.233943977903508 31.442303957358337 0.5070352529193293 0.06034008950341867 0.4247477364661897
152 7.547584551635244 5.764165954720141 11.029890198518128 2.1282758570992106 9.612895578688798 25.387261009994777 2.8953603863030564 0.5012133607247371 5.824352937681163 14.459659839795266 30.638871977077 0.5071898236950543 0.05987348342153077 0.42539168742107364
66 7.61184168851305 5.563739023906603 10.231992794692081 2.4352673169154198 8.534330532434712 26.184984883344406 2.9071662958656534 1.1106308464099506 5.196491941062746 14.743831389928355 33.59636397588244 0.5049449708017362 0.07228754553181145 0.4238978453993983
67 6.815926107960882 5.9591591270059014 10.768825845506832 2.237558781224895 9.354376195623992 24.88277927641217 3.453344609069068 0.9264742717552994 5.745813161888238 14.067418725328006 29.57280554315138 0.5057941910977863 0.06756333566898162 0.42412883177322547
71 8.062651526496376 5.5616058425115495 10.481349769704833 2.236498079473025 8.846279088585499 25.836429001680557 3.2528652337692945 0.729694635258116 4.882615287940723 14.537402523618297 32.216287102201946 0.5078743848869176 0.050866773362779547 0.42586003123779526
72 7.547417346804659 5.627961087188818 11.042574695692572 1.994087555189733 9.105973851350996 25.41639141293212 3.346655645602034 0.8233152744338084 4.6277339851815436 14.366449653208205 32.38428882060038 0.5078779951979336 0.038666261277855885 0.42725813074067853
187 7.315109171879859 5.7323939267022785 10.497263282895304 2.3158289512482564 9.534110760432242 25.911129446582606 2.731859193905334 0.7236935371887867 5.208112044304259 12.349959217240958 31.927914533017248 0.5089283058422849 0.04159953917162784 0.42628339597184267
186 7.342328022755532 5.758092863968113 10.86022081533594 2.0691784379111673 9.353755404650022 25.6424898467943 2.9522740773986795 0.5204199438892122 6.410188888979559 14.353179512354382 30.86311603304548 0.5050976046142823 0.07137674066608295 0.4206016081157066
5 7.512745745379114 5.464045978750068 10.794333677316592 2.1801334619020976 9.426300762364775 25.270673356962515 3.1479085548333 0.645186999231582 5.105742941474651 14.492663717051599 30.787296888548987 0.5063025101430019 0.06714973228491215 0.42339148088482204
15 7.598436332560375 5.5139802594344 11.173602222601335 1.9264307482824703 9.101069818853794 26.089992630788082 2.6715709429558157 1.3675275092185102 4.252395340513218 14.152810795601088 33.56141998629407 0.5081995818736328 0.04676816706386684 0.42511976356739745
30 7.008356179871166 5.709424408155147 10.17379067594748 2.9255315990754234 10.125275994679077 24.0558476822202 3.3634157267438076 0.9089854424163588 4.952679064045455 13.241360591224895 28.473756024764274 0.5027496690670986 0.09065883291319327 0.4206937820213934
40 7.834535708399266 5.281494225715649 10.860380729076216 2.3172277083485104 10.265361159434677 24.748884477410794 2.9240600266654195 0.9911700343453209 3.3909824108796434 12.492059704136775 31.32884823750321 0.509508125142849 0.032984974325243326 0.42684191257699916
6 7.5226971354992775 5.625648815459511 10.694700791387707 2.4101284949033 10.014836817091565 24.795383386478502 3.118649045000187 0.8265587081517035 4.257919880842658 13.008100503330569 30.421692044539036 0.5076301673102469 0.04489050657298302 0.42667762387239877
7 7.598379361690676 5.690329934181663 10.985552871008561 2.0822446135340655 9.516801572227047 25.09256981824908 3.141279629919123 0.8015964840600093 5.266811097527913 14.102089361464374 30.91761358672934 0.5071659406248268 0.060716496661897656 0.4245049618234966
17 7.811561105782988 5.642209431065592 11.200689139021078 1.9377636731077086 9.140718684475615 26.045327928923225 2.6740891122469725 0.8109515320057116 5.119198135298833 14.480704345823773 33.138083586546806 0.5089929999873903 0.033722640423676675 0.42676826404413337
32 7.654671202135559 5.72739907263058 11.142549015171678 2.0194132305913524 9.649659072888012 25.840156504403318 2.5773122043961236 0.5587827384748566 5.542493726167273 13.598888421602224 31.715545383706367 0.5086650163565734 0.03581752749485344 0.42616708287738175
42 7.6162767407034115 5.684339680860182 10.994965944114533 1.986499892038876 9.244206321393658 25.384565251422632 3.1068435884083594 0.6647060393578955 5.7362728520908615 15.131540992824204 31.442307086275257 0.5090496697998108 0.03557719667560677 0.4275906395274578
23 8.14773655913572 5.417371110778862 11.176418104894292 1.907071447262074 9.489946448119388 25.5748917223949 2.8262473901932035 0.7725069715611608 4.7024809030026775 14.167017110955262 32.22728295928608 0.5088447996444158 0.038872713124060335 0.42744908528629316
48 7.618535458217554 5.63157082019451 11.157004149163376 1.8440731883323835 8.990182148530081 25.00000690985408 3.5449955450622124 1.0903001276594928 3.962047940460729 14.479372824956135 33.1950513154948 0.5084748423495203 0.04917084620936982 0.4260892184515612
16 7.648071284811176 5.711071648676463 11.264470381476817 2.0557466962864566 9.983302312277724 24.749861121366827 3.064712005893356 0.957776807372644 4.159649246636067 12.824274713648263 31.695199518819848 0.5091489335036783 0.03674115810208699 0.42750701195093815
24 7.76202383873276 5.735401620328727 11.112766726943157 1.85004764761541 8.8539974032826 26.95063058977079 2.412995584426438 0.6121093314825993 5.477213169969276 13.87848271346145 34.01072375377317 0.5096958415795616 0.019259777760440164 0.42855785527627716
49 7.459160328258928 5.668291862529944 10.602920970172208 2.3780417536617247 9.330527444323032 26.094304141243967 2.5728654285727144 0.5944846799342592 5.818746097244875 13.964432957438582 31.696122582161138 0.5073917140542075 0.05720618453526374 0.425287285481095
53 7.433455182005037 5.9995318541628375 11.466850221159739 1.8136414536223282 9.482652273622953 25.77903878052907 2.6846381095112193 0.4001807997245773 6.487115719553579 13.907182636881329 31.964122800942825 0.5092560213335249 0.026067415022815354 0.42748641261188397
58 7.4512596437347725 5.529941922918165 10.215534741832482 2.79854899524245 10.368865961649076 24.07712898229004 3.169138540066229 1.1571446558401557 4.372182399397802 12.682424064014839 29.232556053878785 0.5052829752377453 0.0731999349817703 0.42298949505192285
31 7.672703147548988 5.66061293629698 11.23657596372907 1.9280573591564674 9.412914835960052 25.60127666407578 2.845119054074071 0.6561548103829531 4.994872461335069 14.186666871896792 32.07179847713271 0.5089908210671975 0.030931556835514372 0.42854271277626815
54 7.704607206846304 5.48166863936263 10.41701213304712 2.6460099750104633 9.892232906901938 25.115388166600194 2.9061979955451496 0.9175515370353267 4.402391277443034 12.934364465801421 31.217461642836334 0.5081955360851983 0.049609703392878776 0.42623782627136564
59 7.329717664980206 5.603210064731437 10.801408852680424 2.1751463948386083 9.014879507682396 25.90278543566687 2.916396450796826 1.004654839534207 5.310265897346869 13.606370498342793 33.47677146162321 0.507503050637368 0.06011892471117905 0.4245357211198182
63 7.895233463262487 5.312216182653394 11.113823029160333 1.9509340962812454 9.177965768769289 26.005756803188568 2.8557699738867797 0.4688433353964068 5.2413646007393755 15.554474103191545 32.068303017277316 0.5089215483174959 0.0457774905970819 0.427097441457253
41 7.591453964771995 5.36579297282116 11.00894038442506 2.319724492447792 9.870484887091424 24.832904762646688 3.078123602241841 0.527057342335283 4.93452020302153 14.313301069996351 30.978687545160795 0.5063612392997556 0.06322487454310727 0.4247922542117682
64 7.598903864295908 5.69208362746138 11.29138114799792 1.7530622555551818 9.056260176809612 25.827884972144634 2.985242835501293 0.8378369065872189 5.826930171272359 14.75517598962013 32.45287795006195 0.5076805072236453 0.04962148609742394 0.42602862584255113
128 7.693037515664954 5.777205314566966 10.704681510755996 2.368254318036014 9.998507700067018 25.16909465049127 2.7792775061704114 0.4613890011914861 5.322385386280789 13.079222500834318 30.274936589838223 0.5087986838592763 0.04038278278551876 0.42715040492303913
153 7.3362765916004005 5.712311879584279 11.206908884077459 1.9723623488167716 9.396692427737076 25.644998314649925 2.7805536516018314 0.5463119312331743 5.549468740656934 13.86393847776088 32.599379093725354 0.5097005060713786 0.027098915511928823 0.42809298289023073
68 7.745270249407038 5.887284238618759 11.023890242593536 2.136218047178787 9.72442040813263 25.92596372152868 2.393286957468438 0.687217199915164 5.486591599392175 12.80398821549041 32.26293471675414 0.5090408120017118 0.03478471618667489 0.42788163426333575
73 7.67753998105895 5.718904003906087 10.800183557251632 2.269515180256963 10.04429084943973 24.80235476341864 3.0682384680307795 0.6818342715188063 5.339009810284786 13.504536143217047 29.995738345142428 0.5075123180754711 0.05825389253163526 0.4252776527744898
188 7.451722414792483 5.634671649394738 10.673104348108247 2.4123971891861355 9.753407910776003 25.463639109265742 2.6606086269315963 0.7512960951558546 4.80797040418935 12.504038473054921 32.542187847305044 0.5080392081447336 0.049500992139440515 0.4262418763841005
8 7.372401627451928 5.837460481940803 10.624582977845854 2.287335170567767 9.127579906363218 26.184113953268298 2.668844899872485 0.5573322697292012 6.261067199336891 13.564337911595157 32.5332583489215 0.5086795000891592 0.047693649077832044 0.4255523481193163
9 7.658583357463661 5.522343558809262 10.871136071296437 2.088380982787234 8.927975418196832 25.988031308302887 2.9124040372536983 0.39834255020029247 5.8138970954061095 15.472134848293601 32.482193961641094 0.5085808048038101 0.03983767181457778 0.4273986524431423
10 7.365206569116102 5.84909169108896 11.044545365211519 1.932254386282968 8.826459190444824 25.599144423426694 3.2546194948969545 0.7188476076480875 5.449168205927477 14.464384076348068 32.59271381514468 0.5082551239157738 0.04436251607492556 0.4273059361126483
19 7.695989604592637 5.847910491092744 11.190574538581155 1.9053241171189665 8.91171651180685 25.73664765397139 3.039437619383008 1.125854379491403 5.392992670441596 14.400477960636167 33.13403904619385 0.5091067232983671 0.030224474851633293 0.42756057613923437
34 7.5367725037091455 5.8685306101046795 11.022259822296823 2.022506832858556 9.56687717598762 25.870977043535564 2.6032925318987616 0.462164212843472 5.9952553630333645 13.777556306146238 31.4929316482126 0.5077948122961181 0.04865104480438843 0.4267464692668766
44 7.781652833841662 5.685319499557191 10.424583666348434 2.6290529722962273 9.893277845342496 25.113543427997215 2.9406147455425047 0.7107992662970991 5.734960007791916 13.059452758216835 30.364079285060857 0.506699696574899 0.0612170374570697 0.4250890405026259
18 7.69299125839005 5.814018572567494 10.803271906218455 2.1073103378283906 8.959935369476595 26.15420095422275 2.789975047267718 0.6826781113018807 5.41120909064633 13.697789169714406 33.45584068321147 0.5089445050452336 0.03505521640936455 0.42764172369000925
20 8.096482388362116 5.598877328125668 10.957873936544896 2.063828461265192 9.07485450496404 25.477452981461784 3.181311389167791 0.6678589536416842 5.390440468171439 14.439538534436915 32.53975678582633 0.5091990865499875 0.030402902892976598 0.42864996670043065
25 7.632366341216069 5.64485560044723 11.068406061443648 1.962285805022325 8.892007697784667 25.925363570833145 2.8338494859519714 0.5876633549839578 5.702265814026459 14.718117256069934 33.52581182926441 0.5097125934758737 0.021859377138873398 0.428954409576008
50 7.608571879285482 5.77456972783508 10.821303854542064 2.2649168356285267 9.209342774904453 25.23922198110543 3.112168113836651 0.7728336934516556 5.211173104861973 13.894476133581524 32.8912197228265 0.5070482052103991 0.059043416542720925 0.4251082066065124
33 7.4812618307772745 5.76303131812507 11.18713154052898 1.9013627973142564 8.860622269970374 26.30884007700012 2.654529908969112 0.7107607869527521 5.76662779098505 14.729597356251585 33.52610002078381 0.5098706225123593 0.023063889118012097 0.42825558728829394
35 7.875084061494219 5.679931564246575 11.035520022871538 1.8940487886874051 8.690411992396056 26.617294793382484 2.600768592692316 0.5831275661393036 5.650475553558788 15.047261415409745 33.38930184460408 0.5084594053596324 0.04445020819007322 0.42710052353272376
55 7.55221982959293 5.611644229076758 10.928526290121006 2.2184266015140657 10.042164202565752 24.764907658122652 3.124369898684556 0.6482092555962828 4.172549359714711 12.737481113703206 31.142473133615884 0.5098858165261033 0.029293174797706812 0.4280406547332102
60 7.617191755079853 5.682948282655762 10.925457813195885 2.168253811308769 9.697530098210276 24.84903527137845 3.2733456847738758 0.642043500385892 4.728560507754975 13.028954387642756 31.76054860551841 0.5097275467645226 0.028644956803661997 0.427506767875917
43 7.784514628626823 5.584988649618752 10.817179938278095 2.0782310687158407 8.879148440815953 26.27196667115542 2.7225508046100138 0.7023349447234526 5.506255220638508 14.228952709511773 33.58866408968317 0.5088685366907395 0.03721660754112191 0.4279352051490077
45 7.776961492057649 5.650440786262436 10.946149881893094 1.9223230396389974 8.22419235462363 26.343148726532238 3.205102232403593 1.1035055284503488 4.718396604171303 14.41148386422224 35.3277844397529 0.5070627458099534 0.0580054069113791 0.42508887776367726
65 7.672171446811484 5.714332086715336 10.479377126938214 2.7467995976972466 10.412049578080964 24.465590008390144 3.0004563258024395 0.5174548050693266 4.901623408300619 12.593192186634578 29.35969763700731 0.5067456449806542 0.06553394761650794 0.42356349299336016
129 7.309827074915524 5.866523017009743 11.284078313125647 1.7556983530741705 8.709508390405588 26.70990400914024 2.5300582947360826 0.5159858545863073 6.237004700622411 14.669412174360462 33.85704024427552 0.5091750897196686 0.03324247943544187 0.42733541783892365
130 7.898943918669071 5.650648797674723 11.291393628987084 1.8039683268556146 8.991359606942721 26.218121975935176 2.700451740467746 0.6677302175399347 5.3146396742721835 15.054602503548365 33.05426084285879 0.5084395888743943 0.04389445009369062 0.4275307125735632
154 7.493340676590841 5.827098360146552 10.964101313601912 2.025870038212896 9.28892488552039 25.666339358879522 2.8055721384345493 0.9740568325707336 5.805372237568697 14.066395301831172 31.994848154560657 0.507436929666263 0.05227269608780455 0.42635193130711824
155 7.9491705614743555 5.521354748586077 11.158282720758372 1.8763826580720364 9.15562911147521 26.48036553470579 2.4529917053952026 0.5822547151805673 5.487151202010396 14.972570767560487 32.676952022733346 0.5094257582267149 0.03582679797096381 0.42676102618625555
69 7.726853207465643 5.638580867253211 11.214649682693926 1.8404883313129001 9.327943852660901 25.732035590231213 2.8170914138194374 0.6680516493303658 5.518723244585509 15.11861332807993 31.60315751984657 0.5090071220108305 0.03707369782418195 0.42695156163239284
70 8.00304443719613 5.483997318242187 11.207976527588661 1.8904111840585307 8.774050827268244 25.869986307612805 3.1027122836668477 0.7967433920064864 5.12785424770339 15.853175909171197 32.88702378322549 0.5078155078166179 0.0556690597573572 0.42442993569431947
190 7.340681809874927 5.658030648735459 10.895920249937998 2.159830054061166 9.755040420155174 25.203116316719324 2.91890613092835 0.7483445568531892 5.1990362246671165 13.714692664134317 30.66500402142595 0.5066926559401085 0.06194456236749393 0.42337801064104974
74 7.802248092575891 5.772370713990717 10.967517677807699 2.181468126256123 10.059202721574852 24.9418474129024 3.0446128983686043 0.6423122338528997 4.933197712295967 13.319212883639906 29.88600833864275 0.5083407933307031 0.04901513670012659 0.42565974728632855
189 7.420217238286451 5.550412276532367 10.48926950088102 2.5815002063090313 9.892037129554499 24.327244640882938 3.4799139800825696 1.250384373753208 3.5140898864704018 12.543456570456577 30.968842698038635 0.5082748358794106 0.04645651405348516 0.42604121644294557
75 7.982911050283304 5.377054199748902 10.682770433267441 2.0046533731391794 8.439127049012134 26.334826963443547 3.064272744439447 0.8283561788600416 5.113330970329734 14.87465427816678 34.279863002933666 0.5093694850947919 0.03463888311549055 0.4277637077097169
76 7.562167961678597 5.9010396085322485 10.721962054437512 2.307062822570568 9.851670216462526 25.557803418388396 2.7224165515154355 0.38855158144388696 5.788976011126974 12.79232658543886 30.743097723363583 0.5092462097778679 0.0331787928825315 0.42779552342968524
77 7.67914792682162 5.901731500437233 10.946327883716437 2.031024966346974 8.865412485027813 26.070748530872283 2.9018510311467574 0.5612971954948431 6.89508113250171 14.03076199315736 32.9682830017026 0.508209878964057 0.04013418872303345 0.4273437362378897
78 7.612333479134109 5.644995186101741 10.857096075733129 2.0700719814090984 8.812934096714313 25.240549739643768 3.3999787890566946 0.43220586597078653 6.2702085445437055 15.713050128644765 32.097613251059535 0.5082816492853944 0.0403270404546441 0.42652742155236234
86 7.406666085474285 5.937647252744556 10.808591190079937 2.1993250408183913 9.162823731311391 25.502846793094417 3.009434728177278 0.4781101148020613 6.195303700581407 13.598760759848355 32.36039628893675 0.5082272913934328 0.04167175929341331 0.42681796636454644
88 7.227255205449525 5.624347415444201 10.302487376915826 2.555439436316695 9.26994139416806 24.555938079478995 3.6632745310905204 1.0320638695091142 4.673888943375959 13.557066162006919 30.906293321521165 0.5065945475316403 0.05910060467719008 0.42557004906081486
79 7.338528553006529 5.721665586362337 10.893798883187927 2.1257202473147605 9.043611569781735 25.42590301401576 3.2296403067824735 0.6515401845335116 5.718731432019082 14.292500021549236 32.494543258898986 0.5093111104872512 0.0285723337360572 0.4279394902639918
227 7.18309050656692 5.613804262146692 10.553377521790049 2.331605367570548 9.14475605926269 25.836386650673653 2.9135499384042385 0.8414710217680811 5.077588648485984 13.089419297785325 33.25327603781042 0.5075910676885785 0.05455751225437685 0.42564630084058536
226 7.487239541655657 5.8351234688305125 10.885029973655199 2.3712171909261084 10.384807966225575 24.232600484598954 3.331493770153445 0.5233472474300589 5.0118007450392 13.151021317813875 28.300946803880446 0.5069238281587235 0.060559402652047206 0.4251801125563878
87 7.668883912141763 5.7824882749928666 9.252626581799456 3.446201612298691 10.246431970962737 23.887205037518648 3.6400173514666934 1.0408825994361743 5.637523227335597 12.311424274393172 27.330641473551008 0.5050813924956612 0.08121061564734673 0.4192593781471503
96 7.484082923020787 5.764786988277422 10.65186742362007 2.176530313680428 8.883290393808695 26.31071688948885 2.7929269457468213 0.6505210958404198 5.758087116866122 13.557660748131106 32.87953363813517 0.5086940068585957 0.028784000483948094 0.428035686138775
97 7.2313053083453305 5.721980647002418 11.06759496456032 2.212302193184904 9.489943101183856 24.405079133065506 3.653885940861999 0.9717437055574221 4.257580228378098 13.626041110063039 31.317121825052247 0.5073627909691372 0.04661322016268084 0.426069138797696
89 7.7711601597131805 5.446034094144574 10.431223961726042 2.6175518806657325 10.078916399476359 24.517403521680652 3.4616842380410118 0.8673211109392595 4.01797297783853 12.776046457434429 29.979733201703784 0.5085006172371718 0.040849634686433885 0.4268609748177278
202 7.505860907533761 5.759978739972726 10.798275528600259 2.256559732283722 10.067703925321613 24.608769814152893 3.203068439049066 0.4993416295061454 5.108454084328378 13.263477459080553 29.593120184975515 0.5084763659694317 0.04304512460827774 0.42528442421209495
201 7.077638665117575 5.825416331607932 10.131192827963355 3.0958706216748575 10.455673495397178 23.88430357889417 3.3724023415225712 1.2045434029428965 4.472052994182952 11.983007229308575 28.08582535974237 0.5033018684003077 0.08761454511572846 0.419669582059471
101 7.653169677712193 5.544484211436851 10.182057334892313 2.5842594729539385 9.080615408521018 25.24415562507836 3.416772641218864 1.3857552807870115 5.01413700192707 13.50472830486034 31.941235476929545 0.5060861328836941 0.06843504130917315 0.4234203050252387
102 7.594263845944473 5.819448055303962 10.375899411109684 2.641751860494595 9.655966407932636 24.86857291174943 3.1994702520070897 0.7820496210449647 5.129911620160944 12.726171308483485 31.312690933951806 0.5066352097037146 0.052992971497712385 0.4262884562203129
103 7.798024369633792 5.847226179285877 11.305688377975565 1.702658193760713 8.63956708542743 26.216355921722506 2.8590852308066195 0.6901361731613875 6.246873664148179 14.872915936795573 33.90800976949933 0.5091593518599388 0.03257167282953072 0.4273494840193065
111 7.728029077536142 5.903581938030034 10.97352995878826 1.8422662422150944 8.053594008720031 26.522871610363424 3.1468937013892084 0.9569721233852636 6.689067386707435 15.687265376823794 33.378534484845744 0.5084095929890862 0.04491036586228026 0.42680642498495913
113 8.149099304538563 5.483442754981431 10.924228114619993 1.9868495607190182 8.48565343850678 26.742283677250633 2.5953100506248123 0.5111645828542124 5.852703255919431 15.868416211432345 33.86254340395348 0.5093218263204372 0.030814753405260447 0.42763388647946793
104 6.990974748486347 5.612750890561425 10.656431255260237 2.613171404877211 10.032123521475148 24.45841212817086 3.263209834707707 0.8541413829794089 5.1107782337151315 12.959488467305105 29.787798731206273 0.5056688555190559 0.0671314119186907 0.42436723298190726
112 7.277332112944565 5.915154779769313 10.553004465237175 2.2549629523755255 8.687547022922141 25.85813404931577 3.2194177149546177 0.4705050967564431 5.921854389557328 13.599337231508322 33.757276420353286 0.5092538237623575 0.03244452907419042 0.426885017096514
121 7.8108850811046 5.906547954720484 10.832334683579335 2.058329319736449 8.738927418256212 26.736805322463365 2.5762375233893553 0.5264923833000741 6.268504333697657 13.796520158201501 33.85863426910652 0.5069734462814567 0.05433251984961469 0.424908968086613
122 7.80647861058455 5.5776227704252355 10.738028688223388 2.007668883318285 8.503580895307314 26.239332911952207 3.0295216405983374 0.896010831713042 5.250176498541829 15.11019284021754 33.33107680856056 0.5079021029043205 0.04051248721414575 0.4270117194791179
114 6.849586659383449 5.887513818301109 10.915117014284398 2.148748219080826 9.743749950813408 25.150679759083285 3.149899999034658 0.5231603483963361 5.564070120501415 12.742295911356155 30.941043469060467 0.5086634810165808 0.03818617497945916 0.42738136026751977
80 7.990811610758719 5.740356277558499 10.552028928366113 2.321831710630849 9.603444165743442 26.084830139805025 2.4142995049824147 0.9974520539361538 4.406464675342277 12.131435441971766 32.90344447856219 0.5093354081533483 0.023805239255712467 0.4282330934356713
90 7.626685232631772 5.638993750076661 11.151855292302153 1.9896411139367223 9.238506385135148 25.63391577089495 2.886015769025544 0.5581913717309123 5.612729741558285 14.786219790310616 32.20173991054973 0.5088413222024575 0.03508912681602593 0.4274051256573327
228 7.669110440054463 5.76079870635257 10.996896385623925 2.09011542921924 9.377446083573773 25.488917186150495 3.002245935647007 0.7903590655492765 4.540051402645214 13.065880251048524 32.99374426435029 0.5094746412205604 0.03403990255863507 0.4274367704751405
81 7.499357670413146 5.762460407303189 10.863104235694783 2.167783562118312 9.410594790335212 25.280734204784206 3.1944005315541775 1.0051452866261312 4.29686816597728 12.953034374704194 32.43858132682558 0.5092258938784526 0.028733234927230466 0.4280787205385567
82 7.683487420016645 5.767571271184987 11.358525228000644 1.8925195958235934 9.660442622543943 25.010035970183424 3.1768199007131166 0.392910189601902 5.637048844395665 14.871944060206046 30.32562187788609 0.5096225609168911 0.029944909994710965 0.42752748135232976
92 7.539955843636573 5.652516856605436 10.855884171084098 2.1415773842109895 9.579852439103618 25.2331219392109 2.9858900377040833 0.9807110156795641 4.7460899321035095 13.644294789374634 31.356528338555353 0.5086732490579272 0.041482108663401115 0.4276326333079043
98 7.541099168282836 5.597650898825933 11.209188743587763 1.8905505465736965 9.201237716067896 25.562031501755175 2.952138572927667 0.9349374681044359 5.01998128670483 14.040927997770881 33.11027163649607 0.5088595696873054 0.039927604095544356 0.42733460347595265
203 7.7729184066441706 5.761293861437861 10.830742784179396 2.28294285037394 10.033790154957511 24.88677112037234 3.171644253768171 0.7010825625395998 4.695085739263828 12.700444593218592 30.364139298627848 0.5072276510400809 0.05397710066768996 0.42649182727848806
91 7.69845427365921 5.621312336810207 10.932282412424358 2.321912543838916 10.13006435938103 25.002413868224263 2.816163485545272 0.7984761662211033 5.334080593227726 13.590180124717506 30.126767227208973 0.5087460016445281 0.04313553248443754 0.4274391040941612
99 8.039808620475473 5.520513454399567 10.711154808344988 2.2792487579297402 9.767695003607903 26.018057644733112 2.4689697973268543 0.7911876316463676 4.285276180160086 12.730959664925646 32.10544370460381 0.5095267003883258 0.03089007917511984 0.4284111016273261
105 7.786059310063427 5.642795865450384 10.832234373611884 2.263993595814339 9.569896619283657 25.582136223724056 2.9326234160059315 0.6786174215614778 4.894176894366997 13.544300350740343 31.449722594554846 0.5081392884484514 0.048085973079318514 0.42640549463576305
115 7.314552842511424 5.762476441329472 11.44802617305835 1.4788555998610062 8.356227888732883 26.456697148977675 2.95325822483996 0.7640251426374921 6.1590810452314075 16.26938547095205 33.4517801113733 0.508977952737153 0.037372543711714876 0.42723350107301894
106 7.446958950822874 5.646716388372103 10.612174520910061 2.4823754220000174 10.417473148227165 24.68986572299078 3.0352778961397155 0.4499188200847878 4.908858749103805 12.680925983063931 28.75610728110836 0.5078310733128247 0.051593717047438536 0.4253602690982233
107 7.776904075040121 5.764804432823783 10.83528518541353 2.266037921830354 9.585524098546921 26.192645324585435 2.367675149245335 1.1162102274251784 4.4055241258752 12.132671462478271 33.15998892493151 0.509329030150605 0.027547420067286263 0.4278643616391629
117 7.811747542767376 5.201305547944393 10.97504218640865 2.12862886473994 9.057733524420998 26.241335407650745 2.5877695112926884 0.8042901230571943 4.944419835774946 14.787113133174472 33.43503646547752 0.5077555940232011 0.049323876900053916 0.42565858751667895
123 7.7654351284784715 5.39832723704446 10.524995361616403 2.2995572795091723 9.359072599279152 26.287986558343988 2.39707915568384 0.6705489479596407 5.192665707943811 13.334061454811113 32.978746399867205 0.5059516186833208 0.06490855593477989 0.4251112662029138
116 7.711386106598717 5.681029357146614 10.564090919708203 2.761232086539346 10.839451358231656 24.152621538319785 2.9891643195897295 0.5745941760026606 4.559891855203847 12.15663790623576 28.551462816663275 0.5064419005295903 0.06479799790751024 0.42411997896051024
124 7.783430419501756 5.778499806158889 11.206388647655551 1.7969834582730189 9.053842375971692 25.809555643279374 2.884028842237437 0.8138346521633696 5.044181204912172 14.960157976604116 32.784967690222324 0.5088357443404061 0.0435148576575108 0.4262187016048311
229 7.316992128045465 5.703884695953934 10.691647231228458 2.266813291289181 9.794576568279249 24.78691902529357 3.3709740024590906 0.9707036149049798 4.5880724092328276 13.218339577425224 30.3303444592216 0.5089884202724411 0.04416957477217411 0.4265218216407567
230 7.808637723946112 5.783024807995604 10.866594601810695 2.1315143549104447 9.636982435472909 25.275731135548277 2.9913243203940767 0.7246348479927269 5.0114496050486235 13.56419042036721 31.311225137399415 0.5090454051746739 0.03500903318442332 0.4269328586117935
83 7.5465154546503594 5.346639677536793 10.601230983617144 2.511829137279581 10.02262822235086 25.1182803326298 2.8459433530607807 0.7341889826760325 4.050066908580801 12.623488583367509 31.489866944530803 0.5072208696789576 0.04992854751940741 0.426942446375899
84 7.456682452376594 5.803038369616563 10.999085820588784 2.0462044380340947 9.883721848324157 25.639586383163753 2.787730429908931 0.5284729335649899 5.119072633450752 12.96118819324108 30.78398905448395 0.5090610046170362 0.036967973627894536 0.4267571388321289
85 7.224476738050905 5.692831771121798 9.93011966107537 3.238073847011011 10.040791338599265 23.980562953956028 3.512297063504809 0.8789654436602397 5.298998850003734 13.102335043684056 28.31276420600322 0.5041239646330732 0.08795005745398138 0.4192996525433451
94 7.202648792936559 5.658220330440954 10.954849980418022 2.0496548865645865 8.95749209401476 26.14206921188084 2.8765171842629207 0.6673063383600872 5.588152561670275 14.167258871544147 32.6995062642881 0.5051933137335185 0.07221355365149534 0.42283005774523785
205 7.397151252402477 5.701898477804589 10.790474236334168 2.4153678796936466 10.345105360003254 24.639658736911862 2.831529010608188 0.49378770630819935 5.3965029096683566 12.964605096094884 29.888612554695385 0.5073121155728372 0.05482702994688944 0.42527237150423053
204 7.5842030877813436 5.399812222213418 10.61263285741858 2.53167873394524 10.633223442820615 24.495387658709216 2.8895551427476205 0.8467535876037172 3.803124325683404 11.489734335062003 30.439987982290102 0.5094207292449854 0.028486466429482115 0.42824580062914824
93 6.7733140961872875 5.845844043032646 10.954658303119233 1.991917388018972 9.471300246692884 25.560479809942127 2.9081949824329243 0.7160542923505056 5.604585224166611 12.912849687023963 31.689059070403207 0.509021147394491 0.032597109248128045 0.4262700347297954
95 7.186110461215838 5.718908429023602 10.215207190854295 2.626848163871756 9.618440332047676 24.835484945536322 3.5398241300641837 0.6621840661314201 6.048406512836072 13.020753346668124 29.71458800502709 0.5006336686486363 0.10062706628726037 0.416287237428247
100 7.835351789457563 5.687305253017008 11.206350074047048 1.8243423066259945 9.149762283484106 25.696871848611096 2.9963655378894383 0.7455478214676954 4.942844110664915 14.964417860196225 32.1720379334106 0.5088238306897632 0.02166816521879404 0.4285595374354012
108 7.332662698624158 5.905334248743113 11.035089002712247 2.051033060785824 9.847413434805173 24.763048798339895 3.3066104188427152 0.8796029983628122 4.760378746154416 12.841658798780392 30.763208688813073 0.5083508085279086 0.03498907917402381 0.42798971080284376
109 7.7947208027271335 5.417728770314914 11.340575746105852 1.7651242167073888 9.098260259832104 25.86983531541944 2.8819234070567323 0.6156174146087938 5.025323475893122 14.548766755778825 33.242527613298606 0.5101474248308984 0.01615363030803568 0.42872799764923836
110 7.6948837697374515 5.697265105635555 10.774071871467541 2.249300188887223 9.530693897348568 25.066012221880403 3.384477601400187 0.4996798696663393 5.411526858869586 14.056044285174364 30.634160079781438 0.5091705021109879 0.03541385958675884 0.4267968224866038
119 7.880521736094515 5.0112975846746215 10.325048008438543 2.6181913098926706 9.498006096539376 24.329345861011568 3.635520709893227 1.0341985144817198 5.089629766137551 15.489165420189572 29.603109734614538 0.5022190529182182 0.0914718797269299 0.41878470962163145
118 7.157630437254232 5.773289748750039 10.317247294653898 2.556591880930902 9.853621724493475 25.18630776097037 3.0479928984302855 0.4705398252362972 5.564635346952595 12.744507230381856 29.91109943810241 0.507327790976498 0.056582359284505786 0.4251277489230958
120 7.753549605953137 5.717979358172632 10.611035259237447 2.299252040225964 9.201944894160299 25.285550648278157 3.231037084351737 0.9083734143226883 4.590791795051741 12.535660931302298 33.37077067792372 0.508333567392047 0.04077977795460755 0.4280806981064041
125 7.834206649213999 5.525705830674973 11.23770862503615 1.787995195815532 8.73496743018746 26.523415664308793 2.670522111067479 0.5201565160694102 5.698864401245963 15.831885088484587 33.020914113099614 0.5093717362214086 0.028008182478676907 0.4273804105675868
131 7.499897032021725 5.772062277461014 11.06889299055065 2.1291427410631245 9.971225732042129 25.08430533667045 2.913543424876897 0.8926576836070222 3.7821557929408427 12.056246399296883 32.02640440142344 0.5093093585371111 0.029573774706972714 0.4280741818295788
132 7.718477338617485 5.600176578704835 11.138008806909683 1.897484854517825 9.31511505419314 25.668819301120692 2.835800813542102 0.5887006246390339 5.340143911731421 15.108820203956048 31.775003866597004 0.509637390851363 0.02810872734859144 0.42844037664185103
133 7.688397191060953 5.611808906887975 11.092027440321903 2.0544858855544526 9.328892404306862 26.270381003869417 2.452631267726316 0.815165135787209 5.244824671622192 14.089643717938905 32.95464458437284 0.5093507687911016 0.03325383722307273 0.4280681449249232
156 7.184324965238249 5.654580196831743 10.963864609136968 2.2573804634929053 10.27290082040048 24.651731250250414 3.1122973868238146 0.6699029540675638 3.998038083078592 12.091697905521693 30.873357233728747 0.5097508038093979 0.027500739252556333 0.42812957150178366
158 7.523024110750894 5.619965498031894 10.916369069699352 2.1037909853303898 9.572503591055629 25.221989108300086 3.064899494961662 0.7484877997245495 5.382829189293424 13.92523326997724 31.439846013940294 0.5088807293363874 0.036309596361034834 0.4277927149809692
134 7.201664888895421 5.85905886221929 11.281037723432883 1.7701366166182455 8.63005990443317 26.62601165736487 2.63474319062744 0.4332756740649817 6.513531945012444 15.03058269346466 33.43725643354693 0.510067903404735 0.014287230208081564 0.42882205925150546
141 7.7334922893041504 5.764256400985726 11.08579000039886 2.1870716313238034 10.3317873382163 25.079939961334276 2.5849630182723513 0.7013345661756601 4.589983022236858 12.700934056536664 30.856801774540795 0.5098136998399954 0.02196502173417431 0.42812063141917994
142 7.683428100117374 5.781479694374793 11.319287019920013 1.9468298666513975 9.464940685263326 25.52601317538465 2.8276271707638823 1.202787713879629 3.824147225240216 12.893828718996135 33.48940707922237 0.508397220114106 0.038658189211791434 0.4276640535143465
143 7.603249224558036 5.943722814223319 11.473630223021956 1.6829505114352372 9.271617326925178 26.17284323710292 2.7216029446573105 0.4101444422452424 6.545074788347807 14.59096020368171 31.613571849193296 0.5100341932832629 0.013192639098236435 0.42849472466916944
166 7.193791374455829 5.743166765758306 10.956739283205826 2.22912894042053 10.381394739051707 24.668965338969297 2.972400861009105 0.7359906150380856 4.457322858646363 12.007853681303251 30.200538023926253 0.50985854753224 0.03140906305749365 0.4277999378865156
168 7.857054492997387 5.575873706279197 10.51030218262846 2.3435213325955475 9.951322494294763 25.21693546852872 2.8839654436756104 0.6448960506632269 4.83326775396931 12.831100284318973 30.865634279388537 0.5074202768644906 0.05266158901178281 0.42604085727478597
144 7.299184903507494 5.690120373621409 11.123753713263012 2.00753499466931 9.243255637675192 25.853539003930653 2.722254699532018 0.5175498651405993 5.5758520823105835 14.014338581008868 32.664182637444654 0.5076631701226544 0.0467112745601941 0.4273106222481123
157 7.799545587962122 5.32293344264365 11.163833385287164 1.9527919795451856 9.353299824181592 25.63492793498508 2.9072658479742417 0.7246241849000918 4.3788373352014025 14.418902751106506 32.362068321542566 0.5094241979524504 0.025487925893545087 0.42872977125969697
176 7.244551841778364 5.664426586225184 11.052184580273218 2.0872474900823175 9.792200565308718 25.2764317521034 2.811559089598635 0.6402282864722729 4.663439912479342 13.056254270105999 31.848927665719167 0.5092194677448729 0.03497462297992201 0.4270430006788717
177 7.70563428625543 5.791514278442845 10.960126518819106 2.078866701944918 9.686731668393776 25.79831239681599 2.6244030337828224 0.8761827810612691 5.32076453323225 12.973715002227229 31.697951231276818 0.5071849521969541 0.05126438009965159 0.42606186638458154
169 7.533750774428229 5.780471337262027 11.106360049264369 1.9029546619103186 8.945468228149842 26.23602068012631 2.7022324488763374 0.5308300889391636 5.985672660446699 14.555161131046217 32.946261504587504 0.5072092248718515 0.05986052456811328 0.4251042649101384
159 7.765312749063717 5.7626295856491865 11.052780559826823 2.0948954230182153 9.512164836358565 25.63285382497524 2.6843357345383967 0.7904380841041677 4.88974332632953 13.066231734672066 33.20509864317775 0.5080667024140675 0.04997016744036311 0.4261609335676456
182 7.579484774014442 5.786004058074401 10.84429260493521 2.3126183337580843 10.116220057471743 25.044412263486823 2.9338356026691677 1.037998445593892 4.141378915675637 11.75140209149834 31.095559493378914 0.5074947638832428 0.0477137583477384 0.4272070340154727
181 7.4962808405319645 5.572490063645634 11.031188300209273 2.2720924597037855 10.3891180734196 24.446738418553398 3.0595061362640243 0.6738183528230687 4.428681008514084 12.821900208765507 30.30163932520549 0.5095394273839818 0.020199512923188088 0.4286509016487772
167 7.875587365094051 5.570532685360138 10.954283657253532 2.213275959576454 9.688546033527473 25.298186133136788 2.781170761421621 1.1723315392945703 4.959697372455382 14.595154220051814 30.870254439774676 0.506902728555499 0.06118374863412568 0.4249393618965319
191 7.657724925128887 5.673613958815396 11.19734355082643 1.9986124110400838 9.909669308058875 25.23644567147264 2.7166592313446385 1.1029969560754143 4.488265997970695 13.133830624408459 31.707980952333063 0.5086923096028879 0.032224814344231356 0.4278119569927593
192 7.54151515540466 5.698273497414312 10.905685911702973 2.1395183383914818 9.4583388402336 26.201939293601686 2.509414417876234 0.5461679033085223 5.1879709503230425 12.852667931732345 32.85444050409483 0.5092113312926233 0.033539812892427766 0.4276064985911981
196 7.700436284746337 5.595354716606392 11.11608459306466 1.940602579804963 9.086969374766614 26.049725973153766 2.7930140780722694 0.8254839102842025 5.501461820269244 14.929943457568836 32.276842850281824 0.5080699859905907 0.05010799363993259 0.42610262968631335
197 7.550417427144833 5.834448947752485 10.935557039973446 2.031141432648973 8.897106717457978 26.137946755063304 2.7949703371992176 0.4926236554707637 5.81998319669339 14.56667328197341 32.98399894793726 0.5091132213538083 0.036204933766996704 0.4258876858476658
135 7.380589909817376 5.790219777256654 10.998463273975084 1.9829841425759795 9.212394743506389 25.812879372818077 3.018876775213771 0.49567051799370654 6.158663175773905 14.533021466706064 31.16836363251239 0.507200920243136 0.05785361430225504 0.424967270725187
160 7.700513677076899 5.59242385975965 10.446238884017099 2.3519901774050984 9.271353958963823 25.6580637158955 3.0293281636413893 0.7334937988077415 4.569612844014018 13.309247514357478 32.46785304439707 0.5088542633917535 0.03978878154779006 0.4271881493051756
184 7.510629507701764 5.554078454172932 10.8776404252676 2.171070485163728 9.681159268902986 24.954376468929937 3.3298921805917105 1.2446100124823536 3.5126483255115284 12.807135004416853 31.563111061162264 0.5084715343784156 0.046103307573244386 0.42635202507484216
136 7.827786121771346 5.805766277928541 11.103339193888857 2.0531368707764996 9.580172378980564 25.16422036721166 3.0397082636449544 0.6769861799946645 4.979451101025003 14.142425894087046 31.200427792834553 0.5084529647435816 0.04138414752849048 0.4270895177477762
137 7.611309392735076 5.7477044259534535 11.198256602954938 1.8649358671440577 9.38968655618533 25.828189546639052 2.7432121306417523 0.5754451248725904 5.623609580759999 14.068014414139219 32.12753986739977 0.5094926625714946 0.025273556571444897 0.42815993353285947
162 7.500871225891678 5.824054042313199 10.916736806560161 2.025334634718821 9.188393640329046 25.641541950730584 3.0845440815825427 0.8793872997174556 4.6352366813789745 13.11398200073158 32.814493345115906 0.5088809465774589 0.039379523805214305 0.4271553220361695
171 7.8182593182508295 5.631729480067139 11.31390626788252 1.8286833843638641 9.265563495702665 25.52185642730411 3.061685862012434 0.6672948486812585 5.1560886302786475 14.912387944579542 31.744741790158564 0.5092525801987045 0.025779533635835045 0.42772682669476353
145 7.396172419859344 5.7099263394449045 10.43639196639774 2.5501874599547594 9.706908759741175 25.333601682606822 2.771284778355312 1.0071585757595283 5.382946349470639 12.818331250418515 31.454096396120164 0.5047062901958577 0.0816261089900508 0.41978002467025605
170 7.644526767953397 5.667126465125719 10.997669082361885 2.041436483732328 9.265692498306423 25.442008072478565 3.1233182388787717 0.6176006689281945 5.183612097565458 13.824006442167528 32.40468985608457 0.5080331138540332 0.051476225291146795 0.4248855446303813
146 7.617142675135806 5.688213138901766 10.906447777764388 2.1019651981033602 9.325536867141375 26.21922756647596 2.5462311819249903 0.7665063762422845 5.075962413164873 13.125897959712665 32.81764728113094 0.5081412812860182 0.047210433674576335 0.42629801866057715
147 7.625969816425524 5.659006113735914 10.582525758991531 2.372185966054927 9.81664088634599 25.61845546512891 2.7214605087414117 0.6609203059118015 4.840740077157247 12.493308315238105 31.502492635795225 0.5098787687053664 0.02066074885301915 0.4283943256023323
172 7.635236010822413 5.625960578914593 10.959327414643935 2.1510261169276306 9.734817375693467 24.906780820180085 3.328733761313148 1.0528673697736115 3.7818229992738996 12.620489253237738 31.86231103288198 0.5094400997748659 0.030994695072930095 0.4275526203251694
183 7.378513035105818 5.827167601577874 10.962120181902105 2.016155020529196 9.14142160845075 25.78934009345896 2.903615264087362 0.3906177140625989 6.5391497893589685 15.113950804227049 31.400505464033998 0.5087688792017669 0.04267226695075292 0.4270535773060136
178 7.73286525582405 5.681834846675127 10.807872197320139 2.058829702981093 9.042254816187743 26.53180562546823 2.4077073402100213 0.7983699074095096 5.201311898208652 14.04559269654273 33.43073341629641 0.5083428522457268 0.05144791435488247 0.4257300612102778
161 7.79027090510991 5.6797447720327865 10.864636907884034 2.166798351329234 9.670285240230948 25.596043821826516 2.747332244637063 0.7236144647643109 4.7885480168137375 13.222628255158638 31.785846593498583 0.5089287447305941 0.04100248887735639 0.4275266940582382
179 8.034083423722144 5.585150445206399 10.720282627910104 2.2490760288903737 9.917553143617065 25.54639473233684 2.5631710317948055 0.5007835300838678 5.384074855824338 13.873336666972238 30.665060342010392 0.5093522309154686 0.031718185713989745 0.42714175838902024
193 7.328107636304159 5.742873218883753 11.291169242192717 1.765298608694444 9.169930151162884 26.026107822295874 2.7802672364870067 0.40083354757104217 6.2345756274929665 14.900804328391642 31.844647004234282 0.5093867420133337 0.027238795067398815 0.4280890926534195
198 7.483145179683765 5.709139515854592 10.740575965819657 2.2222927182134957 9.248078048990408 26.144685677023272 2.599226956793999 0.7773724073501047 5.1799282766403145 13.52053211893725 32.67578927856432 0.5085625976642056 0.04002857422193571 0.42725146802782654
185 7.785101802592597 5.6542999096757125 11.226238675882039 2.257547832012529 10.707284392609564 24.313041739994855 2.923422002104733 0.6222467562178682 4.073046801353275 12.819057394559387 29.709828986595692 0.5091306636396304 0.039616690582874335 0.427336551681825
175 7.937843363951402 5.469894436085633 11.409776680090065 1.7216819619234685 9.017565166806524 26.595473324466955 2.4524341755039334 0.8782569517465785 4.503651576078683 14.483857591757868 34.05003705219281 0.5098542012120331 0.02374145131192541 0.4285478874301146
173 7.5319456201199895 5.68932775549151 11.200631693984 1.9593673221781431 9.57478967607731 25.73397656293686 2.6475822881225977 1.0527054728961642 4.387919793315412 13.194072250015369 32.68599646807717 0.5096205407162758 0.030185458998605832 0.42796011049082777
138 7.7255115398889815 5.54680271598359 11.025534934080893 2.1575479045255475 9.616862993382892 25.62189961921899 2.6508203791143705 0.7138441586936083 4.507320918765725 13.938650234753057 32.221025494013375 0.5088619776470238 0.04432424683595479 0.4267240290762231
139 7.816474952817538 5.45459634956236 11.167853385762486 2.100118385896099 10.12265498312956 25.078879448925232 2.7580462165478568 0.6878349593644159 4.6502679967957485 13.910120052815675 30.756726335926853 0.5089022501303018 0.03712033126676378 0.4270549191930992
140 7.762375448727654 5.457516751016043 11.476693986749806 1.7254302735338682 9.392837299522073 26.455150253256413 2.2847033209373198 0.8504109924409525 4.351926478160422 13.881302881521002 33.73452255163558 0.5099900264488044 0.024369976980251017 0.42828342502415984
164 7.430874545870307 5.7915342355838115 11.261295896044912 1.959051425679223 9.911034116725427 25.668096563024875 2.58393673514381 0.5002827474419709 5.618228767455759 13.34119491827124 31.11610734586249 0.509194686543361 0.037546505103331206 0.42789389307831194
148 7.350197869481333 5.732455535828042 10.753610640069116 2.111208806307047 9.315616774729623 25.783881461723766 2.8486182233313384 0.5619664038225501 5.9321992043008205 14.33517577305289 31.32861990557325 0.5073070484661296 0.0574832646052831 0.42501441237308335
149 7.226927910674901 5.73323114905855 11.403230752028675 1.7946290052803715 9.423962124417981 26.402969663613124 2.3245276531149806 0.9184061767471229 4.65643776045616 12.805778297800845 33.65135491315087 0.509859621901928 0.02776220405235734 0.42845666960009715
150 7.913258266376663 5.439491667915129 11.313425561895933 1.8256079665856682 9.357809412999673 26.25605279614059 2.47248570094084 0.41267897483411475 5.483298391812669 15.021917240326983 32.31410441492493 0.5094892018376728 0.028213903065887627 0.42838346168033925
174 7.531268024958661 5.699131665010201 11.116944116923959 2.135393855735949 10.39235327340141 25.635083339264227 2.201391000144742 0.4425509455575897 5.308709460807917 12.614100442672392 30.82908577466507 0.5098725290935736 0.02430293176010589 0.4285130589327287
163 7.864637419881772 5.716769510367106 11.214777254123069 2.0316955365487637 9.818350329900188 25.725394302250958 2.574942567371913 0.7849221729799782 4.149346357931701 12.674225237540913 32.58291556757603 0.5092869858846358 0.03743952597563619 0.42689097540957294
165 7.466320562141573 5.635621374141123 11.509079950549435 1.5420042755583545 8.83436907200647 26.61858216693591 2.538045525833058 0.8284671046656562 5.805722972956746 15.745509786029421 32.94427054518119 0.5091104665157573 0.03870690931069789 0.42765985116415095
180 7.364103942191647 5.86417805517968 11.173163945648257 2.0222357232234716 9.777995677943835 25.8631220645419 2.475939769030715 0.6882229576627715 5.085701528871373 12.704151824828964 32.03161821039787 0.5094440686869587 0.03182271997068301 0.4278809559532457
194 7.577490750869045 5.730694311904536 11.219410769974434 2.011737898094245 10.110127814999098 25.19025886268538 2.788460739615807 0.8291788262316865 4.73905756050047 13.131797280852599 30.565932875472697 0.5088187920490046 0.042097102177317984 0.42711317373296687
195 7.731213423796054 5.41107398646815 11.125839898772456 2.0097577949071668 9.840869272934462 26.577404487772014 1.9279120117737232 0.3622263654827642 5.594589841275684 13.7967394325834 32.084584827289866 0.5095227409877157 0.02706992335012153 0.42866465953738137
199 7.498936059098604 5.594489565580121 11.27183412015516 1.88691425690253 9.442566799782147 25.980867368195508 2.6576869174289217 0.8243157800265138 4.506207410364523 13.459156717309597 32.94369498236074 0.5098982330880244 0.021224559544884627 0.42858466994384337
200 7.733483962257502 5.723198568032365 11.389129406324015 1.715176310333624 9.292515981163264 25.93573527675067 2.7351254377217398 0.7101597134752305 4.940675188339365 14.46510679740802 32.49969135002676 0.5092687889076162 0.03519085976558693 0.427858924448481
206 7.641088994247879 5.55456603889251 11.00867902960421 2.0569026711812413 9.568194205582024 26.016794536085136 2.4224440058674706 0.5375663288883812 4.942605538933737 13.903887957902237 32.454427451113126 0.5068524363011463 0.05385082160211028 0.42518984853539643
207 7.505650269681645 5.263037283548435 10.990973243240774 2.0950118981976855 9.61436218773957 25.484316244099407 2.8636752865092814 0.7843918472444132 3.818104424151789 13.471587559399048 32.73745008791817 0.5095708314917596 0.02791040020597174 0.4284196957998605
208 7.767888195391431 5.576585532725515 10.915195965092245 2.347432953212948 10.040291760190462 25.103892392962678 2.8891964603474527 0.8312520358055011 4.782634123169814 13.777020364908516 29.691979977450558 0.5078120988470033 0.04590665598216181 0.4256409022429017
209 7.514374217248494 5.568851582136583 11.063643493207131 2.033355137993917 9.640564992106652 24.659298499623354 3.36915645911351 1.056633610584241 4.182570281057572 13.85514587362889 31.414818682073825 0.5084407262611356 0.04619093834500776 0.4263143052343776
244 7.449524268474575 5.8917192189465935 10.970082475027176 2.144786936426196 9.16452273794449 25.72082521356628 2.829344813874605 0.729100966219453 5.136667902297055 13.558420987900387 32.89884058680211 0.5084056839914838 0.03872814354067704 0.4273942606149178
243 7.502070471790392 5.50352017749889 10.599396359059645 2.3628240481619356 9.538443226988022 25.55196426138512 2.736836260331284 0.9823877422252485 4.682756387672994 13.412324704990073 32.19244815385042 0.5087895190523146 0.04551586590225351 0.426544502169938
242 7.8310411733952785 5.804838296770358 10.952298880262422 2.146994240560431 9.762906410248197 25.56551607787502 2.7568047294445606 0.571946143054479 5.0917561783705185 13.044144821110425 31.382002143009668 0.5097168956622817 0.023049803229741494 0.4279286343482266
234 7.67164124756243 5.6496540510926865 11.140744038643842 2.02369556317138 9.674315580475309 26.09293849323385 2.320839026441341 0.3828613099433431 5.647939257854874 13.772257669804338 32.05310721275299 0.5088278375287032 0.032296353224749996 0.4279752245090225
241 7.96391617577512 5.222509932172447 11.089454839902283 2.1134775216355095 9.760329740696566 25.346718213200127 2.8369081153721663 0.7841662349168883 3.9476042212295113 13.884878007867256 32.124953445982705 0.509507683595349 0.03552670237009534 0.4264727632151311
216 7.256298726102253 5.841549278793785 11.204147304465296 1.9699277348111703 9.793282166479566 25.40708678728973 2.698224931442888 0.764386977777353 4.755362910361053 13.25251617872907 31.671087858560043 0.5096518511280074 0.02322460159804167 0.42861981893281664
217 7.77345384054063 5.691127131932401 10.920186257626947 2.110658747631335 9.488223135930774 25.19907475565807 3.238052484585983 0.8175890202064932 5.470630177871714 14.627273258003084 30.310983252622727 0.5095001257098881 0.02774786899523242 0.4282438329776877
218 7.469998126057337 5.633450693028324 11.017117145035257 2.098897635113213 9.892362983391795 24.81112267457762 3.249911851554577 0.739708967953334 4.338251780909342 13.298432090042136 30.511053534267585 0.509327651856996 0.03678648753160342 0.42738509451597917
233 7.522648362521997 5.623263683937055 11.463708647252515 1.696933515668832 9.136591315054241 26.014420827790136 2.867755778052728 0.775717445902859 4.945898318242225 14.466825744327677 32.8667514368674 0.5094573121990742 0.028035813298463264 0.42756187551230207
219 7.913597993784905 5.57931271899486 10.816453867724675 2.234319763676877 9.587970222921804 25.269625677823424 2.9654475090977344 0.7457936896137441 4.2514678988087615 13.076509369824205 32.59155461759439 0.5094198180897264 0.026589536414134144 0.42845771121398474
232 7.402823700151621 5.820735191240288 11.378755980283342 1.7437079620321196 9.326226055857724 25.886963601688922 2.6854925820633335 0.7519689745410634 5.084651915040565 13.97550374290779 32.84148015843153 0.5099699345188785 0.017866229362566658 0.42825404274449613
231 7.2500949141426085 5.664784644987332 10.469979080091564 2.386199170335199 9.851824046913991 25.03813973145142 3.1791000946733456 0.8377414282167551 5.569928925067413 13.942778885792608 28.838167184345618 0.5061695904719282 0.07207648926712008 0.42244937876636635
236 7.615766899233817 5.778293514489946 11.158989887419986 1.8669554716457424 8.685461267885731 26.029535082882777 2.982194913105489 0.6695264587277174 5.461142928170213 15.125016614645332 33.379748683558624 0.5083760220468724 0.04319710363973903 0.4268609290234247
237 7.666508716860829 5.59768762404085 10.987015702745573 2.1136780203178014 9.673198522845503 25.878838556595397 2.5819158656527614 0.6875245592527947 4.539565053386457 12.862978841723638 32.39063768154624 0.5096108223597066 0.03472159329587968 0.4269093064612579
247 7.394273943828839 5.930717975725278 11.279189079349035 1.7560181774450343 8.951080324092048 26.025008868121507 2.950490567837479 0.5301965552857241 6.364781624935356 14.580544492554058 32.57129195822923 0.5094961342750481 0.03081322088914054 0.4281566188962955
210 7.555049599428207 5.7866765746075055 11.088930174342545 1.9870312255681835 9.294089148126252 26.044371293398484 2.588172752085349 0.5087401147265507 6.104297316783759 14.515703509462938 32.02390113377763 0.508491941631695 0.04486276620514229 0.4258245725781351
246 7.7603834152594295 5.907971879391038 11.225945521208628 1.8667014796096177 9.206547559054481 25.75545830899276 2.9997726592464713 0.642217567431265 5.310311601645562 13.934502710009875 32.281728922237946 0.50966184445019 0.0209208289939931 0.4282014267640977
245 7.501649305112516 5.73289673179603 10.806370327618648 2.192594937186909 9.444519117718805 25.334042141294855 3.1242295391175574 0.9484751465368648 4.705833078930556 12.878471486284296 32.2053182234206 0.5082773257260933 0.048576917892362 0.42608411764120147
235 7.618405026761045 5.829075999927183 11.1486733932562 1.91002671266939 9.238595227204542 26.3189817601556 2.533264590563013 0.5954821091032041 5.77403365731792 14.008958308757354 32.57459553823987 0.5097686234671427 0.02855655455869063 0.42794834596532894
211 7.843247208408972 5.625045281080072 11.002484229572248 2.0957967734436833 9.509359764297374 26.31118311406166 2.3122417269207785 0.5177253690660499 5.728052844336987 13.87055542732736 32.34250434518693 0.5082819483708039 0.04289658447150054 0.4268423181917845
212 7.457753060536428 5.661211707231259 11.12871981433853 1.9118163707723677 9.204162037489592 25.55966970240026 3.1359550907350426 0.8998641220941296 4.437353335803801 13.919457576822753 32.21922410340015 0.5084686644590051 0.04603532685364073 0.426622954530784
220 7.512415682858581 5.650076067652413 10.944029205339847 1.983539024308646 8.910715294008416 26.37925134882876 2.63929902476576 0.7451767945067972 5.158648835295366 14.006429282680674 33.836269326483894 0.5093367780807408 0.030767655342763805 0.42740096227155805
221 7.82071533812461 5.665086688262571 10.88818610867661 2.177019969083142 9.512273695357749 25.135635537636958 3.143417186623125 0.6305911333057401 5.064580711656302 13.964148561365935 31.491238610023217 0.5083846934283711 0.044585971841868924 0.4268620842635544
222 7.48818215559006 5.698692091169294 10.546348782418226 2.3616451336228024 9.50660538608173 25.49886098321223 2.8727393367299245 0.8891233494311942 5.266722744842331 13.850823088631369 31.33921294487018 0.5066728405914264 0.06500207807347433 0.4242707322525943
250 7.454503904596264 5.790755585921167 11.138763534253457 1.9512737602131098 9.550022747305396 25.158373770626294 3.0686659386580004 0.7704052542135597 5.022069264622596 14.137830116568026 31.390534404089372 0.5091882967641747 0.030896213159889045 0.4284476598281476
249 7.809075456717056 5.76442923947631 11.1358326571367 1.9045392183081877 9.99177137022599 25.52662656728613 2.557345696402009 0.7321876777955872 5.578267950174856 14.152142186834293 30.142086433334562 0.5089624882647032 0.038856719651431844 0.42737681280211354
248 7.879324276807164 5.6178818634393695 10.900804372013067 2.2122191712125296 9.757051340147152 25.90678933108831 2.473452979346431 0.5727491623043985 4.8709272669081445 13.07488556287964 32.30005092585968 0.5100083910649166 0.023041325787283042 0.4281709200046328
238 7.5379874072341915 5.59328369995327 10.744301936398415 2.2170123794427004 9.672128919515321 25.107066605877815 3.08995494896134 0.8918783196007347 4.049508924979186 13.312065450016886 31.67800638186401 0.5067860486932444 0.06616342072406034 0.4237732216145913
213 7.563448575223655 5.840093457792554 11.242438077069808 1.8955744172739615 9.864096582009362 25.591266727172226 2.6242583542100024 0.36850796684089493 5.8448461899870665 14.000997643506944 30.636902599237555 0.5089386332787494 0.04105931069481985 0.4260034541124078
214 7.384933827726116 5.642361498989102 11.255276769563773 1.8811013211377439 9.413268922023803 25.697262740304726 2.867190820007084 0.7724127853701929 4.836046923757879 14.287856359170611 31.896294206661008 0.5085636393691584 0.04130251470631281 0.42730291724922304
215 7.156715023993965 5.718878932430005 11.301107656304403 1.9331050751327794 10.11002870199024 25.516974681273002 2.48249267606062 0.7175076196095155 5.059568667140652 12.989835267978188 30.7630813807711 0.5095524267024597 0.03048429740969872 0.4279021963571109
239 7.624188696338639 5.54819575784854 11.05490127292131 2.1068738049641227 9.643358698240418 25.457014282590894 2.8422376823512994 1.2662354084549947 3.84738414477551 13.474627185935155 31.98817417605848 0.5075581268221204 0.0595894631127798 0.42395763576499274
223 7.621709314187076 5.782518907587095 11.262909631432438 1.9057610680586219 9.3229598208365 25.27522230895042 3.1612426564566327 0.8032301705818166 4.842475093265078 14.313644482053755 32.13276849086813 0.5097048880529201 0.028420832684994405 0.4282451805341468
240 7.439496346457427 5.660546186716937 11.2635551584146 1.9826885206540479 10.189688485344293 25.74911783011075 2.4006260650557185 0.8584724751440704 4.627322121308929 12.227838046577144 31.372144706822745 0.5089731295079961 0.03592133020854672 0.4277327128751654
224 7.6387510973935395 5.6923880849961845 11.278836524164683 2.0363889141818934 10.043105011618547 25.948978977223344 2.26945542653507 0.5672282277248775 4.809235451462579 12.807666990643357 31.93982442142029 0.5091282107095179 0.036421217276030045 0.42751894627409937
225 7.455442098123628 5.77218411582739 10.917357517704323 2.1442249913511793 9.396908443498752 26.331181871582505 2.324480142488411 0.7738028660319926 4.673400218758191 12.486264936224828 33.77105862520676 0.5099059078744229 0.019379037712905587 0.4277739980212981
