# timestep 5450
# phase bcc
# id f1 f2 f3 f4 f5 f6 f7 f8 f9 f10 f11 f12 f13 f14
1 7.032987620517922 5.743978798958064 10.847032140777362 2.0723097722071433 8.818265719113741 26.557318233097256 2.6971442432347774 0.6381101540765135 5.484447049569475 13.309023798299329 33.9088346035158 0.5092870621996783 0.024669195916846156 0.4280132436746067
2 7.831383232157513 5.508918351055607 10.361113378748652 2.324939923667517 9.236809560460253 25.53425840543155 3.110183065721669 0.8786914143945395 4.87615580398654 13.805746159842101 31.47592018935385 0.5074658640684304 0.04920175347567751 0.42655878939276315
3 7.040179689198833 5.94142391656211 10.812637362243777 2.1040957244626592 8.797423119081108 26.102648797353346 2.862098854859958 1.4084416913178308 4.004966982805177 11.825517143944168 35.29601420837293 0.5094656777287292 0.029789488259296126 0.4279022596797444
11 7.841277194925934 5.773653912337357 11.228095515649471 1.9349069102790069 9.820777887933547 25.609310242286753 2.576977197986542 0.6543055635899491 5.058594628294414 13.534058092828978 31.50067806933118 0.5093357936411432 0.01977990339689624 0.428606619983024
13 7.877951013892671 5.507001530325813 10.7239311568199 2.242441124157062 9.106689412695106 25.21789300170078 3.5009351355156006 0.6632765368954305 5.390540678068236 15.619262882767112 30.408802624639772 0.5062321183115747 0.06497621772845451 0.4245573031672325
26 7.090036456154478 5.608091933742738 10.096793150192386 2.656347337250686 10.168026561585998 24.008720880687083 3.73020889198118 0.687289326407886 5.529071813903398 13.223901067261199 27.699529298665386 0.504591767322808 0.07864440134230223 0.42303759209935055
28 7.75621618311707 5.715725867316949 10.689493566383527 2.3171922873553146 9.50219174471864 25.21011628869297 3.1648754973369093 0.8277783281544099 4.831765260741692 12.860621302886523 32.25405229902987 0.5095004583157492 0.028121879586077578 0.42761799120826643
36 7.5212156958861085 5.9359536093067335 11.15600944454034 2.00344353749339 9.797589885548096 25.696419187851948 2.5666761593534573 0.6066498487271055 5.696762691892742 12.985335302489634 31.602327875867406 0.5086665787311829 0.034552677321609826 0.4269843286964027
38 7.75643474234429 5.779608792640946 10.455776111848653 2.449685463632763 9.558008013108674 25.394859682034664 3.0172932696126766 0.542718291008144 6.240646389998003 14.019714367956578 29.974612394143147 0.5060136897712489 0.06385364846457006 0.4246524366268693
4 7.601654368640275 5.839253252158804 10.221161778288243 2.474669351898119 9.068945397203882 25.54312396948477 3.2702166962660493 0.77973728554121 5.205827307683485 12.950108717638251 32.40984897337084 0.5088810831957452 0.03673280455308249 0.4268327852797018
12 7.410152324711071 5.83082631866461 11.113599192260196 1.9181284324391317 8.730162868677098 26.553207683745953 2.558238573474378 0.9311665435441232 5.4750597982292835 13.451645602096113 35.10922094415451 0.508629238078569 0.03885693257834148 0.4264286379045277
21 7.286995915307558 5.864284750196151 11.363238605361012 1.7793078508050097 9.187446962234688 26.47540975589072 2.5310519638310507 0.45389818041559593 6.088089080702819 14.154918823335011 32.40944668840469 0.5089211640340643 0.0321458255934221 0.42752905482611875
22 7.978071805189525 5.549503112264852 10.574321542763995 2.335973235176811 9.27377043229592 25.718789403424125 2.9482952080301437 0.7658325078639726 5.17493730773378 13.834764512472885 31.89931118951365 0.5066931318389838 0.055404528296245335 0.42642783610933493
46 7.631013452728809 5.525336945167807 11.081296776776965 2.17362546153379 10.088089498239196 24.70305061763011 3.0707434599507106 0.8540932303370347 3.867898876846626 12.867752261581849 31.30024571601545 0.5096313426398961 0.025811275817620032 0.4278004111341555
47 7.157973319457781 5.76687556576055 10.846591108867361 2.0444426805312057 8.740071792590955 25.9866621472257 3.22030398647456 0.8694622764856913 5.119374879707391 13.300248003862619 33.876306905613134 0.5077569393466755 0.05082877733617285 0.42574915602750046
14 7.032454627442949 5.838936911703709 10.436574978324833 2.3315883063743335 8.8770215776048 25.64129454778905 3.258288295124317 0.7864203608259908 6.679462665819122 13.692218779718855 32.036040389044146 0.5048867812301804 0.07434238935424776 0.42233146298258506
27 7.556341608482015 5.759389187025843 11.346597570334362 1.6741952733837968 8.588325249953531 26.41364498069234 2.8091655623840515 0.5355782510494549 6.585833420275248 16.07561019840963 32.568261411808734 0.5089435303992995 0.04385212687802292 0.42697772105775506
51 7.484587448384967 5.559468441056612 10.802879969221719 2.271306314403253 9.957057307481449 24.569253345968896 3.3398012393184358 0.7245850045962346 3.800913126123627 12.508650603053308 31.47593112329962 0.5093770213170667 0.04199848450543438 0.4265245905565799
52 7.492581340520225 5.541459379650939 10.695153844749413 2.2704601416740955 9.55688140368484 24.86831193529221 3.4458803958865185 0.761115732722361 4.833408875308289 13.4060700418679 31.11420374381438 0.508404707862608 0.0498517530770082 0.42585066251334674
56 7.025187312761449 5.809916982126807 10.444484114436992 2.4735591384976052 9.675240195773378 25.755056020520023 2.589400200619792 0.7792761081544735 5.3598751052275055 11.87654832247491 32.22933361859848 0.5083826888846489 0.042402518566337526 0.42763201617225266
57 7.228281594193476 5.895729112366255 10.988844949058935 2.0650170182580028 9.48951054644303 25.430564872884247 3.071195892823519 0.7697946329196305 5.60719267932369 12.714480627340466 31.7237770907087 0.5084399691113752 0.04192102429670244 0.42753436201244366
29 7.653123030713815 5.857224125280387 10.957921230982278 1.9665754089930418 8.55743636699215 26.286594410341888 2.970045347191509 0.9287708767032675 4.974820319493217 13.8292364738144 34.547918315488 0.5092244034710642 0.034065819444973174 0.42767284195544947
37 7.70006725132124 5.607863774199742 11.135072944615192 1.8942143757642687 8.973347031682843 25.75465066700442 3.0530448027386194 0.903548044247238 5.717140716490095 15.768714161672115 31.53887877198401 0.5081991926123551 0.05131622683027271 0.4244328514568119
61 7.610549588342597 5.642198562890383 11.050123965642161 2.2233406472237887 10.217470784101609 24.79358419124711 2.90527559520422 0.5855791704422286 4.375178474435073 12.98622742374165 30.793114076061016 0.5090872151810952 0.03669243820714532 0.4273608706871297
62 7.305166732798178 5.727170294422236 10.67006520633905 2.32188934005375 9.564295988426123 25.15798530405616 3.1316888992730476 0.41812420033533865 5.833398315536165 13.92313961811151 30.73705325375397 0.5072230364837723 0.059640549087834 0.42466323346082097
39 8.00718957386134 5.469622412865814 10.536179988902347 2.381392114664693 9.082450939462182 25.502224745582595 3.1693454107976873 0.8583475225692541 4.959914995234235 14.4936597059623 32.27797671069344 0.5062322027054486 0.06492526270323071 0.4246487132661911
126 7.971713923314943 5.570281848099638 10.934786569261403 2.2129720963228 10.099867752681282 25.127921683723475 2.7278335495138983 0.48844132157624187 5.40117500251639 14.48190440980335 29.25200576784079 0.5084013175067111 0.0444214598094868 0.42602632573029353
127 8.055151046590495 5.496943487445876 10.725050444625953 2.3110961147482576 9.794218249283338 25.395278147687794 2.8878582595058377 0.6939818494234027 4.720591643156522 13.357540131515139 31.013868978931477 0.5085256996273871 0.04327259013724728 0.42666166686137397
151 7.8288736496533895 5.448299554096206 11.026650349958262 1.9162997877997776 8.955134155828134 26.401590594484347 2.5826140322369078 0.8855011960249518 4.574687217132518 14.378171328137558 33.95614122688059 0.5091192508908464 0.028727360459057057 0.4283165166151157
152 7.761240056561046 5.530029225015323 10.889993681937648 2.149535552173459 9.439826907284333 24.782415429641738 3.415926060720622 1.1131652930773597 4.6405135597036695 14.364166797604927 31.139351816266608 0.5067451856586799 0.06165771460529541 0.42541952825138646
66 7.9378625204472995 5.543587277872371 10.80476100661514 2.1455763087360764 9.239004423972373 26.418649938314616 2.3216970891484454 0.6719064706139843 4.830006911038763 13.797849966751789 33.433599601386845 0.5095659286829599 0.03188368745797136 0.42814011011635955
67 7.559008086884366 5.921761846732164 11.226495299794616 1.867334091435709 9.188958749247838 25.177369740181163 3.398679866632653 0.599581982501501 5.39633030103489 14.564318308550634 31.54784820550475 0.5086173208585959 0.03334315271267751 0.42667139641990703
71 7.607184296489091 5.771323686258894 11.289833400690815 1.7645878289147858 9.046417099240667 26.071231954871173 2.8942330103917056 0.8302855492500457 5.261173836314171 14.344879841684909 32.586696912334396 0.5086158102015578 0.044283198028263575 0.4263295097767613
72 7.862527918035541 5.584948913322636 10.90568183571017 2.1246552254651343 9.130498361367621 25.967456816069312 2.7727804735865016 0.9972305251176199 4.822250892008825 13.524416097418047 33.65768722091444 0.507918719688141 0.04313379329248592 0.42700381568189927
187 7.7717644326595705 5.747740758409734 10.726604224882319 2.2191345590329243 9.70985545611511 25.74758112785497 2.6221851658545727 0.5353518272850321 5.5046303303132875 12.773804963363958 31.771001811837692 0.509712125548489 0.02357717991029761 0.42800292247151844
186 7.183530765548079 5.874966990395438 11.225138259684348 1.8659059164952885 9.086210846788005 26.159048484805034 2.828983952557588 0.5396222993908733 6.167676155480228 14.320289267963926 32.46636178083619 0.5097698460982336 0.021903186586621968 0.4284918247536037
5 7.677857036594349 5.635257602156949 11.201837581157898 1.8476681081510586 8.900271900212216 26.27134893955687 2.8101594494783795 0.7179012444180032 5.91788670008406 14.616292108822535 32.626692371531135 0.5074799144415695 0.055276209887564334 0.4257319488802596
15 8.158978371050052 5.658532411707766 11.335149783054755 1.6714953487538553 7.9813789809214395 26.37178550173455 3.245457100886018 0.38228346975201755 6.650692882892897 17.62704176469707 33.34046273010604 0.5092293446976995 0.030538107239084757 0.42741391280991986
30 7.631856302047888 5.790375779220094 10.982647771371107 1.9471856804876229 8.982859074805202 26.728802690254216 2.4173925780230774 0.3504188832612063 6.589205002513559 14.697412034953663 32.67494585449086 0.509123511042472 0.03178301472388956 0.427144102968336
40 7.770109488099331 5.877409260547351 10.971995401934715 1.8902285393985638 8.332317886493197 26.65978539362907 2.8435345933779805 0.7422854867125181 5.576291552265577 14.393556267978836 34.537630016748636 0.5094190521695732 0.03468709598975472 0.42763408841194045
6 7.150231869063502 5.899373956577499 10.987705151706608 2.0228154716319127 8.90795771886509 25.885045546016272 3.227758029956405 0.6634769501120097 6.37774399680801 13.928730717342413 32.21296443666561 0.5085258154027772 0.043779918899459404 0.4266271172700078
7 7.717333995380913 5.379440189786567 10.583187159484297 2.481084840149453 9.924142438337261 25.379512606345514 2.727041367555607 0.6703691678413489 4.685341753118025 12.715815466608582 31.621076027033716 0.5053454661073012 0.07017224734200059 0.4228725063405271
17 7.575408778193289 5.732203435987155 10.806818102393805 2.0252332577273773 8.583079904923448 26.032917929217735 3.1066982281338005 0.6112410721426835 5.950772645060266 15.58310603674277 32.54897136850801 0.5091302091790687 0.03671234001340042 0.42609779734393016
32 7.3884642814280745 5.602513681568405 11.325477910836552 1.7486500988904796 8.836185828420355 26.148932010241555 2.8139451586903688 0.759202507883114 5.692330038922451 14.943780206080584 33.62697444167405 0.5085579963005442 0.044356487571187826 0.4268974077908275
42 7.905849479892706 5.754179167197935 10.857809691136412 2.204490537730041 9.678747205134107 25.45529664660333 2.791464229443573 0.8931518418504559 4.128854679854543 12.157249455414854 32.79457347830129 0.5096286978062784 0.023368963802837296 0.4283286167480878
23 8.014398753699512 5.653325466882476 10.843639792388243 2.0595114358552467 8.818212761605661 26.037566774570983 3.1115375143721606 0.9275749683874601 4.744993608877744 14.321001412865662 32.95650779459203 0.5085833201193304 0.04161150472131224 0.42624188823902487
48 7.3421804091652465 5.848684621480081 10.894474074526679 2.000302408628558 8.714020772334317 26.525829096801107 2.767298807160505 0.5379896936260785 6.113077543172264 14.356956033140554 33.30732041048839 0.5092016189519747 0.0300264153233038 0.42826940924813744
16 7.6749449790840325 5.714519648638711 9.91309250587761 2.9099210137520424 10.098065131544994 25.721440246466074 2.450091238470901 0.9201594229958677 5.269833746052937 11.272711192920944 30.542716920139785 0.5076068262636196 0.05425211124597211 0.42553672969388473
24 7.53670441760631 5.689518205446274 10.772072429339996 2.1533188266006333 9.221209691882793 26.43490433874693 2.4433311526518473 0.553955114698777 5.788532470637266 13.689318681563545 32.60119294384733 0.5062676331699586 0.06506094921390818 0.4247385969884162
49 7.302649831297529 5.609380407759297 10.931963276710006 2.0380226282195437 9.301804637083645 25.59835591182517 2.9837708996913768 0.8541731684282995 4.902159616000068 13.554158471951041 32.64425491901443 0.5092038772505486 0.03420271344985764 0.4271079528290064
53 7.438498955471808 5.911771766308731 11.07231820749163 2.0026615848743146 9.755759663879836 25.253008477881092 2.9233843717494015 0.6985538608797688 5.426154370547154 13.519814982358547 30.87028149380584 0.5089850496200105 0.0324259756688308 0.42679157368172654
58 7.799679666717117 5.496456971694519 10.47853134146772 2.36117734885587 9.183906025118944 25.65064315875853 3.0690813877065906 0.821706698619009 5.06167994518413 14.144211454661535 31.888899380162087 0.50756400940591 0.05357516606854042 0.4261006864445482
31 7.862437461351202 5.587370805750447 10.973766466839914 2.1070618993445924 9.577533256432314 25.513590330643243 2.834954214373388 0.5326774022901176 4.962577192993273 13.774617779323425 31.955696447359156 0.5098070182532912 0.02801765100135147 0.4285300447401566
54 7.307166018115806 5.611660609525074 11.040147087722902 2.0771655507306357 9.389801793185244 25.358753454126674 3.0783586034373496 0.5433709090174144 5.313661755647391 14.151962233325499 32.000747166184446 0.5072492401471236 0.059822397324296964 0.4251912131603556
59 7.646328817173675 5.524385685536058 10.97108617159441 2.0007675883460623 9.117148431434517 25.867995589746897 2.9556969759083658 0.9110774174555923 4.739889662964026 14.048330720831101 32.71912561344065 0.5090851575758092 0.03657688052693913 0.42747224590377086
63 7.915509908979545 5.84867119346489 10.841058041509864 2.020171985751683 9.405250754319033 25.974903062146545 2.781537349558206 0.5709172351521647 5.424694563063236 13.856600161010162 31.507049303660654 0.5084245931633259 0.04253080302892148 0.4275373749178906
41 7.595680954086191 5.932178015320931 11.047961934013687 2.066570536693734 9.768574445803395 25.22075617878487 2.953327026467815 0.47596991648820064 5.791540002601858 13.694622602336636 30.697719120415194 0.5091306601488804 0.038501119162090855 0.4274358265493397
64 7.766442763560041 5.513736573252817 11.176988626699154 1.9919616555148623 9.769956917917911 25.359424405790442 2.933024944536263 0.35835627560871025 5.362615387461801 14.937919919397768 30.322238801155276 0.5094718756269101 0.03125805458660596 0.42693705267321463
128 7.68225904327015 5.582580715634196 11.51087260107142 1.6937811030422005 9.250166714934405 25.461288650862773 3.1131386258700333 0.5499364086158042 5.6746180298668865 15.845831676454756 31.190104032211444 0.5091730768434833 0.03052680941854169 0.428338943716169
153 7.1446188181127 5.439928083085171 10.919455243000023 2.0697577920359587 9.241649756004652 25.998851955762383 2.7280613996243304 0.5917116644792583 5.358492066661573 13.956083939600695 32.53288583478763 0.5083735681006477 0.040837438346314196 0.4270443844049805
68 7.2641735401188905 5.660845079255417 10.846133892324893 2.080040019888406 8.943701835615803 25.734146180761584 3.144273528886993 0.8038059781850889 4.517140440834688 13.607402299170854 33.40912156133725 0.5096569016056868 0.018768082203474357 0.428291016002288
73 6.947267308556295 5.849612298523078 10.856248898558535 2.0937550999317582 9.194720358361016 26.134298014171453 2.6843570743671514 0.5387053337165879 5.925887121176166 13.055805744871108 32.96830569230276 0.5099052783995328 0.024373965111163628 0.4278812535284616
188 7.393852928587598 5.629805678001479 10.667382914504188 2.383694735185231 10.074170244570938 24.744628949220047 3.0952205141289757 1.012930101072659 4.721420304152437 11.974250502181924 30.801569607756377 0.5075100323180148 0.056017376915146924 0.4252210855541687
8 7.525996299700469 5.803673443970578 11.089933895305261 2.0280943617110023 9.462069717478398 25.13212236648426 3.0720822522435887 1.0326151732949467 4.66231716980165 13.729938275473083 32.28959034798725 0.5081580934057277 0.03948465902954971 0.426608973972531
9 7.408519482886796 5.669787776623433 11.399061899677916 1.7305441223540254 8.969733464596445 26.0196439536182 2.7892119447035633 0.9869745054054692 5.350298031872306 14.23873762223403 33.80521862847714 0.5082775270622968 0.045411934383196635 0.4261341246812852
10 7.6387606848158525 5.275884666546514 10.552915260706543 2.3258972852266804 9.39978761548063 25.83919596476749 2.713244670106987 1.0938313648420546 4.766712468791752 13.555897638757855 32.53883497599932 0.505982950255984 0.066184995024383 0.4245819857343914
19 7.786636931835089 5.239467089949729 11.231554731534645 1.8830537197110881 9.12671374517725 25.867678140011435 2.8551707865386637 0.6621297411699261 4.9061250526560976 15.141779471962527 32.86760591022752 0.5096148270359688 0.025429820496022923 0.42834544908789035
34 7.999964068316746 5.283596384547902 10.807736907028316 2.379930093706283 10.275146095609518 24.75750065547804 2.9346282566967865 0.7082842829111579 4.629151665459926 13.175329876745188 30.453563887239046 0.5074632293763149 0.05690713735750188 0.42488140304754335
44 7.408372342454187 5.617730603953547 10.708721774178464 2.600200177437945 10.353506466536388 24.56240808797561 3.1243331506513377 1.320726519065187 4.975483927415759 12.863374427015803 28.137963409245234 0.5047996245955064 0.07470221954902893 0.42362584941773884
18 7.901999181631153 5.395932801016417 10.841696463117007 2.2537435971153186 9.880453053282283 25.1292698333369 2.916811337361581 0.8041609288443674 3.9160201497400915 12.835302845265039 31.95920748937889 0.509839880453933 0.017820146068562397 0.4280295661353294
20 7.244141643396263 5.764364726346983 11.122039662641368 2.02782519122623 9.717649561161519 25.17779971576891 2.894709599843316 1.3097659475191807 5.11404132227541 13.296169707548831 31.234870332781078 0.5072971730743784 0.05900731080438167 0.42491386979973367
25 7.682708576110134 5.748294774235465 11.302465052404857 1.8942301324571695 9.705910910495144 25.87316208657663 2.459956126541974 0.8462076682501282 4.758098572887575 13.494120060916803 32.23171484061708 0.5094513698828746 0.02714001261702376 0.42807732787026825
50 7.833000029016562 5.4728099481263035 10.691391884323528 2.3750138878651272 10.37608850598059 24.389612836420582 3.2465739332328787 0.947517035150643 3.68397754858221 12.832494921903237 29.64841799494684 0.5074072045932086 0.05733159941106784 0.4248679412002162
33 7.748847564411677 5.5185323433979105 10.881261375192953 2.2013999696669106 9.579405023589324 26.079074634287107 2.3718322343196023 0.5232096914037894 5.2764349983299175 13.24528651282578 32.70097017974446 0.507752139957416 0.053212061006198984 0.42575378834659866
35 7.808986995196655 5.385146621849973 11.246223661843244 1.747861426694849 8.7826652682434 26.455744741486722 2.7177813036216976 0.7769128794488769 5.2916209248445565 14.984267213971467 33.894899546269876 0.5064734168172536 0.05601139784416032 0.4256785113072598
55 7.758327800279319 5.481062892899815 9.592190009059749 3.0525033745598296 10.312442824858051 24.01715004860945 3.4699761531294513 1.0010972511967229 4.47172529174036 12.492108591272006 28.567449193776604 0.5023265778106909 0.09537979254004249 0.41857598060658907
60 7.115153106256245 5.867855754761715 11.25559898747268 1.8744149282966154 9.512241806466694 26.066494358769557 2.517204849732591 0.6106892743147551 6.566760337610677 13.191866328578405 32.240887968128966 0.5085447275044944 0.04034442103651496 0.4271620520768629
43 7.652397003662868 5.662451491974487 11.129794532150921 2.063399671375509 9.93157245872333 24.815706302874396 3.1717833388405747 1.1945024717987307 4.353611693431845 13.347901409367253 30.466570061288515 0.5077119868460365 0.053259020190114595 0.4252426215711298
45 8.155408070737817 5.145957517040079 10.864283856572376 2.0863899219464135 9.221698995545927 26.309148909183076 2.5413710383424335 0.6441728638740728 4.701312274866575 14.52133354002393 33.09815456736888 0.5076340294621652 0.051561733639600725 0.42597651635250505
65 7.1853456610058615 5.772000672272667 11.110054411226795 2.098946124738493 10.10569385008531 25.544479231190223 2.5066550879886305 0.5092258322342941 5.195063611101722 12.347643540560242 31.28170560954957 0.5096550275636978 0.02713259561212944 0.4283352377734976
129 7.709984597807625 5.689180044721601 11.366179080700887 1.873549723303711 9.845890585839191 25.404307727137464 2.7683291232914637 0.5202550316358306 5.108875550144639 14.022595131742646 30.97069772820578 0.5100117024508521 0.016193336102173304 0.4291680579896519
130 7.3027517159798965 5.782205838301965 10.805154452673726 2.0359598478762564 9.289699172148898 26.40103597969935 2.357199106860971 0.6881781324369027 5.670632330343836 13.629336538219885 32.582190056107684 0.5075960917393241 0.051936374303717 0.4256717274097933
154 7.49979819234318 5.413717826946656 11.09312822059114 1.9016408775570457 9.1179113006099 26.2491102791886 2.635332119405961 0.7406315756177172 4.631799488769504 14.337518537931553 33.27626883946534 0.5099170979132194 0.016416029935866598 0.4284757771783947
155 7.434168133423809 5.722588292266877 11.664225983966073 1.6103883151243432 9.249862057612209 26.086410893271715 2.6175161099942748 0.898808150842687 4.648172007553156 13.797786927390021 33.621926502017615 0.5093833564504837 0.029363691231242554 0.42812658331404835
69 7.675941381880915 5.751912345561761 11.309921494159175 1.8973056641897397 9.429187884817516 25.45975225654773 2.8848888355292455 0.5746585211235892 5.779381000413731 14.894750911128881 31.357350760430734 0.5077662531687427 0.049004152676467995 0.42574533841520124
70 8.060938552325434 5.508847881809469 11.11915879165432 2.0236807135797776 9.507236027797465 25.06369537074934 3.222734531196812 0.8227266043762601 4.48559184066749 14.703613223125215 31.24594171619377 0.5089483512441594 0.03626024851355024 0.42735792098428826
190 7.61022742740797 5.786274911519407 10.696670883989652 2.233368749876069 9.762441577862209 25.60948510361153 2.9169928875460367 0.767573010126198 5.500144962597784 13.36525582720457 30.001286943590944 0.5070258117437646 0.05470295909862096 0.42571468931406614
74 7.416178938420233 5.772817479085383 11.0748442089183 1.9100069268826945 9.035502764156197 26.324682985176864 2.689698760825832 0.8924486322976088 5.70764157251213 14.553811370077648 32.478652940815714 0.5079236445439238 0.04352174545766395 0.42646766632025024
189 8.094199711373484 5.2884099484508384 10.670309437639153 2.349544727786096 9.916174064002066 24.80213427871577 3.1987102717995937 0.650503501298521 4.156991514135582 14.052387759084386 30.17443832670165 0.5081910046857694 0.04600243651981092 0.42587587973440083
75 7.663721309282235 5.578928806393188 11.057655821760681 1.8360299317530386 8.697594651933665 26.34491088908375 2.8195402557751823 0.9788418911520718 5.282351625529863 14.92297050386887 33.62204033898674 0.5078955614899369 0.044875035493136005 0.42716812585578884
76 7.632443183132669 5.731941761152122 11.186098535927945 1.9087310811572415 9.438366490336485 25.25642311309586 3.1106560043552665 0.7563734339480621 4.895361363661488 14.068618302107105 31.869525465688092 0.5088834598134547 0.0360551880461923 0.42811087337480663
77 7.397723103867651 5.674117283320069 11.267878438748527 1.9115026199510698 9.330789402372364 25.737095820123777 2.800388035239244 0.6775492514949214 5.075674265688702 13.702517443547254 33.17585018101951 0.5098776619881129 0.018480690947424095 0.4286357558684422
78 7.499828067496473 5.592614174753469 10.957642476871522 2.06464448667004 9.445838316621163 25.88673439406465 2.8556246678607957 0.6654069271767888 5.306496916438036 13.425850011602876 31.969829076304645 0.5089214687490095 0.03726389186093742 0.4273745232021588
86 7.912591007163653 5.6588909798332345 11.085584009746457 2.086332739616326 10.062502491338197 24.801005136627005 3.0821061050542164 0.5438530778365501 5.227333955079118 14.090859024036464 29.71924746937294 0.5087673880317378 0.03666561496256015 0.42764964772766834
88 7.60207327892232 5.7666448185298025 10.865641724683112 2.1471036296483432 9.602004142567898 25.735121396435353 2.6244430748645007 0.9467151664040868 5.22617934274992 13.08939629846048 31.979837509659408 0.5095365815344723 0.027545243732949 0.4280767506708213
79 7.181627836723779 5.777259605490455 10.632217952599685 2.2620119102973857 9.147103491921436 25.235045437763887 3.4009471994195604 0.7547669443102701 5.139468384605275 13.676385848164559 31.70273256955774 0.5079493302068363 0.04736529134118623 0.42665218983936665
227 7.542300327079626 5.478827757335807 10.547242213304619 2.59158282561538 9.991221637551151 25.04087425253979 2.7410556797225465 1.0997628004254871 4.580654928607034 11.720402673520505 32.2185792391451 0.5067527823998849 0.06431154885065764 0.4248570579533318
226 7.705709897560422 5.451842966071409 10.547147025630311 2.3048616763635383 9.520604884397956 24.306318673439005 3.733454504051781 0.9067513146269568 5.394084330604027 14.874989652986033 30.041072396785193 0.5049237837668504 0.07274861056666204 0.42347711625370293
87 7.7958461554151315 5.29339740085925 10.540077329093371 2.5771436087667396 10.214109074091715 24.404001962940225 3.2554905570147237 0.8842604871692085 3.816398574062058 12.675407042305535 30.598885709400367 0.507749522994037 0.052732690890387325 0.42573111340826314
96 7.946407245935855 5.684963930598887 11.001712012483875 1.9767178870026527 9.362398141310557 25.483480006007866 3.0661678951358504 0.8608317477608268 5.066015083313335 14.688013116642695 31.148072301712027 0.5074617537459258 0.06036735742957017 0.42381403394850614
97 7.452677437670501 5.717054074394141 11.045145933596633 2.0001820801356156 8.812598154450514 26.191254294386127 2.7711894816327187 0.7238018599784825 5.094121674274962 14.07108706968051 34.356464559896956 0.508434578257453 0.05036809247865787 0.4256054892539851
89 7.636577712971849 5.642238205846778 10.767669248428188 2.375086572534338 9.947260424578651 24.64625224473124 3.220445135219635 0.7694608035243768 5.404154647567885 13.943458506006898 29.452636191391953 0.5083643093633307 0.043270342312210296 0.4268338493870946
202 7.670457487763567 5.662391275360827 11.112218028199747 2.0586874817914556 9.637460898190447 24.964167437088566 3.1231479699388016 0.47850477380159445 6.137859820120011 14.806738738825338 30.53063092799511 0.5081005372196836 0.045775908504529665 0.4265843897479868
201 7.268696644587881 5.6629817318579585 10.513258538957231 2.380332980913898 9.546769734774605 26.196907747495406 2.335918274073533 0.6369820605630543 5.637075601705545 11.911762831236043 33.27961983844999 0.5090707503562831 0.03855295869477427 0.4269104698847912
101 8.017501908670361 5.525241819652673 11.083991082960413 1.9507945362890065 9.259133943672666 25.733575717665673 2.984391014864899 0.7040167955423539 5.200237510482531 15.04991401380928 31.522776239422765 0.5081912115275807 0.043482355590370926 0.42714919246896244
102 7.589998291804242 5.642531020750916 10.861656338753932 2.289651129927576 10.489623217923967 24.677673604957832 2.950198645246118 0.5842695055807264 5.188456710678811 13.074427811936172 28.523381306099626 0.5077123139969866 0.05079878483218253 0.4257376169861082
103 7.515729903202422 5.627194034471362 11.14039924528904 1.8073683489829124 8.808508716829799 26.17893540566228 2.898407915369252 0.31082146408881084 6.3042028965650445 15.777605040918449 32.40613305269437 0.509883571545658 0.019308525011977756 0.4285614676542108
111 7.811960954222325 5.450498705435891 11.08913590780913 1.952240369690867 9.340054475494645 26.06825192367973 2.62783704988346 1.2894227554394795 4.122275157694366 13.39635831736188 33.06625485325609 0.507486374363127 0.054589781916398614 0.4256755107288917
113 7.418590396723182 5.579805440728362 11.127653098260016 1.8809604282261063 8.542774154676149 26.376141958045178 2.8513986936123867 1.0576927450576072 4.831380581106703 14.655985983683372 34.82759004941907 0.5086121543432164 0.041751679656569375 0.4269539430026485
104 7.729627437836623 5.595307978355956 10.64605661102841 2.2787594122705443 9.214836893850014 25.350657379276758 3.3062862615105857 0.5852251907600439 4.926360357204116 13.733467523136447 32.34719211781559 0.5097932479187953 0.02469911921922458 0.4276632314540823
112 7.578772509806124 5.483607509830435 10.479142876777884 2.4462133334750042 9.709976120386129 25.0201074620235 3.189043321771892 0.8767646018706818 4.370558683856689 12.837248641916803 31.322465400982104 0.5089225284752139 0.04517868739304874 0.4265247311354456
121 7.488448058477353 5.677911575283133 11.244245527195062 1.8018412251063132 8.854476879916616 26.554332939558616 2.596752736610251 0.610949410072317 5.7897171115518695 14.754297447536452 33.34367987301947 0.5078938245207356 0.0485659638644875 0.4264864539713178
122 7.83062384381006 5.42683743106153 10.941362434524896 1.9851798247364405 9.047230199072878 25.848826829486374 2.9848941435489724 0.6190347930800529 5.417326165749712 15.145679589160393 32.16315370202567 0.5087528534955313 0.04260438800395214 0.42697368043240935
114 7.179671256598292 5.69027066263452 10.468389606896661 2.4227488681061655 9.548315928950407 24.94718502642899 3.3593797442168407 0.8135565885527133 5.642472353873963 12.806171525379241 31.326734473716765 0.5081631980031077 0.04896852103289392 0.4258181787736107
80 7.768125921247529 5.620511994903667 10.713749361595143 2.3617964024049862 10.075584045091697 25.57650607653117 2.5408286863522473 0.9986778436674127 4.092330175029054 11.421556013128821 31.94125976415854 0.5076741289391355 0.05097037414604455 0.4252494445120181
90 7.684173074787046 5.669703571177583 10.748048999418623 2.1920891835581706 9.156875243242814 25.16553379650812 3.4950295377373597 0.6878321854138033 5.546046669833625 15.138439207031753 30.140808790337115 0.5076431237046387 0.05135436624693939 0.42470414440905
228 7.521030595473288 5.573317256317737 10.735752717297888 2.2740193424998583 9.473569802004999 25.28502974939731 3.099729838049587 0.966849725472164 4.782294553222386 13.2777416992481 32.02445342259358 0.508855125277107 0.0435390763688627 0.4269878548590774
81 7.788560804981504 5.7055002220106505 10.569982498101119 2.4674922702759363 9.740436550831367 25.04009785189632 3.03907046141394 0.9690787301551835 4.396575119517893 12.272828860054696 31.936225301022148 0.5088771270706912 0.04034356756251005 0.42693512119458693
82 7.4619496080882195 5.788553921440737 11.023107927772157 2.1257561774482534 9.690132079067967 25.372799599316398 2.7992877766790607 0.5021665417540248 5.711166190280814 13.828560119250229 31.109740974365813 0.5086409642870796 0.03794443145495045 0.4275799770032791
92 7.857406289024362 5.480096250904055 10.372403434236029 2.335979121736961 9.092168094823457 25.58349733053721 3.267239694007478 0.66521953629424 5.0338651839160935 14.533844233892776 31.555051730448028 0.5088541776875781 0.03996665204149719 0.426915248452314
98 7.546275905654684 5.850881151285844 11.10941819222618 1.8551664579670912 8.490412845082407 26.588368353713474 2.7016858418134886 0.6510530495111251 6.009737056311914 14.847755718630108 34.33588826597681 0.5085882135760069 0.03954963218004927 0.42625977569892115
203 7.55636055652445 5.551453641315092 10.452012581224631 2.470522994529539 9.841286772264189 25.305416318010646 2.934053002178771 0.6789749155329169 4.522595177944984 11.978529350431566 31.937172227409018 0.5085994086006707 0.04321929626082103 0.4269502440532033
91 7.767587370823283 5.77285530636963 10.709237291364174 2.2512876801353277 9.596308395935681 25.192284922798493 3.1000081565824416 0.5465571843640696 5.594360370305194 13.45199406390371 31.066228007462225 0.5087913013810799 0.03298159070647669 0.4277213232270758
99 7.609403589383671 5.63187539830709 10.91504243803324 2.069226929644213 9.110911632940212 25.76317398308933 2.9492334913897214 0.9792955526660743 4.403847145239858 13.68912499886483 33.27054101842088 0.50803513803991 0.049661469409973215 0.42507449554640525
105 7.937853131158636 5.782370532456215 10.98139068202732 2.1365722981433577 9.583987484969299 25.301596254713303 2.8981307058559875 0.6121869309468209 5.7417595454179615 14.308781138065173 31.170944644129083 0.5092592334281664 0.03464365684367288 0.42735262822029074
115 7.692950497637671 5.885350327790929 10.879049832384439 1.957637496594306 8.58321994981424 26.748807537848375 2.636846665725578 0.6987086895651118 6.511043773877572 14.555431170578952 33.58674281087618 0.5083636465734608 0.041256820691779494 0.4263946552007459
106 7.575542955654327 5.96962740333026 10.615055980467558 2.1995044692897965 9.027886306525122 25.55707370986238 3.1801665007607407 0.6348936249340956 5.850522778249138 13.753326309118604 32.17359664600924 0.5084896412056354 0.040686120747772475 0.4264853579872722
107 7.643353285110442 5.695725222531898 10.908025822425847 2.143380952529894 9.36706536911042 26.005279607769516 2.6084846285974503 0.8148306990152753 4.921634875721228 13.14484160644941 33.17679706772877 0.5093748819755692 0.02880516848384713 0.42817925949054836
117 7.3059508893873755 5.886663828053159 10.977815973064176 1.918321569817605 8.498241437538711 26.508368516585982 2.8100858234806663 1.0212665178784806 5.7903940383595796 14.032024875595264 34.41073311763781 0.5085793079824895 0.038357767526330536 0.4270666927555905
123 7.692470746157558 5.666772771478749 10.502283054566126 2.1672913393985476 8.419329051180622 26.499576109624297 2.947214837328556 0.9766502116827144 5.131435508988198 14.488315594418637 33.94852969829442 0.5073898932961138 0.06060707262458669 0.4259814887050899
116 7.511822373287962 5.783756206305928 10.590605126760824 2.327915692387779 9.369409485343942 25.16254522262841 3.3648196579910317 0.5414204708313429 5.718074728277856 13.374011510646723 31.494538327093284 0.5080185460907772 0.04886099051343341 0.4254260950198637
124 7.99188953851866 5.572244086440849 11.056962501978228 1.9905812777088074 9.261664462932364 25.755212250619067 2.8813584009977773 0.3039470547000935 6.283674441390557 15.903464320026801 30.764782878720435 0.5083107220290841 0.05129074341520417 0.42644778394855265
229 7.478712425833806 5.660214563920712 11.190352109148444 1.9735621290351006 9.579599164341635 25.37744242880346 2.9217750049332 0.9723470477300141 4.8324765280392326 12.99920051845855 32.716969930266025 0.5081878290473313 0.04556645659912569 0.42664427945666217
230 7.878173722398209 5.315318943516281 10.838018932326987 2.1656589363928753 9.45890550227955 25.95323854760924 2.5667658808774907 0.5206638051836191 5.073306310791626 14.210390037828834 32.540969615224554 0.5096817116239343 0.03408136145578114 0.4275702136324067
83 7.473578877856893 5.783239365738442 10.824161380397868 2.3138612065743764 9.914966358601477 24.956417225835608 3.1203691367249897 0.937313977483989 4.412699464877513 12.39785752677032 30.831893150781557 0.5066265220882216 0.060089858486093946 0.42525348211254
84 7.3845940192909625 5.852474639658643 10.77681399288465 2.24834855182594 9.652935244914774 25.909218991583945 2.4873632736868116 0.8064627714513666 5.066292390218098 12.301544778843763 32.27245268462481 0.5091572269562765 0.04214613898830059 0.4256995253219026
85 7.262199999110254 5.834610757276556 10.433240217841107 2.5955518406098848 9.752223983890154 25.1420170259195 3.080776676994084 1.1343921157412569 4.156263927124323 11.537617164450978 32.08981685834075 0.5062914195308956 0.06295382173893817 0.4245692773003259
94 7.61488934590593 5.7285416411853145 10.73308839987219 2.1642043572288663 9.503211201174777 25.891153201753955 2.673976953445445 0.8783192118522767 5.371873098685267 13.161177008047082 31.558142348857615 0.5087751600418156 0.03955989342946355 0.42706693943072477
205 7.458639890103849 5.745992994516727 10.652277889847621 2.363206626863027 9.970886265158171 25.407065312125432 2.785302449954093 0.6478620640282134 5.369237401100804 11.952788586369138 31.070843529971462 0.5068162279655226 0.05973945133781279 0.4256190139852061
204 7.548633031789514 5.415719190839872 10.609393312815488 2.256353021868755 9.514398945406226 25.49268224599182 2.90639017572304 0.8127625647276218 5.0232746535366015 12.539323292381491 32.861776498264874 0.506906133056122 0.05916214904827609 0.4253053811671166
93 7.5052907393726125 5.742385777702201 10.81595497214641 2.215697473439256 9.935788311092049 25.09926294244963 2.923849690958152 0.45604811397725653 5.754225952303712 13.452120391389432 30.078246769197857 0.5093740567616682 0.03495948550246598 0.4276426802359231
95 7.205744495660912 5.829869868838908 10.994847350813627 2.17925679428754 9.977617225232438 24.645820588971088 3.279013860006081 0.7683050134248692 5.105313582446522 12.901647749543761 29.92697271469562 0.5085181823703101 0.05112137299085164 0.42508421947698904
100 7.150373281574832 5.654622838771224 10.69823911634606 2.240796070953807 9.311950884518552 25.51774843980717 3.070019469707939 0.788365156689117 5.318007453800129 13.461875992782229 31.541959380021314 0.5050259245975458 0.0743869040732603 0.42263606155415545
108 7.524437790517164 5.5731207243525995 10.73800122040441 2.282579991791751 9.935094867866315 25.503404777607795 2.623201874909317 0.29235950511613834 5.842784161035081 13.809778187269792 30.09220181846035 0.5093465074827059 0.03194477055006699 0.42710294284868155
109 7.936694905671799 5.653114803176782 11.101742679257967 2.040464944675096 9.7215043842632 25.24108306953446 2.9559703607185157 0.3812892401352749 5.6983708836172715 15.02749324456632 30.02697378938724 0.5092356946435477 0.03770181715649696 0.42591475625301406
110 7.113867664037729 5.9655881549841725 11.17776731539715 1.9936801855931001 9.839230578587799 25.47286346027032 2.730580868548896 0.3989054123801371 6.409986635785651 13.73580061475132 30.39690620339228 0.5087146896931974 0.04068457998602181 0.4267913564071192
119 7.749167795629481 5.2291448214087675 10.437478385132858 2.419889126692316 9.18315458479976 25.18904737725021 3.344415664225806 1.2924280175003546 4.983943959491077 15.338287411198701 30.872795909479485 0.5056045969494203 0.07378295532723222 0.422142329427646
118 7.268690936785607 5.44286893494102 10.625343273302969 2.5146752585180883 9.677499182316803 24.484032680507653 3.410111027269298 1.028804722574797 4.755301597665684 13.83860843066042 30.685792660601106 0.5067313365526454 0.0613059378586813 0.4253585436721837
120 7.681343464011421 5.641270179249121 10.765558739702742 2.3914145338719095 10.646251169654551 24.638465831135115 2.811633654395223 0.984228472347243 4.191882266381035 11.921469498467166 29.767905618475048 0.5076556946506677 0.05200980644058402 0.42602447321888104
125 7.876644802956042 5.546066109307231 11.317600760217475 1.8780554145506378 9.308248130447263 25.730560485818426 2.780679471278697 0.7394626251120394 4.780469092902651 14.445301185648619 32.8723553115129 0.5079589224207345 0.04851153813752562 0.42689192787406677
131 7.032572023713976 5.7019803470200765 10.564717952657965 2.320368819596601 9.029040475235165 26.06976647145173 2.8154053305554054 0.5387193597083628 5.599384048713046 13.682256948722967 32.620121378101615 0.507360883455449 0.05589738329793484 0.4260011113594402
132 7.473634360801352 5.781434620571551 11.215948798426284 1.754226669676636 8.610708176182973 26.607122037064272 2.7135290230652673 0.6185591418763027 6.203281908795152 14.706328032118801 33.735976492916215 0.5090423362880172 0.024976295800695766 0.42920464408242803
133 7.590056505282686 5.74813460978015 10.647998451236951 2.330155431000085 9.666431466242281 25.42634713033565 2.8086833117940846 0.7867169177580395 5.123413424282901 12.760271277421431 31.75056884536226 0.5071560872423785 0.05890282675500126 0.4253836481173419
156 7.348720250662093 5.645611045149886 10.450986565963182 2.4495853066954205 9.791082674231397 24.709682324316507 3.4096554200409277 0.7848169510694508 4.490232732713725 12.980431024725496 30.333912372129085 0.507021673590215 0.05912909111181268 0.42432948589252567
158 7.631069363372228 5.533212860972963 10.132225692383805 2.8103804988595873 10.14216234049859 24.589401613755054 3.3215169893343686 1.0290101562100684 4.970785922539197 12.479898622223638 29.22830932357591 0.5044468536035149 0.0759362691630846 0.4221901333369803
134 7.085662910235717 5.729154244223643 10.570725311118913 2.387997852087296 9.385849362336357 25.78177167333154 2.6651095915769436 0.872645705875526 5.1792396575736275 12.717615448249724 32.723127611768305 0.5064847039095203 0.06315326966529201 0.4243328996358011
141 7.761908680120483 5.817462084486749 10.872201374745941 2.140207198058151 9.586474675396529 25.089755746364066 3.1288710828079918 0.5479356914254158 5.509564587255606 14.062918172092784 30.904602661045104 0.5089035732680117 0.03653583081749753 0.4276558760909174
142 8.179615923954582 5.288211173656944 10.599462009039215 2.1562484882835307 9.212605894801484 25.322927005976812 3.2556819473768748 0.761167954272153 4.99893777069366 15.19357029284652 31.35692634212022 0.5088083441926774 0.038482119060742025 0.4270453563024414
143 8.026395000705579 5.459289705101819 11.156436483989008 1.965081622126563 9.36602008089312 25.056967764569436 3.332300712205779 0.3519141860378922 5.687654539067341 15.915329672530325 30.611052987729806 0.5097063634070247 0.022222073512745022 0.4277921843161715
166 7.202968422624383 5.906426462493669 10.399073478189877 2.4360427139439245 9.539022591772147 26.187006488027556 2.4327990822679695 0.6704832033313864 6.015020572589909 12.22985508455808 32.15573619161894 0.5079908680623643 0.04811178002552774 0.42602043660193945
168 7.789711761627038 5.724685956325287 10.617540788433688 2.3267971169794817 9.881596398986115 25.12645893853654 3.1404462791330205 0.7945772159523534 4.756597961940142 12.614958832819013 30.246704784136675 0.5082153417005508 0.04527774061805115 0.4256598225307198
144 7.56402446357092 5.8843703941765355 11.167431870167302 2.0502170397787287 9.731789615243951 25.224510138049997 2.8287722660752235 0.6731135323183716 5.155183313969958 13.199849935193173 31.87711079170692 0.5091115214552102 0.029510989195118912 0.4270036399689509
157 7.639250093292627 5.735779625422123 10.900445684782333 2.025922649202035 9.216760153820886 25.76412980573661 2.804422970325498 0.7984898757726472 4.940416917933637 14.116670724304607 32.28321683478565 0.5087279633176031 0.03949755507696525 0.427692079906685
176 7.444527110754215 5.8512084033324046 11.060593774100086 1.9381035687597228 9.505060030800427 25.887392239771025 2.662797699529706 0.44980310321653816 6.168039136161926 14.167642509484134 31.298162034917716 0.5093522888278048 0.029174433888244897 0.42796383097455065
177 8.024644537724233 5.4932994667531965 10.885533746063428 2.167284308806311 9.799656729123202 25.311774431379305 2.9444507384246523 0.842093995641017 4.29869658848236 13.150826065558848 31.517897634015135 0.5101054126410303 0.01889524304111853 0.42822855025537004
169 7.534079748951731 5.85575315065044 11.127970400108282 1.8694874096744354 8.94264064879515 26.41880782456688 2.6138658729754023 0.7100037884917699 5.617721771665236 14.271823368884535 33.210106434278956 0.5094638899024614 0.028192508143239224 0.4277561671150603
159 7.339270835058575 5.86668555170281 11.115102205219767 2.1352595946305497 9.956983863960861 25.135701754462502 2.9482522201175803 0.6606723062969725 4.754897580247839 12.591791324343868 31.082256778177815 0.5083191513950068 0.04683489852927849 0.4262381626287746
182 7.372353989804027 5.717294966824045 10.568353799749435 2.5891914848220687 10.148001175992018 24.79811628218069 3.222415488845188 1.034747693776178 4.627925209820315 12.494119288414403 29.379278086609432 0.506226786436653 0.06720131161143111 0.4236240410181215
181 7.088924570291311 5.8290715919509815 11.042779893432591 2.0638948224048597 9.564968292084831 25.566551072019095 2.941628330175897 0.5959128719818247 6.289150018765189 13.875661026710679 30.962709108116893 0.5084605502064056 0.04428850836608591 0.4266767480762691
167 7.933760916109734 5.579694687055152 11.206092248441943 1.957179589918377 8.956742575457083 26.8500255056947 2.275852859757534 0.6606681094698938 5.278453427219902 14.519454080110544 34.03734213532049 0.508772579377192 0.03834787122638334 0.4270605419396539
191 7.424258643464123 5.685484435346862 11.113470906741934 1.9831479216520995 9.156294208391571 25.965832268499035 2.787410813786883 0.6897826717170951 5.137043055849533 14.127147457803265 32.84263975706056 0.5095133520164565 0.030662186637285073 0.427462019014395
192 7.555886069877339 5.805820128441825 10.849204747014696 2.1272242877091148 9.60661723983269 25.432015114965196 2.937666080547981 0.853422116098456 4.461649247532763 12.678460829948934 31.943727613497625 0.5087122245862075 0.04135630285129301 0.4272875783931404
196 7.6535202665386315 5.726993789111872 11.372718648631194 1.7750640396861206 9.191690939292828 26.172355323141502 2.704609067923949 0.6566446703372956 5.622493470741473 14.976588478478364 32.10677936129315 0.5079224863151139 0.05260935029959334 0.42544196464251105
197 7.626698488116544 5.732873084679593 10.895251247449098 2.1386410795705997 9.448238100507888 25.897308267606963 2.7121289471576935 0.8006895433618897 5.041329861195425 13.78976447327752 31.586232785848615 0.5086161760488461 0.047124102811663016 0.4252731068493314
135 7.388211985604234 5.703849896602218 10.879374223010004 2.325657602444664 10.06325896958941 24.88147343307022 3.1718892010029203 0.5073560792947209 5.166170888003702 13.575311989878724 29.209996875402304 0.5058916694030973 0.06975278679575424 0.4237359466403806
160 7.4228827207120585 5.7409661708872735 11.223113517857994 1.8515944612036412 9.636788472105234 25.823070215142337 2.759135389795753 0.5081730591317069 5.460134265619743 13.992504744863492 31.048916745204167 0.5085139644203007 0.04112208601004968 0.4262774610310525
184 7.607752283106702 5.321799990597889 10.864828888445226 2.3950892075031818 10.138553166831224 24.7228015521815 3.038891027263734 1.3239553558955577 3.9022620942730155 12.567223353706078 31.06648009259175 0.5082334635980252 0.050196511246540586 0.4257841817425845
136 7.723689507101847 5.382884576344726 11.18369624291814 2.0143578351674165 9.804600903782752 25.865985120156985 2.3791181840331608 0.8988836967511951 3.947846764440643 13.388170446419199 32.70844195179719 0.5088848788392696 0.033199099370318036 0.42769206068071336
137 7.207210795489472 5.9390963755638895 11.008872861499476 2.3844128292535034 10.302703939546388 25.20125724253565 2.5323620105033773 0.8273685123132398 4.582866515073434 11.561228553738927 31.47221406298322 0.5077359964504399 0.05543015838084355 0.42612599884594415
162 7.404971152701679 5.45587929282056 10.981501337295652 2.253447242917032 10.285076118730217 25.297553917974763 2.5073344953516723 0.551790260856568 4.825500487009859 13.03561230746248 30.508238355261014 0.5091932234191057 0.03751816478812597 0.4269864940260987
171 7.826472136310212 5.442475942810606 11.408241591850976 1.8326267362920048 9.542885347899523 25.60822732139329 2.904688632345388 0.48695297965908074 4.9392112599557025 15.237662779787202 31.43037727688192 0.5085381192699219 0.03921061699756225 0.4271859280413937
145 7.993016374427343 5.361534221597443 10.975500327225586 2.0803356818664587 9.845900273533584 24.99348043455722 3.0329418102282557 0.8081566472688233 3.8284628391190614 13.398877597708275 31.710537447939384 0.508944618904216 0.03415716766587244 0.42749262708305374
170 7.117809432702467 5.621006622625268 10.923967930618335 2.2762375904266596 10.088753444690019 25.032803134454042 2.8498398079910205 1.0236550151758412 4.9110164453448055 13.307470807489866 29.83302617548636 0.505869607162382 0.07225549326469508 0.4229009031190074
146 7.196065230982323 5.514487581234047 10.75842225083557 2.212864380462725 9.575531980191517 25.02470027056492 3.2274093005053253 0.8929749507931795 5.4332873485344635 14.741031996707612 29.71377988842837 0.5066537129895186 0.06128944156615926 0.4254223935693605
147 7.299800070369332 5.724043676999865 11.022756716300094 2.0462616606961808 9.855498061910556 24.867757855913716 3.1260835829114644 0.8845247598723738 4.23971747895971 12.742908847690542 31.636106969141085 0.5094601957403022 0.03545974980350858 0.427901894535329
172 7.371069304272423 5.542021775488622 11.157012687019328 2.003034694507151 9.805895537997477 25.546567514511576 2.746893486654168 0.7522787733656994 4.386786894293996 12.79526853506274 32.1641820536264 0.5084445336708135 0.049271464687324816 0.42637671018062534
183 7.411269273949873 5.560400019935044 11.122035069778988 2.0138531425000923 9.390228894812635 25.379117203476902 3.078947502594785 0.7830594794755492 4.9824617894012455 14.212609467788763 31.921909612956625 0.5089106038599381 0.04051337344475002 0.42720542245266085
178 8.1764916781153 5.467564320384825 11.115626474950197 2.0794444297256325 9.83801307723271 25.6465553258632 2.6283423263626626 0.8666151213365145 4.115171997132785 13.07989300836133 32.10702719327877 0.5091142448592045 0.03621677649880518 0.42732446470693597
161 7.352227983318841 5.604955153366714 11.070390343044474 2.0501604042521806 9.950915349433881 25.63538459037376 2.5427461944886343 0.5487895714849221 4.849658676538464 13.297347956112235 31.132235729461716 0.5080224124664756 0.04816464572505883 0.4270150638937239
179 7.64217368575673 5.360361361686369 10.826680335262072 2.085966703032368 9.436783907676052 25.065583148121192 3.2408160345937556 0.8817950531293117 4.8031416337481945 14.386076665640964 31.793382601016614 0.5058801582043219 0.062334611390046236 0.4253197946658169
193 7.38884057952375 5.762106273768727 10.905755801056872 2.1607801038723684 9.84139791218707 25.217953206598242 2.911252729600179 0.6076000298641769 5.626082404786386 13.436260186484505 30.708446652731535 0.5070536248949621 0.05074039463695817 0.42627246239944977
198 7.522961522076423 5.548943206742665 10.897006012674078 2.211317403219524 9.854370074085196 25.474249315954477 2.8164709468055857 1.0618465723674246 4.074666507690574 12.679251536945054 31.111767483515816 0.5083902708720447 0.047972585514344114 0.42705433241095225
185 8.054432253043387 5.668660866620726 10.817735427824884 2.2303248575550434 9.971155389991676 25.144553587690158 2.8692386038659508 0.6164612456719104 5.167007890026317 13.309637497075745 30.697868742598807 0.509056172135104 0.034887666951054414 0.42694325830616137
175 7.309197366864766 5.627683717201735 10.94360227057394 1.8481531646704958 8.418879730103995 26.87349168714117 2.5934671071138737 0.9821955982510593 5.839317980582995 14.445102148082265 34.53871602764926 0.507654393852775 0.052257559652745415 0.4264816400294823
173 7.45473884183037 5.692858594317562 10.655444948414639 2.289342884477303 9.465243447214041 26.276237773187074 2.293340237934036 0.7244078801686037 5.676787611899576 12.992591239524101 32.817793592962474 0.5077403900741915 0.04969133079640745 0.4269533495686678
138 7.845053923977568 5.73013636674095 10.98232136135549 2.021083507612351 9.491470352622187 25.993991698145795 2.5318802256219106 1.0846597735489787 4.49136327215822 12.865950349851815 32.92851628816116 0.5092507214378263 0.039246411274728984 0.4276502394716983
139 7.66765125949617 5.677597876149707 11.169471311482537 1.9623664466910926 9.440521401924004 25.579586677609253 2.971950684782083 0.7482891259735864 4.68015469343894 13.577546741338395 32.36183887664302 0.5097883842849764 0.027377758421138838 0.4284652967278172
140 7.479177435483374 5.772918511336244 11.052726050356815 1.9834441615050136 8.980462710690965 26.461155090881654 2.509490585307279 0.9080782345561569 5.759727439211974 13.787907257052321 33.42125011847669 0.5080324183856872 0.047517639980801385 0.4268916807127072
164 7.821010289226726 5.63644584040254 10.93315438154533 2.300582790657875 10.219535838249342 24.183215084585598 3.403081992399408 0.8459236417254057 4.2939150943859525 13.629147013243047 29.419762398587505 0.5084689752728221 0.04603981273130913 0.4270024085316815
148 8.064835114360417 5.4511250335769486 11.188317644592859 2.001285814732302 9.600592569774852 25.061730973100683 3.1699535740377014 0.582667508990758 4.494294181765512 14.602861529987166 31.44135862671464 0.5095832971894864 0.036867460245552416 0.42731114559616107
149 7.803832911503714 5.686934543037096 10.58528736112565 2.5638651896824043 10.331439115121345 24.77769322222659 2.8128273816184115 0.5671438815970771 4.767105073601204 12.112605409686664 30.40481521122748 0.5093084580469689 0.03406562031683563 0.42773144839918026
150 7.714128864256964 5.353240504864526 10.663618869917098 2.189453410192523 8.961780704337679 25.238945158590244 3.4415567261310924 0.8910382010414444 4.899990266625554 14.984169536782252 31.804858040764856 0.50745974788679 0.05407828057355221 0.4258372027396284
174 7.819940153135592 5.7976086604485095 10.938725119859638 2.0234086818781702 9.587343075104343 25.300755227073502 2.9608767382945036 0.8656526145893484 5.355379664137422 13.347865578976256 31.553634299248458 0.5092286892916124 0.026910688167832174 0.42887646981768135
163 7.677439154440589 5.890318747908909 10.953961114646656 2.117952149476185 9.78778418712305 25.7181567565047 2.653733521666645 0.7991138335871331 5.089592643088781 12.858061326532694 31.67075950637559 0.5089596142946373 0.03364759340168144 0.4271691060831344
165 8.030354697858693 5.503594326737429 11.033343004544605 2.045944700436239 9.065197536523755 25.886042164386545 2.777086610242751 0.34001091959407875 6.1531122063842565 16.056960588351266 32.00734161613138 0.5095077269643234 0.025259205330901757 0.4281214079466618
180 7.180345886350223 5.9338966886901 10.740729349302788 2.233515940597871 9.52714866618173 26.41426970980869 2.2533042256264517 0.814612948705451 5.215229837116152 11.527928551150744 33.39749649552757 0.5098921862064677 0.015994563924640083 0.42902549489093655
194 7.628778231826275 5.726246956014462 10.551643876715307 2.298007756676412 10.003216865209923 25.50899663991727 2.828995805267299 0.9394823958028079 5.259041044755068 12.541988382341007 29.44691164348801 0.5061547288807782 0.0745054965502635 0.42103615699172137
195 7.707781236747938 5.615924536025469 10.850451832681284 2.0690295264041243 8.863761217333572 25.577938538361117 3.1683541824094372 1.0608129573820657 4.460418636613585 14.41559586331963 33.51053089175067 0.5077878793832382 0.055457654905929674 0.42474378831959353
199 7.637590146425865 5.745169482929328 11.34559283044881 1.781531150619121 9.229150177691759 26.39408273153599 2.4315911276985607 0.6524720507103047 5.9998975443440985 14.283927974427973 32.68675722025204 0.509107350430847 0.0303585847803277 0.42753273244950823
200 7.779133127365729 5.528301882918539 11.270886901323424 1.801183122525952 8.982080973489357 26.138299884591447 2.8299492461102647 0.7250766108382939 5.085724966573807 14.638827846791903 33.32798170638674 0.5093139677168947 0.034052035330887624 0.42779586040941153
206 8.150050499501845 5.534577658422201 11.096158025330295 1.967525133478147 9.291072859159799 25.4232041819908 3.1763641714103437 0.6318069725756276 4.538532970043604 14.583179427499823 31.815744707321695 0.50998066398045 0.015160539965521837 0.4282597556644758
207 7.763146553673842 5.612055535630898 10.645516996791342 2.3116542828108813 9.768708110347958 25.275201670254024 2.901409356348521 0.9269849586753235 4.432719402684373 12.282479114235588 32.16774653435414 0.5081034557640352 0.048145404912401414 0.42626998157992174
208 7.494404435519077 5.686757154850133 10.63093823040483 2.2388239991500947 8.724321932674156 26.154616614346455 3.0266213674773566 1.0577287350761204 5.2378777481582395 14.688661906318279 32.64216223296239 0.50641328248518 0.06592138820882912 0.4242446454078726
209 7.992765329284136 5.39890062302476 10.902000241308818 2.2456405463727114 10.124278621333993 24.785972356883285 3.0852469289161077 0.5816547370489826 4.5234622931117885 13.896618691676183 30.033334255307274 0.5076641841631916 0.049365723890651435 0.426808791611917
244 7.616138230784706 5.780736874528192 11.041860518215017 2.0860110498070608 9.820082603090784 25.516072902634367 2.6729696604759545 0.7434614448127275 4.946032041417791 12.898827528950799 31.697780464933558 0.5095234787320045 0.031532070978878134 0.427997894466115
243 7.46032098034565 5.499619875710522 10.699863675344064 2.1843933280273755 9.068020859933942 26.248820945416806 2.61341286837586 0.7361293305409036 5.435869432001978 13.78222810298132 33.43214588764175 0.5077272440055202 0.053707197906917345 0.4253562847167013
242 7.4515166496088785 5.675740369418794 10.535504848914785 2.2931711799805714 9.223990575961233 26.17078751616704 2.7521508909893613 0.5479498338587078 5.975126451578121 13.876209903914093 31.681811057791588 0.5074761303293693 0.05491017812216832 0.42483439378700844
234 7.563223348846044 5.622070620938976 11.302707584876254 1.8865440852205029 9.316414131872081 25.092997718761993 3.2886761851842223 0.724588703933695 4.767380222147927 14.516717523121715 32.362823534755925 0.5090025308014027 0.03861352811193084 0.4265824190829541
241 7.7898122522527595 5.59934113271137 10.702694445060988 2.3948556091397015 9.828558763896398 25.281385769567656 2.8097677562036485 0.9724468481014955 4.915083983402847 12.663174407771793 31.45710357011965 0.505221155816034 0.07461200039801885 0.42291821156341497
216 7.758114233267176 5.537305483197318 10.793893214522484 2.2787389779401916 9.82720905370875 25.198198319666286 2.9006447534130944 0.7970262498396762 4.6541930834384555 13.243947934150366 31.358896450185423 0.5076234623789246 0.05165035627079914 0.42642017882536676
217 7.3322009851582814 5.882492706929238 11.402404077203682 1.7354059266141273 9.09167796442026 26.20143721814253 2.626307274266854 0.3489646594354456 6.692022146027458 15.025543282392814 32.03031845522351 0.5095338069216341 0.035915490702397856 0.42745183819773863
218 7.278496661167879 5.6773230303413085 10.945765561280686 2.0335553880459445 9.392767884036731 25.730129145861326 2.7846955705584198 0.6889410186743802 5.547871616944614 13.39994039579852 32.446924388095624 0.5080070449374143 0.048761574295143266 0.4259309033309494
233 7.901317352379427 5.760547723300107 11.267187170041785 1.9204478734540902 9.52946421460276 25.786010318848984 2.624090441743792 0.48595934489627024 5.684435407123488 14.374174173645223 31.82928099159944 0.5086621753849198 0.038907276542610905 0.42715577930771936
219 7.933724675090742 5.524348834696154 10.89713615423572 2.2090562451287616 9.444557384678923 25.700485721635026 2.7841924278029184 0.7021318758090488 4.771092450820932 14.113144121919875 32.35964445344825 0.5084252326620228 0.04538661268470299 0.42678687843553903
232 7.584725564005369 5.7432759459335525 10.720667887440332 2.128473832931044 8.835521911295883 26.239876837497174 2.943121645955061 0.6614138913327104 5.238319804189369 13.769104055098948 33.426079139759544 0.5093081446830744 0.033925711048633345 0.4275147055736975
231 7.7597853362331835 5.784401878811502 11.27289608762599 1.8282773600060849 9.009742393712624 25.98701535184101 2.809965091773144 0.5534308835316851 5.515202038056674 14.650099757499467 33.08933410409851 0.5089463213445303 0.03785531531172404 0.42757910663415444
236 7.820739829785033 5.515791740356587 11.355636242921518 1.997845817993694 10.443978839536024 24.693861836647866 2.8436973735019917 0.612883606378518 4.15825703900771 13.412537014522096 29.894733030232846 0.5091001810011823 0.033823016108172066 0.42775651291565014
237 8.029888114997775 5.490015299061635 11.111118308803151 2.074410490234502 9.968556844532234 25.664502941585877 2.4970672435309447 0.6378220133843755 4.890912144527729 13.597615457630184 31.324780410129613 0.5079664270285515 0.042529023870478834 0.42684877781529995
247 7.197673662079508 5.362943753631918 10.848521197354431 2.1586213458407193 9.744006944815668 25.478395873927735 2.8348026956975265 0.47820715642012995 5.36323631545626 13.97691405474457 30.640196148636498 0.5077717808836294 0.05382031462818916 0.42601234219317585
210 7.793958348721946 5.578642554159596 10.9280905992564 2.1471310863664788 9.40993438149364 25.242820660280728 3.09964979964012 0.6955496788869813 5.149008685444941 14.639259754305082 31.46531629642134 0.5079318742712193 0.053625287301183426 0.4248467282826994
246 7.593705378333671 5.804721070449785 10.730491772455391 2.2985229889741126 9.965468517034376 25.64705601547724 2.5160952122234885 0.9203413995326486 4.626887481836469 12.274968063728712 31.541645549536504 0.5085267880411792 0.03855095915564774 0.42724229567141125
245 7.430551597931349 5.736773392264481 11.086326408621321 2.0721321653360825 9.817897860817267 25.39236836266658 2.840684919920597 1.3952219257841652 3.9657651826469342 12.544715103768269 31.971083707999732 0.5091801119609586 0.0381033736858882 0.42670069488440354
235 7.588133978819832 5.598024972181389 11.228778007011464 1.8291674910044107 9.016864624614339 26.160482833224485 2.8061780626643276 0.7628504025980226 4.901421724855874 14.31778094294043 33.297438569946415 0.5091411730906378 0.043702886801643026 0.4269798644741071
211 7.062787295966475 5.724775501310543 10.763037386568477 2.130701500491278 9.393323798500695 25.74553453502811 2.8038994335420866 0.9304411203699747 4.907050209288318 13.084659822102283 32.35602007533615 0.5077648655874821 0.05094541751281406 0.4266426153710241
212 7.960887071996612 5.661666154398862 10.903993337150213 2.156134358526937 9.791401356644752 25.806876039427166 2.5088812806505643 0.5606366242839923 5.100734873467497 13.354379470881696 31.52323108541824 0.5079172114794699 0.04139877273053553 0.42776220749430527
220 7.543162388260354 5.581556621511935 10.845511095822953 2.2569800570578855 10.062821715580197 25.098656341101048 2.894643724385877 0.586607332788136 4.972903460252638 13.14651314229104 30.43247201129419 0.5076300466011611 0.04682052960334723 0.42716901832120147
221 7.61837344660116 5.533437906195623 11.236927842543084 1.828828539237665 9.182591385543418 25.48478066227207 3.160342819449929 0.6280230073896541 5.50575989989376 15.234105315143266 31.7888092847321 0.5098402899434302 0.0252646443742175 0.4280006742325131
222 7.366238012833224 5.5574408978543275 11.261970237119895 1.8912113355005642 9.405371267372141 25.801423992163635 2.751507019289569 0.47549182027223413 5.662305646834653 14.467636001435743 31.918430495698335 0.508355740157743 0.041649333773073 0.42699181454639706
250 7.598191802261695 5.961091915805972 11.11032987134191 1.9735358722021181 9.351966393359055 26.14934856385846 2.5396193304056163 0.8087305834411405 5.789048624659325 13.113201920683151 32.93922940259924 0.5084769116483837 0.05210331120900798 0.42518910234925916
249 7.395552787265793 5.56805351099093 11.158248336001293 1.9904319548982727 9.314552162325905 25.51342409422087 2.9477121252919063 0.8318908318484701 5.2742982705304735 13.82162921708134 32.780211087320275 0.5087609439703765 0.04213409300157541 0.4264450704793756
248 7.624223229427126 5.7058262365909815 11.196749227065807 1.9343832584427125 9.288624935933603 26.239770489996495 2.4852047902573804 1.0426410193685702 4.83626698661778 13.444030940279177 33.44358567019003 0.5074510386169439 0.05918774181582327 0.42536187887584126
238 7.906739713472559 5.551426057135142 11.121099560751626 1.989089284469191 9.52075228118732 25.647822355501074 2.750292382353428 0.4461136644669216 5.485784490503382 14.898717077318716 31.5637663845867 0.5091350797952566 0.03709926699528598 0.42661540087239747
213 7.5130554966529415 5.2600995307803755 10.63525856172237 2.3708332092922353 9.62419157857116 25.511736953861956 2.752591189612585 0.6339723397505622 5.52800531938614 14.175078353374268 31.192872028789782 0.5063092006966459 0.07014200803630612 0.42300211297079116
214 7.29970954650511 5.931259683787189 11.112645415978909 2.013757246977487 9.394294081869807 25.375939259789604 3.146546258922522 0.7917212580052599 4.902842547482115 12.880315552231957 31.98933134282958 0.5086402826399458 0.034425546301354235 0.4283456101971044
215 7.860491370399676 5.484573363645144 10.895729307544904 2.1576663013196797 9.772671584461058 24.658193083895306 3.3751565041277036 0.7931356966631289 4.942411055553917 13.936896127146433 30.447748300081518 0.5072444547962718 0.04976370240984084 0.42585485439269793
239 7.596195729140678 5.63618130154153 10.75894027047565 2.081391021258056 8.802314539556846 26.237842080013333 2.77237473353279 0.5244389226184355 5.487686609263045 14.71066732515163 33.3233310771441 0.5086736644487742 0.0418097301669738 0.4278416558484678
223 7.630901171961629 5.246698412340584 11.01371303424837 2.031347943443623 9.086106375750207 25.63559241275583 3.0821858206358543 0.42869755526806785 5.585973485469532 15.727070544211717 31.979752283105245 0.5082266223674793 0.045741996254248816 0.4263116788039732
240 7.6427822868321424 5.5670827591429495 10.389782594005062 2.382296658390131 9.310978123958906 25.205236422400386 3.2051048853181743 0.8852580520947115 5.394632895383676 14.211716321135448 30.989760201614047 0.5075499649165343 0.058550920239736536 0.4250140033821513
224 7.3352063744293785 5.740976791422625 10.985126637201585 2.081021438347915 9.338216676862647 25.769567914377326 2.7894349771758744 0.7331667847070964 4.83673584666912 13.096239255503512 33.224597689372075 0.5078436736483463 0.0450638146598538 0.42691656193110145
225 7.806789983744647 5.535802622284709 10.201673875821022 2.5995462662914623 9.76733106624165 25.14891380625193 3.0656793558123114 1.0546509004959546 3.907442061826459 12.216413366778957 31.514028643805865 0.5081683843801903 0.04325213188041977 0.4274331082962544
