# timestep 5100
# phase bcc
# id f1 f2 f3 f4 f5 f6 f7 f8 f9 f10 f11 f12 f13 f14
1 7.616983305012284 5.57979281992728 10.667915750313805 2.382896810464233 9.415352214440853 25.789367046084966 2.698265487732272 1.1238050879071007 5.142803562983745 13.966861148663666 31.698998061215278 0.5074055860306396 0.053586417304001745 0.4258827961868793
2 7.466281953109746 5.7805102667045745 11.15425104930364 1.8888308971267145 9.299714500980208 25.8939254690448 2.7969238993191605 0.7061840885405778 5.3551230058311345 14.014587335576751 32.16877307006193 0.5095752518666761 0.021752090309377563 0.4283536612560251
3 7.910757674488056 5.699101506345502 11.162638474836042 1.8748791115047063 9.292826899637845 26.604004181800526 2.201995356624704 0.6283544159616556 5.97061337399857 14.152920948810657 32.78050573537018 0.5089803138688777 0.0386455309227654 0.4267817037805003
11 7.579720435732784 5.457359909947558 11.314001707501435 1.9038967038768992 9.70988126462822 25.1461425083358 3.12443877391802 0.8503453350074283 4.0753620822990975 14.046405330802912 31.335938903741404 0.5091020592988674 0.040049724069809015 0.42651167905172577
13 7.584324211307507 5.679199986569132 10.952701628502227 2.254615854439693 9.777782552447588 25.56381157485329 2.650564237281994 0.5598080349591117 5.674963920384926 14.181438544942141 30.397161007449917 0.5082786278427961 0.04786657270298335 0.4264042058224909
26 7.29867072971735 5.736713903582225 11.044247661057012 2.1565330196786436 9.926416331492364 24.712222163022993 3.195620837737499 0.6068809660930334 5.658163550025116 13.141360188809184 30.534483163690275 0.5078291890988099 0.0468398627634158 0.4270156719954944
28 7.270415437109367 5.721938778091315 10.607909565896476 2.0629553321403487 8.741744172366971 26.649301146701127 2.5858434655021845 0.6112841342268425 6.683791132515699 15.005183241917887 32.47354696369483 0.5068342636424431 0.06476143331577924 0.4236492845808295
36 7.3331083112230955 5.647501594210258 10.53141503249123 2.4584583635664803 9.966856163769302 25.315972303611915 2.859013415389337 0.9968433738332584 3.7329067631103454 11.230532003074911 32.1088118715636 0.5091973178794502 0.03905679260898516 0.4261974603140827
38 7.730124945071207 5.682205643267206 10.773192448584183 2.4036560369733455 10.055347311018236 24.89119721792827 2.9712773398975583 0.8973384767733507 4.029527640657268 12.634719682132584 30.953729933721668 0.5083822407958427 0.043740611292286014 0.42679139132996446
4 7.378651186379491 5.979582356037949 11.01208438991236 2.17601775462215 10.121635012883418 25.39363403752357 2.6120581680246375 0.4196887810843732 6.032917679433404 12.669057374350976 30.194013537403354 0.5089355639294542 0.037534366444294545 0.42697529804698353
12 7.680007777610614 5.360193632846877 10.517908294083854 2.538551279148573 10.181386529252752 25.08393176275474 2.729520574655495 0.7296760406797262 3.7106229846299232 12.58189466408677 31.395245895832247 0.507923988608126 0.05167903452508976 0.4253399214211023
21 7.515262288184998 5.566331463341319 10.964719009775688 2.228481860347487 10.101579947754795 24.74347539003059 3.2474718049112594 1.3445688846171977 4.241256445734143 13.302068339364096 29.656006409914546 0.5052267311333425 0.07214453340902688 0.423228043608453
22 7.239080520221204 5.698985126736647 10.941844415110655 2.251580284237255 10.068891014017911 25.39684539857293 2.4823406820375604 0.6940706442865626 5.249881983090654 12.996616405359829 31.02308221134599 0.50795278558746 0.048720302266542725 0.42619454730255474
46 7.399230490890917 5.680198793721859 11.146017032680877 1.868258743473488 9.167031870872766 26.0239242499115 2.791427973559591 0.4734144354906917 5.660263425877915 14.471078180908107 32.348276507980444 0.509750172693546 0.021422565014250907 0.4282001275824028
47 7.845192932740224 5.5762666911494545 10.968539906960768 2.23758289792487 10.200929418220998 25.2262238597337 2.818896805040121 0.6966555526518655 4.380201573615913 12.915741668927302 30.495599836995012 0.5086593723009648 0.044186255062478794 0.4264470404594892
14 7.5811678005871 5.786863083474739 10.992999870679302 1.9976138408650357 9.460535703496436 25.725967214528406 2.7860957173566816 0.7590582139991002 5.030853979967342 13.577361970694932 32.15314089512586 0.5088370743138928 0.04222850719182661 0.42640356419998343
27 7.771129054896623 5.765179112592988 11.25052696679464 1.9186865386299359 9.407858985643491 25.857202204875943 2.701784841218547 0.5051934626626267 5.588074707394664 14.66579954981346 31.541342055962957 0.5085903024821519 0.03494280371045003 0.4275819114045147
51 7.312631909375877 5.555728921747075 10.252166078541373 2.728639448453298 10.150286252776494 25.00211980985814 2.987866392405346 0.9176701760697848 5.46125075572409 12.206916189161298 29.254262300421008 0.505310258192098 0.07607481283215745 0.4221790096147909
52 7.5830063344098555 5.664385802247466 11.130042121048907 2.013274873085815 9.649737449005386 25.66508402078397 2.664763313248788 0.616542540468834 4.877787198585466 13.490750529749983 32.163249732940365 0.5096177551332226 0.026892576488052825 0.4262357457967052
56 7.381667638227541 5.450853448260238 10.423047779673468 2.9903242390505964 10.70745790600342 23.93376505716818 3.267094986526513 0.9469292210793512 4.671284845354017 11.81507871106223 28.65363218543879 0.5022516674717489 0.09778872252686797 0.41692101085037153
57 7.589566630840819 5.722782420219284 11.210064573242455 2.040755867530778 9.937381733767692 25.186847171105867 2.800464817040397 0.4846833785127938 5.2400178391482894 13.50678711548517 31.088001847768982 0.5087378192131277 0.037757640061257876 0.42697500961991647
29 7.3874635135436755 5.8202453890243095 10.72215548939235 2.1591753606452313 9.603583818913911 25.90435468982826 2.6388372751146023 0.5465409400684434 5.458957553483619 13.039324698811962 31.380156923558097 0.5092528851107997 0.0349342615791221 0.42725908317581834
37 7.49550499100987 5.611356489899205 11.072317707766713 2.011787131779833 9.489445040009905 25.599473836801867 2.946139201524859 1.219169528907623 4.4025431455966135 13.089486336875215 32.08138225117443 0.5087460056290877 0.04523286889135705 0.4262812254320295
61 7.5656161821348595 5.508013635133794 11.260808942136592 1.9221912564348658 9.410162069643887 25.803283982853625 2.7097597532819213 0.6817041024459456 5.556093398672612 13.621887169047733 33.09053343672896 0.5080670271016353 0.04261482141957784 0.42723448469112163
62 7.880876322635839 5.533946348644383 10.802220312444335 2.3443876291176022 10.167618170688808 25.20752841570499 2.799838387523851 0.5856672064175199 4.87786189305691 13.01393398739459 30.299410472845064 0.5080017240643546 0.05248607171204909 0.4254450003901834
39 7.862133809692222 5.559975917915386 10.881491159083536 2.196522586894178 9.680489504786879 25.520653922601394 2.7565588357688076 0.6413948740028022 4.8254349117634945 13.630648062636741 31.83937360378166 0.5088487650728455 0.03831261102909957 0.42762973341300536
126 7.5562433497021715 5.546611689528887 11.406365919741816 1.8618434723349644 9.700253228731324 25.382948096350482 2.77953135640138 0.6471849811521849 5.028550153748545 14.04314622179086 31.789723758448456 0.5101202850214944 0.01867541581756145 0.4286789895093847
127 7.749256537215669 5.6086533613813225 10.979924743886412 2.038288857611114 9.184923711970457 25.895782947351172 2.8081619915612968 0.9538168380275811 4.761575332428757 14.330157306211502 32.824571919460766 0.5087633556226687 0.04884089004350136 0.42589169192889403
151 7.146557841363966 5.801880658096187 10.82358660565137 2.1501400027118054 9.331354718348518 26.218218060452294 2.4636768641567386 0.6187200912891431 5.892902397209287 13.264251515869756 32.68562683301815 0.5069930740684168 0.058892819594011485 0.4248969602481898
152 7.666776968804593 5.847724643429985 11.290986932750199 1.7288704454340051 8.884590157461725 26.293118999207437 2.804486866363942 0.4940263308784796 5.970318144539223 15.031496290872784 32.65549417977786 0.5096139386642521 0.025884983807811374 0.42826166002792476
66 7.5466212242954285 5.670499779230386 11.000348897261425 1.9630799153513858 8.818073104418827 26.968744770087337 2.3402605057167074 0.8547594057191885 4.760236238889211 13.305153973782602 34.965103140362196 0.5082728181169054 0.03971033906210508 0.42572076448150875
67 7.691045447123405 5.510414727923739 10.904923879174197 2.138916971536908 9.722618461402716 25.256435857466002 2.8946488057125928 0.7345981955168696 5.263727388667914 14.882878710034671 30.01468719195717 0.5066338409543736 0.06302440963361151 0.42432319210232605
71 7.420198724005807 5.747196370819613 11.15660983919134 1.946053962017842 9.26472031805691 25.754169943685607 2.922968615819808 0.45091103379099023 5.747587823850585 14.666408214948676 31.397295428761474 0.5077225561540109 0.05334541034647843 0.426215270328489
72 7.443556275038799 5.738800869166626 11.095332770579462 1.9631420322542381 9.351191888713155 25.770229096891665 2.935281591264522 0.9085025409047575 4.308564428793991 13.247513887460274 32.536380481094625 0.5082687067934689 0.04543153708698902 0.4261744262903103
187 7.7022641741490805 5.729770569472932 10.836287419929482 2.2458032389820053 10.062455209048455 25.335049394068815 2.703306339991532 0.7563347183154349 4.487582600142205 12.2146467451762 31.286713105239397 0.509778800552554 0.024835644570348772 0.42792452041236556
186 7.448373578282354 5.734288546937764 11.071440810146957 2.2740571625921038 10.281532872538195 24.353446836941362 3.3187353133820494 0.7398632062935839 4.667656709749774 13.63220872592715 28.835657810367586 0.5071097155563952 0.0603267126569681 0.42520008007349996
5 7.4768378670503735 5.8557415926458365 11.128913348761307 1.912758781099275 9.264181000696253 25.974709122933803 2.702278698975009 0.763461426114831 5.231690205130753 13.608465129274071 32.702038065434124 0.5090801301104086 0.040129127410976774 0.42711630669163264
15 7.843189403996689 5.513668751657367 11.15610339011287 1.9996928043192663 9.581012049393157 25.192850140807302 3.118386371666547 0.8287593473218193 3.93708678168903 13.398432714705558 32.54886919053764 0.5090435515705712 0.023834382765713272 0.4282632519788023
30 8.138831704901897 5.501002518966874 10.798510437406264 2.1775748577884104 9.385240612071373 25.426473448335827 3.1191289665245527 1.0726024910689778 3.7713055655062875 13.705927661633746 32.21354539392865 0.5077278814935742 0.05470197608547399 0.4249885214478159
40 7.626735444492732 5.612706374740292 10.787377120775883 2.1300433241689767 9.240160792956416 25.51043421755565 3.001236063382185 1.0350314811376582 5.052718159267357 14.496208304936156 31.890109100390426 0.5069009298610659 0.058319292794730644 0.4249754402033077
6 7.4674851663908415 5.691144281192811 10.234494545569836 2.66228804894371 10.178850747115417 24.467219994356523 3.2555660117053673 0.852493561158934 4.71856760168367 12.962353780420354 29.00376082034586 0.5057670828759293 0.07203530743544338 0.422769899088243
7 7.444144739887504 5.7904708168131425 11.102880957892376 1.9900912423597308 9.50022739653104 26.030225349257485 2.550484112631742 0.7863683409088877 4.727848026229958 12.80336442738931 32.96074973291116 0.5102485556958661 0.009674101252824962 0.4287579663555797
17 7.564215336197225 5.537681313551468 11.193927682086615 1.902305665737173 9.428231100699644 25.65744006644635 2.820544180411454 0.6443099861630335 5.027398551386296 14.284891035596267 32.123420606966185 0.5088939234447538 0.040577552673719895 0.42714699986540156
32 7.969497261958099 5.645703765735377 11.296688439349518 1.7893210713395937 9.01334837201837 26.10754033256661 2.7778165826276884 0.7373477242800707 5.060671244080795 14.928120062800213 33.053388220469955 0.5098541068390927 0.012381902103518813 0.42858944862936826
42 7.518468916086961 5.726761973902672 11.478286860196656 1.807124127426331 9.752737063235816 26.08890551858879 2.4142679792443067 0.31390248756468486 5.937684923570504 14.524448568918158 30.815682515876944 0.5090625406438725 0.03555274005892482 0.428639178977529
23 7.53751109921978 5.678871655099035 10.988250490134902 2.128035458060927 10.089302501113 25.22899332752847 2.7368332698323656 0.7935560166449923 5.0686339332209425 12.969089816121636 30.639086606455656 0.5085320477961343 0.042647648522094635 0.42675429279555593
48 7.345334105281529 5.786360336086201 11.096250381879335 2.0384548239741167 9.602878029559912 25.26890196289879 3.0322836804502096 0.61743101215884 5.572177085802984 13.465060218021494 31.669559765603267 0.5096128894927352 0.03263029325414012 0.4278863487434947
16 7.512353513830978 5.690025815405125 10.941620678392226 1.9724811180560364 9.261565614221835 26.20942318009171 2.585407660940005 0.6230751989619747 5.302197386416235 14.206284452690866 32.32649843854077 0.50894787495831 0.042897447682842094 0.42687694602456433
24 7.613842723541735 5.526184644341451 10.871885304761655 2.1963450351651987 9.485218100933027 25.96459880568075 2.528078189765413 1.021077025720916 5.073683764735821 13.621643940679384 32.57714461597791 0.508765846953211 0.04026187638476916 0.42685415476791255
49 7.415559650412186 5.678590833797586 10.951983559837396 2.1146095577338837 9.407146568495818 25.63182562814966 2.882729641791363 0.7173221694442511 4.6995626898076095 13.167027255681269 32.56115840365108 0.5095584257434971 0.026888020281800557 0.42853770737198493
53 7.729126800051005 5.641841753471697 11.07946340713717 2.0420143326637534 9.492061948380293 25.292294678814145 2.932538931013306 1.0964577185339002 4.5463333277762015 13.889519227913732 32.12416828655193 0.508373591652376 0.042235369113918654 0.4271596352992822
58 7.1698711082413045 5.70913350871574 11.186646724258908 1.9978687585983905 9.546584328708395 25.888581463097672 2.604506081230486 0.7872297335230001 5.46293392549212 13.690984346445822 31.81420974999965 0.5086540724446896 0.03731699449640361 0.42690146384233746
31 7.38347712498583 5.706375362476627 10.48842717051655 2.5935799826480315 10.337864873009046 24.51110258716864 3.1153400180334114 0.8168184994651713 4.839928358475009 12.51256859492683 29.440064744859914 0.506694657174391 0.06433572670186624 0.42267006213731545
54 7.990708805726845 5.445302988747269 10.645941405056911 2.211998814942993 8.896146080633994 26.69139537788907 2.5045547111055493 0.4992728411190227 5.594767337342455 14.650642492056352 32.939994317281545 0.5091208226649883 0.03858901803245102 0.4274446314885268
59 7.500029874123863 5.7320103847317085 11.20662111728966 1.864278201085738 9.321115921244372 25.812520310850843 2.9765057326969444 1.2047019328914548 3.916850718545633 12.864709244510351 33.06130745555048 0.5091058581404269 0.021090226414602002 0.4295124205561187
63 7.425129300911035 5.6787042290133956 10.630362479678173 2.329979747186089 9.750163295046654 25.47037533094878 2.865237603427601 1.0264076159633517 4.528643506893297 12.039191062074512 31.78355954476402 0.5067447708586034 0.06263789026645745 0.42474286159249364
41 7.858714468489378 5.183790696251131 10.893113845031268 2.2850260466529684 9.961100960906885 24.777845468300843 3.049039592777893 0.7898033339676273 4.642344060657012 14.048678761834227 30.68539109827686 0.5055478336803632 0.07348747067526912 0.4220569681398433
64 8.023053634106555 5.628916886390624 11.009306964811604 2.150557167114822 9.81853039395029 25.321025788332253 2.742192335776496 0.570488472791853 5.462786635728621 14.184893134394411 31.053794923145315 0.5088457105466109 0.038932817152635114 0.4269619848628686
128 8.090701331088942 5.5503583791200475 11.35684550815308 1.7819208344789856 9.16584649837238 25.703477218455955 3.1106550098590677 0.6807418585000892 4.7719366081182875 14.843854953059054 32.29482453527351 0.5089525415124446 0.036116388485892346 0.4273141630518591
153 8.007723185043108 5.619785464431228 10.632443430337506 2.232903228441852 9.218278949769404 25.88282623251208 2.7727769997443326 1.247423614292117 4.912236278659706 13.60249956000848 32.52532398853811 0.5082232913154671 0.05229046102338328 0.4258823532200773
68 7.506498501247736 5.648409707460542 11.0255770279869 2.0186760772388292 9.66630240970834 25.619062217688906 2.6705231742058393 0.7769748014705559 5.258805722416086 13.960341428323538 31.252721080825385 0.5086844079823949 0.044665598522656384 0.42582243206151565
73 7.553436138642117 5.57289423190537 11.181306946929103 1.991910069543153 9.640850822584635 25.785818611357488 2.728987826884156 0.8265908007882721 4.804602622540201 13.338303927699085 32.097535268685355 0.5093223209539414 0.026000468105843052 0.4277772818621589
188 7.416354539957098 5.8012370867515335 10.971250526009028 1.9618822759176968 8.825504226806753 26.243721789730614 2.8369586592532867 0.6627778273515814 6.052941790059572 14.340568433575037 33.18738770883576 0.5097653273887895 0.01618727330240777 0.42836466447685767
8 7.567696349851958 5.7357508823564975 10.956101859593781 2.13447971670518 9.623968309843168 25.602779332145406 2.794612091182441 1.0003339215535503 3.9895521349632954 12.427473243719888 32.69040721903227 0.5099739503708538 0.023883266280977485 0.42760484946414923
9 7.592926557858372 5.822830905375969 11.245486891269644 1.8836543337967233 9.10290083229356 25.77949017522215 3.0438978290996017 1.3689099484917353 4.132299506164624 13.132661200359554 33.39281010493797 0.50894613978149 0.035420777516040614 0.42738038352847385
10 7.88245989608242 5.592657084738262 10.937530550861569 2.1650157763753346 9.830777694380997 25.67349943413312 2.824139623969115 0.752329792990873 4.012208119180249 12.6636535842359 31.59802012025919 0.5087700806011047 0.03747657947470066 0.42800349316728226
19 7.902081571129296 5.535747830357079 11.168821913417432 2.1002973659947592 9.878876718254048 25.247981648761503 2.8041374738533746 0.742764261764537 4.92482090848668 14.110080776971921 30.769497007488575 0.5083353808469365 0.048838200709066096 0.42596006729925373
34 7.73299650117723 5.59245964539212 10.720044755107274 2.3618988649705965 9.78579290348185 25.703879875161103 2.5359068423563147 0.837049498372551 5.087641100666277 12.697951797680421 32.31084108602213 0.5094509424563377 0.026339771668171228 0.42836807349691874
44 7.414751326236971 5.768246265794912 11.384539793923265 1.9529114850296012 9.906728426885197 25.066693064200436 2.829092631718599 0.716974953426068 5.067565733613803 13.807228991548985 31.396367625134022 0.5097526442837915 0.026942630845730335 0.42774055649832143
18 7.201774133737232 5.690183926191365 10.789145484298105 2.0950176296474106 9.372490756306123 26.45290511574023 2.4132250004591302 0.44310018557684666 5.88136857580057 13.478403591370132 32.27539865723855 0.5092936094772228 0.03452244183142246 0.4277046250210967
20 7.507772044431163 5.727612471219343 11.428564468446366 1.73931959983733 9.677510834321087 25.462208850578364 2.8374802053674384 0.5978276535235665 5.28928229893943 14.138831862630354 31.266239401144908 0.5096249636171617 0.024846459100675327 0.4281130750396682
25 7.827019665692776 5.443463547979579 10.874425755320786 2.16535515164965 9.635957897399628 25.449635108870805 2.8948289593369974 1.0403394440343119 4.261461612778036 12.758494824455315 32.4824002412423 0.5073667966629732 0.05662509326181842 0.4260961037653171
50 7.510253590791138 5.745405481205834 11.14431273712529 1.9265969265727518 8.847356685145552 26.345064147956382 2.699863167453731 0.5996645857470029 6.057361945791627 15.138681367799961 33.182130637903285 0.5098586713327609 0.026005476869554033 0.4282904529427186
33 7.626359802930163 5.501363096575685 10.84665435105313 2.174089447975297 9.22567250958261 25.838442397978614 2.8336220575998516 0.8016263624407711 4.425665231327159 13.662058146420385 33.355771333844345 0.5095436380071569 0.02913954636084506 0.42823972263839366
35 7.9221686228840715 5.625769347837414 11.422547979071233 1.641947116909901 8.655294905519856 26.175217356383023 3.0438684490832393 0.9999053534762881 4.678271187548985 15.06807344580678 33.50890498518269 0.5094990876135562 0.02742785491097569 0.42830685230425714
55 7.536292124983352 5.775169579093443 10.637892543707563 2.3357865309789596 9.360570540816626 25.152280205713858 3.160693551072881 0.7580826118402832 5.661310989154652 13.851197391100207 31.48097879178244 0.5080542902419602 0.05236801857622056 0.42452343111817226
60 7.518801888408653 5.630740747497877 10.782097522208588 2.2436565883986965 9.597923867850735 24.975626993165154 3.2870682959590893 0.5649756564306625 4.765895795933812 13.403651588025175 31.505389438896945 0.5101196564004351 0.0209408304401232 0.4281944715531153
43 7.475903153736886 5.4587447163654685 11.033183625525151 2.041510388247967 9.542077431129783 25.209495978732146 3.0566962090710073 1.0688737560907482 5.254514774571389 14.338861346230232 31.50320028540219 0.5071695949577487 0.0625887355126257 0.4245819061403329
45 8.065219716062439 5.448308952829804 11.205260858171878 1.8758414814408069 8.905993465776113 26.405732518485813 2.610717061191755 0.7002212446194662 5.4678229651518535 15.718269477372392 33.22911653187501 0.5089785433784427 0.03355200996699125 0.4282227724873306
65 7.812280309673685 5.816137248893931 10.933895786510293 2.090322204332954 9.554953374210184 25.68928001501415 2.836096600604145 0.7994303282477916 4.627310642556731 12.56472184506679 32.57489723843947 0.5093068408657678 0.03507477698076962 0.4274030567583236
129 7.7733806517606086 5.462199391453516 10.819630542162743 2.2428007588177543 9.591789779205854 25.043284933125104 3.097906100621598 0.83136133944034 4.7053128894974625 13.455240752188475 31.985257753730238 0.5085929079463241 0.03890073866434604 0.42736409197926667
130 7.654032999725841 5.775867782884009 10.799835695820178 2.1892317146648357 9.227479139795502 25.85232732419808 2.861109567427999 0.6605439460207675 5.667043833844819 13.983544263595983 32.13950869248297 0.5076995157220091 0.05039481565870502 0.4265810439108992
154 7.517332648189523 5.601972115954283 10.397301914554534 2.412011879999734 9.146046151792916 25.537435726751646 3.0187950911271253 1.0501699929638535 5.370391930026531 13.397459228695475 32.8494550122363 0.5081970335752523 0.04412317243744687 0.42711958718798293
155 7.602502989369143 5.858804214524827 11.18732011438158 2.0208038857906105 9.661248734301918 25.26384939824821 3.008140497134833 0.7789709955553176 5.352534648389302 13.607438225695082 31.240346452958917 0.5085991554893491 0.043900953188478545 0.42681802795767915
69 7.709948176215804 5.799857242624871 10.913985813556279 2.220884080563573 9.93750477489645 25.137303687610267 3.0376644288751833 0.46454502959424443 5.300267361310621 13.566360695474344 29.642172842220806 0.5095227647064486 0.028805954906882474 0.4279237645525358
70 7.352482552312209 5.904058417924289 11.06721497316201 1.9278520827598693 8.805546305101714 26.160655347699617 2.8951298958200478 0.460796034372216 6.3006072393561166 14.820242317249631 32.310481696626105 0.507499211050416 0.050750955307450205 0.42580995867380467
190 7.8972759656653375 5.626608541553365 10.897931810878724 2.090647643336522 9.416474956416534 25.759875243220154 2.7560207211585728 0.6568976683166541 4.7036505997660605 13.484823049367627 32.65188116685806 0.5099431718217375 0.017586661044365435 0.42839485550614814
74 7.859418725154476 5.673208813400441 10.848527312222727 2.3295928907607113 9.852119531598591 25.051454911254446 3.1039048976047408 0.9013121799966272 3.776058379704957 12.40398280486244 31.964188794746537 0.5087864926649166 0.04423521561624639 0.42682954586302946
189 7.236582616302555 5.77732592493355 10.977784188405895 1.9863609759205325 8.80902814002009 25.635542572671884 3.3539324329910407 0.6936932934007208 5.701660202627411 14.23509811833716 32.584777906338644 0.5088223349841562 0.041921599171244044 0.4269507139132283
75 7.9274062453313086 5.6932987031636815 11.10255314250434 1.9054788789405337 8.953362046864958 26.054476020858278 2.831518746171844 0.9635902274467948 4.623650012744391 14.122581403919302 33.6687431914149 0.5095339748845975 0.02627059145154816 0.4285260557995173
76 7.583259617928931 5.43420374744066 10.58807351991588 2.3519756165228265 9.369054667475796 26.000669832823963 2.884675568738507 0.9192927626820334 5.19903498087939 13.902939517691717 31.07068610029272 0.5074959954336365 0.05784102060211058 0.42457526412890473
77 7.585774330314377 5.70738672559386 11.286300209724855 2.0112298683206475 10.253473951436572 25.112347365340394 2.7251669681610515 0.7720646174455839 4.40767915731538 12.521397344151364 31.029301636201676 0.5087220570427894 0.03774061765792182 0.4276001425896942
78 7.546501730367739 5.698392789172023 10.944770682662051 2.180209320092533 10.054577137596647 24.790100811548477 3.0644046885363663 1.2592183771097325 3.8015490429515455 12.248536917080108 31.3416927913633 0.5092112957625092 0.03015195489398119 0.4268925211923054
86 7.5203737568911 5.616173449913587 11.375665234519634 1.9316210182431968 9.61247583883806 25.479184202396954 2.8657225557925248 0.5452063694754595 5.8540979630764625 14.542674516023371 31.172795062963853 0.5076196615234942 0.05193021249834167 0.4246811398361753
88 7.467643252747524 5.611897012570053 10.86923156465008 2.321993938025672 10.265439986432785 25.46812587297103 2.4238739894937242 0.524160388970773 4.971522099557792 12.301249462979603 30.96186934385703 0.5084558146029801 0.04130732440672088 0.4271618980931188
79 7.861117071413366 5.232487280955198 10.549964245791555 2.308228540962927 9.643012547345837 25.487753553525778 3.024627050613688 1.036794701281002 3.6328991846796606 13.470349410568563 31.2475546939889 0.5065363191144612 0.06403237540053264 0.4238640311619922
227 7.616131049332235 5.57951569744539 10.49111549410096 2.51743054929267 9.801826956115418 25.39613191842784 2.7260081774366287 0.8418126997854218 4.769613387900257 13.167262339507337 31.181739828882346 0.5046704079479786 0.0734856351159268 0.4231156811502531
226 7.544771404470081 5.655415060512784 11.513544436130928 1.7059603967560821 9.396089089689115 25.437821434146606 3.035017087442277 0.8094120481099208 5.163494894427647 14.747764507201628 31.471169102363465 0.5090297266007365 0.035298803317155326 0.42757181889105866
87 7.316198856600319 5.7443319600445655 11.090835787378202 2.0033028495728744 9.677922281375954 25.899817338117924 2.480189616354447 0.4918561764709473 5.846099749024254 14.167711802155841 30.805572744955718 0.5080424512655387 0.05109315085143783 0.42541894795678714
96 7.458386241858021 5.6448955576851585 10.796326573929605 2.155522852234003 9.571829200695184 25.447218775614893 2.916328409341269 0.9799370966029025 4.745745611560163 13.39868485700338 31.748035104369553 0.5093296225904426 0.03204468954678481 0.4275943623071976
97 7.663590296449752 5.631724178084321 11.269331114524755 1.8667479576832828 9.361379957813597 25.310008420854928 3.0814880504707993 1.0338987977174197 3.999106482678158 13.790518564216825 32.94600289752311 0.5097852940806669 0.021256585706316108 0.42773941383517605
89 7.875821966916664 5.662680362943856 10.9465886905395 2.18382762089754 10.329731453403317 25.21243012957107 2.603253635516357 0.888309713093131 4.581510611933573 12.94909086056484 29.93313907076363 0.5091669015301078 0.03762538622548091 0.42623575387098894
202 7.487894791224979 5.837844980891701 11.260758010124693 1.932386737074232 9.476293398290444 25.04739958671811 3.3101880190847517 0.9582585441728049 4.596074095492628 13.424299065138861 32.04614989648805 0.5092270762624251 0.03378620232771585 0.4277228259564292
201 7.528432003371233 5.497607627596043 10.60934658252348 2.362542694587145 9.560473371360397 25.90179156007139 2.5951839833177055 0.8070514558224852 4.258062600659958 12.629779602751317 32.88230621794633 0.5081482602901524 0.04105294642585677 0.42795697678617994
101 7.697419847040181 5.43731204904959 11.23414671206894 1.6993281839408478 8.573544912216628 26.012052997706633 3.1965026121704376 1.1638047211599016 3.840212913953498 14.890160871623655 34.19122189998073 0.5092051499478786 0.02601538758047719 0.4284737354864683
102 7.334843708619428 5.745897463825226 10.676620362548197 2.2852439645562215 10.077965661113407 25.482188802102083 2.548639373498764 0.5247466594026616 5.080000404218417 12.333634506464529 30.87516050390255 0.5095274596433681 0.021349981356985015 0.4283688943956407
103 7.669660874881782 5.52712163539373 10.46845631554246 2.628821846185575 10.334842132169063 24.175730092265184 3.4470897117486996 0.9484224942741728 4.561539082075772 13.550438095189836 27.69092747893188 0.5058561562508116 0.07174077129888322 0.42314347131906727
111 7.317402648988525 5.683289145061607 10.997677083316956 1.8290089175599777 8.983663607569083 26.926823214956404 2.252844719992619 0.5589580727324723 5.918995084419738 14.483330303443738 33.03446484503995 0.5084925782650709 0.03928469263874981 0.4269160069497927
113 7.434511006420049 5.882650064351792 10.97175202156388 2.285397018694574 10.265802873385384 25.49148358671856 2.4150682751965302 1.033576646451607 4.40869336205047 11.572979175960809 31.30894018584417 0.5073342425721349 0.054501195826518745 0.42474601043414684
104 7.626997996511603 5.766002354806855 11.114056381385574 1.946639812798464 9.38073581266792 26.077636325139146 2.63275485851418 1.0180140074999007 4.872620852303694 13.196385947280497 32.831107405664994 0.5100617160626907 0.014837597887928171 0.4282452378962375
112 7.1058086186698555 5.64910525146135 10.990187268243996 2.266576357915316 9.86743701362264 24.968093741075254 3.055497641265524 0.826373434923097 4.902192112553587 13.856632374426976 30.279059471135223 0.5058694462648261 0.07038618069782619 0.42154561652713296
121 7.772898735411064 5.356284367237171 10.963079616747128 2.1607121673217216 10.0343491378065 25.28437285331209 2.8223885020011243 0.6002087789859892 4.383666619294431 13.331135707788413 30.962757650883816 0.509517844051625 0.03003395411473147 0.42734984544893606
122 7.279028767589215 5.574820631830631 10.976132627140508 2.159232486007964 9.816051260927093 25.16216023447784 2.8493133221593707 0.562451317805205 6.047001780895551 14.342629247331695 30.061141334776085 0.507059661981713 0.05933557846619291 0.42416830078946466
114 7.612499163752582 5.716105189207498 10.919385635322174 2.1516269652495503 9.995285461100936 25.40811061721589 2.6190986364935442 0.6122600871337907 4.866013041968897 13.04303523576688 30.860776312468083 0.5079530766367266 0.049745711904537554 0.4258982971773799
80 7.0168503025626086 5.84936412117241 10.849655327834101 2.3031764952658613 9.987873895233935 25.832176751753565 2.3534455165528927 0.8707164390391207 5.295975976931095 11.858250761210025 31.9829101865388 0.5079164093443898 0.04059564489072175 0.4272082640227327
90 7.255589554677155 5.5938068075419265 11.313227901558681 2.0617167554513838 10.32924907897148 24.355817365347384 3.2275762580869785 0.7053353307544841 4.608952989024182 13.368678162895709 29.681907937430612 0.5073650770809499 0.04762326286536005 0.42679844836317493
228 7.284586750138926 5.725321568577687 11.266129082777269 1.8612658412551226 8.887606979960843 25.95547149283663 2.9439530875065714 0.9486124926021613 5.6767139847655566 15.073838416867462 32.92869172122595 0.5075081573781483 0.046956001002927954 0.42712471369946325
81 7.637216093395792 5.4576595593494845 11.02099602881254 1.835489089609585 8.867719739997147 26.630138364512806 2.560429502858736 0.8322591898578686 5.275018454318483 15.279246175178027 33.0780024230079 0.5074294517648225 0.0573257686422585 0.42520594623095787
82 7.361223980192284 5.8235259011630305 11.406483616278882 1.8314757491130136 9.436593173944848 25.245050642581287 3.080424292679793 0.5017053743284217 6.098974575842265 14.820752063344369 31.164902008697503 0.5094242505013108 0.031945718824566684 0.4275929384946175
92 7.789554940348653 5.570449498831415 10.734514436236996 2.3971637460032214 10.084986929786375 25.28491779117757 2.5820318290590176 0.6117412211967723 4.646356772367309 12.7951028080619 31.39175961076138 0.5092246110817996 0.036029472591569946 0.42761521807449043
98 8.017362761968501 5.449740712293878 11.065229965877668 2.176277557007049 9.923836124686714 25.009261980770976 3.0062758317399574 0.8849186513438423 3.935481614332712 13.720473610521188 31.156289274482354 0.509474766985231 0.03173187383008018 0.4276186931227687
203 7.257662055314212 5.828774937236165 10.899110563640562 2.190853224874662 9.672908116907703 25.346138927418764 2.893326004549981 0.4732541860005094 5.780801037717222 13.616967945684042 31.210266186482535 0.5086628854780192 0.0388669742636249 0.42730230260120716
91 7.3728847186821715 5.730317074269595 10.780926800101026 2.1506739653501366 9.686070916583951 25.587456465904225 2.7663578052211615 0.7155080108233987 5.00875947215024 13.316375960297414 31.3554398270342 0.5082777863464818 0.047324001072631044 0.4264678238628221
99 7.541016318183454 5.6568308431956575 10.93393587491669 1.9430489221350193 8.834597211959299 26.072344950788942 3.056288664877116 0.7953113101714311 5.53826018116783 14.930231625832295 32.419438885329846 0.5073508618794139 0.05831736798721832 0.4247314951936981
105 7.10646021026873 5.77784785441355 11.146596989914752 2.1007198414249193 10.109531974679896 24.66726729622744 3.0534838574674388 0.4761509402954705 5.494955587879035 13.621065052986655 30.093896649198673 0.5087619265424531 0.03295534610032568 0.4269176479092917
115 7.390631774516709 5.606686498012434 10.859198327831235 2.341055387514563 10.265787962350997 25.052912634365637 2.664126654753025 1.314001437731404 3.85520013869309 11.705005382459907 31.525684702482454 0.5093576027452608 0.03553317742841538 0.4280803152450522
106 7.826519327030846 5.492336197765961 11.269692595717398 1.8797779473679195 9.625221300716746 25.628223057668933 2.839121394655224 0.565771702392264 4.578818214280556 14.375107473767326 31.517053777170315 0.5100465137342567 0.023938821389135993 0.42826468670391976
107 7.526309127916366 5.709202228750133 11.143570645778002 2.0389151478885803 9.728180913635937 25.580117951093982 2.810612800661708 0.4469605652939802 5.278995910477511 13.828803218012592 31.31911945680013 0.5092632272608606 0.03515861899514621 0.42756570915720654
117 7.648136609377633 5.680150989739635 11.145431610264502 2.0894401219290346 9.810531325478118 25.77784645384075 2.412970142469121 0.7080191421524054 4.81327120885074 12.927349872631599 32.52589321310872 0.5099238249791537 0.0242212657551594 0.4283065281936638
123 7.869808139036911 5.486026460513417 11.218994650780418 2.023620621696247 9.777168820027994 25.67641608088738 2.5840508636048867 0.9715147226942892 3.8869900231144383 12.677474605842882 33.06856806258969 0.5087095616970939 0.038134367965997035 0.42702302275741666
116 7.654559153143361 5.719331912832916 10.997830653646844 2.1819208385940008 10.208372365910758 25.287718367099057 2.49384688050768 0.7701440081079679 4.7300715352821845 12.97633960759631 31.05359180751727 0.5093746858161512 0.03781530954074964 0.4271531093993975
124 7.452112687956974 5.8126704064729156 11.27153294641932 1.6630230791041303 8.749239256709599 26.337041332939865 3.0132790265288887 0.33703124452482397 6.7924405055413954 16.185985585969537 31.398894704597556 0.5094036840755483 0.02970437908308489 0.4275976975172026
229 7.68024695512085 5.7112363996499615 10.876277987113632 2.3019014361149295 9.575165238511486 24.756969350434208 3.1963958918607416 0.9825751787963631 5.044528296259495 14.38372460584371 31.00693777968631 0.5071293020543799 0.05882208097087682 0.42541874521677586
230 7.7463731822809665 5.8092374397509765 11.049649362004681 2.080991634352722 9.44552452673113 25.60295512539709 2.8101280385225773 0.8217004320837924 4.589297960347964 13.114421308607486 32.78303921376868 0.5090114658420151 0.03556641012531944 0.42807572451826126
83 7.5883246220746825 5.822242420359238 10.943509534590229 2.0366002701201684 9.355770751166498 25.899755610653035 2.7100831190210974 0.7978222931762411 5.177139275096565 12.962098118011697 32.91811692302017 0.5094855018618639 0.020235024305696635 0.42895120259211955
84 7.753902685480292 5.568488990018972 10.197765440186918 2.7406345768740064 9.7620219960977 24.773351723001323 3.1972167593893004 1.2030611100198827 5.33318555067311 13.827306670005509 29.704632778883802 0.5032979209276891 0.08783969396755308 0.41908680823704425
85 7.407929976909704 5.621106213488121 10.329969987481041 2.788423101215877 10.49158460755704 24.68938942442023 2.8811980624061837 0.4195386494708105 5.69717200841021 12.830143696522018 28.789221893934148 0.5071881159757297 0.059140284101908414 0.42463482599704705
94 7.582336614871082 5.8130342133829975 10.834436143073308 2.1151305933502402 9.09732324125368 25.633028954986177 3.0731336019217674 0.9784212790336789 4.604136127506488 13.288845836258128 33.160357597511165 0.5094543434929264 0.023501178041956977 0.4281212093472505
205 7.667765155030786 5.695301243728846 11.046373946559283 1.9791294480409785 9.135153364513357 25.866947838115255 2.8335786470920694 0.9311632593846371 4.907443307561691 13.924505937629842 33.20661808464161 0.5092657447915695 0.03692178175780001 0.4276839590811866
204 7.558074600610362 5.770987892523351 11.078884024142534 1.9970112996913651 8.928539190204042 25.960825563289912 2.9282301883438446 0.5202945586424783 6.077398195353846 15.042568949704 32.34787513994109 0.507710510683884 0.04774875607906461 0.4261686119629981
93 7.654905099630948 5.645075375874526 10.556575443909837 2.36090590917935 9.527335301651089 25.584318420566856 2.832609658136919 0.7472735908759461 5.15470767446895 13.409952485617662 31.602735689701966 0.5084906063281351 0.04527841897047471 0.4264722031209871
95 7.602462736992613 5.645297792743928 11.192856078573445 1.920346248375407 9.376670146104818 25.60346131325946 2.92464671234109 0.5363531905802994 5.282694048580154 14.375805573659743 31.995161818993946 0.5082957172954524 0.04863988733480823 0.42565187927279263
100 7.70835183465222 5.7546875627456044 10.998502302530753 2.1361349885200935 9.765605696540238 25.36122314355262 2.861036084260887 0.448327628623048 5.515068294712918 13.406587772110925 31.175733731724808 0.5093927373883936 0.033705282728479544 0.427372578365777
108 7.623654096538667 5.848520777693601 10.981546216697236 2.071742537114525 9.859723201680113 25.384748817445796 2.7881612199152688 0.5499144545383272 5.186422118805461 13.02291727148309 31.200643346444185 0.5100718117607193 0.02259334786402059 0.4284682571370898
109 8.223950178245076 5.437621973963553 11.224756371802469 1.8869568329458297 9.19542082097113 25.450347229606965 3.0935498520460003 0.5871372336800369 4.943709999902973 15.598491179519822 32.10809056858049 0.5092407160643985 0.023488304611501875 0.4287863595662188
110 7.4832428517846665 5.741799217556436 10.925363936478885 2.2101216915223425 10.156927548062853 24.514639371477063 3.2635666979199844 0.6707244906659381 4.40105830344097 12.902547989527381 30.13930888623581 0.5088382152721506 0.03942968201613206 0.4269404671643006
119 7.610950534586241 5.667608654800017 11.308182606699184 1.8618836093587618 9.03409282853316 26.41521709148718 2.6575084663079895 0.7853193626858331 5.1035749485447965 13.861442535616177 33.55146172212399 0.5090415526715467 0.03549705435682177 0.42749639461180283
118 7.571640291787663 5.854768853168663 11.218416703311533 1.9899911620370179 9.62478892739876 25.46389321726754 2.9185254866229666 0.7581395177583726 5.180141023600706 13.407402189239344 31.86218765749157 0.5092514527751003 0.028943934049051497 0.4280271704015405
120 7.428057273709982 5.575644331482386 10.738929577181263 2.3971818972082417 10.191581360049543 25.29342359299282 2.5158624916834786 1.0077752063563379 4.448267707434562 11.866103551223983 31.52749185000102 0.5075780058401252 0.05530438876464578 0.42504073067943726
125 7.861553833275104 5.564962647300873 10.725550974520518 2.192876026502588 9.356404162966669 25.725442123145942 2.8005649040116123 0.8510965146901518 5.139066599102539 13.627087301045744 32.687893508815506 0.5085537350600501 0.04558818301870463 0.42542115791811863
131 7.5527965302995135 5.680158978593704 10.441766069404771 2.328062821542792 9.143509707581842 25.68327361475873 3.1227878534957942 0.9187430744603879 5.089686834009156 13.242633149017655 32.57994354467853 0.5086715404779392 0.0445674711921304 0.42607707229201786
132 7.579322418598265 5.647048778648052 11.238385662034574 2.059487569859458 9.633134111889763 24.93402338040246 3.260697275391815 0.7941215870884247 4.40068003817953 13.753730674678348 31.652660009048418 0.5085063503677283 0.04512805975729422 0.4269719624385655
133 7.487496325721739 5.623476745423735 10.79315268271261 2.297126189189891 9.721735159942622 25.410716915469546 2.794605736062108 1.1352304972295955 4.03711015592998 12.22881580224952 32.73529838592712 0.508272585339139 0.04744462007849706 0.42606484725734717
156 7.626489728814312 5.812389769874149 10.942941689039873 2.081328039180085 9.50409599456345 25.442096251633536 3.0336618901228745 0.7621652681726967 4.844259985517138 13.373506408737596 31.607587245357504 0.5090156562339541 0.04028410596896804 0.42742324558707484
158 7.859484849932644 5.541007528573702 11.30162119527661 1.9465722900094664 9.919525359713345 25.616492119707083 2.6057866910892806 0.45678614983566135 5.394139183227846 14.199023001893915 30.993686114571727 0.5097968891182219 0.02632342838469459 0.4284115749636636
134 7.679432261057167 5.562725510627001 11.129290410277068 2.0059194622319767 9.301638115308686 25.8407277149065 2.730465829773064 0.978296398224941 3.9106641782860527 13.286458019620593 33.87102743630713 0.5099318006830978 0.02115462836061885 0.42813813196242023
141 7.59530248419202 5.610776426071816 11.092680031243228 2.0028687665429397 9.225749857055217 25.29647945129631 3.193693411466519 1.0219521578995312 6.085186291917892 14.855089456853696 31.52784983481859 0.5086491327493294 0.04399934875093632 0.4266773058428163
142 7.49831712191309 5.6122628899057165 11.03381768776381 2.0274544311158036 9.06374077755258 25.814894118993116 2.9505244328324043 0.6366402439996268 5.864468843870896 14.942563243481489 32.50659612289599 0.5082659247880038 0.048061861492465274 0.42579955360684796
143 7.8176777158517154 5.461269217728579 11.000582922319598 2.010044335536063 9.346961711116137 25.756481545091464 2.96901156223744 0.44828327331868845 5.694999816491273 14.912420105594592 31.277132465702213 0.5092129784512954 0.03987463606572257 0.42754071773095204
166 7.823837580995692 5.554805135038618 10.662215033890215 2.4078795692451376 10.003832597464509 25.380968113275337 2.6052965340847716 0.820648668219639 4.3571176015113275 12.247870743014523 31.997238629910782 0.5091105220044605 0.02961611190732739 0.42789275717722564
168 7.473678550698451 5.678989680691255 11.130813413072563 1.9179776191202202 9.4454432220776 25.4721935220836 2.9588327066943627 0.7947786208590388 5.212140908307208 14.807833790904295 31.125202202631975 0.5083415567176055 0.046592339154069386 0.4262910921515262
144 7.525874230274774 5.6442507896416325 10.758971041917427 2.3182114750205454 9.747732308728386 25.190235246174908 2.908644385379547 0.6385416071281218 4.8429777099551945 13.126961003291296 31.61443169205813 0.5094130430952711 0.03308982670259245 0.4270846371671851
157 7.546810029985326 5.617997123302062 11.0685411213934 2.0849014547150913 10.045519473028243 25.4007654699784 2.571344711747001 0.735675388073391 4.318463215428738 12.500646635062376 31.898845007338313 0.5098394039360203 0.02838913797972217 0.42811398350181035
176 7.525900684621479 5.6936038420061905 11.07895934177396 1.9854495119670865 9.261539949103948 25.77868515351819 2.937500666966001 1.0903405033478137 4.123677374608446 13.13782011965069 33.115719775107294 0.5095369503749324 0.022310556626954154 0.4286992337385912
177 7.174625057064393 5.795866239196472 11.416763144124946 1.6760743667154094 8.791851375666042 26.212790598827432 2.817520381499192 0.7243766251837102 5.909019253291291 15.327452150748398 32.70816825889348 0.5090414561436022 0.0387399661356474 0.42674601653502664
169 7.460346976486907 5.6843309572214515 10.706198660164738 2.3708195821635827 10.078413333930428 24.912636284234125 3.0688380984249 0.6912670293087724 4.61078756035024 12.629321359252314 30.374515028956584 0.5083918496812375 0.039351637228798565 0.42739909217329014
159 7.562651250252434 5.625840417260453 11.161744477399392 1.9531005734107585 9.349735782503728 25.583929970969763 2.971246967041317 0.5057356763210102 4.95828239143198 14.25644595430027 32.22227634110184 0.5094774800969708 0.03173486792846452 0.4276677472593664
182 7.720582914174588 5.469038083115644 10.97820610257345 2.073321785883173 9.584003772677745 25.588374749686956 2.7955062282276937 0.700776798069284 4.813598800564911 14.392768235293516 31.43585308066808 0.5075360096474474 0.056690242152767474 0.4254385958650669
181 7.641751230264375 5.588166120152794 11.001175336250874 2.035452665428889 9.398322370602292 25.47630270878299 2.976959241971856 1.1904628466599572 3.7466706467651263 12.954256688412194 33.34542669986886 0.5098511417621095 0.016625269516213292 0.42866197435798564
167 7.56526830737189 5.6031969393513155 11.310145797084527 1.8508318474737055 9.176842420664178 26.000628621241706 2.796230360473118 0.7248519469449006 4.679590673957536 14.214220435042836 33.20048576351195 0.5084992754163982 0.03816528520424832 0.42725248042284397
191 7.484672192014996 5.678577527664576 10.896628833973052 2.202151231528428 9.906349229764226 25.33295490842879 2.837233992937829 0.5234016178779651 4.932226740614046 13.162508216895597 31.020234773909735 0.5094346457775525 0.03161022363869723 0.42774143544488713
192 7.401863955504489 5.729845765071029 10.677525453153208 2.359022773200541 9.170090806393809 25.168001532362247 3.2532799093840445 0.7029849984071981 5.428328197590632 14.289583475377796 32.131549110410084 0.5076054104311092 0.057368456209023345 0.4247251313495927
196 7.376711239851426 5.7535067565926425 11.14544730503065 2.0106512654880633 9.549049409285036 25.365610656689462 2.9903461037843404 0.7549264214183825 4.609198417681493 13.39220781424876 31.75978025131243 0.5092036594793642 0.03270831185543536 0.4281586048123262
197 7.663081123433995 5.761449752825643 11.205600312603666 1.9575477894451228 9.594624196571651 25.705099423413404 2.787894846065694 0.83625312576676 4.626425199217257 12.871778161859288 32.44660480648739 0.5091215545939166 0.030144776843354322 0.4276345581242717
135 7.490587725876376 5.643184501175729 10.996236390966182 2.167136760457975 9.864609642463853 24.943638360795 3.0620801055291227 0.6433872688581913 4.953737499502717 13.383292986792645 30.985467975219247 0.5091226033129376 0.041083933273266 0.4263358654296326
160 7.566808373918508 5.879442285878609 10.94806604046329 2.0732481160999545 9.440963349900194 25.177868611199244 3.226203163103799 0.8533426149238839 4.518930319812989 12.597928390359975 32.649751585948046 0.5100221641735776 0.019045598102084525 0.428974816806143
184 7.928719545342871 5.67464627696309 10.548813340425726 2.0691369394052193 8.479095940005617 26.04249297859083 3.149226815765713 0.7540834682035668 6.284007235223762 16.00177312200664 32.368150306969426 0.5070058666178214 0.06314837404594771 0.42341146738208557
136 8.060344935701044 5.647154693542324 11.213135260436728 1.9193959133198042 9.20571874224409 25.770630042783054 2.96518469532013 0.7951437311310274 5.300583869115286 14.51855547985661 32.40356975506095 0.5093033528857663 0.03375112388487041 0.42791399169544514
137 7.265881819584942 5.657115393069066 10.664792086633824 2.2661675094092772 9.455369293320683 25.071863324795398 3.216387527084099 0.5170641621025776 5.6363513223569335 13.838103435497624 30.971591658033258 0.5073562461527689 0.0557388380190595 0.42577124769159524
162 7.874334620087378 5.783385625129459 10.431650601916736 2.450962305261334 9.323162205238765 25.637221408691865 2.9664422319365533 0.8426607920643423 4.751253409064819 12.529320203458978 32.883590577622286 0.5079636884311806 0.045077373641363404 0.4274707991129612
171 7.324518329542477 5.9305429025826175 10.916515235411376 2.2237597368829802 9.740241685910588 24.985635822049748 3.1221866522936974 0.578706883733862 5.395008009530709 12.268585647488905 31.791493368503044 0.509937948623018 0.024444295238518113 0.4284659971650912
145 7.481162845712878 5.582804640008401 10.628080002966783 2.48587227451366 9.849216781344726 25.06177858456754 3.1177281623739295 1.0958751975598537 4.899372462982 13.098403388756173 30.665466163919 0.50565709378822 0.06855734555455623 0.4238210409461376
170 7.820494354051841 5.649641077409642 10.620714555467348 2.2594683295969724 9.384158716620645 25.383832799405546 3.070623626359394 1.126559107520458 4.054521475688317 12.942155122638011 32.50274189646368 0.509326307574484 0.04017442577794884 0.42703333222998413
146 7.784405446474132 5.6377303365431395 10.581977136457798 2.3827939530231417 9.849636952960058 25.344392175086284 2.807261732994279 0.9103548261188806 4.650234591155396 12.451419995914653 31.395254712869967 0.5082758334589247 0.044042228310924005 0.4268075899171488
147 7.490377901428213 5.628403812521678 11.067852826221921 1.967893708554094 9.071402689272732 25.989734472853534 2.7290712700142965 0.41232518499962206 6.3283404552741835 14.92337324502268 32.86687487335586 0.509873083620758 0.01969344021921847 0.42884337835404596
172 7.6905431218113405 5.86969068534292 11.181755766815513 1.69215572402571 8.002819627093563 26.877128214502058 2.8882397997839537 0.43709765179099325 6.815544759320002 16.055804826319427 34.29497513225474 0.5086570631327081 0.04386963665737278 0.4267053578184763
183 7.816111433735752 5.688119385808943 11.049610276986954 1.8864555801173366 8.61264715652304 26.05167019336361 3.110499040525606 0.7306747060595655 5.556761198914035 15.170050149199845 33.39432632223831 0.5086691896918442 0.041344224713307565 0.426760097516121
178 7.478173687312545 5.777875540891504 10.737340876737454 2.1158167846846125 8.70154989866136 26.741220833499515 2.5137566932873776 0.6350435333594937 6.248315591037008 14.139066448189554 33.98592332301406 0.509496496069643 0.03289179650644405 0.42733115610740374
161 7.829941491075307 5.842192558803482 10.577156271345935 2.39189609113177 9.322575761128377 25.37711873547253 3.1284053436046793 0.5348865305065268 5.913153923930655 13.731426840053448 31.445685891270415 0.5075372903925232 0.05772227979404268 0.42468748210692286
179 7.698698828053466 5.754667770955233 10.959069928053005 1.94049788281495 8.574138605918261 25.77011756491111 3.3198382576655536 0.47489614171614286 6.796070713880144 16.28664249320285 31.82932622504463 0.5073979123263718 0.0547463977226758 0.42608264670680607
193 7.601267889032896 5.914701646312939 10.726430194400985 2.073655320337765 8.871688691900452 25.769025881310895 3.109228829153505 0.32420237975816724 6.903184289531453 15.132752373986548 31.604508101936254 0.5088814886738834 0.029651550950876522 0.4282304075476568
198 7.523989584057693 5.773006786368426 10.419739797146589 2.427256319990931 9.422036754752801 25.83796842912358 2.7178505772226735 0.7615128282224379 5.665708050221585 13.103285568785134 31.916871646110554 0.5079259446497552 0.04911015764367325 0.42626351761361686
185 7.556707116119942 5.758758931776754 11.141580155731392 1.8804671428822428 8.764382016392847 25.67619411642849 3.3236413340923576 0.6058924148353796 5.256078223977042 15.127663612943614 32.59114709818985 0.5088775107536381 0.04180190962359351 0.426256224978571
175 7.993029503991507 5.679087942884883 10.825274764817323 2.3014897885427907 9.388732605907617 25.422104062136874 3.0234495049730636 0.9225871132255836 4.454972694193992 13.792018476105156 32.13673335650502 0.5066762029173261 0.06101322750200422 0.4258337291479792
173 7.379479785074067 5.7371472469838745 10.928679049267483 2.0200760863534994 8.76310128894937 25.91750650660043 3.0528810940426414 0.6002768663628748 6.050001271726732 14.592565733423099 33.447930051263285 0.5093590318629759 0.02747230864718968 0.42781199606715115
138 7.445206848491105 5.75612231687946 10.796793585317168 1.9860915050307197 8.150017835155031 26.582227053248666 3.0639062868358002 0.4222763016247717 6.728247925205782 15.578779717434065 34.01160070387156 0.5088158743581672 0.04007213980716219 0.42716258700201987
139 7.8325255349588065 5.493631103507417 10.714876071601777 2.379004456261447 9.594428357507288 24.75462721377472 3.368652041740457 1.0088250461172457 5.275549142202489 13.88450939106368 31.183498288019802 0.504832384216965 0.07608151422216741 0.42155360001528197
140 7.624181658372246 5.7440616451358775 10.583916480682252 2.307229023416318 8.971073690144285 25.873256899307542 2.866839645798868 1.0282288559584536 5.70490178782777 13.998263006883018 32.85208680737242 0.5079694140679405 0.04818855187771351 0.4262679577623588
164 8.042049753086186 5.632345874922418 11.072191449490193 1.9169010678890577 8.773174255249495 25.95258972890607 3.049204219105746 0.7147589668061715 5.387236092703123 14.692268317163224 33.57545850247904 0.509358768075817 0.02155601847010186 0.42893092442849906
148 7.5849752057055895 5.850895729020266 10.838462804626603 2.1234664133245564 9.26928045746369 25.68330184172057 2.9378260119180575 0.42968781805742307 6.422802312063055 14.93621444301874 31.133398250408252 0.5091578853928546 0.0370411869282954 0.42702039284331633
149 7.536825653270414 5.662511171750925 10.757903347222475 2.167675191310948 9.015366163859618 26.1538558669588 2.75103354311339 0.41709826975664793 6.4962646735208995 14.531953859520828 32.25825081530331 0.5089566363255522 0.039588757504392946 0.4265638875195777
150 7.594403134372801 5.921753726207295 11.044256638005919 1.9824741349356403 9.073722527862678 26.053818667302263 2.767268468261953 0.7002644517516139 5.272885121846005 13.605663582604 32.976783923680344 0.508490880311654 0.04220372673513288 0.42755785398896956
174 7.620278482077124 5.720705657677142 10.959446277373182 1.9963343449026862 8.476469981548435 25.83789482458033 3.223697929642539 0.7462769967512928 5.857051308458781 15.647590705450012 33.472742403898785 0.5088977380302225 0.03945935501162072 0.4273556506511932
163 7.354665168767012 5.735913919735289 10.717760736187657 2.2194919633503623 9.094754792049661 25.498537757336216 3.2678431780984507 0.6551468580177516 5.4885402867162 13.22005895896988 32.682197358424204 0.5094012871207787 0.03684891179543114 0.4276473353109787
165 8.018473151268793 5.511305943668408 10.951253421177757 2.185612038482821 9.906151770044639 24.56942726357475 3.3490261118932656 0.6495431748570597 4.527332145894592 13.50917012238379 30.903994740715653 0.5097992473540446 0.02708097071028056 0.4279064821520145
180 7.941113647124585 5.512010179651742 10.862669024663745 2.050483012233413 8.851615127919551 26.275334780750818 2.779014199964569 0.7692540873979544 4.997666877842457 14.386172183608045 33.64911369707946 0.5099034667189009 0.02785026234551197 0.4284767211451005
194 7.406177012577367 5.697592634631226 10.695484691147946 2.1407812312637073 8.755632889619129 25.908342868648287 3.1683105595151995 0.4828348757539277 5.725337099505628 14.32086549563945 33.049783325357396 0.5094234816006428 0.01761208900253632 0.4282187418902842
195 7.6135019242716195 5.636673209071167 10.949110687650286 2.145406411948638 9.532759913016973 25.322486839229466 3.1010229219696974 0.9866042228649751 4.8195267154910875 13.886817186856923 31.457691839302438 0.5091025871493182 0.03905059456340899 0.4269945450459712
199 7.378750903519524 5.71138223052679 10.578796383851726 2.4192468657546007 9.549377909697675 24.85565131635095 3.3637428597995944 1.0677350352889856 4.8456145292034325 12.920343664994359 31.270803418326192 0.507187678249436 0.05584127257600856 0.42576752918496996
200 7.613474277352152 5.8757262448739045 11.186347908351156 2.054526248980778 9.63619586648822 25.66569997957756 2.6537240556533255 0.48078728677351984 5.686097538747506 13.551744937191218 31.67437736223364 0.5080987687758048 0.04051803126586299 0.42716463025710694
206 7.6387821945565895 5.670846113360584 10.974394565815418 2.1281008402570913 9.503528696213445 25.941070925130077 2.5607627506353428 0.6612458121296426 4.870545560028123 13.402042535524119 32.68354064112021 0.5094810411277354 0.033456452580198366 0.427817452758126
207 7.435058611328405 5.924886581328782 10.941339498332852 2.007258693940097 8.964048848310744 25.875824909973748 2.8604210007045094 0.8294888390023291 5.310736491284355 13.381094141623773 34.02081976449324 0.5098631732139682 0.017284773759559665 0.4291544661880405
208 8.078240359565083 5.535453664313069 11.06966297654616 1.9921905712974612 9.354813879171063 26.009050556299055 2.6381468024445107 0.8043537922704659 4.861360264017365 13.861061291275817 32.873483425951385 0.5097177360500902 0.023142725284484057 0.42818989848602634
209 7.872754101357577 5.619888087497311 10.050506704964972 2.6706021311787684 9.446307649984027 25.037290450702667 3.2347485720864637 0.745937476042256 6.2876073126563625 14.05880098234428 30.437877353163238 0.5052015016871566 0.07815130120135597 0.4215163724869015
244 7.403697523908969 5.742102034943179 10.959661494670653 2.0070533731464373 9.137689943627274 26.22117342725913 2.7105059337676227 0.6511846460368411 5.92357873638959 13.90078030473269 32.50926791129642 0.5074111865216059 0.05506540412045893 0.42509661310752744
243 8.053457421165024 5.591025787962371 10.82491238934472 2.1852750912398746 9.128991117768477 25.876245862785126 2.9050028810120705 1.1232787506801256 4.49437390113074 13.410163216374302 33.46587676375894 0.5096399541495186 0.017369704795083284 0.4285682175076632
242 7.403156259888611 5.797208528093319 10.690930300580575 2.2387246624531008 9.706172445035975 24.93198052333711 3.205739555344801 0.7805966815409813 4.555959683893915 12.60080876453645 31.83844957611845 0.5084846688749783 0.0460502475223862 0.4267647330357222
234 7.57709634418941 5.876631038437436 10.891205944808007 2.060158295910702 9.344850926356846 25.656234704586748 2.8805904796873496 0.5034411588311288 5.909474869502916 14.388759268793557 31.100739739281845 0.5080313179718011 0.049762753760676716 0.4263289912232058
241 7.423937266824754 5.719982891936012 10.955842206927288 1.9527965251527095 8.479915888791227 26.995336998046124 2.527704688092003 0.4195589250106346 6.384207431856583 14.845277283559737 33.99050982100268 0.5095678246206243 0.031816054365156506 0.42759976907843794
216 7.549520498300321 5.823600318542637 11.118484306118614 1.8004150321892938 8.863541088137604 26.460097540721492 2.5962722718716003 0.6842767608636748 6.445718345356624 15.340235278006572 32.558751264416586 0.5079721701832918 0.04249725030770691 0.4264566849096467
217 7.6057199155349835 5.538534672071103 10.620598906656358 2.598014178576717 10.186450389020052 24.42006943893933 3.178792717323648 0.5034678725950222 4.774814917398275 13.259130769764148 29.82179952281478 0.5086350466494496 0.042899678169441555 0.4261306794622783
218 7.958247318767506 5.680884462736072 11.189747569657953 1.8531485335810989 9.27027552599202 25.67476759519525 3.0641673517041936 0.6423208241018222 5.803572855235918 14.952451546981344 31.277029339561647 0.5094116273923257 0.02791692821719792 0.4286912335867585
233 7.652282798159533 5.637746527496317 10.681714383075546 2.469286116551309 9.857516097322767 24.699165464248736 3.329853273371173 1.119007493094689 5.2909898525641035 13.722737344545871 29.628757622650223 0.5030260983765634 0.08820163840516569 0.4205192996809986
219 7.564279632543725 5.651357741999239 10.161836394494893 2.7001153381330982 9.628229401525434 24.497364536484216 3.5275927785009604 1.228571375560045 4.583413058879001 13.80126743839892 29.331366562353377 0.505351275035704 0.076527916470316 0.4215046152433467
232 7.94360066797625 5.609762636318136 10.718914980178472 2.3184581929893997 9.714231841355813 25.73104066791873 2.6889464061816075 0.5199898503055455 5.101299224554531 13.257920172062459 31.56052531950692 0.5092267282338064 0.032932654049630104 0.4280265698979096
231 7.639748029259813 5.782271627054424 11.114807060390707 2.033855602190585 9.300880540393075 25.323095816619503 3.1736991499072316 0.6424570396025552 5.448188681336616 14.267319666347541 32.06666739804659 0.5094751956916349 0.03448511770498188 0.42756652633677383
236 7.693719341376353 5.58369962067325 11.146843226129906 1.8488345086556728 8.665962827680168 26.02762311396438 3.0435308579256652 0.4421687589220359 5.847148924121327 16.033556060108857 32.79429044603496 0.5079576708188828 0.04625463712273549 0.4280595130269307
237 7.758792215633881 5.3582367630933 10.500772341490027 2.449130786107608 9.719868895377534 25.14272867380344 3.23165124762434 1.0059032332376288 4.274407354132128 12.513500655425045 31.57631539353321 0.50864929347526 0.044322769057622356 0.4267920930277348
247 7.75523579410896 5.610702422435999 10.737070449347346 2.448346699512538 10.361885954628724 24.292253108528886 3.1575548391570605 0.7136309016015471 4.120875016896193 12.120971976389452 30.655189649459828 0.5096486002559943 0.030809108573935744 0.4274273598283015
210 7.728214176896938 5.808592187265647 10.82358495796241 1.9615948669539849 8.49183250989464 25.887373241494355 3.2319190804072924 0.80995256572994 5.446175558273073 15.05525331883257 33.68682253328681 0.5089951074397959 0.03029038129387876 0.4276942703616194
246 7.794554023471592 5.445939519698446 11.302826391965922 1.7126406091865838 8.66471625532169 26.746639512681078 2.5545466495046485 0.6424631950460875 5.487984726861025 15.6347424750596 33.89246012044499 0.5095202614451266 0.034394014460294525 0.4271034237993127
245 7.1985443891290375 5.594871303483642 10.821895343127624 2.251247923498362 9.415553392907782 25.44116368208729 2.8768532424226825 0.5932720729521714 6.04087473384884 13.201335970289085 32.6761464395372 0.5082273574023453 0.039987592893084435 0.42703169889519565
235 7.722549896760754 5.277099385152619 9.93519306040795 2.904677712520783 9.962502955718895 24.255445302113987 3.4967331616401727 1.0498569260396902 4.973195458599627 13.36652784615891 29.54467840164044 0.5043960463503951 0.08087623839364472 0.42165437287064256
211 8.05994450414104 5.60607578899507 10.398318810546858 2.622104780734871 9.743090419458948 25.45143205612363 2.6901360526955442 0.9487822522793541 4.5274473407871465 12.49741569753754 31.894176673228632 0.5062780342048132 0.05990861477384889 0.4257510958674244
212 7.496407212775866 5.5850477489755805 10.935773077817592 2.0568479847695738 8.734830619794426 26.00017926034988 2.977551758894326 0.7434818660137903 5.392924689941744 14.224324283962831 33.8527112928641 0.5082848937183954 0.03957209732849839 0.4265534584950321
220 7.406404392937962 5.8024000913226805 10.242254248387392 2.661433821462608 9.54747967354253 25.384431242541755 2.959882325438599 0.8548636348133369 5.945579228065964 12.966849446521502 30.714514394311866 0.5053685213217292 0.0643621227070452 0.4258127370188563
221 7.871297884234029 5.638043754979173 11.335407969244926 1.6328154898653249 8.455520840902894 26.061434844140145 3.1157092735825858 0.8259280225532482 5.623970578393826 16.73724555497545 32.98651306908159 0.5091589947270746 0.03205713015041912 0.4270391779678445
222 7.76424989456431 5.599679224506632 10.68277273775199 2.3055757519622335 9.217394151532261 25.269257872102106 3.215855824019088 0.8974370497713612 3.9973014863460286 12.944140306273386 33.380375980657625 0.5096998670466639 0.02533769535620279 0.4275805653190376
250 7.64340208244841 5.819512763273576 10.681317741883019 2.475902509226508 10.242913272766328 24.801265503300048 3.0007090846107816 0.5016993642412663 5.2896820338870825 12.960706973855075 29.373131801890988 0.5052484796021087 0.07264874012546706 0.4230495467214814
249 7.675290110478568 5.761787069126827 10.689959259771234 2.1878768559232458 9.365375226828188 25.29683921632647 3.114991441784154 0.6781134841590925 5.174949869943625 13.627353249594869 31.698405928894722 0.5066497229072315 0.06204377634198975 0.4243711651354784
248 7.493251683988536 5.698831632900684 10.776960196045252 2.3435385192200893 9.502623958945248 25.207483571860937 3.1197325503177393 1.253768782096595 4.54446216852917 13.4932716717929 31.776060794172214 0.5070258706820657 0.06565508876028048 0.42381379614695447
238 7.67897076613687 5.672226418800576 10.790719419006505 2.0406944406616665 8.522312561918984 26.170727472430016 3.002321416106838 0.7723783346076835 4.821450748051574 14.282255913845757 34.52070039048643 0.5094995172204783 0.0328312742259843 0.4277955840096741
213 7.988665142205161 5.818372618910874 10.705580393999568 2.24400408269022 9.821343345809753 24.878414641514848 3.21555330167546 1.100548175267404 4.2743863916902125 12.692964905261315 30.778819406835602 0.5090734245428319 0.033750044232667635 0.4272877677793018
214 7.49009047640196 5.709592137749773 11.147275970850972 1.8636395901569514 8.85237146664392 25.540570555369502 3.3483981363457067 0.8195480698158931 5.464362821200415 14.841147832553583 32.74555255521504 0.5085674901698854 0.04024631851245251 0.4269932677632557
215 7.69218603648393 5.746005619524859 10.971911857153978 2.0398607154604997 9.054042939167394 26.263364612703544 2.5804421962878985 0.35569807672852577 6.714138413272447 15.148806701633635 32.27190784396566 0.509253475060432 0.03349755618799888 0.427198289888398
239 7.672010216852008 5.6466141880945155 10.663484473961073 2.193822475147244 9.063176788133147 26.010899230694818 2.880383600170107 0.7628342914830029 5.239323338692514 12.877050295591577 33.656989136374186 0.5097028582824769 0.024048501250765894 0.42836520461908395
223 7.702680076339522 5.397318724791837 10.784590240278355 2.1158719482820683 9.05990690639731 25.47403584225378 3.3531449864942506 0.7366683837611437 4.522864443241486 13.575148508924592 33.32204568037513 0.5090896261048448 0.028196292134656027 0.4279494114489475
240 7.82770491986305 5.804541160484946 11.271864460410454 1.744903362238576 8.47856685166296 25.891492050390326 3.2943347466633472 0.5984132864730696 6.1397351291164 15.993533061813363 32.931306233364346 0.509546441518786 0.0230316203535894 0.428598861823073
224 7.4681056032263395 5.674388065634724 10.488401429971898 2.3856726070473573 9.460133542044371 25.449275158887986 2.9937616722480507 0.8372029913777883 5.226826996004416 13.720211155159094 30.84269616928205 0.5058172577014703 0.07401671528795511 0.421794491194296
225 6.910656379280628 5.608720331425624 10.119052659209414 2.777054362782876 9.993302660108196 24.347499806093428 3.347130734553623 1.021897051088957 5.129728112983235 12.434735147708274 29.678402273091084 0.5032193665480521 0.08838425562694573 0.4191870733200021
