# timestep 6500
# phase bcc
# id f1 f2 f3 f4 f5 f6 f7 f8 f9 f10 f11 f12 f13 f14
1 7.502171433548319 5.786661169400927 10.373620266374203 2.3766080814493833 9.525858812460948 25.210307719875598 3.129341215422989 0.9867896704031843 5.099771525529062 13.044648223858676 31.180148670278648 0.5082750571384749 0.04920333739555579 0.4258468804226898
2 7.682029242456025 5.657376387122046 10.878209265519587 2.045666638054067 9.082496310391244 25.997570041492157 2.811749271646687 0.6764279718116024 5.0932657978596625 13.938293869247648 33.189371180892934 0.5093967999095047 0.03141079520254285 0.4279437398129475
3 7.883648987221993 5.461987953990356 10.597369560857725 2.2995494625919526 9.687240669739767 24.79509013912472 3.315020179227107 0.762442839342299 4.0139675022925205 13.317909149687484 31.471827271043068 0.5093029329129198 0.03369372819414079 0.42707970534978157
11 7.748149624761831 5.748324654184243 10.851506452855192 2.0666917488141205 8.85833523399918 26.09709244810631 2.9704288032230197 0.5249114040908825 6.0573813954145095 14.37905282515032 33.052619648985484 0.5100937477729868 0.023807954787995057 0.4286108695704201
13 7.807310295853086 5.889341337182593 10.963064456133777 2.0478931575027217 9.224003448419115 25.915218546522436 2.834972288455665 0.7737473763713626 5.1336495378611335 13.0584464433848 33.19357978736626 0.510005813472574 0.01713234679123212 0.42851289432599154
26 7.855232919654858 5.549031050425263 11.07582436167273 1.9815170322146474 9.260595014970736 25.960024307115425 2.6881826071424983 0.6875453990978051 4.8788410991134405 14.006068153098914 33.06246297393022 0.5092447535489739 0.039964656273209824 0.4259500624684753
28 7.555326297193246 5.561446291703072 10.226413960586207 2.640994172378499 10.155845079202482 24.665961790816652 3.2388825533716097 1.0317255368587301 4.02173014591084 11.852115727884925 30.289228555312015 0.5071967662604975 0.061496924968727 0.4239507669514491
36 7.439614566414876 5.747154205076482 10.903986562529562 1.9985338793728045 8.86364184198074 25.865310096949578 2.981947865031232 0.45140260689665007 6.416844803842441 15.79982735335794 31.780315903847516 0.5085325161896335 0.04662150862385251 0.4261280325768673
38 7.281398282585896 5.840878113467852 10.818449651442792 2.1476370689379696 9.356236617391573 25.196235734012188 3.2000676865406508 0.5632770786429051 5.957548990124996 14.733253513728773 30.69326865292923 0.5072718113155639 0.061658341629321156 0.42375993753009805
4 7.66965561708031 5.697786658663429 11.249726008881266 1.8676544517666922 9.153967481502617 25.596440248853206 2.9951263489705955 1.0055736979172492 4.170312312644425 13.749277064780646 33.24933177277291 0.5091019810842689 0.02863857057330327 0.4280578054691972
12 7.443643430407006 5.81354879771843 11.251229432295347 1.7342582151898376 8.431464372183678 26.170078807073004 3.136662698447344 0.41166651024611073 6.4021023580245835 16.063597308758805 33.17957679584074 0.5090135132601626 0.04036947069307667 0.4268703534912652
21 7.668740799335592 5.6717948883750315 10.883916490976226 2.0786189637793533 9.060465792047633 25.80142666305013 3.014511813092778 0.48920905832582323 5.721457767078144 14.654788505258301 32.25592786637931 0.5091027041700296 0.029541372405141996 0.42834059861855517
22 7.6949332381082 5.788433384050885 11.168117181557514 1.8930899792028568 8.977523360543351 25.880491983283957 3.0454695387311936 0.6972269446647069 5.303293839844788 14.41652600116803 32.96243878803168 0.5094926160204176 0.03469731723169185 0.42748377488031736
46 7.5324624557627855 5.593925663035791 10.91870575527267 2.21863122060546 9.511756229337585 25.31981410999351 2.9275249685352316 0.7784310451325486 4.885314290678693 13.1151542491731 32.83717529713403 0.5084243495060442 0.051691440661824635 0.42517593594206365
47 7.522752094787454 5.81026509758737 10.921343560240313 2.055788808452297 9.194991555018419 26.180761045710494 2.62117563271055 0.45854719178330583 5.9716908380470315 14.12089701300642 32.362559920146694 0.5097613440072286 0.02070859611876535 0.4283326038565932
14 7.88305400194477 5.723733298185547 10.707634599423512 2.3521052006496737 9.802324333687947 25.202163442418584 2.947184080015757 0.574808349180488 5.208118964677908 13.86244548270554 30.44923681268556 0.5082081023398111 0.04577120631342484 0.4263909104378185
27 7.619012242730015 5.727841172142739 11.344269973417108 1.845765046685902 9.363737980740531 25.374400113076867 3.0359953572461524 0.7021474994304501 5.31634767077469 14.727237722297623 31.949279217353048 0.5097328668280997 0.02134183731502785 0.42839424371347934
51 7.710218632209276 5.583454786708828 10.916781563283298 2.1003132283590262 9.20122949114951 25.737113620635192 2.853912366063212 1.0338688812096295 4.474817208740874 13.771658439544355 33.29782486677036 0.5094487405476149 0.03314238802918258 0.4269664033484546
52 7.407653561488566 5.8586162845540315 10.981507068212041 2.042763290795676 9.117684326018848 25.435767283729405 3.212861254855758 0.881795880850824 4.725014588554659 13.472836824626741 33.0788337694064 0.5095120771398091 0.031007566296846218 0.42716540367641587
56 7.991620865325194 5.555034907041336 11.286589584265649 1.9294633375832984 9.52383340588261 25.397683112916194 2.8944654475038485 0.727997694159443 4.852621820710075 14.28470116659557 32.12992534997248 0.5096662955453619 0.0223736060515107 0.428634632569145
57 7.697098943188289 5.629422923486008 10.643918284983597 2.170141405888505 9.088777617737065 25.805556088094495 3.0462213497280715 0.687423724620071 5.064502378888364 13.913895397651912 32.460276175554576 0.5094731353413527 0.03340983899890666 0.4275198825777147
29 7.793928044043987 5.561407732532222 10.783599838039931 2.1651837386309896 9.227515965165045 25.75673394418469 2.864114327669226 0.7168366107832378 4.7460385517575485 14.039773375072977 32.42884458041708 0.5085455123812248 0.039433797322827424 0.42705044383422247
37 7.373955452572052 5.766851651795129 10.984760255091436 1.902545457934092 8.699029729400804 26.584117831703804 2.7472427200105174 0.4881491104492878 6.14135784505291 14.938284174131265 33.15161043348136 0.5091511840744826 0.035933231640420754 0.4280112798701147
61 7.5806377844553445 5.416398971317408 10.5711968983803 2.3726022866488776 9.640293544694792 25.076654733197447 3.0251193427971788 0.5963176073480108 5.451652870432551 13.867409257695787 31.130018123673292 0.5061296192372402 0.06947800842378006 0.42356311244112316
62 7.53384302012248 5.77458031677552 11.0887460530528 1.984039062449955 9.162003584092199 25.83857176259042 2.894813736076614 0.774502072208843 4.9492911846417815 13.486497201044989 33.292988610526464 0.5095503636877035 0.03383069438537863 0.4275987919495909
39 7.545498351193161 5.858452549349255 11.210378383502553 1.8366047830983814 8.977983119371247 25.932184285267596 2.9777324662805245 0.8501600303867844 4.772564663888392 13.742965459933858 33.31628769042923 0.5092912788722117 0.030729852941658357 0.42782814302923705
126 7.630621910314788 5.750667409885704 11.01936426227921 1.9925788983217705 9.186954130418346 26.13650309444196 2.737618045238492 0.7782015570540515 5.17925287373622 13.673081250240296 32.83735774210495 0.5098709091843748 0.026529489493505146 0.42804749110750456
127 7.594676540946147 5.737035252180512 10.807247526844519 2.1576267139725154 9.347129174210298 25.488531026288594 3.0323668482861934 0.7824869359173631 5.398231050863107 13.585486244598913 32.09149087326544 0.508376325214414 0.04474447367398998 0.42667521627667554
151 7.848618193510512 5.791617114653683 11.003576385734544 2.0171843133045155 9.323309171775676 26.13844125819971 2.6613581798470136 0.7561403084322421 5.213364301140625 13.620293845437184 32.50206751960507 0.5092826116468673 0.028517321812530094 0.4281471010323424
152 7.7167856865076105 5.732254857187267 10.933996157145794 2.068509983093559 9.295297551363205 25.831060001445124 2.836541021762278 0.5184079894634089 5.66101799473318 14.07400340814253 32.16083506180115 0.5083783051628998 0.04957128335724232 0.42560888574268874
66 7.596513063565522 5.826028709128273 10.996834097754558 2.1106199581316933 9.435765282279942 25.81883830561858 2.7382293828866318 0.6095795478533225 5.25137730735407 13.073946841075568 32.69943033700655 0.5093352385355323 0.0329984078801773 0.42778858676740683
67 7.586840267533386 5.855860060931446 10.43435085916005 2.448302018397676 9.106723569304947 25.295525197456357 3.37231127980096 0.7060071797446233 5.352857761829291 13.716578528042366 31.65274275880415 0.5078554732672687 0.04785078587919169 0.4264407602483796
71 7.640232030409629 5.602715278392622 10.663348573256355 2.2433782611044437 9.297317076460223 25.509650100411793 3.104647830038834 0.6126526322463528 4.770275906464834 13.543383601860535 32.25704213410019 0.5091183872802659 0.04092432643786405 0.4270761565642115
72 7.939040750185652 5.7349250718413805 10.862174164036146 2.141863667183361 9.280426227669173 25.375372236996128 3.1625670879116896 0.5416160994887294 5.200046041763201 14.052267278018585 32.03455050228941 0.5098505462643174 0.02602035585562316 0.428041648109348
187 7.8137068006687525 5.593642193465581 11.194541983206443 1.8432170915118766 8.923652869233143 26.19663466685772 2.772079745162806 0.656568834220782 5.439399834320049 15.010627639384497 33.170002777817665 0.5089633591567154 0.03065192823640398 0.42808055593752775
186 7.593787321913663 5.854497024362076 11.274149526900603 1.800496401314411 9.090504600275699 26.30128500259235 2.586837285533763 0.5251142988717705 5.801047238882397 14.364875797815328 32.81370707736882 0.5094565432091619 0.033730625232244994 0.4279760476122635
5 7.567576457824375 5.605113549771431 10.981818044099539 1.9585138189199398 9.070936097789849 26.25936807438119 2.6802782244903094 0.5638244977503343 5.695428916975368 14.205086536649414 32.82413473841025 0.5093759476547675 0.03231343363008151 0.42718556743087477
15 7.458799719396318 5.750212627638815 10.934538017172404 2.085508690229672 9.392438773832485 25.457065271774155 3.0981223413767522 0.8734057713991638 5.262928389599233 13.731983004965524 31.471431818953132 0.5075581096832352 0.05063945353619432 0.42569658602449645
30 7.309058727328217 5.730417590165298 10.880683346318362 2.3874627140265363 10.162446181071113 24.821183577469316 3.0146486215155606 0.5363750634003953 5.298879505511073 12.805892706739375 30.008075409029903 0.5066663479048996 0.06635491532552286 0.4236691372083706
40 7.6059141913750485 5.576492338341218 10.206908367018857 2.762704220450268 10.090690583183491 25.0520086131764 2.801367335261487 0.919272670095522 4.2825001806315965 11.98839665707664 31.006200737113353 0.5069846427406135 0.05876806757149319 0.42460500800399614
6 7.568454334144655 5.679462076255526 11.080866573291333 1.94605472965842 9.006081551484977 26.093106681178767 2.7562760895221095 0.7614712072251243 4.926649540031086 14.12141001679888 33.52100439903096 0.5092491725960988 0.03213334471369056 0.4281513609367245
7 7.402070577306934 5.844567139191473 11.311226546056512 1.7318448739729448 8.960716866820018 26.068399841539414 2.8347312879129145 0.5534966342228513 5.786464429155655 14.729542851652763 32.7821974344347 0.5100737029004966 0.0226881851328378 0.4284755292564226
17 7.752315414457323 5.632850906057587 10.95415409165078 2.0792326973692656 9.393909508488138 26.090097256663455 2.5483591545800226 0.7511310935749907 4.834423359381148 13.014697184588757 33.32051930330844 0.5096397113237637 0.03092284683326543 0.4270546988562686
32 7.520770532583391 5.776574774302639 11.14298222684615 2.07476207877217 10.06584548261869 25.44446248957455 2.6247469992240666 0.36521078132227386 5.958310669915428 13.74743286867781 29.937394614910133 0.5094317785141802 0.029366482027874584 0.42766239412464435
42 7.704027450381785 5.621575357471723 11.072456933807235 1.947759854112652 9.185661947382863 25.08624559484863 3.4331097941444826 0.6549358638469329 5.032716307286346 15.117371240525173 31.693666536147862 0.5100744734014717 0.016227466085090975 0.42893094615135285
23 7.577991520300135 5.398431431876739 10.478415709354493 2.513507257091232 9.539562684283243 24.430630582011503 3.5674975874988784 0.907456669011996 4.626297280286796 14.688965908218062 30.444987747753977 0.5042648986485092 0.0810465105890691 0.4219651767863078
48 7.597366891668705 5.7188940689029675 11.167989958683934 1.917291753816138 8.9575116620008 25.705432781295425 3.122662140692415 1.131201236289984 4.1818645535453065 13.503056678000503 33.831751688245966 0.5095835711268318 0.023820074666758832 0.428163296488688
16 7.397883683292729 5.796939628020274 11.043172942128086 2.091402576816748 9.980140922981558 24.70116355864403 3.267921696367398 0.7484882470974381 4.813375255574713 13.476941721279376 29.68623200789478 0.5088101507426777 0.039005487304148344 0.4277120443939037
24 7.718584266146381 5.666343349631718 11.294840273348454 1.8232422414072442 9.240587366841925 26.121731520873006 2.5946338337526527 0.6436838476806526 5.401259565255479 14.696165340898562 32.70702091794415 0.5091002565669106 0.02691725651880159 0.4280525358278961
49 7.585529100848934 5.640871506686748 10.852690108500044 2.0780880784100835 9.045220616178895 26.560615699249713 2.3654072749473363 0.5343848050585686 5.615266320272206 14.172972042230155 33.34475037012034 0.5099968037578921 0.014227715646266865 0.4287157726426825
53 7.6850698859366515 5.608618645236522 10.933809006791886 2.0486857788917887 9.241117762592891 25.84106113678846 2.811445273076254 0.48743049385866993 5.770906527511263 14.513539445024756 32.1334414249796 0.5092128087394221 0.03390933106881439 0.42779177858487677
58 7.840648710633774 5.814987650789129 10.764233925626062 2.176859994000484 9.689226878555333 25.233691071597267 2.8859541128717985 0.7468665001265561 5.190473475269488 13.232587549446738 31.500098433217342 0.508782771408816 0.04197674777820854 0.42658006726560127
31 7.603039691262465 5.764381385608926 11.231680906938404 1.8595198244575475 8.951219651109215 25.858735251737283 3.002686840878821 0.6597366082583327 5.09838681071137 14.691060762930828 33.150561122203605 0.5086333323427265 0.038260679496714335 0.42700749623492
54 7.3736401966378535 5.743647677161136 10.984593588132165 2.1247920104778637 9.817256001277325 25.654497050503007 2.6817924679590077 0.7697567496042489 4.331034709248453 12.094949559099682 32.3724564043921 0.5084555303405981 0.04107673387074232 0.42724376908511486
59 7.412457927987827 5.777379170195153 11.13783682631348 1.8753866760616582 8.76618697783479 26.362049588234886 2.820480854431599 0.5649186844884588 5.704305552875309 14.356195036819956 33.76429368977238 0.5098414945849055 0.02179112080247905 0.4286555417316643
63 7.78685282591225 5.585417869260073 11.156562120135167 1.9592036824171943 9.40076749573944 25.810991933850026 2.8177772222863062 0.4508306786375305 5.800328816442539 14.605956751871384 31.761755935791676 0.5092178949506341 0.033636944488524764 0.42806596305901723
41 7.8288900805827275 5.485587200640919 10.790785576280214 2.342698019592646 9.669839147395937 25.407629557537533 2.833834049689881 0.632979802447533 4.7612916548529345 13.53207696888655 32.169915232683586 0.5092563417501436 0.033986187806258165 0.4274265325796962
64 7.617975983316098 5.8572126323289595 11.230856347577758 1.7710013793971655 9.105227368407114 26.26037493958537 2.622665709996189 0.49590278661909665 6.122977546893571 15.095002561842492 31.952411885066898 0.5095798641533329 0.029990595931400126 0.42815599253494196
128 7.572879823590328 5.645465545701874 10.723276014469382 2.2879666077787233 9.876498231684737 25.616927714233345 2.6320958218207515 0.4769441941214149 5.263235568698652 12.595217834291546 31.68198834390537 0.5085839421991855 0.040828728938487234 0.4270733356953727
153 7.391336920054748 5.8148962262693535 11.057619388856976 2.1112472758990943 9.830698251696438 25.071426040820278 2.9269519735602185 0.7962006210843696 5.1751980541465485 13.454041879729196 30.915904104848703 0.508604565804964 0.0425426167125211 0.4267097249384818
68 7.627094324187514 5.713362633152462 10.845353347123707 2.1520179577346847 9.479582150729735 25.91471647398602 2.6148330443392584 0.7831427121248642 5.156696196073618 12.75081222417421 32.92844735713335 0.5097143116273489 0.03161728918323228 0.42774262351301795
73 7.46148142573637 5.671815245556019 10.778866507797423 2.261006737555154 9.504424168730303 25.127791493315126 3.3392568545763672 0.8751218592716884 4.8709766904683045 13.285473614804776 31.393859697959176 0.5075022236192446 0.06070878914434259 0.4244413563594921
188 7.225872666563879 5.554811560070363 10.830124744774933 2.2229606150030192 9.43918986588108 25.541717038060142 3.004557636779984 0.8513106313369089 4.685325364827527 13.560333194106121 31.96485427934829 0.5077339729120476 0.055325758156750705 0.4256359871233579
8 7.766207346430447 5.774092519063827 10.777137493739914 2.320844803139923 9.256327659780618 25.479703600165053 3.098286161835319 0.6384423793297961 5.390082957930395 13.931583409461672 32.20893049714372 0.5083761083142411 0.04399586929794405 0.4267648033484677
9 7.672863684534738 5.7615965085200695 10.789451267431009 2.166397372879532 9.24569226807194 25.741500214212262 2.9634429908238706 0.48301795598731495 5.718568445692148 13.817263369090345 32.215950992019984 0.509930061072195 0.02458682542962491 0.42735555344791065
10 7.647071301400097 6.000494053386925 11.070019255943807 1.9384959681324967 8.882215054425224 26.09855715511419 2.8753456924993968 0.6050849285417492 6.111824369826576 14.124330723816518 33.07556726987307 0.5094987630996446 0.02595379953539108 0.42793567184356474
19 7.716710172674935 5.739749505546669 10.43769038286197 2.4694367257159717 9.045572398965822 25.586063962411885 3.1044213375200136 1.0665869527264609 5.398804251857643 13.272211362248548 32.8309632459803 0.5077482086701268 0.053769266130554536 0.42553743131695326
34 7.826813991522304 5.832514511642816 10.980263711040841 1.9931244555659107 9.251831327008341 26.136001025972114 2.5807315735657483 0.8014215933730856 5.322683734188748 13.710837336139756 32.70644727140941 0.5097082592417891 0.02237547415265654 0.4282024657092815
44 7.891953869116052 5.7196456380988225 10.86733574994645 2.034307299784966 9.019579085052706 25.85188844723077 3.0290229838622493 0.6040286792062065 5.334858527080708 14.34783747865096 32.428847332859675 0.5089052508347743 0.03654116181916626 0.42729206857992397
18 7.641726888185371 5.707540182930968 10.838103379219081 2.097855141627606 9.097428436224892 25.91961908251895 2.9012830813964157 0.7372868665057215 5.176891478479556 13.759180863941952 32.79235672611998 0.5093720705483742 0.03648794038718353 0.4270469965363451
20 7.746438140354161 5.525767539854336 10.423253816461248 2.4068131613226487 8.923296472948278 25.431047822396796 3.328583583875929 0.768229153166305 5.791932593057608 15.172310983388096 31.70000960624042 0.5067815572730691 0.06080648431586591 0.42513486545716883
25 7.597304408609842 5.674806170282844 10.999878606944309 1.968566743111619 8.979155387280496 26.037038817757256 2.871359343243953 0.4066443535185903 6.09808084293137 14.74336121537574 32.60308712095046 0.5097674148402939 0.024813940436979525 0.42785684215435404
50 7.654496977273235 5.631535152125962 10.590959875332372 2.4347502473192435 9.669007567748436 24.946339274725766 3.299180990615475 0.9544444344251634 4.837044332434555 13.097640271121103 30.897156120577037 0.5056230505644734 0.06917138851755891 0.42376524110258806
33 7.58126510686974 5.818349133808218 11.003257843872776 2.0434816123755066 9.369842320502872 25.574781283570438 3.068368874304479 0.56391445527342 5.334431433233991 14.085329601598684 31.207772908749888 0.5090973470981711 0.03530621941640776 0.42765962269854646
35 7.403701283226305 5.8264520596064955 10.67137294593492 2.4029383298497637 9.945000444992202 25.055255379720375 3.032734769809304 0.6306598585913775 4.895867745365696 12.51436285326906 30.585931157740028 0.5074747338863687 0.05407724595395708 0.42567881699690396
55 7.294259243877603 5.71283356524958 11.091699282728921 2.0284168346579783 9.606431214923944 25.249780739248855 3.0141875090143957 0.59968317135867 4.903095200852688 13.23962248991931 31.76355526809914 0.5087461490911519 0.033215620101656795 0.42814060767342493
60 7.697372401586283 5.762412536136817 10.861459570815178 2.105109846974088 9.11563322466204 25.63335594484455 3.1114256910973 1.001984771957872 4.464161978705277 13.426318562765351 33.080267129820406 0.508358610727193 0.045755194706692134 0.42648451962733996
43 7.421720531197944 5.730451767808547 10.89502292709104 2.0766425719642805 9.094406665232732 26.01910794358619 2.79499213411463 0.6014701882525029 5.795164130691069 14.008646874015888 32.65155650410415 0.5094188178387637 0.03338240294920275 0.4278373257496189
45 7.597923283523794 5.732388261494842 10.8596969646683 2.1576090808459556 9.342386735271695 25.40265093665216 3.2225123496762054 0.9867452662975953 4.295674236514581 12.664561372072793 32.884886680338276 0.5079452356869792 0.04102649030002253 0.42639523900985177
65 7.814389164356273 5.645964133516438 10.924884317845944 2.129401587582738 9.570697224438177 25.789045063078543 2.660845621836518 0.5771326249060139 5.033598436746978 13.509241275104085 31.883974637846343 0.5095949319685986 0.029074474067820887 0.427317569529224
129 7.426356400573175 5.676611353618873 10.995411507665622 2.0929679595281554 9.470125761245065 25.30250312712384 3.021862597509959 0.8228822136248192 5.655359431663392 14.344508662158606 31.085192527200746 0.5070449113072886 0.06167774301422455 0.42422908154120437
130 8.168665179332141 5.593258170671256 10.973299140648008 2.1266084858057197 9.912417781721526 25.38468892492314 2.827189280177491 0.686330908835672 4.573457293321832 13.336905473456813 30.80522007330903 0.5092890030631738 0.03539293924011164 0.427517246746084
154 7.446674338514583 5.861946840400216 10.909435905425434 2.1151582604811607 9.489781946058551 25.966109089736683 2.5045733302777218 0.6167035945709548 6.201672816520784 14.228904827355045 31.497924066545455 0.5083464911438779 0.04518675922168056 0.426528255371433
155 7.920777545543608 5.680411637764562 10.824300993303364 2.0973784233656443 9.385267236403543 26.02550611744188 2.6741936792507146 0.7554111736713615 4.552341457306369 13.061644746806248 32.6452723322193 0.5093872937145826 0.031979468574147504 0.42762289802816533
69 7.872679164555922 5.7065796351164115 11.224201399689212 1.9624473805701792 9.671360469338278 25.709328749957635 2.6544537396574843 0.45187048435205496 5.625720804955684 14.398635216534881 30.978287898094404 0.5091490116095022 0.039606924565692814 0.42644411358611906
70 7.503187237996579 5.749950551622438 10.866641027109075 2.0971311482010284 9.137503945470312 26.00015288638997 2.928853209360263 0.7476266624240245 4.890601031577847 13.318784075081874 32.74816102206969 0.5083480849457729 0.04606331967386042 0.42707339631118013
190 7.51900804220013 5.645123594225757 10.87318478315252 2.135928744219863 9.24657128596548 25.837173831716633 2.7987011202229364 0.48644570967500855 5.407740161880237 14.316134789505206 32.17250962252304 0.507946309838454 0.05218103632249752 0.4254937040414118
74 7.841631255576772 5.749708013525887 11.040113516907626 2.0192815243182403 9.497801371683803 26.01665958617304 2.5897269986804647 0.27922553511958076 6.314251795676598 14.567172176141325 31.16903589617316 0.5097791098177193 0.027218362374725996 0.42781266509686816
189 7.333044293344414 5.776496604204862 10.55965711357213 2.2572748740670963 9.791129351444178 25.274865599809623 2.9218011514480393 1.3092776169516487 4.776922074933689 12.895783255507569 30.49651861056784 0.5078202326013392 0.0551534683376053 0.42406081280714214
75 7.6837028654281205 5.611658935436942 10.970071724651378 2.0314860505248484 9.40171408956484 25.28660661434804 3.1019690228049552 0.7483922703178634 4.825280864084801 13.619941684483107 32.39969108147544 0.5093094536914248 0.03531819779244473 0.4271011363266774
76 7.611272957393231 5.624269138310689 10.952881393979471 2.1798326046884307 9.73755145807274 25.578398439490297 2.6656880469436954 0.5094850782127236 5.936654819950586 13.92042704900593 31.140763490365394 0.5064225488098153 0.06478384704176914 0.4243725641608457
77 7.60124227848676 5.6921332952888894 10.57628642977542 2.142619560332071 8.543667930828146 25.81211165834088 3.2491681752859423 0.5528421486999732 6.294252680919518 15.50460985793607 32.74219045303527 0.5072034517900612 0.05726591200626424 0.425221741415648
78 7.4435816148694185 5.915872324663507 11.071236716934155 1.8956234018683429 8.668506803318184 26.123211121639688 3.0125858749452683 0.537089599524629 6.196424190940598 14.857890104183586 32.86956754683308 0.5088791413449456 0.037405791513228905 0.4269246493538429
86 7.817948761754192 5.6158688283276055 11.164123956348583 1.922950110426229 9.187299260779778 25.99889560297558 2.7524319239506667 0.5318044797193902 5.466596998174448 14.282295661182848 32.74488518838872 0.5090222271450366 0.03861789134473999 0.4276131582038013
88 7.896973724384333 5.800823272552818 10.614516394082823 2.127381828207951 8.388594238578536 26.12764085344805 3.2185445074817007 0.7540398246107443 5.091412512590161 14.18557055814482 34.36991236039269 0.5085654345733237 0.03542960840789478 0.4280468704479987
79 7.395350919359629 5.8269692173311585 10.424792351434405 2.4009049947094447 9.241409804311973 25.327240287588594 3.3436880070323354 0.8751251530518853 6.420816252468579 13.535923927465227 30.57828820868148 0.5071510526282677 0.05726858537061316 0.42545874490799324
227 7.7891632754039986 5.598489136414205 10.971548742075464 2.0891490178198713 9.398243165653962 25.188510648191418 3.26357874120537 0.8148333804595336 4.760249602380462 13.691072720531643 32.248258501608596 0.5090877605987829 0.037685347016896145 0.4276770208030138
226 7.451953343106568 5.506430732026619 10.652251142532672 2.407579846257816 9.587090056900248 25.21706301805787 2.9719525831811873 0.6908548565979735 5.066881617989841 13.707144616837454 31.541572050036805 0.5062295352937214 0.06720751108696232 0.4242856757190881
87 7.713553957591519 5.646543791413687 10.554850632462099 2.3768512333233334 9.376279230038804 25.059907958287777 3.269286946815609 0.7359407966145257 4.89882217989786 13.393213909143453 32.29202205225637 0.5081659952941288 0.05543749343600971 0.425363022577987
96 7.609008576842629 5.654996017721842 11.271689563284673 1.7515583376378654 8.720878964933062 26.645134990387927 2.572456983197804 0.4743858576602625 6.047595334600427 15.439261707244539 33.56514339915022 0.5095761739654688 0.02967723347687474 0.4275911522945934
97 7.556103921362884 5.721885868910728 11.013993068120564 1.9492070118149054 8.732155105626942 25.875023347204163 3.1105765614013063 0.7540598140110656 4.966626019273059 13.952508025707875 34.33660734776863 0.5099769020454419 0.024371509743218785 0.42838042558883904
89 7.987704145668446 5.7874788256017915 10.82805955969186 2.1620047457940164 9.310540174459973 25.79428985252423 2.7805218471100828 0.42911629297006276 6.128863964581945 13.774540120161996 32.32863126493646 0.5099921346532942 0.018661929272648245 0.4282252281808805
202 7.854786605741804 5.744581132420485 11.188896988593727 1.9340026216422168 9.458064390077352 25.907559484687035 2.658818500892673 0.6688829490664187 5.452724812431398 14.071562578027706 31.84164922435631 0.5097872040581212 0.02723689656833324 0.4285527473034128
201 7.4213476300923515 5.827641021685645 11.087117841449299 2.030379433441939 9.39262017741108 25.590655004170106 2.7838253746215567 0.5853921341763614 5.561550698034273 14.201577691154887 32.15070855497399 0.5086161908572404 0.04794939195500906 0.42609446603591483
101 7.070306314501322 5.821485459694077 11.01818352034189 2.0127136845449463 9.197535143865842 25.971765032733146 2.7216131901002028 0.5743439074012568 5.9450425104168705 13.365529273456302 33.21462279526921 0.5095667058144391 0.033146489520236626 0.42774294022927567
102 8.051544235193344 5.643833920903662 10.887210999373053 2.0386618616782917 8.730801648306796 25.891906115936735 3.1427998276655833 0.7019231971908467 5.1038763641273075 14.763077432936473 33.47105757345519 0.5089599153733766 0.04325003052769834 0.42679938784117544
103 7.258614693895171 5.863309700253456 11.029773058691267 1.8644592333403434 8.371370176152167 26.35468163158583 3.0502308557449433 0.5430835773757164 6.321433296406214 15.055884682622416 33.45125967056912 0.5088935851081304 0.03664915272083652 0.4279134002735869
111 7.790499564850328 5.725786928412922 10.690607238466464 2.1432591238335887 8.89088210490202 25.783745973110015 3.1453622474271596 0.5004287868361624 5.84458287315807 14.598642610476807 32.41287459817224 0.5088884296112248 0.04119048164758439 0.42770790033717293
113 8.008159943358448 5.801724494101441 10.88924113655015 1.9964055842853587 8.651655119298127 25.981902102832098 3.2248447137167755 0.6993511614332062 5.44555672707531 14.14894842840848 33.496507770755734 0.5102103686190889 0.013836037263728975 0.42884811171004705
104 7.438371667327959 5.859151905651551 10.77660036226311 2.273002401285013 9.250691530709238 25.328075976833823 3.168004726770367 0.6811681492088588 5.678163962565824 13.802209248235473 31.74150395983874 0.5076864747609737 0.05038834098282471 0.4255716622647681
112 7.756233934775724 5.811759348400738 10.869905656738776 2.054339830927787 8.97679301863473 25.569117791711673 3.2229557148768824 0.7986561291950418 4.624241609285926 13.185027772093443 33.75795072330044 0.5103694062166643 0.011891950050120122 0.4290424013589428
121 7.939768992610828 5.686781093456919 11.30151534868133 1.7745724053700191 8.98434826541928 26.363219870964844 2.6398459095498783 0.5313310304823797 5.715194671226274 15.245264596862793 32.74508288320571 0.5094467759121135 0.030887342986710264 0.4282628141830653
122 7.7262467021543335 5.831147687198684 10.87604033758725 2.043044268871064 8.808910437578087 26.220919530309605 2.7741662182990026 0.8917867912256816 4.952384640882416 13.404870473620948 34.49490375474203 0.5091824288160396 0.03893149840663662 0.4271987509491258
114 7.74629107426765 5.756691164283877 10.757691033048431 2.236943765029827 9.143452336554544 25.72664832208066 2.959157276231202 0.6478424336508195 5.346382814164423 13.436070108274457 33.03649269439808 0.5096089815624789 0.03336658364155136 0.42804310739095225
80 7.889378065133152 5.595964035300521 10.624960560069203 2.31548389659674 9.401283821094552 25.267818211107304 3.014843125352577 0.6083761343173043 5.729083035286064 15.104287721769662 30.875510822589405 0.5072936812346551 0.052193579743565456 0.42676118117359374
90 7.849532357436385 5.9547786460822785 11.189437255309487 1.8475382905824795 8.702404903239229 26.593549650557144 2.576496800027928 0.6256225833994888 5.88776916778822 14.391075708001 33.88717239507591 0.5095561864563432 0.030329946391354105 0.42765007256496973
228 7.1760076750924835 5.713490198326101 10.894610300733854 2.1432996903936274 9.57575372118229 25.074497054688376 3.1855803225037027 0.9401898213832584 4.375351476089191 12.924922752267488 32.07397259123514 0.5094691781908655 0.036500705577428856 0.42785467293668195
81 7.143312371708456 5.593847056496326 10.66175920369155 2.2333190875396585 9.339713198773644 25.245206380350105 3.1927955822328182 0.7694275588216157 5.3364216596422995 13.230688316552364 32.2284774294383 0.5094005239351627 0.029947013860337157 0.42795690285281046
82 7.842838501120689 5.450649878210036 11.35630558842156 1.8600296273664447 9.579742031069596 25.482487624214155 2.925913308041225 0.6267081285507222 4.564500342925971 14.085185238596472 32.0370703331332 0.5092792697472002 0.030733476257135618 0.4282682699030015
92 7.594122105235118 5.702822325035219 11.045757133339437 1.8605291837443416 8.645205608287814 26.266594259836932 2.8553257560769714 0.6952583214780111 5.288736171460555 14.828777597439192 33.90554463064929 0.5097019456705869 0.021343972242281913 0.42882359824203364
98 7.525878634982516 5.51409215070462 10.748230833252162 2.212761060600865 9.118552107411015 25.278368008266884 3.3365649501861947 0.8011285608393305 4.798634091593406 14.323897380693033 32.26317866376653 0.5066381264412834 0.062116345791900805 0.4255315901105343
203 7.579565586349325 5.5300377165564285 11.304725549687465 1.8979763493156314 9.505936923499553 25.219567797395122 3.15444257427554 1.024369949907998 3.9204833561879404 13.600640336676205 32.6340730559592 0.5096311029786769 0.02657204411745176 0.4289088009002921
91 7.422306519495554 5.625601873179225 10.864186742818786 2.17677998935238 9.5590242789242 25.487282100152296 2.849657845772454 0.4942727486719727 5.788466650714904 13.874970649294344 31.67411229919677 0.5083023675838829 0.04672962651507102 0.42660838153890746
99 8.004120404594568 5.43551368200696 11.138780749108436 2.1316676168318125 10.272352500645354 25.200066953627417 2.5660799543591306 0.6793899427595426 4.169012728480305 12.850119028802924 31.515891654875663 0.5093385391167985 0.032917029336546465 0.4279294010936189
105 7.9492555800844595 5.819279850017129 11.221929622248563 1.825067020436065 9.015287911642497 26.261551246828787 2.6385181956474626 1.0153775483286043 4.824863775307891 13.91750798332291 33.76854296173014 0.5089375886924055 0.03233888045401831 0.427076797327042
115 7.723204849357516 5.597715251016244 10.991693055885293 1.813375928271014 8.0276987987535 27.034193711471783 2.6764277878471425 0.4850455221815311 6.878446628458064 16.516024061407766 34.285514091147384 0.509604064163352 0.028265282889322257 0.4280935852491779
106 7.389065952691052 5.790220687048126 11.006738718375104 2.0555452272271357 9.520766394255464 25.610904262162553 2.8725368369840623 0.5178212256526703 5.257127463820168 13.481582054703285 31.76509958266006 0.5088343369997853 0.03521860629389118 0.42698908287372284
107 7.824904475950328 5.30126423247814 10.747477136526372 2.221595069413771 9.362374648032155 25.66122106100376 2.9171174427017776 0.8432077146557528 4.5482966162206155 14.434084093505474 32.00277448648616 0.5066239434666233 0.06044125066749767 0.4243555419385101
117 7.599009966706607 5.3757299047993135 11.00328588280706 2.004344500326513 9.052927037278652 25.635099234604738 3.135883722012452 0.779429197251501 4.92872664098059 14.824600577582583 32.277141676519925 0.508635874929314 0.03943265046641797 0.42730679668818616
123 7.832862107723364 5.476160280936686 11.179498332124641 1.904098238009273 9.014799313767087 25.965713304965554 2.7809794138851283 0.5372174951492764 5.368710412690161 14.970276453039235 33.421870585857484 0.5097785080097483 0.025616235090908792 0.42828342469867153
116 7.254870746993644 5.628237672535185 10.970809745912552 2.0272751993042215 9.34418234280148 25.88944488782212 2.8305286470212887 0.5390070001967133 5.3776351486563545 13.512255076223756 32.294059779641344 0.509330017663515 0.027142018989231326 0.42820848757804153
124 7.604667058836755 5.637762384469548 11.104451850579146 2.0484455395374943 9.778470645982148 25.781728905718577 2.5180912130823705 0.8941765768691874 4.837376167538385 13.334605182443118 31.813659821420636 0.5084671666676358 0.042259094707888176 0.4274166127046894
229 7.660924045813007 5.358968255095731 11.015427657250866 2.185823291290221 9.593484297643524 25.07918360051052 2.9754505129849456 0.9268369650978132 5.064505390941548 14.497688575058595 32.11131176083667 0.5074432657105803 0.05615181709712945 0.4248851467738678
230 7.543729284396397 5.881263308603329 11.170016652583824 1.9611069411321715 9.769293750218566 25.479341712671115 2.7537440825043107 0.6874154662450505 5.278932592863294 13.207075944011281 31.47381173535834 0.5090822036998206 0.036589175336627464 0.4279078636303483
83 7.5718282047464145 5.534797277302362 10.795663087263799 2.24029614855819 9.454082139457944 25.628988238161682 2.8599674626402454 0.7246720656863904 4.960869988543894 13.744635767010353 31.90094289645016 0.5085026805723349 0.046888456768212766 0.42628396692809345
84 7.401968854911757 5.7783277672971 10.951364943392996 2.150684828361923 10.041119201434197 25.184983417890596 2.7776568952334375 0.6498385479910296 4.881105368827967 12.539364228306003 30.73664550248713 0.5098019518200347 0.02628119678854717 0.4284683150002321
85 7.772868333002505 5.577753161827375 10.967154056386928 2.0180959323645675 8.74994149770037 25.63617660928143 3.244441379570179 1.0018013900643141 4.812393804920981 15.046797251965417 33.40212733894196 0.507799587702146 0.05429303026424071 0.4259484892201842
94 7.456117820592898 5.779243165188183 11.06674587650063 1.9830952272458722 9.058223608943493 26.119383503243906 2.740394269084147 0.5994897480842756 5.484568550572731 13.616488469078101 33.679135081956204 0.5093034499017087 0.03553616286378113 0.4273177046748633
205 7.2070643934626 5.857696518227748 10.98727661551457 2.0316604840292656 9.657958370791558 25.71871594209873 2.6705351044768952 0.4204989922981532 6.008691648082213 13.738008594479945 30.884345074296075 0.5096933232632007 0.03437106813454718 0.4276540304296669
204 8.094350085799373 5.344557832008295 10.5779353034204 2.5973710966167904 10.699690817998293 24.565840227705813 2.8227745038899004 0.8176452308109666 3.525169701154787 12.192513015781513 29.966867782658017 0.5079337381479133 0.055290243940413236 0.42525392041624005
93 7.875037164663926 5.751584042941554 11.252980007411027 1.9260687111009616 9.73975733747913 25.48416172978755 2.746604161876796 0.8368649486436573 4.31340222871259 12.838022252874563 32.3660779994265 0.5096951020675468 0.027558127601246096 0.42851600183710287
95 7.547729252529457 5.6346212750281826 10.936106724065903 2.1112748326082045 9.15707790463541 25.83832821299021 2.831983008708545 0.609716134271306 5.62087284336747 14.128773694093272 32.97866795920611 0.5078828823951627 0.0493296338829006 0.42634183909305484
100 7.490312682372626 5.529412681398496 10.95157665737958 2.1075415720422037 9.471950574114 25.296998679849132 2.9969964546491528 0.9849054606620224 4.586088832092534 13.417399779414927 32.492235677070774 0.5074893157885058 0.05267358621376844 0.4264030446912672
108 7.778882946284736 5.847228895581731 11.083715399499683 1.9865187813955278 9.500295493602094 25.474795307182667 2.999842843782994 0.6707715751395451 4.897584668106999 13.393951535912759 31.7272670201579 0.508635811950322 0.0352939427237734 0.42795344149881215
109 7.5968009731369595 5.614194739544462 10.538492716119446 2.449738521914251 9.737322627276038 25.228419725515156 3.0503742308336297 0.9408979704497094 4.64253226250379 12.798182678062602 31.252786169161656 0.507648062813667 0.052224939220823455 0.42573415819083504
110 8.164111646450555 5.85151812125152 11.04339641346519 1.9590486528904552 9.1692742895247 26.14404155960883 2.6838773747103324 0.623222172859881 5.664152499081397 14.189375567327573 32.15327685360069 0.5097992639371028 0.023821788564761668 0.4285681388001539
119 7.775836009917038 5.591946128132198 10.903054208481267 2.1118745944804327 9.4299902518309 25.358419615997825 3.1233221559048427 0.7572882360282073 4.932568875064403 12.989668752143078 32.52047732734134 0.5086682287671244 0.04061079385196871 0.42716861310299586
118 7.629173394574251 5.810730039305262 11.041968507046569 2.102647595917356 9.621148520927239 25.560825630346763 2.8177094522846513 0.6892287792654077 4.939988873254546 12.968345284677742 31.885737475218047 0.5090933722277643 0.036221573292415966 0.4275455527194756
120 7.467185604549959 5.849352471112379 10.981530370552994 1.858399684639882 8.030294391984631 26.79987654924818 2.9048045298348266 0.5531947344641075 6.436946835582595 15.33375411392727 35.12927559415861 0.509773155846747 0.027037939154501044 0.4287244152891586
125 7.8439430298183455 5.512708077041517 11.076419394092454 1.9100524505751169 9.082337757060644 26.25133584832565 2.5817889983498628 0.45202992547018117 5.740120719994918 14.629309953408388 33.22077905673099 0.5093098358429339 0.035476802287240435 0.42779122715663215
131 7.531086787475221 5.383991111242345 10.706951772477694 2.3022875480362917 10.011190174524055 24.810143131574645 3.1251990432746544 1.1353133630162127 4.06561499128054 12.408269739012503 31.144956914337154 0.5065228213178437 0.06242292118076782 0.4248286362492408
132 7.557135306307493 5.7347905225066125 11.063564655778947 2.064442534090981 9.487488873449559 25.625860581353674 2.7489321673714273 0.5898528606558133 5.467923379023899 14.254887694182294 31.94745612019467 0.5097236563283084 0.026852971301354334 0.4276261817733951
133 7.717810115483722 5.617624435111955 11.138405284899974 1.868740573269073 8.819342553991309 26.26416970750506 2.821817925265787 0.4419226961824262 5.902066533634861 15.21360374030487 32.94978094506192 0.5098045624219161 0.025907217402531327 0.42755214653738405
156 7.541804031022323 5.665687030304128 10.47506926919697 2.4845538049215277 9.954406019460727 24.88526473656283 3.138644239657425 0.6752045031163244 4.415436215169396 12.436928401063497 30.65291790230584 0.5086682966706306 0.047583026683044975 0.42610332810413964
158 7.656481012877628 5.705684840234082 10.90348368829084 2.146104497620917 9.208511904223796 25.365188406967484 3.230295270543778 0.7567529219326888 4.774375562339507 13.967263044812187 32.423932713547764 0.5087357468459296 0.0365210573687123 0.42786142274531197
134 7.546597185656431 5.837308081043512 10.740419359310266 2.158499551804809 9.214923315162187 25.64487457139848 3.1300889294669267 0.604436707876879 6.1472794345630986 14.0333057011124 31.092077702161212 0.5081615103726952 0.049058187858804975 0.4263172364138343
141 7.623378538658818 5.571009908957712 11.117703720731074 2.04562291162949 9.871547960934459 25.914516479694935 2.377714233708693 0.663726035524672 4.800184511187624 13.361519479105942 31.86415610249545 0.5099084210237832 0.026069976625118042 0.4275870655623861
142 7.426539776111314 5.741117751886498 11.016356334381177 2.0541791998084498 9.501081004700097 25.861467023529787 2.7383334656130214 1.0736534149597174 4.109377366061635 12.443360053234793 32.94720923200428 0.5092646384781659 0.03137411254938618 0.4280867113849986
143 7.526757327208087 5.845412578526478 11.303639147736428 1.8320660337683465 9.304059059266857 25.763021225894338 2.8703764350082865 0.6399586186632872 5.820973856565974 14.511673919660474 31.652850330382762 0.5093546162492995 0.035475154445224866 0.42714353790065157
166 7.795308131325422 5.470784254050492 10.936023608465451 2.397279282311544 10.146960784047284 24.476711878876714 3.069264898467027 0.8621212858937741 4.94718695710381 14.691033873125331 29.395335305108055 0.5054254522648348 0.06886935101147072 0.42402324119915363
168 7.308804458280782 5.770577309374008 10.790424635456333 2.1261818995433233 9.312068931208866 26.470360905817405 2.3901547815793496 0.6352541123029849 5.812971194914233 12.629294789312569 32.95484061199033 0.5094372544379436 0.03353577996661642 0.4273526011342886
144 7.875100774362229 5.608583864307407 11.19940953653015 1.879824372040633 8.900968983865775 25.896804063874473 3.000560259661168 0.4901082793729204 5.30836830331833 15.25041003552539 33.00057850723965 0.5086513805449392 0.03601721117416865 0.4277787239742744
157 7.4509125049141565 5.678789012305299 10.884262334620919 2.1023041597050627 9.217453238956377 25.481187597136095 3.1514634537333186 0.6488940156129971 5.513243342810458 14.67265494485521 31.43855132675601 0.5072329322500616 0.05679626852882821 0.4250735329714519
176 7.703095183358117 5.610816609716517 11.193029914286374 1.9803809567508437 9.637619274692172 25.72263425261045 2.6642252869542102 0.6970659232283006 5.482100450944206 13.486191696155913 32.0851726794045 0.5086001843982134 0.03938879705044902 0.42665495024621114
177 7.515918050615334 5.796087924867018 10.737080323079661 2.2376096566780017 9.627265318765994 25.61862298154483 2.7681665727440805 0.529211724345472 5.488424582014109 13.267662828512194 31.389046061937304 0.508974724577632 0.03809923510454156 0.42728773958326394
169 7.8445931373487365 5.8102442703692665 11.364634030091615 1.8240328199393014 9.345704483510533 25.885730782610302 2.6821930927478697 0.6649564854393977 5.295687078438105 14.376367833131509 32.21623695580806 0.5094492582511305 0.02961196204143367 0.4280218531520468
159 7.725650149648123 5.772770242764787 10.88685743936461 2.1646909226074476 9.29476003049776 25.380706161591494 3.0377193046663504 0.824787262461014 4.817822387602515 14.008958576595743 32.321034071560064 0.5080570531703185 0.05032157298261368 0.42610004505986976
182 7.36184335234559 5.791427662248143 10.757776741067069 2.269635462727951 9.491414312686468 25.09654506567252 3.2969384988896713 0.6390047927668162 5.04942969166322 13.547417576358 31.16317377323622 0.5083235265322648 0.04966470351273865 0.42583630626476937
181 7.673270528589414 5.627612027984277 10.917369490274929 2.117715741122936 9.748522478504542 25.67165458753616 2.6558688553631353 0.5234601252157546 5.395795834776552 13.791219763823861 31.053977460166237 0.5096146540374543 0.0367479083505074 0.4265639362023708
167 7.84172054192767 5.6172187396914675 11.123668056494582 2.11255759696355 10.003566764090762 25.456255486195374 2.6027953256919294 0.7797320818664984 4.834895234951058 13.372186751107407 31.2518688456142 0.5091940718931297 0.031747784362766124 0.4277706354277909
191 7.552486343578095 5.717643346329353 11.090406612358441 1.9079946903435416 9.012334337316934 26.198764495836645 2.738579280469592 0.8124314150900462 4.745073715634384 13.672157388249174 33.65966697798468 0.5088086420363256 0.03878480882428025 0.42716573566142185
192 7.861833495476132 5.589648488008552 11.16628539308441 2.006484460394099 9.487640359416668 25.622362012981043 2.7907674623092467 0.7156571065371411 4.553302467969518 13.95924188262511 32.439052770619305 0.5094362096659335 0.02375231913454002 0.4280249325610102
196 7.596202490983029 5.710300738987488 11.155401829218393 1.9333229781401042 9.362198368325368 26.286231313786885 2.357610402476808 0.4631161639722154 6.0228091789978055 14.200174148345422 32.46598385570843 0.5085709122174472 0.03874158133322175 0.4279059095441378
197 7.489512583293691 5.697023361712671 11.050036889159138 2.0185188083201138 9.165458963858288 25.64877978421658 2.9011327604411203 0.5093401195115992 5.846207867284702 14.857111709229397 32.06542655895143 0.5072268364943874 0.052185582457466614 0.4260988677129069
135 8.101890769256268 5.655986263747325 11.182766323705025 1.8749564388361375 8.898104901908138 26.31228754398753 2.667016987544586 1.001204698507789 4.3998995602407165 13.761967731000267 34.49693345232665 0.5095718805845678 0.03610163096661502 0.42689257075516046
160 7.9062858579625255 5.711698549579362 10.829195500508048 2.1445928572247484 9.212823051950352 25.793049260369823 2.916853924215452 0.6192454335829793 5.2194802756421765 14.106842594527475 32.21008106649964 0.50784812317692 0.04886038969266675 0.42632227963774266
184 7.107268102761875 5.658017207808623 11.097168467547563 2.1485961733374515 10.313943187849864 24.732406927448835 2.980209983167824 0.7126899578979947 4.223880392687474 12.589870549884361 30.38721023001708 0.5095194367583453 0.02920270330767045 0.4272571103277127
136 7.578663216796648 5.789408752774236 10.918285319963251 2.1055533947375786 9.773319572225983 25.311245152882986 2.89761744145725 0.8614150534054188 5.02579045749079 12.897859158778546 31.289599745784656 0.5090572119918942 0.03592318868514766 0.4278680528588063
137 7.904852184588595 5.541745544937793 11.344046958295788 1.8668647883796858 9.572094573416694 25.700361653174802 2.662958106251882 0.3923124721609612 5.791003305876812 15.261912583114103 31.18241927189468 0.5090020961173005 0.04108967501019287 0.426961813306596
162 7.405688890757032 5.800676590441452 11.158150135407766 1.8864730911374008 9.318681832425638 25.747632303750088 2.9045955434312916 0.6424020089878378 5.015269905389887 13.876591055671446 32.337447948188355 0.5079210856796567 0.05100854859221254 0.4259910209531322
171 7.313226369434661 5.803834864607654 11.230567571038783 1.8012120415607642 9.137295525171687 26.163432854376108 2.719148300778713 0.7090268050406027 5.5300096268066214 14.529958574840723 32.16006987998913 0.5091324281406179 0.03719178672874587 0.427353632519076
145 7.539864598231714 5.686935958864457 10.96243592235348 2.0153603927217865 8.933396834497481 25.68320635524747 3.200330045046564 1.0091460181712 5.755428135107653 14.736541277597079 32.21977862812563 0.507709715839998 0.05327118468778135 0.4262172058464396
170 7.623917061710319 5.779841449229013 10.84246009248137 2.159439202388797 9.622277863339798 25.454896453259256 2.9027229325313177 0.7334855411985286 5.655940893555446 13.374416050982935 31.537707483808287 0.5084892842403511 0.04864170650227061 0.4252725382880751
146 7.714046127773156 5.672282865108281 10.98425703901055 1.9635319580301926 9.120503592678206 26.390219253040826 2.499588075503439 0.5427331658606558 5.231439118304059 14.159555894301278 33.308443941718735 0.5094712087482557 0.02908050690511487 0.42803094754323207
147 7.783358137010264 5.52034825252186 10.948279514566249 2.1015369380687288 9.555403393083488 26.02858860109407 2.5316347789361884 0.7908235244142231 4.192583406352907 13.002087544797938 33.126449694173694 0.5099777488677824 0.019469115686695158 0.42855095873363636
172 7.41307648601686 5.593442199611769 11.123738210665723 2.1002531243944733 10.216909587979021 25.135374770694423 2.6746131345654405 0.9733277499727182 3.480563483741683 11.777376097903506 31.90960608307285 0.5093881281465593 0.03217226026908 0.4275763943304044
183 7.770084743144736 5.55700689012842 10.572372120703333 2.401934116337898 10.230933978008713 24.99002028193863 2.970752676199733 0.6719271852203841 4.430026842887052 12.602673594751993 29.97213361049634 0.5091087998977594 0.03583757518141689 0.42765514210557976
178 7.583024592086841 5.736902799632514 11.102435547691954 1.9882957970785715 9.579529529281366 25.71998426710257 2.695053714793715 0.7264114225270495 4.660787961276217 13.013496976087223 32.36618382442602 0.5092310515807562 0.0359757045340515 0.4270570509901796
161 7.654330773611356 5.600853596893873 11.042225979888704 2.018733242102864 9.646319950190257 25.95575490489742 2.5891739554335613 0.6986896750317326 4.317153682050567 12.97658272025918 32.34731490611214 0.5099747009787402 0.02281469788116637 0.4279091942732702
179 7.64038683387882 5.652130094177745 10.890637264410392 2.4881458052923597 10.656495939006144 25.28520568447402 2.228933349615216 0.5518125144922279 4.591155353797679 12.292686067623084 30.23278855420821 0.5083786874267274 0.04655817759212914 0.42525842182736906
193 7.463781899585282 5.784327554936378 11.286416013331896 1.9336314241909027 9.813734031965595 25.638973290895617 2.589816184575788 0.9187668480188602 4.2360296104379005 12.895844970509048 32.03776530655208 0.5092093432097333 0.02763023813852302 0.4279472023054582
198 7.347191163438098 5.551165339563851 11.08831112225314 2.0099661358464527 9.28862159914654 26.03783155122688 2.6668663121517957 0.6648701567993723 5.270520515208014 13.976203021163366 32.881632468871274 0.5095290075453968 0.030662183605002093 0.4275193211029945
185 7.143894952178053 5.710115283217303 10.932512781258966 2.1350086744828856 10.104240608725068 25.21631087237273 2.824807253015226 0.619590679938571 4.868265316975664 12.675247722508177 30.363646310578122 0.5088363071050648 0.038740799727014726 0.4274138985491482
175 7.200099427785821 5.7172716818595894 10.94750476220325 2.030626765405977 9.496140239894842 25.871872516521368 2.6479112034037944 0.6619446926549701 5.21759609105336 13.264685047638277 32.12307923083864 0.5087443774415268 0.03721616247292497 0.42778289500618555
173 7.785344377873106 5.318438875435426 10.980228917438845 2.181383671965021 10.018470134320447 25.475692398708333 2.509479745006805 1.0854265199715627 4.121017144969352 13.26111486148931 31.53634769792037 0.5079567055761728 0.0478263868942868 0.425851165620011
138 7.869494097830987 5.4114030237846755 11.021158663867974 2.189143064098769 10.125748983703813 25.25411696785998 2.7014282398935596 0.9423215400440343 3.8991170127151613 13.121171517810287 31.244748362767222 0.5078016287872654 0.05270647383880387 0.42577606745011964
139 7.575137859260075 5.379238753767377 10.618697370971038 2.4827761672403827 10.312899052849493 24.951797087097706 2.658307434508192 1.1214820574791677 4.326854113618419 11.810058445753327 31.283391751880107 0.5061241499849972 0.06432475595326095 0.4245401490367315
140 7.8219345061022905 5.498809925157818 10.993309952089731 2.0805211033794366 9.875739739468866 25.282994717090563 2.771958852677637 1.103203208993919 4.26639675701629 13.532669136218058 31.383384252187376 0.5087413940462832 0.039922682101023906 0.42734648541463127
164 7.369928487355575 5.773490254019661 11.097024485027429 2.1018083283079148 9.88509204911015 25.283579147709833 2.8594241539017387 0.4890339696967976 5.187103271786242 13.025050964170337 31.319769428744305 0.5095157436825889 0.027993315840745492 0.42807408473738406
148 7.41448719930965 5.868337665587889 11.043104154655513 2.0802236897304565 9.872085114266607 25.415713725664713 2.772370881731705 0.8093002114992117 4.936358818452087 13.084673974449718 30.87442340083586 0.5098194235166434 0.030398521065835675 0.4276985080399926
149 7.473705976750494 5.512043101030142 11.22237120606923 1.9540787586097665 9.622087335621325 25.311529209290224 2.9247326315309508 0.937265866783214 4.450281416428265 13.92097979672542 32.01458350531538 0.5082842172206762 0.049556940171344266 0.4263167451743438
150 7.324773204780031 5.87057739485401 11.242537910589773 1.9503205205456269 9.585922711946859 25.97062486796967 2.4639278587367484 0.4303832978911255 5.982207068065756 13.746950306291541 31.98583316561227 0.5091725499532163 0.03270622124581981 0.4278886043984377
174 7.754633840353926 5.4410611359629 11.048391930659655 2.1484141563453907 10.400418354749334 25.12858267715895 2.511718396856304 0.639325439291251 4.084716902206335 12.853810026760444 30.889448675065672 0.5097087826548423 0.016133461608011185 0.42871934265555706
163 7.709928761424783 5.392946564011985 11.1353138925016 2.047886492434817 9.888166921197904 25.12821363457895 2.8304172536496313 0.7741039276707863 3.9519612984225336 14.292747842321909 31.193643449050327 0.5081294975313035 0.05263406412318902 0.42518074652228843
165 7.236170398823296 5.774911201567761 11.399243667366251 1.686535481760983 8.802068512725807 26.541838182799168 2.549310681652261 0.7908567791484117 5.606628649314518 14.539936974228631 34.03076712794035 0.5086259342639307 0.043377634252600904 0.42636520547435147
180 7.469950911709406 5.821519433312008 11.241825146502421 1.9372736024821227 9.773407973497497 25.454272058938194 2.7654832711380113 0.6408532505913108 5.049735764383601 13.358418005136446 31.55520091980278 0.5094345870459229 0.025273928995276213 0.4278642312522543
194 7.6603910583582895 5.534247001482847 10.841678021478927 2.1113795829175785 9.738618749918178 25.916054673666654 2.486474502619072 0.54099728923706 5.524527552593974 14.459412618973829 30.304821513664162 0.5082483102248558 0.048468070287162976 0.4257985392052783
195 7.8354198944205224 5.809262443850455 11.287491197550482 1.953898128172013 9.951840516709183 25.574379743961288 2.5756906549086707 0.6928931888722161 4.773758844235027 13.192862156404322 31.29527083494671 0.5096380001785398 0.02223660912892893 0.42866492751590796
199 7.948226211491148 5.237619581237657 10.810197743579387 2.323765390849306 9.898089465290964 25.345413367691297 2.7081999866737396 0.9852144975452124 4.790216470082298 14.195036349262525 30.5896452045663 0.5076116999316137 0.05675610307887211 0.4251880387019215
200 7.761849601214981 5.693331904281406 11.08837451965219 1.9264622951429797 9.16066016075463 25.86355453478119 2.9164572632401904 0.7721276333610434 4.85286280294665 14.445022604550676 32.503974514023085 0.5075564312492454 0.054450689745356176 0.4255090417560715
206 7.7027005108824325 5.645943775685201 10.862801931946601 2.1268348919993825 9.640893808846194 25.66474102761749 2.7395488297703303 0.7850005688576884 5.091339191272215 13.826463684527672 31.333800403059566 0.5086094992294137 0.04906780833480984 0.4251569519376264
207 7.53988935122724 5.51498744571799 11.011807149715244 2.08007018625512 9.529030674139799 25.807210573283026 2.7136881587472805 0.707341135450191 4.13043401966587 13.099477278494492 32.89841036926308 0.5089822193728522 0.0319093673827077 0.4274106725526847
208 7.465920776548539 5.85136280836922 10.867354529289402 2.127386115534061 9.828941286308309 25.244947127450416 2.860504474280038 0.6742093593078854 5.228223071818187 13.094329337654287 31.019638579208234 0.508688577168929 0.03964663532692186 0.42675450506142415
209 7.671151425994693 5.646847191539704 11.119296101206777 2.1721974350544895 9.63874611600505 24.954091755155897 3.116619788742257 1.2482269434690263 4.810214596809672 14.047142921762598 30.951133442851976 0.5079815649006111 0.050022346566565866 0.4266828319468656
244 7.516236012769591 5.704534985113961 10.82403858005992 2.19261564372259 9.260953303280598 25.5317229319336 3.0930366437250765 0.7616298925234916 5.0691425561158 13.633641107575691 32.122358263604106 0.5082912488271365 0.05322697551567491 0.4257633054939647
243 7.760569008789387 5.6588212975658365 11.141380945693038 2.0399107287415723 9.798548375758475 25.430375275892914 2.9308183602661813 0.764277826507988 3.9526745918792283 12.648807825541624 32.09426333633067 0.5089226064422139 0.03404859631413033 0.42751549306065945
242 7.716736548097861 5.580651840536805 11.103541172271163 1.885535912437094 9.412370161791179 26.039793445287714 2.642320541793166 0.47751239126961553 5.642059052481329 14.566997276409632 31.82381900842901 0.5087991919975008 0.03960966545550125 0.42683125977694525
234 7.742533056441731 5.872979587951206 10.765132718186083 2.385125129044282 9.756654409082966 25.77427741340711 2.5040417799487846 0.6244704202514232 5.315876712003081 12.511719413039877 32.187170424727476 0.5081987042700898 0.04764319161328976 0.4258965214239698
241 7.41663361864229 5.642410091163209 11.080052993368733 2.045588232176818 9.866133419227092 25.592563813496795 2.5885730698504528 0.5832293761907426 4.8885657063283166 13.421875988946768 31.399525623968522 0.5094980496424301 0.03200930233003604 0.42773958271319196
216 7.4819806979865895 5.710349277346955 10.820390467343337 2.459303891393154 10.389113942192198 24.600186847920515 2.989028141608597 0.7973013487785255 4.6982282943954585 12.404060208821917 29.719548980250465 0.5053642631582006 0.07502888231178949 0.4223871073297604
217 7.538721549795639 5.512187398118195 11.13707468841879 1.8801575154517418 9.146582556802198 25.793179546157592 2.8155888951407992 0.8594073663747375 5.785045289078351 15.173244332170304 32.133106262606546 0.508122756688137 0.04476226407953333 0.4265178478507848
218 7.559600042775708 5.432733647689828 10.513895099763213 2.4694294833710804 9.716560715154133 25.25024861091396 2.898622521713347 0.8472241083816904 4.412434023284056 12.880732583375005 31.819783593839013 0.507537891646475 0.055584062755424116 0.42549709686642256
233 7.417475004760618 5.584691328012647 10.54579973738763 2.26831359152819 9.504296715545975 25.69841585990366 2.984813155999382 0.7030485814121488 5.540274877498467 13.621764036406914 30.84621597742641 0.5071469747480691 0.057631329112991056 0.4252714095016355
219 7.9233673078848845 5.509877972635019 10.764993438951931 2.2588697961940394 9.722817007560234 25.388805016174608 2.870624982180777 0.7066302292868436 4.692588365347867 12.876466302046731 32.123166834923865 0.5096528024186472 0.028316598145624365 0.42748928879781545
232 7.060705888293071 5.802764243449807 11.220325277499729 1.9009715090480541 9.391546135026019 25.4856133441236 2.962683453357915 0.873192534108852 5.380298476583326 14.149502281422274 31.479523873073756 0.5089016366698276 0.04291736708404393 0.42617335414967183
231 7.724895763919545 5.522534490670793 11.413322091193647 1.82558434818633 9.551099402554618 25.83944386781739 2.7183947697582345 0.6406502105620838 4.727123657795554 14.31143519403761 31.935008360676598 0.5097781271559289 0.030240736244645988 0.42789121684799736
236 7.403512441873293 5.919907067557181 11.000652209168003 2.097558545106466 9.51085460949639 25.775526720369786 2.683508670214801 0.4696042432984877 5.732321657506324 13.272944130276215 32.20404822786095 0.5102702383628487 0.012982843933698616 0.42881849518878096
237 7.522179048109165 5.69222561672425 11.240617251274442 1.84084046475546 9.240063319632336 26.537531289029527 2.397702572540079 0.4557274031296049 5.996949538327672 14.622936098051396 32.36807984804486 0.5095688867855636 0.030606834877225916 0.4279629705629677
247 7.443582003290973 5.868747026665455 11.345043900176718 1.6669975012148983 8.875113874959796 26.68218981545421 2.469905431804616 0.6585228938963994 6.248275834824303 14.903143926125093 32.78148505984892 0.5092026607563583 0.03588274727660462 0.4272643479720989
210 7.470405714287532 5.734224664393246 11.214812796851122 2.003811320308244 9.77371577041747 25.544084886147136 2.6955776309038653 0.5356748410792928 5.237652141100016 13.463693344862335 31.553906291929124 0.5100566252807496 0.01768386323108428 0.42809798800674065
246 7.661894547926423 5.7051395152637285 10.923961001670746 2.319685935293101 10.15477195071246 24.622066213400515 3.154230428505097 0.526252786641786 4.722059398431152 13.422141993724502 29.96877025200492 0.5086264547269002 0.04654910461690711 0.4261994464736023
245 7.852854394225268 5.665094630272374 10.915043989072197 2.0257301430006964 8.902810423564466 26.057593837277217 2.8479971055817956 0.7007595331799416 4.890275353167216 14.063175335607955 33.863588159803925 0.5091009498897953 0.03877951385079957 0.4277599336038345
235 7.809533809861504 5.5759628114515465 11.089165407566247 1.9490001774028998 9.35397950557455 25.931081412096415 2.639502935314296 0.7126699127244525 5.373526083715579 13.88603487113022 32.81864028931213 0.5099501968858963 0.021940563885067283 0.42865611198428977
211 7.730099769157361 5.693447356531019 10.957420059035979 2.058916183628931 9.47136468309969 26.23635413323033 2.3948755833079236 0.34630975663205077 5.903062485040756 14.099616222573486 32.05135794414885 0.5100295359723938 0.015395689974023578 0.4282232746703541
212 7.195368437626989 5.75070011022553 11.1042993530941 2.085072588406765 9.96167326218479 25.094120510713903 2.8781339582974415 0.8685886700861782 4.42442379947389 12.956923857030159 30.77797661426371 0.508551361872899 0.037857843677065135 0.42769421454291606
220 7.655329351010007 5.643437480832546 11.13593848028535 2.0817650316255363 9.60610527111981 25.298271353525124 3.0473523594363794 1.071330334595198 3.7798394080979154 12.882824328538169 32.57459960821003 0.5088864251399418 0.03379332902769539 0.42770965207376604
221 7.524345661219351 5.718336744301212 10.815151957052091 2.2715186116369557 10.015434265908754 24.797316146867104 3.152571894737755 0.8378728382669671 4.328981286003792 12.377707620197233 31.17174086438229 0.5083579571938212 0.046220955645388286 0.4266960608407511
222 7.446513644891106 5.845857125051703 11.094390511408887 1.941861695438981 9.48032123686041 26.319497811145965 2.301921292101121 0.37326815188339013 6.344127688288155 14.10511053709164 31.92074772516587 0.5093330809360502 0.023619550717459636 0.4281033511562931
250 7.667858877413888 5.604455693286425 11.333703103244165 1.7366049651567912 8.98130977217343 26.064954125877044 2.9450507653911804 0.6443256873089611 4.9643327584893 15.053264992539216 32.68344077592822 0.5096390494042499 0.025351419612954222 0.4286329335963677
249 7.829582867061072 5.667003574218838 11.302341320669548 1.9836850624858737 10.155623147607214 25.129863085439105 2.709965963471629 0.3733175319430188 5.289718203438939 14.056555207212428 30.09517037291188 0.5101112432619049 0.019966469067347076 0.42839541395589475
248 7.35681604679042 5.686093510700526 11.090428464556433 2.0188738885967847 9.46284910802641 25.89036106475496 2.6622117279153454 0.541206908538794 5.5653153801013815 14.08294885918345 31.90181462054273 0.5092119517164139 0.0345222517199809 0.4277117972451949
238 7.34736605047692 5.720657445120303 11.132619349201137 2.03131751050649 9.815145335517874 25.547388834675587 2.6611063704524893 0.9345271361629216 4.811492927783124 12.803826056492179 31.84570573703015 0.5085813546819467 0.04596022991349615 0.42702528542197626
213 7.417933667576345 5.931261191960053 10.89152991900593 2.181428995595366 10.003678366187671 25.32875904016658 2.6756557728312593 0.45713384542597046 6.253747609481874 13.909218773886336 29.409807940266894 0.5067564214922774 0.06264801423573614 0.42448323308771896
214 7.538761813795706 5.378775524510099 10.823139362461953 2.1957098514124205 9.470689827936038 25.236902659312783 3.181151182092508 1.056844239506562 3.8633238159957757 13.113186946606229 32.33531252594181 0.5092825328030837 0.03289224915861542 0.42779989737928525
215 7.587868408038614 5.719704480332424 11.210259475383959 2.0660335544432216 10.019745899412715 25.231646146662147 2.7492581578541437 0.8463066002009422 4.1835761811166865 12.532702035921464 31.781573721237603 0.5095520827557011 0.02796356422416233 0.42801365886068193
239 7.781397819570171 5.510548005697772 11.193813589148165 2.015215445894679 9.593507042673583 25.304659242142407 2.974177531398874 1.1787774565954168 3.412124353492056 13.02599884484816 33.06493002370129 0.5086947520511065 0.043316402676206255 0.4275199419673529
223 7.304401626518737 5.870288938546066 11.072891910056574 1.8812365653002685 9.12910962184588 26.180220534375646 2.6836472192052727 0.924338761889717 5.276388944358275 13.333096123221283 33.24759225916992 0.5089032933010516 0.0396131202165935 0.42665551127972534
240 7.8596935087019375 5.409765145581921 10.789189810172005 2.418373624061968 10.562851620735302 25.07725751543719 2.6605387925846897 0.8636300133329706 3.3912662652350876 11.765905719818061 30.746364732845933 0.5084313463929148 0.045503655281623215 0.4271839048412976
224 7.5710965112782205 5.807742430791054 10.977165505385193 2.2221547180593637 10.129601799093034 25.367298270541518 2.6072901751248723 0.8954965048512512 4.366428099477032 11.586076479327795 32.06619354036577 0.5081893248865623 0.041106882815174245 0.427704451792285
225 7.839273659189839 5.4441737413736195 10.961417959524162 2.003412897156273 9.142495023861635 26.180762089542842 2.697966662061647 0.9067580739475509 4.2004544351026984 13.55020972873281 33.7506890454641 0.5097081213565198 0.02872578187716995 0.427711690738524
