# timestep 5300
# phase bcc
# id f1 f2 f3 f4 f5 f6 f7 f8 f9 f10 f11 f12 f13 f14
1 7.736241707488125 5.649765960706298 11.073694772394742 2.0082061244907736 9.202386860896539 25.433356639477314 3.101017270039948 0.6721771898188771 4.712217132387684 14.154924055633076 32.81601028701612 0.5097011548749972 0.014136121026254691 0.4287641918725221
2 7.818250689668934 5.5753224301304805 11.146518429996439 1.9208323019963138 8.952152956373094 26.247483694976285 2.692398182709569 0.6123467651530152 5.772553942062876 14.856671454572833 33.354583546385555 0.5093194869626162 0.03334032682649645 0.4272343195002331
3 7.177775540340385 5.79236538024422 10.861167817576145 2.0212397597908205 8.528978288463152 26.848530786639618 2.556360877236539 0.6513755017982832 5.950799904945764 14.42790238246592 34.13818647411159 0.5085423175379955 0.0408464360017705 0.42700894358839014
11 7.74952368593535 5.813824942363883 10.902648989236804 2.089535311224783 9.473989843856025 25.352564127416723 3.1088915208042938 1.0736251411298103 4.560425807726453 12.94694076318601 31.765635681067028 0.5087462779100165 0.04337681599488315 0.42650521270460934
13 7.514780845228133 5.7649527354629315 11.246860559017678 1.7902150734618127 8.869970982764706 26.329965485998898 2.671040360587559 0.4992991372205114 5.920779692264325 14.878616567178035 33.30318344419357 0.5096643010655197 0.02010450481299288 0.42891429920048696
26 7.081095452599875 5.771446519992631 10.985988145199896 2.2364628324441616 9.842819690266264 24.879612125967117 3.141181904045234 0.5112240229401867 5.94898498273585 13.632035280459341 30.34818723438168 0.5080374495081155 0.04643270520732558 0.4271327856170674
28 7.231664470397916 5.902492180054782 10.72649447580025 2.038794704039877 9.31283235209715 26.21691669584331 2.6114198647712374 0.6221037221205746 6.803763445192788 14.025912514840044 30.876484717765358 0.5073414027019152 0.053581171038358036 0.4259700684766396
36 7.824693189841538 5.801355370669433 10.762613249119266 2.3922578785737603 10.037741394582914 24.795138917439424 3.0389864970127314 0.779163640474531 4.749143117154282 12.604470485452536 30.925228158490544 0.5087920977500071 0.040506921929473395 0.4272169810214922
38 7.849095831452382 5.601227421800741 10.93654645813423 2.154634804226261 9.676651538069205 25.285048951406786 2.9417264591254098 0.7754778064411397 4.82097770184674 13.567387857182826 31.544390074338782 0.5081547789550082 0.049567626209136136 0.42654526893531947
4 7.150759242243861 5.389676914151181 10.913290505209757 2.1617756319585753 9.392602646614765 25.256267298945964 3.1056195581677337 0.6082766900954325 5.48048644127033 13.667180312279921 32.4160779478861 0.506519469589147 0.056066929882451565 0.4262145130348388
12 7.974317811139958 5.660939537139546 10.441525185131653 2.472617707838524 9.6551524475035 25.531825479262967 2.7164663894914858 1.1678616762690228 3.9634348495098983 12.040686878037436 32.831258458098205 0.5089138850468421 0.03517692873161506 0.42757015503665413
21 7.84888975446132 5.586239524198121 10.962037608075528 2.079878449276362 9.103634187351021 25.44319258489288 3.2483671899877056 0.7406405793305746 5.147998075109637 14.973672396948395 31.979312156724045 0.507682125817113 0.053311643697844184 0.42591708519230514
22 7.309961156425995 5.872325964594367 11.020231760258797 2.00800628723606 9.184191039595204 26.21738904287609 2.5422819029659443 0.5584427967353481 5.850349132832839 13.532046693508478 33.320518276463744 0.5082795829289543 0.045993894838767806 0.42681598838668733
46 7.55677465053597 5.790484734775668 11.045729333418024 2.0089405637136504 9.452864614234834 25.72803517112345 2.8489244441712254 0.805384606749387 5.518908863683361 13.966110970399205 31.4995820616233 0.5093878620010918 0.03713668030849159 0.4271496096079812
47 7.863237650587067 5.377703079936968 10.30737749722958 2.643424575298515 9.901869721460269 25.085018175534607 2.8360342375743355 1.172878839111248 3.773527674356061 12.224985127443833 32.29865601515616 0.508570087715928 0.04640376488390012 0.42658458122545684
14 7.941932308155449 5.531285644044832 10.783072729054187 2.1987559129896104 9.76534511946142 25.048152758933345 3.112165998995729 0.7648179698383003 4.516645999066119 13.290710797235038 31.274131821619736 0.508778494988042 0.04169327841533073 0.42777556355879454
27 7.788607082269832 5.499696819696245 10.913805795323679 1.9402683368876863 8.785304393852595 26.14108687570285 2.9921228183683173 0.8168018496968125 5.59017104024965 15.623039032644403 32.45202991166713 0.5074722586102699 0.05518356995835643 0.42602311970859463
51 7.117610667297354 5.835311505801596 10.997076879713045 2.1081055161364515 9.879604932446338 25.023179519709934 3.1564796608278924 0.5235843357909694 4.984599926879014 12.494105306763249 31.119659783639428 0.5092597148292237 0.031506720787663416 0.4278392042477272
52 7.2972998037745365 5.823168109000013 10.787082362547986 2.2595550883990483 9.822170192042382 25.358497947515332 2.835342141112757 0.5344647942109226 5.2139781401645955 12.57177733087637 31.505993923274215 0.5089606079779787 0.033188784619519476 0.42797059259139175
56 7.624782796523558 5.684301433523594 10.487842891647013 2.437753282191678 9.243949590961211 25.427247060621067 3.064647001797482 0.6648043571385724 4.993553425771083 13.509345186199592 32.61357536486327 0.5090607471211192 0.034692542086324815 0.42785089397831627
57 7.5276798600231665 5.865046362755155 11.202862273295542 1.9418382771008926 9.30158161515121 25.485955775238015 3.0683585029396054 0.6659926609749871 4.984961308511959 13.562714997783786 32.51021924684582 0.5096684879807967 0.020999770698464117 0.4282191120956807
29 7.282750998169413 5.844163080847483 10.713960732753925 2.1666192079689033 9.37952978062998 25.966522958805797 2.6941931922384854 0.7413544059374956 5.307907714502332 12.521448555938964 32.682619390901486 0.5062508215009985 0.0629853971332367 0.424706250591565
37 7.7457447917906626 5.579059010097511 10.970299879670975 1.976074884439334 9.266378224785715 26.021123829502127 2.7074916141184273 0.6527689040286885 5.036003386288627 13.442160673805445 33.15285892712136 0.5093262226428095 0.030896106273133557 0.42851283094743087
61 7.1556124682662565 5.880848430939738 11.323480306811328 1.780569670314591 9.050726614727704 25.953295668138818 2.810948370017392 0.5639299885718886 5.678353881141248 14.292401843724393 32.80304753923348 0.5096572058656248 0.02837016595364512 0.4279798064601745
62 7.713881928347355 5.519421625943214 10.960106035424978 2.1072391880242187 9.481192983474447 25.486190316563455 2.9338027023176965 0.5629845014834466 4.636540291763721 13.830577791065988 32.40641272906422 0.5093337733705466 0.02545455359164865 0.4280847502253531
39 7.806613280297955 5.6914517730454754 10.890649072987735 2.1337729042112588 9.48371726786749 25.727910446473626 2.758888053734505 0.5523051594964411 4.8741671134932485 13.545653266863505 32.34646164464785 0.508862098457616 0.04081988715119544 0.42739031182548787
126 7.385251023560804 5.752812754409478 11.283535541493029 1.9055334162999444 9.48547356321876 25.682947209286777 2.7302929023603153 0.4537727018071216 5.78281833157102 14.504464452615629 31.355515258895004 0.5089367040370787 0.040818227169676057 0.4275816708356916
127 7.834620346064797 5.710492221545808 11.203892689324585 1.9378666610863438 9.304881040747723 25.784516926764915 2.80911742213021 0.5463236680513576 5.318753213164593 14.499117716039954 32.28523757821056 0.5085344276465448 0.04135904328412201 0.4275870944506496
151 7.184607394466658 5.778478115730422 11.158041750161418 1.9758367911401857 9.425360926790148 26.110107463458213 2.5447867271432028 0.6776591811121697 5.745901305860667 14.072072406350078 31.978599104894172 0.5071893462923387 0.05956805361608524 0.4248434936757542
152 7.631128994252556 5.7674977675685755 11.324670289781015 1.791257068798919 8.838571007401947 26.459196530789185 2.6537747283909514 0.5510919528227792 5.745151124369939 15.036995164979299 33.30584708684481 0.5092370090834023 0.034418164514653724 0.4273779155913902
66 7.387566865229972 5.80639515110168 10.940418242907878 1.9803465600389134 8.79542997320772 26.710183258556263 2.517659582826989 0.6541602514245252 5.7374646508553155 14.236079157026559 33.2066311198357 0.5087127669810775 0.04083556676766419 0.4269253126128382
67 7.937318201544306 5.736070427015353 10.713344972854335 2.104748628396534 9.367783055967271 25.834095773329192 2.7777494710488106 0.6189880876255908 5.434502999082162 14.134108701941548 31.509738244738706 0.5083160299751884 0.046346651862530744 0.42561559641022073
71 7.728094240510436 5.421810847672425 10.919761728853487 2.2571987435963354 9.685422288905972 25.024743521823073 3.029845898146909 0.7323423860787218 5.681705800091013 14.543225569595801 30.65898117888196 0.5059391188966686 0.06335701710091887 0.424725903430778
72 7.361512987257911 5.842424034836792 11.238502543166433 1.849268245246161 9.261153590003701 25.518830831305856 3.1631289790773827 0.7053671314661903 4.897531937423264 13.58121700488878 32.189215881643634 0.509142140450678 0.028582651218626853 0.42776601505406836
187 7.611849306303013 5.537570664960867 10.58464134678979 2.4639611646645183 9.882165793948385 25.109346496447497 2.864522700340771 0.8043331266185476 4.908874879809712 12.917006826211155 31.10408972630143 0.5077619070698133 0.049605592957945234 0.42610620353707457
186 7.715176583554797 5.5283584749064785 10.991544771504135 2.0444053378812206 9.411916737874034 25.426606832219694 3.0253847691760782 0.8653201698904015 4.286631857355222 13.843929278383238 32.31252447479496 0.5086354901226583 0.0452155498400196 0.42564655643241006
5 7.412963384874167 5.7135831742448575 10.960349486506146 2.00508707943729 9.460901763091494 25.1542048846227 3.300683574693817 0.8227611965149705 5.160317135654074 14.629496041204437 30.26002611814159 0.505552780663325 0.06996790739269008 0.4242505889029901
15 8.02962704934063 5.464685129451453 11.230356662039432 2.041306043448104 9.697036461675989 25.798800825317535 2.495348319965249 0.7074108623368075 4.222683530889808 13.80545079482185 32.51953959953675 0.5091447008369013 0.03991445944647327 0.4264646340259597
30 8.337859706658772 5.0886367349968396 10.783561142895707 2.2046530183761472 9.496834426738644 25.17613367094274 3.139318528905182 1.0793160120550769 3.7186764401747103 14.624563859022963 31.73736047063725 0.5078343654420832 0.05359461970035241 0.4252885608004183
40 8.052131206275376 5.257871376943066 10.093152384615225 2.624650804322784 9.958671004661722 24.519091009748568 3.257662126242955 1.298313081789906 5.028556156546312 14.258420213716565 29.048524451994886 0.5015350393781663 0.09792417130215957 0.41797228442063666
6 7.468917689826563 5.601597642305497 10.66131947695589 2.4519341939729924 10.582717787264752 24.06363320421189 3.2016082664167103 0.7752841706466039 4.375891591979939 12.038326104839328 29.460819872922183 0.5074719695022321 0.0537872936540873 0.42600836794481667
7 7.644551904637955 5.654332427739853 11.2453299690973 1.9435945432625634 9.631128558720556 25.76415787065375 2.630307189700579 0.6158813424937161 4.780806749881758 13.53263367057178 32.333457262731706 0.5096688272039804 0.028162641006103977 0.4281328272934367
17 7.7244853358194545 5.62975919413909 11.368686229014804 1.7881287986172623 9.26810646220167 25.993697356110648 2.5973000597181706 0.8310405940764648 5.1423540937455785 14.53051939765542 32.841858828955225 0.5083492172968044 0.046257928835562435 0.4270335250365368
32 7.663924747951483 5.404358895355506 10.74909513070056 2.092900683835603 8.986029143243083 25.90627212385017 3.0597437544717296 1.0727928457259288 4.668340174802641 14.077351868973885 32.966086815555535 0.5086253975452814 0.03964968319379292 0.427741546461101
42 7.461592717952908 5.806089038175049 11.115904838894696 1.867967466228675 8.668068952399121 26.398910266550303 2.7512362625539106 0.8270576643112741 5.8551773926183355 14.367344240344462 34.19445239424495 0.508438623308317 0.04270093742014512 0.42612467194971915
23 7.6290485825082195 5.581573038547314 10.618156972237225 2.1010039833274785 9.091172218446877 26.128743485027634 2.7794499898404093 1.2177104519606359 5.501621698947446 14.306157067375832 32.02620333026988 0.508138286384576 0.050433257820563855 0.42622613151409067
48 7.261856415189977 5.687713776029013 11.497793001091408 1.706122472040505 9.201699441966895 25.454286426682696 3.143236497461878 0.5586648205646814 6.122034533351707 14.710372679498382 31.98437513789429 0.5095330714527265 0.033388380000968436 0.42790948779005317
16 7.511977349543903 5.869785352900729 10.785976280210328 2.155183275607589 9.602692707999113 25.448039607816877 2.9649474705611363 0.8055837523766536 4.959364070798866 12.794457453985515 31.536078240002055 0.507835653783801 0.05255986652866921 0.42588107210509557
24 7.782531210784857 5.568121070067391 11.242560251438578 1.8318538500798913 8.931030091050209 26.56805028383157 2.5102972516740136 0.6560165247998526 5.256427084617341 14.587264661187195 33.79412283672071 0.508856180178215 0.03676145121589091 0.42670984862296507
49 7.614178590658443 5.537074244358156 10.62261264558193 2.59246982326897 10.236577393200776 24.81723395974982 2.8769020845929805 0.8166426236291554 4.674769323881383 12.669724487465466 30.42496333690925 0.5078045997420905 0.05248502724694897 0.42616723735820466
53 7.7427364074977625 5.732258712362616 11.303963575519479 1.7975318406114433 9.231233467025474 26.05105464830248 2.737144210993901 0.6587723088282432 5.120506098294498 14.284933204036575 32.60137190198609 0.5093718554620003 0.022377289753618985 0.4286282725054486
58 7.561515589037533 5.796799118055328 11.320722422609107 1.8099966496359186 9.03915785403245 26.65052219750674 2.357808027071587 0.5720298103332468 5.747046923748266 13.999594074047513 33.774954950269716 0.5096629881467432 0.02628325323037156 0.42735793411166284
31 7.375485820009631 5.738167550710354 10.899820084501934 2.1185524353650504 9.701087792673354 25.639339486326634 2.730425297839041 0.6520900761410982 5.297408202310358 12.815062409524705 31.825899754862405 0.5081510585242799 0.04592193549938569 0.4266931484868083
54 7.664548634129633 5.617909403930711 10.846165591904692 2.1785066113957554 9.656266560249582 25.653784013896402 2.7536880354855846 0.5541174817966565 4.919361278488768 13.425068651747958 31.76952609528288 0.5095707433913337 0.03178310182049214 0.42753516403640685
59 7.6748268285907235 5.710174514177391 11.102964103593832 2.0017871913564522 9.409377060718183 25.555425535814457 2.919522353829732 0.5526663498534004 5.24146465183644 14.232150866817776 31.916507505850824 0.5090012060888445 0.03632146118407901 0.42762078775710943
63 7.356085712019624 5.750940373383193 10.728033485062916 2.201014672103737 9.329226271405513 26.085024092279987 2.611241129831895 0.6334602822534313 5.691756977929283 13.610182643449486 32.150459388994 0.5077191549147543 0.05329177883416475 0.4256117328403307
41 7.516892719483142 5.670511959662483 10.912906031193716 2.0499412618495856 9.317700425875579 25.542119631191163 3.0059971093361266 0.6234627485186357 5.2887175972146965 14.540855542379846 31.292545418537678 0.5089474919643431 0.03940306466415674 0.4270271424038676
64 7.457455028002154 5.722359688201095 11.078317468833554 1.9515267864059265 9.251011943882643 25.642769005350207 3.0632639380328084 0.689296125771719 4.990193694574795 13.883017380693758 32.4017964146491 0.5093932480707852 0.03775437481429564 0.42692822043046186
128 7.704893948700001 5.558736035010893 10.987636069240747 2.2123367852060527 9.825133335858828 24.384106398439563 3.442969276136809 0.8683541560513109 4.174867152615538 13.68736939561986 30.916398102865738 0.5072891156342763 0.058557383721505527 0.42513887377411663
153 7.60679531338736 5.494360185151872 11.108555815100244 1.851821693930403 8.467256543549 26.611834518850916 2.7255254037435015 0.7969446433469893 4.594935854080645 14.64670244124055 35.266793836411644 0.5098736152274544 0.020223622131938783 0.4281830261990748
68 7.530902218503586 5.722044170983044 11.02251686586102 2.0526965274089393 9.341147923288817 25.76459802251921 2.702689554230807 0.6257816663230847 4.973929236558318 13.820385192892681 32.80264012122913 0.5078578411065071 0.05130619572175023 0.4262350070846998
73 7.573238417260002 5.700565878465806 11.05086689331001 2.0716709390463732 9.741493985207953 25.293609105532987 2.8467698670932964 0.4802024154714887 5.100683771734785 13.763017955950312 31.446646422605763 0.5096418702833445 0.024107744294710798 0.4278760989861563
188 7.615961127700436 5.76839231662112 10.858067683147945 2.0931390862297086 9.411776800601611 25.798905725900994 2.7333079751116354 0.6174184567001881 5.7661206255619835 13.592687017109998 32.02016461725914 0.5077358198045732 0.04893564952570891 0.4268189797957307
8 8.077135853687231 5.331205471657963 10.699453478475036 2.2620015680873413 9.67173399241237 25.825962781087195 2.521588976119475 0.5527855769474938 5.473046211449214 13.952039867306425 31.665207767538995 0.5058547113719473 0.0683124654100127 0.4240318867270586
9 7.689662302117087 5.721395956146945 11.207873462735082 2.0120090138116753 9.77450900339703 25.09403920135686 3.0161632035954846 0.5787579649173972 4.683277177755642 13.544171419707224 31.355205181080432 0.5093873132904565 0.03288084878166602 0.4275933135751896
10 7.86929230967841 5.561992961406044 10.90851596669739 1.927858206827411 8.557120131350535 26.11238388166324 3.0514353981502587 1.0327994255989137 4.310821196918753 14.16358215270358 34.80808759019914 0.5096249267761702 0.024374331408904895 0.4277119814026625
19 7.777024034691544 5.585932278382937 10.814982934220389 2.177364403554908 9.100095279615504 25.491851004214684 3.203249223139998 0.7135189822619565 5.006778239365695 14.842383845084372 32.1654204496854 0.5084960651090275 0.04590636478861599 0.42681431655442015
34 7.401452875576679 5.885244666708432 10.819564280564837 2.330515602451099 10.097042817863446 25.342225308546144 2.5782982760413686 0.7348152742528723 5.431883821883478 12.0209654087366 31.489160571036592 0.5084086352663667 0.03835683479587948 0.4278447131270459
44 7.313152717807108 5.8589263157732 10.569818971809564 2.242850981663278 9.062835059035981 26.094151556796664 2.7861593411782746 0.5934840655957959 6.600981595589477 13.564538456406932 32.33796868551029 0.5075867317589483 0.05364146757592651 0.42592884594025676
18 7.5866212369093455 5.705401846181263 11.106679820902867 1.9087711148673348 9.003334151288238 26.63032169995101 2.5218987092722256 0.45716827890145584 6.333047930090485 14.185484428447866 33.14036062197129 0.5082700641447325 0.04642462072941836 0.4269933461991773
20 7.392287414333231 5.913636863679176 10.93667724797797 2.0257203612161616 8.87918098892206 25.468656304516006 3.444653440027846 0.550652978031352 5.570728384235571 14.396097311326391 32.19066933856183 0.5098321704296916 0.031071354741332664 0.4272646281295949
25 7.71625858740317 5.717166097659877 11.131706340761678 1.9465737417017257 9.090039199501307 25.713461135791817 2.9777863580759076 0.87903288112823 4.9589621253353435 14.519985595261883 32.54252359296069 0.5095438912013137 0.032195085545800584 0.4280527414994028
50 7.720659634221922 5.699558612864103 11.212137563726653 1.8653592068409341 8.969317762258491 26.539988385052123 2.4944758936325746 0.448767967352001 6.2919384018887365 14.374205696703564 33.673812557576866 0.5094823597362278 0.030594733797682575 0.4280509800949565
33 7.936167832396067 5.619030551389468 11.02149059718065 2.010865167024601 9.091636283222792 25.97335782588043 2.859025239791126 0.5868624823043554 5.463068544692988 14.739370891474127 32.32942742250557 0.5088005342707522 0.04255665391583067 0.42659437354697605
35 8.10953213477179 5.352384037458409 10.69863715171918 2.056773392134222 8.581009032792068 26.300640175013935 2.929853558463911 1.0198478208572543 5.260638477978756 15.366513997472463 33.4944720996099 0.5079942366243653 0.0495084664938943 0.4260230884756903
55 7.22702174245855 5.902764285228587 10.670564316446914 2.1602701581476476 9.26008521986497 25.650735329799442 2.9908839177483517 0.6214367025830005 5.557540255354723 13.178299778654104 32.22297135668053 0.5089100621634789 0.0336962157298096 0.42767298000386916
60 7.903137455013361 5.820322165861005 10.930681505266946 2.240388635071501 10.297041844341424 24.40237473591675 3.280647916591089 0.8603012360417512 4.3840099065935965 12.325058327602838 29.64684526948177 0.5089622452311401 0.03423940435206278 0.4277592605834307
43 7.682898134891195 5.844951404855463 11.120376335516431 1.8647891951677984 8.723882455929989 26.495809138097677 2.659879625782228 0.711508132658921 5.8309140624903435 14.52638753207105 33.821481980127814 0.5091856643676476 0.0388085981505426 0.4277048652533566
45 7.80756965322043 5.777521520528552 11.091971892199101 1.858319437441353 8.651586066879233 26.444856450087713 2.860178842133837 0.7329743603410719 5.58825746519336 14.419694269366833 33.947909744776396 0.5095894604910277 0.0291966066155238 0.4277544247856173
65 7.523896038722467 5.595484520428888 10.906917543822019 2.1427219263220265 9.180082930822516 25.28299997120519 3.2307456404080677 0.7386571016070411 4.994798927627165 14.218596394758425 32.39478054213992 0.5086452343908112 0.045199100511034596 0.4268762814824481
129 7.759663104776013 5.734771267480494 10.794599919312915 2.1381056806807277 9.335268339915487 26.01491643863675 2.6583526741086168 0.6818032122574297 4.918459749492519 12.987577742741164 32.99594418597506 0.5097216549366114 0.017902674461333156 0.42814418633022794
130 7.52249658461153 5.751489070521383 11.153736505146668 1.9492428347513315 9.365767773216428 25.59508196725167 2.9064070045351054 0.5454097641172272 5.257408378697463 13.981287290573588 32.280964170442665 0.5095825967058631 0.02007019132135185 0.4280494425912364
154 7.6829178979122315 5.786043942437424 11.207599063598083 1.9033213077423654 9.214449434598242 25.914992369402484 2.78395985014697 0.7561009878014792 4.800582307843121 13.707548036012556 33.177697142160504 0.5095912960377036 0.023712821820652465 0.42864227937084565
155 7.480148308971192 5.649212926733947 11.055944350117546 2.1836803140634444 9.696419248016788 25.37339583496892 2.680197068397376 0.44419498610064356 5.7203952445639334 14.545821216880542 31.111620638392974 0.5079327674509801 0.05382976634717933 0.42558922294802465
69 7.453079205677678 5.640681333884295 10.66463133264459 2.369289220589178 9.420417269320213 25.428897931565025 3.0087416227039956 1.0027604057425834 4.261182072872701 12.807472588377244 32.375726572611924 0.5084578067801422 0.044597323014154616 0.426703673907921
70 7.429589208410469 5.763252958985503 10.931444975413232 2.128406699526608 9.429358817706454 25.367469245770646 2.9678790715010614 0.7515276105229428 5.465711480188625 13.516725364087392 32.072573692742985 0.506815091357924 0.05876792897248844 0.42524760749073776
190 7.81892797893498 5.52052388177271 11.154404639969083 1.9135778022955303 9.204601807451068 25.766459317000947 2.9389445715657843 0.8466612479596961 5.076228525120487 14.656800830257623 32.442280462551864 0.5091113746866383 0.03767382840709757 0.4269037675730549
74 7.595789464099038 5.642003911374837 10.932432284047948 2.1293342970946427 9.567090584074306 25.155981318504136 3.2127480760910436 1.0348684382081934 3.746812069551723 12.541998281662941 32.53517663851511 0.509042174753438 0.03526993388813634 0.42702196582942575
189 7.832711537946097 5.788273664657542 11.207838844760248 1.859001174097176 9.063364870357406 26.28736706646947 2.6822287793410418 0.2820681297420209 6.571152121165494 15.37007738024325 31.993419951224173 0.5093825466142904 0.03610377098426251 0.4272677413376246
75 7.716537901452909 5.320182338095787 10.269528965658951 2.556736129994582 9.283755334576187 25.315139810261755 3.2467713407403487 0.7027297838455996 4.997625497720489 13.646985052912562 31.6894570595883 0.5064534763477849 0.06447369934778584 0.4247743318053216
76 7.86947803423609 5.632969245974091 10.887962669419974 2.2431137319104453 9.71119055499749 25.622893066807624 2.595454026998775 0.5890662826700619 4.871249838899686 13.399970545657304 32.14843929182634 0.5075015150148137 0.05445410161616013 0.4256138189627618
77 7.377585417924879 5.671427416571793 10.35185014810885 2.440811440474312 9.311138570663596 25.01203862243712 3.484869122614898 0.699533856535413 5.468379839877823 14.097255587970444 30.542708676008413 0.5066149377777778 0.06512490509682635 0.42340821557691816
78 7.400040795132995 5.734394085221104 10.890975181197897 2.1888791207893377 9.81952164289747 24.923776952067897 3.139130599328491 1.0154095889493602 4.63597570511701 12.49764107578843 31.319370556901998 0.508687181039654 0.03511236589209887 0.42808201086294906
86 7.643847422299821 5.907227175898378 11.14108081169566 1.9313082619756643 8.801857192960519 26.389306579842795 2.628138224212386 0.5178112670479866 6.570269196981844 15.136859235046106 32.88313627168731 0.508496004504391 0.04415120700572798 0.426429141609067
88 7.202656709632536 5.759248392815072 10.855671175816674 2.239277302289652 9.69296309969425 24.89533801997847 3.18390669606297 0.8595817592380438 5.387196733410004 13.667508769915408 30.383342191617142 0.5060513687676013 0.06399582279658919 0.42443009325714554
79 7.762527122857113 5.649231822488243 10.726970510989723 2.21780792803515 9.624731301461638 24.927614995349984 3.2494031784284383 0.9822820006955223 3.7562411504938753 12.961811123963637 31.744137091781358 0.5084761556942902 0.04168790330332508 0.4258597497317099
227 7.497198822030224 5.799871525427225 10.589734094303797 2.5538871222796433 10.134190052388325 25.124828848732292 2.755798954589714 0.5799124102973174 5.115561369751889 12.603040391862491 30.31129004269189 0.5073673075038518 0.05226220589267705 0.42583145339476597
226 7.676293475329009 5.626326737033306 11.293717767569685 1.8664138491812305 9.326474585123126 25.479579568851445 3.0254116574891503 0.9193500384157965 5.06205112029696 14.300314609951814 32.28418245364445 0.509502679600798 0.029873655650732946 0.4278264929103782
87 7.415310530998041 5.689506944600593 10.987729703290796 1.9805131593030094 8.839438632158547 26.350415193048814 2.7566781624215624 0.5375388710029708 6.378437477990984 14.550554970405868 33.21762750025865 0.5091482454173873 0.03876550843506426 0.4263214393905966
96 7.5897457153461065 5.83690962202651 11.011636333947441 2.1590654747447076 9.849493949757761 25.317051806076233 2.749130460622369 0.7379815350832625 5.115737351627217 12.86046701673533 31.7183182955484 0.5080313948236984 0.043091096004997644 0.4273914508049718
97 7.499719428000106 5.72933037349851 10.98716364032469 1.9921088943871756 9.438816888375579 25.295640594606887 3.1348343432948207 1.113288027966393 4.4736911289361005 13.534093160903282 31.54339524823749 0.5086424588073949 0.039646892999069504 0.42720862409026117
89 7.314558063781323 5.673935412205838 10.663482752940338 2.34282066589549 9.9795816810228 25.077342093524155 2.9147315422599704 0.6695421039340943 4.482512789804992 12.244997350353831 31.232831927424556 0.5089785435613922 0.03389183953226309 0.42749011410673976
202 7.385649804580283 5.850105429044282 10.775573502093529 2.4166740691747823 10.701082437115012 23.932711597159436 3.30579799979904 0.6477171682081277 4.537510078929373 11.764286088338077 28.82548545907035 0.5070051216578048 0.054133099570521905 0.42607106092541386
201 7.815990849383207 5.616895427825582 10.668812689801214 2.469244206769944 10.049415541803329 25.1792627572045 2.7277551105398983 0.929074985051448 4.030061403995954 12.320725023205407 31.50555075178168 0.5083703261929764 0.043421705512862806 0.4271492081056449
101 7.796367236877693 5.789495148776978 11.00453504196982 1.8999878205659588 8.981846637471206 26.166066060403324 2.7647414209051475 0.7898690338172226 5.113988829793872 14.050320711205185 32.86711407682274 0.5087067298448097 0.03902966149220105 0.4275596350338942
102 7.337498778829618 5.854786050158969 10.779469650946245 2.340924237380244 9.96906686339492 25.097182373628307 2.849926989190502 0.5683977503012484 5.970893686322003 13.318581170624197 29.829113069677057 0.5078231332819119 0.05397551375312644 0.42513921123008597
103 7.737417637214515 5.645415762004012 11.085047983145392 2.037510411320722 9.4160078399141 25.134327504228057 3.2269104582949457 1.090430623943089 3.7782232767098893 13.138919152804721 32.87621404054358 0.5096087491272778 0.02807623438168128 0.4278893485783757
111 7.771981557932673 5.795298200011798 11.350946493270696 1.6391508734247147 8.311689990977587 27.011238108992163 2.6125498658365762 0.4539092803696425 6.60095736538743 15.563686302389877 34.34935092304718 0.5088065944640769 0.02847827134726675 0.4278253492775799
113 7.412990243167953 5.589398123403836 10.880077834561897 1.9954071359204533 8.687969993439582 26.688312829757443 2.572626099405401 0.4767063090922065 6.030841681196068 15.202601970851333 33.43080954942384 0.5079681141287601 0.051043622636520826 0.42538365368426895
104 7.487182072404774 5.610945173885774 10.871113725037231 2.202573000217912 9.701210601997417 25.471757035095955 2.822960559588278 0.6220933995822346 4.633640102690274 13.083470392781136 31.768672438826687 0.5089524890400914 0.03646299188645846 0.4277374798111713
112 7.5297921241268915 5.744460251980747 10.87418730981751 2.1134557967056407 9.11334321368496 25.900232824411837 2.754230316338994 0.4753708495272201 6.226781590858679 14.590374997999705 32.55300959805975 0.5071829125317806 0.05924958259793635 0.42486532172912034
121 7.983941696252822 5.605981460110132 10.767220160588524 2.1783451580190074 9.416603523077017 26.15117637554458 2.4717225878664357 0.6046502954088404 5.112225687863346 13.32346197471658 32.93385557871073 0.5098383243571508 0.019164466046415057 0.42874318519666293
122 7.401781765378988 5.762607860863213 11.347614358447137 1.688857982649468 8.972843779551653 26.26874684815857 2.590348499704132 0.5449353257309597 6.217616888250136 14.96363180629484 32.96389627150531 0.5088418566298651 0.036340469372484356 0.4273465197279985
114 7.545700919347153 5.602576673831461 11.081076164193753 2.082478992537736 9.979087617255491 24.689446546827213 3.2416983511149584 0.5129404084549556 4.712779847404892 13.806967292923224 30.217862135887206 0.5093860900386139 0.03256202481117638 0.4277029754429203
80 7.359977720241246 5.89280289053246 10.830163027813294 2.3847541963667704 9.837099119721874 25.65603790242325 2.540578183519209 0.5308929513666639 5.723642885397392 12.730615248660147 31.41313755451125 0.5081995424691851 0.04867270173518762 0.42620549455693285
90 7.670678265502807 5.704430189819334 11.154132001661173 2.150707011804663 9.695526945432118 25.03666502101815 2.9690311766107604 0.884934923374173 4.901261795274271 14.142806852423298 31.341731378140764 0.5065283738169704 0.06089552097532569 0.4243972915496635
228 7.189596557252134 5.737030184810441 10.857919108900026 2.3042919199948355 9.978914269235018 25.145788997670955 2.8244639376172826 0.6230219880229871 5.623350828251348 12.546473135366389 31.324786442029815 0.5084976873093717 0.04427274450714654 0.42717859265260805
81 7.445695849822808 5.77089366816989 10.701591504349327 2.2554961099217654 9.974549360585018 25.203323171702348 2.9137440663913385 0.7159867471627759 5.175020678022927 12.86748218713348 30.108484187901382 0.5063042346913298 0.06917195227779824 0.42303051267649144
82 7.084223962101356 5.876905191079479 11.197835726651517 1.9862965357911095 9.528803219604375 25.428728739830547 3.0396112042140664 0.5342669924561678 5.740320707695962 13.863662327270161 30.814260921828748 0.5076317799411143 0.05640107966404348 0.42444799398234445
92 7.814951888805716 5.457976884794815 11.105879452175207 2.0107279934350197 9.39189238838012 26.046144269097358 2.5060227364832346 0.8475833745264393 4.5150890086021995 13.839035568007457 33.313290688423365 0.508939951829752 0.034857242710957116 0.42789467475641463
98 8.000784789453286 5.458996765980393 11.091978382213673 1.9423272749867835 9.15379783037527 25.38384824307418 3.194158577560756 0.9461218877290042 4.508390947521615 15.338232418732256 31.74078531880307 0.5079712976691495 0.04745567107739265 0.4265170409493841
203 7.163325063054977 5.893723074199011 10.72999161464889 2.318972399915469 9.956274437329117 25.356921619710196 2.766619247696972 0.4990085462523211 5.555017330209891 11.826042031445315 31.554494585151478 0.5091341617757332 0.030464559871146327 0.42803175277659955
91 7.170159938309938 5.8607981960478535 10.863952359361553 2.334013537410571 10.611154418532918 24.72047242293748 2.833803400215211 0.6926817638178869 4.492191306916794 11.131043446627963 30.219209966395585 0.5094997795624994 0.030996336774732784 0.42804337828310185
99 7.631883048245864 5.72435263999628 11.293927171085532 1.7685360469268125 8.79645663252372 26.818963694045213 2.4430106230618986 0.9691415601317351 5.329829840447657 14.306844127227732 34.221045441892166 0.5090315016156122 0.03656071226174423 0.42728887943616967
105 7.810453898228945 5.704565853490871 10.963076428598477 2.173411410337486 9.825316370880916 25.784308073003103 2.4273540687898265 0.44725190162832523 6.020632315620348 13.55947174933256 31.490816633145368 0.5087870646315145 0.03482239976530257 0.4270015944974374
115 7.577885410086116 5.626615469265855 10.827333381398935 2.2544346439130774 9.92222042141985 25.09060661909582 2.9112528057847498 1.4086919021763245 4.288903843017964 13.448785170917851 29.960182827242473 0.5068883460118658 0.06484657790189594 0.4238410119462449
106 7.5978506325987984 5.662291214336916 10.863621181729178 2.3402602739710745 10.282044617536899 24.88554704423181 2.770039016722995 1.1682309390983248 3.2531182589110266 11.213918037258724 32.26252262747791 0.509095642517066 0.037901864997463855 0.4265772697541361
107 7.494302376598742 5.658680879148366 11.140882414256298 2.0434935002948365 9.550172855106192 25.71489523188153 2.7057151573144225 0.7651716766767838 4.6865732870252526 13.21780075075533 32.75478495335253 0.5087978540506585 0.04467141766225871 0.42697177590143826
117 7.7356167336411 5.467517051616818 11.284498584233123 1.744602344415196 8.990726073255635 26.792486657705606 2.3445799381524783 0.4737342245523062 5.357892049594289 15.135241755301049 33.34800368482378 0.5096205190659515 0.025263559382744237 0.4281802409728732
123 8.17490861698235 5.185252888259738 11.279608424735954 1.7736197266952551 8.63784068426426 26.865842240393622 2.4263134885358895 0.8168597305082771 4.232282955300385 15.332314597582018 35.17952547810029 0.5098313714122192 0.029767317047759295 0.4278553299127891
116 7.268115331217046 5.6704529573566225 10.7286846390158 2.4161511635077995 10.49581346263303 24.626731938710176 2.9330094908426076 0.6898173066964594 4.21719534181502 11.602215014812355 30.377904834274247 0.5094667430699069 0.03305690748300483 0.4275460039012538
124 7.504034002210875 5.870642991634979 11.52609249839936 1.4598144472016654 8.510167657653007 26.907532857675424 2.5094474892006136 0.4879775042661163 6.645288310791323 16.480766831610822 32.86731886745348 0.5091954142439843 0.029403364177929856 0.42817527522463705
229 7.5260300022938145 5.786296116640983 10.647743358830995 2.399252100098279 10.046741090320193 24.676193240803155 3.2490942504755576 0.8224310774311853 4.52980746997912 12.631169427488814 29.91786166717008 0.5070111359866619 0.05963395368728064 0.42408040587377377
230 7.607033864395912 5.674588352672519 10.934319859396483 2.0396622951105914 9.195897601749879 25.555408951418826 3.1340728142485204 0.8310897033320751 4.226487347495759 13.331307316326855 33.12585664355267 0.5092841750193963 0.03905340392757194 0.42725406131971777
83 7.426387139896856 5.719729262798121 11.136060940468404 2.009567332640138 9.714846900640413 25.425844847847387 2.8957460596248765 0.4318105742754611 5.551979109312956 14.120691407349279 30.74056785598378 0.5099666017521767 0.01708083294723332 0.4280156368374128
84 7.537431364297669 5.587066618132502 10.299211691311752 2.519054915440238 9.48972553340241 25.116739279656773 3.0167591677886336 0.8366894053207947 5.31557518969309 14.417847919531756 30.514619687930438 0.504092708435461 0.07958732261462277 0.4224334814960568
85 7.401140910509115 5.864094776948315 10.618401064938153 2.2685170128945162 9.418530460288162 25.900668759257307 2.7027534693505864 0.5914568582986313 5.581586246310414 12.496886647586377 32.569615375124926 0.5091156995463688 0.03430238406361105 0.4271597373152305
94 7.968159978013929 5.748199960599288 11.255337741184915 1.901956067254284 9.434648101867241 25.497489789155335 2.89471498374509 1.0401928546086796 4.516597012029412 13.949325901031825 32.27243895084577 0.5094747319727323 0.03094178967207142 0.4270475381442943
205 7.822388241498748 5.6690931542049015 11.078139129464581 1.9627522042284555 9.035157526718308 26.213822162106958 2.709874279972152 0.7246382215841131 4.872407229979471 14.221476832870925 33.31668836779375 0.5088608985423488 0.04213334284575564 0.4267675221072961
204 7.5259447668504835 5.839152854093056 10.786886196619603 2.0174178170262813 9.150435342372518 25.663031138058642 3.039009945767626 0.6299619011082035 5.537302790740963 14.27599105307467 31.669802516109034 0.5086218507637541 0.04298286317117023 0.427112811383551
93 7.6318780414377265 5.667745265380181 10.989660528402515 2.177421207230639 10.09450360376784 25.192044591947944 2.7003021499835804 0.5642703005000115 5.17280080086513 13.34361682962121 30.682338092027287 0.5091374618735036 0.0323103897772129 0.4277571460476572
95 7.531738496555055 5.878014808488552 10.874438174169407 2.253620210482392 9.664483468146736 25.18160977097287 2.949664551423228 0.6642651000545117 4.995734339693655 13.024106630235856 31.599524446367607 0.5074489277456055 0.05652293593723222 0.4258498335845434
100 7.5438486868123675 5.617679328915773 11.001034888591802 2.0854864894717386 9.11541915802107 25.41292558571481 3.1801715918599833 0.7742535311293155 5.22639654931393 14.559035457743095 32.62636998313558 0.5078771910853116 0.04435623090170431 0.4271768621559069
108 7.312943705446861 5.686424098865071 11.401485493697438 1.7795223600912866 9.35669619735025 25.473403056996943 3.0633382351775236 0.6243898321824256 5.192050367781237 14.271114588561272 32.15832900300022 0.5092536948988206 0.039583655109019435 0.42731964402755207
109 7.897612649385238 5.512691078856225 11.191376995789447 1.9151212598292096 9.313092758126558 25.79631781727411 2.828310305799231 0.6934860149066076 4.715068860843022 14.070721258223724 32.9224860111715 0.5082186953333049 0.04592384584273449 0.4255539041824542
110 7.644469866615499 5.778872753448544 10.572913078582532 2.412661153128689 9.846224451953445 24.96353378396392 3.1236855580371437 0.7829988090927797 4.5879517271423556 12.324254718046936 31.226274765117868 0.5092245298111447 0.037975166611991185 0.4264273299041144
119 7.539680551543803 5.40052681689472 10.949732661570549 2.0131063412769277 8.833422543358703 25.783067370057374 2.967489279195481 0.806216238204578 5.253377230751892 15.201029091257581 33.32551494299269 0.5078050200185571 0.0537338238664522 0.425898199947669
118 7.376981533958661 5.5771852926938825 10.774729138898415 2.3219091867224733 10.033049193492356 24.88008650710035 2.9417296606797567 0.6268769149453417 5.335495634952492 13.542577218651592 30.22609430331338 0.5079967691849698 0.05047842587571285 0.4257710203055083
120 7.749955185655189 5.716938321382826 10.576311138372525 2.3753586858783184 9.8655893444235 24.99571686703721 3.1195545800776108 0.6748087651835319 4.694128889502803 12.587044262228119 31.205237145543567 0.5090470656797796 0.03700207949727789 0.42749152149599023
125 7.520833890574666 5.77048225359433 11.084494042625616 2.0562637171197164 9.543802897841266 25.832132049187972 2.554222422097395 0.9514944952658981 4.424198362982134 12.55189913155737 33.29989075374128 0.5090471593084664 0.03611001165617399 0.42700629169506255
131 7.74992547439194 5.691292564895524 11.071175567647563 2.0466315788259264 9.771816224259707 25.415587804926545 2.749033808801951 0.824502106521653 4.402736802898584 13.020618735504291 32.04409556257261 0.5092675973901611 0.03398496283904946 0.42731727585297374
132 7.828554066724435 5.569790119895499 11.269698232702234 1.9967466843185495 9.835606267933574 25.18037256125922 2.894228793893226 0.6955146717378726 4.6688140948127455 13.939323079689565 31.252024593221776 0.5076785999099972 0.04736407621909926 0.42653701562829976
133 7.448604917325592 5.758639180993048 10.62063277147198 2.328928285084529 9.70801368789278 25.721227982372955 2.5824220368103754 0.6636490015257862 5.122571848552032 12.816343201717672 31.441720126863373 0.5080937367072174 0.04899384321901701 0.4262456119026214
156 7.3661675861459 5.629156494815532 11.300357679766023 1.7145412811857028 8.859613943173633 26.013509735284217 2.936278380677457 0.681633229330221 5.096118840766449 15.052008946048623 33.25553116204894 0.5093184903581776 0.02212622970085264 0.4279355954384279
158 7.535477422492941 5.720727937212304 10.84317515986154 2.1418158329059804 9.513134513784316 25.36330633852117 2.9571295559861 0.5067165978832013 5.477708026578082 13.983856106926346 31.48520065931877 0.5092011045763292 0.033683158268977706 0.4270913986802198
134 7.766963220775762 5.710420429342768 10.990891648825915 2.0415808215897724 9.072058080345647 25.661941916407248 2.961828013630747 1.0766128802467356 4.134052525564908 13.40611057543269 33.87734090788522 0.5087158340206688 0.038256699488334454 0.4278037114734857
141 7.670659047140002 5.721614588762291 11.267425145204747 1.8835869014417186 9.451189876297155 25.403559470325913 2.999859131398065 0.6273450820901959 5.086451457977905 14.214988507871908 31.90289422322311 0.5092528036224295 0.02124074428991292 0.4282605241778286
142 7.649678796851023 5.731073772693233 11.11791914920269 1.8299675474203843 9.023530257143147 26.301112286284855 2.620527478930572 0.35184761949859283 6.612028798549187 15.828875636272647 31.55527309934206 0.5078428037591876 0.05269778030096372 0.42499578130663185
143 7.592150683440377 5.78716083343504 11.073086101817033 2.032532487118329 9.510546782041207 25.74751784939531 2.731179438322784 0.7746705487041071 4.8232193834469435 12.969008377677536 32.70560400766945 0.509050960703448 0.03458033180696732 0.4276812616195598
166 7.3383453948267245 5.561597650886973 10.729185384734356 2.449638087423919 10.485910320786221 24.660392975800164 2.910368307890571 0.8143791605117464 3.7278179911732625 11.595366308226613 30.09064518296355 0.5086813896700668 0.03873184684595914 0.4277208701244165
168 7.2406139145642605 5.953219618199143 10.84532914740151 2.4214282671810206 10.206134784511939 24.350563286583828 3.2779131571805826 0.8041992907150771 4.819966856366973 12.11673160088775 30.00033109725711 0.5076335829738826 0.056590041459846196 0.42481177003426673
144 7.6257182834293715 5.764647116084136 11.013406356834633 2.229745845144475 10.09800998091027 25.39268905561304 2.5627168931003736 0.7237856979861698 4.883019053356249 12.58151510852669 30.930123872722536 0.5084916557787743 0.04477690986748421 0.42665489965380693
157 7.577163349993211 5.472153574493654 10.996645799577559 1.9248417141791216 9.188425852109582 26.100917448699878 2.732353886065119 0.9165298410474874 4.926236914495836 14.255387089641294 32.54768731270474 0.508652538697013 0.04505270308811901 0.4262374526723857
176 7.771721015900512 5.52404351406356 11.305685909534603 2.052853611710326 10.407689270373849 25.088355649676362 2.6166010235249253 0.5094965081346694 4.789134388912864 13.595570715929464 30.030895178685554 0.5092482063143624 0.02719769348498198 0.428751417318784
177 7.480284559406199 5.710387619763499 11.291059022703033 1.8626986652671642 9.65043704931567 25.46147235593061 2.934838230359825 0.8471600826208612 5.607687767649036 13.593314005688315 31.259817537312387 0.5096488224584094 0.026525676121844186 0.4283188310708597
169 7.70710439737631 5.727483938211392 10.961468695469893 2.032076342642454 9.367879964987747 25.91278587003596 2.7039556230546378 0.6551610095512336 5.023444904826657 13.61559358004508 32.489175931935506 0.5087647716271424 0.030998905757700295 0.4278458115664801
159 7.926493590199473 5.805124999338533 11.15126955549793 1.8954537549691808 9.135206294783902 26.25412974806012 2.582533785757026 0.5957659155174085 5.341388491749832 14.076883430383855 33.00952213858984 0.5097625024113899 0.015343717043333515 0.4282613051336332
182 7.269461361983686 5.828808364824074 10.516757385028743 2.5572949305681743 10.274720095884183 24.887480588033146 2.8320839203740102 0.8563676901628133 4.335893455179946 11.139808137266435 30.84621049089216 0.5079940227895499 0.054615222664468416 0.4253568350282176
181 7.479549127911352 5.668199968655195 10.869038626025445 2.421578415547001 10.959772290466292 23.90887996186306 3.05390716429715 0.7165533380867084 3.859796438174571 11.981624594904163 28.737629129862192 0.5082301399972368 0.04900352969986443 0.4262713310910533
167 7.9507521117104965 5.530602739749373 11.443110173739395 1.6008402980812317 8.718163451460228 26.91490966484863 2.453644198359867 0.9287285991214594 4.926257626946042 15.1257021743342 34.07271386948121 0.5096289549959416 0.024235172939279907 0.4276987017678497
191 7.8082576354128905 5.422115475524822 11.217686328419763 2.0112817883432332 9.643318662242692 25.528173083714506 2.7367801944042105 0.709418195829696 4.797091117589264 14.259969407871642 32.03326955020163 0.5088079449960417 0.03963592116439178 0.4272679039085624
192 7.7210012192484125 5.947955713187033 11.148857008075954 1.9559312411718053 9.371098501444079 26.145655508745516 2.5318756778113887 0.8851446108911162 5.10833926680011 13.09970541307682 32.89951899174908 0.5088374615675736 0.03775387330736468 0.42714182333893946
196 7.872683850628316 5.598172483778488 11.320314547489122 1.9048732315372223 9.603020517426723 25.262242860996416 2.950925664093481 0.7254139506759321 4.588761143943689 14.732888854137258 31.238306250658926 0.5080641729649152 0.04722085225122939 0.42670033917489775
197 7.770374932145997 5.618302813153677 11.114683277031869 1.832819987148791 8.64335584993408 26.33534554713924 2.8566585319128515 0.5676966335684953 5.721021708939086 15.70321226679866 33.17913454963387 0.5091102214881301 0.03657857830234016 0.4273039561144918
135 7.884625413040737 5.670902813654443 11.385815100701933 1.7866404952749158 9.049741385923681 25.831493336535168 2.9005300670980345 0.6918235534289554 5.5011965456188685 14.910457818881083 32.959634061815294 0.5089479602515687 0.03803274068555761 0.4275564332363499
160 7.667583017468509 5.751477284616723 10.884573160381098 2.1679288576310984 9.74513580848616 25.420570850652553 2.7950692678641196 0.7388187220829933 4.817548456290406 12.854446694583787 31.8422295637302 0.5090795669784915 0.0345715783994593 0.42729025821695377
184 7.319165391964656 5.824574545272588 10.596950354016887 2.397992006091367 9.447139726366265 25.110468175149823 3.0879358856023136 0.9624017072754552 5.119237721286751 13.356389315232734 31.752477343494633 0.5058398392128344 0.069382782982084 0.4231162842371045
136 7.718088661416305 5.630766847876229 10.97483958189112 2.062954381538039 9.23952647399691 25.399018800342954 3.0953772438652396 0.7261893760848426 4.8487450000660735 14.090065150698608 32.65192139679869 0.5088824502156856 0.03363086267297981 0.42775109183634513
137 7.777143569637621 5.777165297582443 10.955425241687593 1.970877765325553 8.814642871083201 26.186397818450995 2.861247480690305 0.9629071000539208 4.712159531621186 13.589185488023391 34.25971189182086 0.5084340430983648 0.04181255176859198 0.4265081000053971
162 7.444347326978191 5.740145343836334 10.790804371663834 2.233433346367841 9.633169363696691 24.909277502933367 3.1815568907952394 0.7511657762893038 4.760962986738086 13.37343306873118 31.230974614169398 0.5088552326772884 0.0407525741574728 0.4269179522002082
171 7.271114855169401 5.737437509637673 11.199407193777118 2.036575514840936 9.84005655897028 25.398637707392886 2.721965556081325 0.6226843267610628 5.121831672993146 13.119652983193145 31.75176834056495 0.5084402874798483 0.042208724285713144 0.4274049143565516
145 7.621482919812914 5.70520809927912 10.869226117827258 2.318061082916849 9.638043882055886 25.482175944444343 2.6700271936708844 0.7203148342683671 5.4082510746473496 13.629803182654321 32.01664386480493 0.5070410477354196 0.0595650175709153 0.425164373708499
170 7.864847948514184 5.432547247924489 10.75282569065753 2.2578862016636707 9.716873717287742 25.043429067694444 3.0742995392877646 1.11166357046501 4.395059425516166 13.65298997003828 31.1568011890062 0.5082198932880387 0.049953266570094745 0.42621765707911047
146 7.303300265968485 5.590392669845865 10.942743795617966 2.149784028829474 9.599946073789832 25.184702310480926 3.074450551493171 0.7332915201966704 4.3932688039101 13.242177304586143 32.10307853981374 0.5098448770609616 0.018988330910472227 0.4284823044424569
147 7.201210515193717 5.899270214127856 10.95705916197545 2.021722546172461 9.16198989651329 26.312954609726066 2.595452672856142 0.6011989684354564 5.955865746043807 13.670948624955978 32.293012746532234 0.5092702151054368 0.03504120351743399 0.42778069560247267
172 7.4870343154645544 5.703243903106723 11.034805478333352 2.017947638171804 9.457471535999158 25.087094910263623 3.215901192622664 0.33300542421811274 6.22906796621327 15.274367081208396 30.297632836451463 0.5079585757596301 0.044923221543657604 0.4270780623482246
183 7.610680746678592 5.783425896293039 10.942165220691914 1.9823000530800043 9.07717925101032 25.997014259905068 2.92309205657015 0.6534187672038981 5.705948386393101 14.502422124005582 32.12594316452528 0.5087546047343005 0.043981953060399634 0.4256079677499098
178 7.372920081310057 5.765659685910701 10.5587631986075 2.3837444143062436 9.894574575633934 25.775756603449743 2.492049610411536 0.4711047783097179 6.267287706056335 12.574157594823104 30.718350936164455 0.5072604107591747 0.06150972217633231 0.4243201392966488
161 7.353712189939812 5.742180396081763 11.107239254326316 1.8318419318065418 8.640898260433502 25.91602189879579 3.1316280660913627 0.7721230173452461 5.419278723983435 15.07734350021651 33.158843908699616 0.5079542565183394 0.043219796441538255 0.42737508216180914
179 7.53060236032893 5.684194331439258 10.671495642686466 2.2039182499711596 9.187611085695139 25.473809734776545 3.1273450898627013 0.5845464748569866 5.795255915039288 14.23625413677675 31.868895265884937 0.5089999731061204 0.0428953790273107 0.42572067393533036
193 7.573628190743563 5.769032388580036 10.992369490198639 1.9607490643209322 8.705952676794873 26.34066318947254 2.763861884609113 0.3624450135288332 6.349004247081023 15.301766851267502 32.96800853710282 0.5093151540087825 0.028159752479027307 0.4274267399920648
198 7.297742767888316 5.833088233076725 11.342169405825613 1.8735680333803315 9.283645721591325 25.878414071722663 2.685187738113905 0.6394922104852492 5.2935349617646485 14.123620955254113 32.62773647471849 0.5081842606796394 0.041323989580865514 0.4270717418635626
185 7.593739127224208 5.80478389357865 10.81132512513669 2.309686307009036 10.055439624924757 24.596598579142285 3.1848737978836756 0.7658980067591277 4.8579607793616235 12.97283757145224 30.241164946911656 0.5090695413604325 0.028850903690768974 0.4275961903769915
175 7.99050763819269 5.334299505029666 10.713870331247946 2.0379470028745565 9.037341988962915 25.92461940956649 2.953050888608827 1.0438957285343524 4.225128912120155 14.537801947007589 32.80627589410006 0.5057823233773125 0.06877433907665018 0.4236600145986435
173 7.913919589799517 5.795550042891573 11.319202685592861 1.7549263107393798 9.009873198357626 26.39025924224143 2.5175984869774473 0.5615915184788295 5.933358209913609 15.153024683234143 32.87476768912372 0.5089938057959078 0.037941694523591724 0.42712940890197776
138 7.532813834263304 5.896911268221112 11.128540557187486 1.9260498067392506 9.217359631971517 25.99072113118825 2.713727066276726 0.5097082929757606 6.401693145069199 14.41859947525262 31.821975774134696 0.5077986507009329 0.04947257498828576 0.42647455146878094
139 7.597591629636008 5.746092138719915 10.66693428301601 2.390291882646816 9.601643958035625 24.90433686858333 3.313677622021129 0.683783257013881 4.909743088229815 13.728048194591953 30.72902135798921 0.5060395491040115 0.06642412265104564 0.4235184132262174
140 7.440773397735052 5.687101987369571 10.74064818424567 2.4349535707776644 10.002039224714286 25.0933996502743 2.7122829211836574 0.7587054251770896 5.033082069224904 13.103456813328917 30.693113894856463 0.5069289956904014 0.0598330455086154 0.4253599255421559
164 7.482334357228581 5.780488755555117 10.861383715406197 2.1368899154761576 9.396481261979119 25.484878266097322 2.961233583656803 0.7873663586065998 4.755589147679029 13.330494555440257 32.187019843550374 0.50800309332307 0.05101753336405605 0.4264101888596586
148 7.593215837654464 5.716514285196857 11.10652369895973 1.856985454451343 8.790093874086944 26.6730267016884 2.4755143154410524 0.6556608943769163 5.924432012432675 14.458342416514427 34.08163091811458 0.5092318574286396 0.03741087563168967 0.426837067674542
149 7.344631714710886 5.920192943548105 11.037962953175875 1.945487784975639 9.063912764412981 26.351207100136683 2.526064962880053 0.4337651301441676 6.160621370892136 13.928679958195374 32.92017273869372 0.5088380439821073 0.03590517799695493 0.42746866907345876
150 7.491076164622909 5.578262381494803 10.84685465045101 1.9319446118531922 8.68098547967227 26.404118580191316 2.852607161656785 0.704813627574537 5.169329716433888 14.567969230999466 33.5469611354025 0.5082798263163267 0.04619834020966567 0.4265476052896365
174 7.636780859036663 5.87722410144 11.041820163609488 2.1783258553696037 10.078992618215043 25.361403046985657 2.600512621722982 0.6707792412145662 5.054719966520846 12.429791208994851 31.28894603720414 0.5086573330735439 0.04124941411017463 0.4274458910264052
163 7.845117321850829 5.714239548975947 10.982325061581411 2.0288406832916537 9.227943277670299 26.162606503980797 2.6090229242812453 0.6052249947535845 5.389041422712071 13.799210834731143 32.68850162556963 0.5101004247837422 0.013708005790666573 0.42859978731674797
165 7.482335165585419 5.542890387358438 11.175456224136571 1.9935716637156378 9.453640216893882 25.277744298800563 3.128685981200318 1.14695564269702 3.797973899758091 13.21997952989784 32.85400287257245 0.5092329167966985 0.030526449535844286 0.42781695234318634
180 7.911321486993433 5.618171742308624 10.628750275302924 2.5608053608097907 10.131389781058889 24.56319131160746 3.221740057172432 1.2595743391912637 3.2733878048180034 11.946043458642933 31.260271394027935 0.5079864944696618 0.04941392822877853 0.42640146800457546
194 7.691934175678877 5.972225063549227 10.970193869918697 2.0917612903847793 9.680169040950437 25.338917733195487 2.819146476343466 1.0061142271277386 4.828076127226169 12.864948308162187 31.42482937257675 0.5072831669472436 0.05183911580933115 0.42663775607722826
195 7.569116639094063 5.622248342208034 10.976305986986546 1.953137585784486 9.098636342411261 26.810593758551708 2.280868220587929 1.1426174719059872 4.611165741667964 12.721298048075436 34.612085957196044 0.5095197198119132 0.025885026830656094 0.4277087520003838
199 7.567265217294182 5.676686889739603 10.91975294799871 2.0970809826518564 9.450251782396721 25.66006123199222 2.813316799831722 0.6141163559766255 5.437684691741535 14.419135427530493 30.9595445332186 0.508136436452812 0.046596367835217 0.426282999856816
200 7.364443172680954 5.615720818490358 11.36092331126311 1.7868355471549582 8.859282509612477 26.45598791546567 2.642120613977715 0.4307297878866749 6.155160403265552 15.699017306709223 32.598875064660255 0.5086364796472743 0.044300028621962424 0.42637194299476094
206 7.388960976607107 5.750256958792178 10.972833267631405 2.180701081590904 9.814266120113496 25.854068863914893 2.390156813087005 0.7119020652741843 5.057144523101501 12.745775576530116 32.25325373710035 0.509079023460541 0.03417219403345288 0.4274760846801994
207 7.489096906512101 5.5925909004200305 11.165054902168222 1.9260843332174193 9.569001638509317 25.10100826084502 3.081859744442967 0.4190670780009145 5.86247015360059 15.160649991632052 30.79727313546363 0.5078265889769709 0.05049161289373311 0.4263316526718898
208 7.761592228243065 5.487992679297265 10.711103313151284 2.2131519898010223 9.355134374122528 25.677297694352973 2.8480410818522452 1.0154218660618877 3.843540495838953 12.901439746511462 33.25456282590082 0.5098970253244944 0.02600395784676382 0.42768660764062055
209 7.186953985124101 5.717951004300148 10.759188322315756 2.456185034991458 9.975025397435322 24.646536937983686 3.130074749073489 0.6958911120847082 5.367981179741509 13.313383243395611 30.015155320380664 0.5054681129714167 0.07277519456583784 0.42338178823254347
244 7.5133545608237835 5.963856179824235 11.197783276463142 1.9474567171725892 9.458155799609923 25.519723174813524 2.8555716225138315 0.2840247236489719 6.588256839373994 15.09015179429888 30.454640976159478 0.5080304963802548 0.04761858164826371 0.42681903791413217
243 7.958704433987186 5.355185964974566 10.743010609352712 2.2282061359102734 9.268507960142411 25.770455339611363 2.851596383816117 0.7296131450362461 4.60626407282167 14.349254994800885 32.72124833691368 0.5087008728284702 0.04197777270859841 0.42735485091519304
242 7.569831598399045 5.790018464966643 10.681431841057128 2.241568861228753 9.552941549147748 25.626341420340733 2.75928706088337 0.6664604413853786 5.10805043314668 13.04534417750539 32.01911366193426 0.5093859206976176 0.03532896038775124 0.4267101685364959
234 7.335344568031222 5.8145390222972795 10.782019613451784 2.1504498243757304 9.265294384304903 25.855642663022405 2.796008948680853 0.477843625682592 5.813738348138573 13.716765366774272 32.10745443231602 0.5085117128388621 0.0446883512049819 0.4266904435983915
241 7.61396326556499 5.774914973903301 11.284191937284982 1.9480892235132647 9.574664536854588 26.03489341241184 2.480763120257044 0.5764814124410654 5.504235674472816 13.853565629383754 31.696870619190253 0.5089252284266415 0.040565286286307276 0.4269008890426316
216 7.314265911346008 5.631471648484602 11.122162762780661 1.7975485277230463 8.894950130379316 26.36623190998759 2.613302962265309 0.434214801355561 6.392182567982824 15.027884286751895 33.17376458561382 0.5084523964354941 0.04286526118816811 0.4262484616093801
217 7.789571933157789 5.542953348665847 10.517243679004574 2.6027795569417247 10.246405110027064 24.765368761075543 3.0359782072672314 0.9515271516903566 4.019039556153129 12.143244056292879 30.476315887976792 0.5075844033591658 0.05149105091683828 0.4257939553083023
218 7.560442090398039 5.677510189209969 10.915285210170394 2.075669698534378 9.697102618539724 24.527253651321317 3.4788860571262354 1.0468894235796655 4.061204069006555 13.227471782919054 31.385074233606787 0.5079578956507235 0.04472417530217693 0.42733338947487504
233 7.700021302731025 5.402711572294832 10.84282669163829 2.09719739104446 9.39482516213428 25.00235268943853 3.2613920319068406 0.9969562680528129 4.800322326217589 14.718966975570499 31.549434030226145 0.5058829724486494 0.07148578134585534 0.4223325301919091
219 7.67968702804708 5.777095683074641 10.847765238825135 2.0793984801448016 9.13635108252259 25.98584748118481 2.743155783443284 0.8661266885301006 4.6776462565864145 13.422720449776897 33.37489130911186 0.5084957438377754 0.048794410797893525 0.4264790572368025
232 7.433390512913719 5.677448926184622 10.698353356290127 2.1892719962703318 9.262250510602248 25.96017969200125 2.7395277376210574 1.1280966098782284 3.8354163446108824 12.059244112274955 34.044098055676834 0.5094725630684078 0.030520633238767032 0.4280737850153345
231 7.520896737799584 5.777330027694234 11.202529944397865 1.9543154000385152 9.580131160507516 25.625992721838536 2.8058383969736456 0.5605147276104848 5.501302747912352 14.04465427601862 31.465160737773843 0.5091680912849856 0.034562894715258946 0.42752769802863
236 7.563484385459911 5.738794490311844 10.78403252362741 2.3442391308378587 9.954234914217055 24.94786070106218 3.022869424459797 0.667970411532413 5.369501401774994 12.779879659489337 30.753708751517525 0.5058210958141294 0.07213622044822222 0.4232028623824467
237 8.04671157549095 5.539839204114572 11.111376408921329 1.9852808912641184 9.493043399915434 25.81245659367362 2.8153014340808884 0.632648492408993 4.942952680510012 14.15964117016411 31.744096396582876 0.5078603186891634 0.04298213181039497 0.4274085100180643
247 7.621240129570611 5.585966588917297 10.923637876284475 2.144225690115054 9.67628774723122 25.09716797989439 3.1586492922596743 0.8487575579127096 4.5657324203963245 13.301864010005207 31.602930275705923 0.5092053673639176 0.027880685416343826 0.42813942549947837
210 7.774073627167794 5.843981367447532 10.904659508092095 2.00220411406922 8.827446015524705 26.246590909363267 2.666769877154598 0.9104425760809414 5.3948155776546205 14.427323965019319 33.419325063911515 0.5065741003056788 0.05965351984633708 0.4246941207995902
246 7.681185259504836 5.70595688814731 10.824653873393228 2.0894947594167763 9.19638378159972 26.087300134960458 2.6034478413850657 0.6598509796540029 5.628907214101162 14.341047535038456 32.43815228890551 0.509480347897009 0.030250517674256957 0.4274354715672907
245 7.423475875290912 6.0109597405471265 11.349829272877459 1.6317664959741525 8.672361778198594 26.70429548857273 2.604301882551083 0.5460099893193057 6.694306391717097 15.074813333362677 33.09866032927186 0.5091680951953302 0.032237128810079146 0.42773690311535195
235 8.026578125885992 5.490999097449198 10.852851581253839 1.9535025985175964 8.638172807816895 26.568644200212102 2.583765784442143 0.9756395392418896 5.728663962341492 15.803760931169508 33.24283153116036 0.5062245788557888 0.06504787107789534 0.4238049158399775
211 7.5775491295491415 5.520025079552434 10.662830039863769 2.3223853860363834 9.407210272487715 25.118122449953 3.224360054156293 1.0029904788558675 3.865722400551809 12.803546838533467 32.958369349415804 0.50895508846101 0.036708870935338256 0.42652600864353374
212 7.609755209584842 5.768143347354121 10.968929580082342 2.0554528418765217 9.117802692819305 26.06635963392051 2.70457449911526 0.657845145162186 6.172354114940415 14.410620950137952 32.321655471465355 0.5088456650410403 0.03559908974377631 0.4275047928452775
220 7.575073730798938 5.672036968401132 10.784861108639499 2.1020115364263785 9.260687565515084 25.97523503935633 2.7399489581534016 0.3136642805394717 6.360624567590607 14.76959133300883 31.31388688837463 0.5093267399037507 0.03448994072034419 0.4273456643826794
221 7.726481521206878 5.673438240169907 11.098750223198797 1.879277788801777 8.842801056774075 26.28450652754244 2.7019343092315613 0.5580366495498533 5.609142488705626 14.995188666198132 33.332458364928954 0.5096282571430885 0.019556320528353828 0.42862737503661585
222 7.409924953421366 5.373490601618466 10.243812651858713 2.976123016187842 10.46735283262976 24.057810842151124 3.2677824900872223 1.0044598330016608 3.6676485772282157 11.62147041944729 29.670420577580956 0.5055998210556574 0.07203317466085274 0.42276643017873067
250 7.416219871145577 5.698461084432557 10.241169903322001 2.7838369641647165 9.908211941699518 24.528236076555906 3.411789118074759 0.867252644625909 4.891651956552385 13.069532593609786 29.243722999180417 0.5053808463071227 0.07754642898251679 0.42153414632193653
249 7.195217718832582 5.747891570765465 10.813636907140781 2.1510090841442633 9.373768861836492 25.711654527367177 2.8303819320886374 0.8986037248921027 4.9424475650191635 12.946006212978437 32.422765392288284 0.5077507068749041 0.049116462077105016 0.4262682941701677
248 7.970414208974886 5.543558438327867 10.906919745173122 2.2115370265745167 9.808408345912648 25.35054986562909 2.775056662097126 0.7564323189061878 4.460312425208231 13.663670497687194 31.57333697557633 0.508095170785966 0.04882788559669476 0.4252495406346041
238 7.5476911536581355 5.515520216735858 10.276966271515226 2.6711135226286284 9.89318846195524 24.330479215737014 3.240053765998048 0.6965031787479579 5.172536462131264 14.185705861168001 29.516557009273082 0.5045416325687214 0.07974990536528494 0.4210928345092761
213 7.692581173040099 5.4212310267471615 10.877093253421458 2.112770923626683 9.022360079621551 25.292609026369238 3.3508886737416654 1.097250037268422 3.7173393098994523 13.895265972979086 33.29057469854954 0.5084168633912355 0.04541099510361957 0.4263653936571105
214 7.310649778498264 5.983836168579379 11.145138701745367 2.036959028021908 9.716951301946612 25.258739371690844 2.838148274379053 0.5054749137805532 5.774406300704708 13.374962445228185 31.03571900690301 0.5099161724358683 0.022638739725881048 0.4287029954344398
215 7.312184467375623 5.756424203150361 10.495865063154577 2.2420809652322458 9.380235159378522 26.119320464229123 2.505176993095501 0.441235746184204 6.746891741753848 14.794048625691106 30.21458197522969 0.5056332310286209 0.0750706581379554 0.4224318737423539
239 7.250340992590941 5.766253619671762 11.037207716670965 2.006618385247854 9.251980516371233 25.800777093223665 2.876492728832189 0.4321697545550755 5.712834892072456 13.995383236548633 32.06945413867192 0.5090621255406702 0.03370032975861365 0.4276974303053479
223 7.903956802838746 5.569184514433793 11.160950708488018 1.9366340971810134 9.821210852054858 25.45680875150356 2.7613021253919294 0.7233007982199379 4.42671564884565 13.337172097225018 31.668496051319543 0.5089492765145314 0.022450575266566002 0.42935693174353357
240 7.716710667390604 5.686993480939548 11.192771466762041 1.8644156369111955 9.196062515192878 26.099673847940302 2.6690012914792303 0.6959642633761669 5.560915876865471 14.220200508163602 32.835558829664535 0.5093722171114935 0.033739436249680864 0.42595195236348465
224 7.844994659432809 5.314468322345636 10.981995385219172 2.3208214079375953 10.08000700554157 24.735503381195333 3.0557184008780705 0.6505372968417902 4.384495721931751 13.228379810430502 31.34209643598933 0.5081841183835278 0.042590539526146144 0.42615093635121853
225 7.252902248849599 5.857575822496423 10.843587910084535 2.080351461691883 9.395444292663509 26.097272373243413 2.604329023984749 0.6338245803879288 5.748106450829125 12.926600151925573 32.592524014325996 0.506721837184678 0.06260596546458727 0.4242340026564181
