# timestep 1450
# phase bcc
# id f1 f2 f3 f4 f5 f6 f7 f8 f9 f10 f11 f12 f13 f14
1 7.502734995952008 5.572267544064097 10.497291664081798 2.4641038252306506 9.687358928841778 24.487438084066547 3.535963946008526 1.0847898399096711 4.482900797507116 13.464325612187494 30.306579987598262 0.5069048111303188 0.06314912982936367 0.4239849011100181
2 7.57790415333791 5.762049547343333 10.70393640214107 2.144278672002757 8.9959493648456 26.14202828205103 2.7373652063079663 0.7694867488773047 5.436617133402634 13.717438126646238 32.928568338127754 0.50870015468286 0.04011011232492535 0.42757124736909086
3 6.973767877542603 5.82323126224505 10.67021251332558 2.1812562762021717 8.866223442289822 25.63357299567414 3.3002478511579785 0.6292576368922206 5.552681503335157 13.265666466624333 33.021089377909085 0.508380430916922 0.050957183168443984 0.42531112773009494
11 7.812450754337761 5.6363317291469865 11.083384020804548 2.0516577103024525 9.769675066081806 25.10425868102267 3.0409510136946167 0.9782506981206732 4.212792021882417 13.420313591636216 31.353424224493768 0.509311651919387 0.03065877774759087 0.4280172375832652
13 7.553708923095273 5.74278568780955 10.428552829053967 2.5895753889577016 9.42492653996674 25.55999673890414 2.9884062054365343 0.7161924932110533 6.059759638498699 13.484836214851413 31.16038773168366 0.5052820379290781 0.06792705798278678 0.42475975300429564
26 7.870627183516345 5.439112828656072 11.112219652877425 1.9127008369072145 9.149946313551455 25.70900870600217 3.1018132668238563 0.8012650087097314 4.519079054091099 13.972430878460981 33.24241370541803 0.5096233125695355 0.03138059903308115 0.42800625597829955
28 7.737347138328621 5.725906631747688 10.353797780246225 2.6702005862001226 10.037963628240506 24.550494979184204 3.1902151312113554 0.8192626998347857 5.01765559708357 12.614428523168744 30.175429237167616 0.5071941558217136 0.06078268582422424 0.42502002422777735
36 7.473975515194594 5.674470889198834 10.959529696557803 2.030647993109646 9.276444927154822 25.82886877839726 2.6768125720960314 0.6220824754095245 5.7052639382946975 14.349009945865582 31.987720461058238 0.5084464099759022 0.04643410541600742 0.4263095662363391
38 7.773862070186538 5.680641275615724 10.83873389357663 2.230503057955491 9.316193927751435 25.53094873995514 2.9308523025087565 0.3185004130200162 6.997635398104332 15.125733276997503 30.94027178108439 0.508128812107287 0.051049619755021765 0.42529543090631716
4 8.182310710852086 5.725691548949607 10.723846115763918 2.1018451753561367 8.48191642951948 25.709060020920763 3.5537276118588146 0.968828450521395 4.583563232062224 14.263998466605756 33.66847158717173 0.5085926896783632 0.04947252354904114 0.42641969318213785
12 7.196693986561207 5.889409469715972 11.231158024224955 1.7672763585912121 8.252553981116911 26.72696308974432 2.7579363716470064 0.43738526328245253 6.633207857156208 15.145290417946041 34.795179365542126 0.5088666699968787 0.0377648755322988 0.42770522205328504
21 7.7121776497900285 5.859100668368774 11.327013474761856 1.8634259022073099 9.624874103142563 25.59614536811609 2.797529207893112 0.7900465952077994 4.848279968215625 13.133150889059152 32.24086439861223 0.5093819038313944 0.028013970792863403 0.4279947104889853
22 8.00797850362709 5.645797258028564 10.709395019220276 2.0184166879225236 8.546518187295062 26.503909958019467 2.84696281216977 0.7626088043435705 5.468291506840143 15.032466103810883 33.4876180282778 0.508491024300512 0.04319584511194595 0.42690491759431803
46 7.639546028460602 5.553288249677736 10.797458428378654 2.2206727370670607 9.813384283742414 25.09903895744882 3.037845884106106 0.463169681146313 5.146377965436304 13.405303312307348 31.07661014898669 0.5093554550727765 0.025884817679100926 0.4279273945921431
47 7.372802808513938 5.583481471116658 10.70745901342441 1.9805400483313338 8.043542265080719 26.55580462827614 2.957255853137725 0.4857673330027537 6.543677878856732 15.542965383306896 35.09836829533359 0.5077535016361032 0.05114256178654886 0.4263480089242707
14 7.570037297302561 5.861934110411807 10.871778136979538 1.9231008761764041 8.103028526747627 25.763905708388304 3.7113609799239464 0.5730262284509687 6.420525512626508 16.332838387739194 32.59989995642192 0.5090268272460232 0.030612643761314548 0.4281181340168871
27 7.254027775778763 5.974730385683518 11.306142820639637 1.778106855872864 9.002524685671204 26.042395472919274 2.810621323749883 0.47536896828761077 6.551826757983501 14.545745765146314 32.12196998511688 0.5090530462884197 0.03826095421406623 0.4271233456959441
51 7.761764898574374 5.169229512728423 10.337339194619773 2.4387557990766044 9.076020292519642 25.749869021099695 3.0523602213282413 1.2082084349556772 4.742435440342963 13.604309703355927 33.2682146739425 0.507534145995359 0.05496768190034478 0.4253302417889439
52 7.294349876347494 5.693599504184253 10.91627445864699 2.0903902388894062 9.41365520687603 25.622175315387995 2.8992578072885014 1.0080960929734961 5.089567925283582 12.468337392357935 32.82572369153583 0.507107565609343 0.053634629057543105 0.42597577818763976
56 7.714637993665652 5.543104079993441 10.737718928846025 2.218809642015244 9.631493072489192 24.890919149971257 3.210435168453919 0.7683720391788146 4.762316749608778 13.870122757500374 31.10305723672142 0.5066381321427091 0.06105557124601817 0.4240000637046518
57 7.770919304410501 5.511541272945424 10.761552440899159 2.261316335696162 9.20833578711452 25.469102752030828 3.0854884463602916 0.6097075443545551 5.67236873600906 14.428660091580934 32.060039523847585 0.5084192635250515 0.04621510270707661 0.4268247582591573
29 7.798299045201126 5.4581994673619025 10.295790723310466 2.359738728161632 8.202770533330654 26.40752882053422 3.1001362841972098 1.0890442085832537 5.315358576572261 14.80040031155507 34.50727377301482 0.5054171506616996 0.07754125594200065 0.4229262556767481
37 7.501463415448732 5.553422663443362 10.577887866675045 2.168552089470131 8.42270207095057 26.885616995209975 2.563456102012125 0.5180746794906029 6.864731886365185 15.472692482212187 33.48222883042365 0.5075730642592725 0.0512389506157111 0.4259756243959611
61 7.478151570935564 5.729411420662282 10.298443129580429 2.6636016578448483 10.06338085461695 24.9180638324504 2.971322500551395 0.9206379499877853 4.703044618990726 12.466666148974644 29.97317512553755 0.506750154230016 0.06570599425300275 0.42394741122288415
62 7.362499996284228 5.746022108008336 10.616686275122365 2.138214976522849 9.043512242257835 25.470071666717264 3.0041333047910337 1.147957507181292 5.841963040740145 13.687704442902024 33.0940374873147 0.5072369544442753 0.05901593343616589 0.4245913627866402
39 7.837577261966408 5.387751741410966 10.305433744934803 2.5134067682080365 9.095164699008077 25.472168963795106 3.051866283689384 0.8576050314070516 5.629485095341722 13.840971862528464 32.75691407625457 0.5055883744672233 0.07019598059754056 0.4238552547442884
126 7.8484957981184245 5.685623220086317 10.562056685430257 2.336535893688014 9.785861185448514 25.523738457000697 2.7138938732187383 0.7432764287048653 5.1567224234888425 13.066668154351513 30.877346306720796 0.5079763977159402 0.04723256389965297 0.4272292076617625
127 7.7437994017528125 5.822311846823513 10.890270707960472 2.19940286164063 9.88381315589413 25.42218430417344 2.739621452992584 0.7673206081310663 4.617737875452001 12.198738288089489 31.875326606291807 0.5096707447082468 0.029087141973847527 0.42769923008022787
151 8.050042961702754 5.46546288134824 11.167404028562917 1.903083530708073 9.005964670260022 26.19480656933927 2.7339471568677918 0.5837421957510776 5.1379883108241495 14.783301513649787 33.252952186407654 0.5088179785776265 0.039888612229046716 0.4276110247155611
152 7.839912908672138 5.689509664504298 10.722815077003483 2.392077738571376 10.102050779698999 25.13763874426487 2.7002071096664078 0.3047469039257477 6.187348887430599 13.895045821769818 29.95999135101495 0.5078542881457954 0.05242937187207888 0.4255674378912263
66 7.8699842206521335 5.664378817847506 10.349049647790899 2.694165041506494 10.292310637505079 25.043988637311504 2.5371008613671613 0.8364196336812724 4.857649263750743 12.79969791000264 30.10811208008841 0.5044296128964357 0.07833205436826014 0.422065141972984
67 7.2755141985008045 5.676053773019594 10.859615924351562 1.9846066327271759 9.05844913199821 25.868131349278155 3.0095144384402217 0.6976624608153342 5.797531418340666 14.004465901916408 32.50099022927695 0.5080230602090777 0.05007949345502534 0.42653818503479757
71 7.801706698461266 5.719312476706891 11.06005906607025 2.100686166052048 9.69197277767534 24.557151374239332 3.483842808452354 0.7959859121044905 4.825553311059675 14.268972095464193 30.563139542556094 0.5087754379680396 0.04124821957939679 0.4265659447889527
72 8.231060739465597 5.52970209423849 10.488065935509868 2.6471305414584276 10.342460939323622 24.320396835002644 3.2490755591889915 0.7877764178649871 3.947422975667693 12.474113713034209 29.88281121023471 0.5075752459561028 0.05735413850592323 0.42539410776952297
187 7.584152733445402 5.6488956774041545 11.114202443002924 1.7981688142422436 8.296066873302749 26.606718954985496 2.8367993152730366 0.9134291240757211 5.671487420020484 15.032646710664611 35.00831244461175 0.5081306776593604 0.049854157983943645 0.4253776638980329
186 7.343733092972039 5.681552435712358 11.013288048137937 1.8980630749476286 8.559062366981976 26.354685674209943 2.8143566817110743 0.7345002964069423 5.4878106812412835 14.405933797104588 34.45346293655458 0.5092290722222524 0.03550275667173044 0.4277192860939066
5 8.044472061475195 5.711907842549242 10.244426168032135 2.532027208766069 9.722632742470186 25.497956659842895 2.905227502740102 0.5636743396671067 5.755886495343702 13.251243736697779 30.114306301372192 0.5084250732411943 0.045361990510261255 0.42726074243652595
15 7.485421609229035 5.86766443131039 10.7736047331911 1.9161858665099274 7.714314114764667 27.168379838811138 2.8276486673100045 0.6722676301237152 6.784008935419235 14.31717656736525 36.5465402464169 0.5085103128243633 0.04250254656575678 0.42663429786256984
30 7.691010921398039 5.559610415188507 10.874413012199046 2.2796068854505673 9.91205789152199 24.6637486917266 3.389997871973403 0.5763214260241705 5.112665372681748 13.005644076358493 30.70982324569783 0.5069028787673932 0.06526715983552449 0.42524369556637603
40 8.020239239501445 5.262928151950293 9.946799369365866 3.038035638660741 9.639198619156035 24.169612206985814 3.6206238290845385 1.2807751762248667 5.029153894027476 13.253798369064235 31.089081605956405 0.503068275255175 0.087750197391679 0.4210854119714206
6 7.790348847695442 5.618949022306132 10.544210156003194 2.316215925699622 9.029376145524491 25.397951026605305 3.3744122525653752 0.7750436300665661 5.802962618694517 14.19556358119128 32.07520382705741 0.5039492933988196 0.08047352454801383 0.4227832038006765
7 8.569009893634314 5.126835635304631 11.271742656094924 1.899197855739722 9.45577003216123 24.988063450053648 3.324891329970069 0.36749865384376257 5.12816257331587 16.546283137810327 30.6169405925562 0.5093793310953828 0.0354597453814071 0.42740909092551793
17 7.757781252893303 5.475411071142436 10.286309762536336 2.3516437975299334 8.611307637837118 26.288016569066475 2.8606119571171864 0.8437950650497916 5.878601040797531 14.620818186047071 33.54527510855343 0.5079180415831539 0.04866736832965769 0.4267951385330524
32 7.6030509690172545 5.0830396423517135 9.400370590344139 3.2431652469297556 10.277247471278754 24.512131845893904 3.180480457839501 0.9592799524585928 5.285869132859999 12.682738219906946 28.57483361528565 0.5002217594208872 0.10121507715645402 0.41861396405414336
42 7.674505811550661 5.625343235487645 10.831726630823802 2.2529742333093354 9.35935098995993 25.395065020074735 3.000454039825794 1.003353106988345 4.463168419842984 12.897088138351995 33.409504265696185 0.5082328458245511 0.05780170673705979 0.42494298807870023
23 7.557878646879318 5.637621708501114 10.564736483750375 2.2209772965226655 8.343107682776845 25.98715304688209 3.250725644894799 0.7868892831754066 5.302147999358153 14.998795477258538 33.798074566378155 0.507280445703003 0.06189402881129569 0.4240828102118421
48 8.051926946966862 5.472988022223115 10.80234409612916 2.0595270042224323 8.751459602151293 25.549750668231898 3.4334142626924806 0.9529978674268607 4.11692082920049 14.66181128053998 33.25099066251621 0.5100573285612188 0.020070064999677565 0.4277884901678308
16 8.355628520054035 5.525359458849683 10.323150272562607 2.6062181293154594 10.109470822935084 24.62603802120972 3.121775036910482 0.4154706075470437 4.871472413371478 13.33035835479579 29.810129248426826 0.5093516048775003 0.025390713480774565 0.4288077008724015
24 8.0692211964638 5.414823450127927 11.236855956656981 1.7684077576698565 8.715435977026173 26.72944021428112 2.498364391923621 0.6809676848602075 5.848878198064032 15.136731442405804 34.173265631512734 0.5084658908384201 0.04114730185312644 0.42733468157836635
49 7.5577937436678635 5.588252139397659 10.929387253301357 1.9719727242096754 9.32424933894514 25.8370213436276 2.7687142322435445 0.5677382421954879 6.034225747367476 15.026867156370178 31.03653658781958 0.508256787095548 0.050362916342421474 0.42657857351180956
53 7.0435027413718325 5.632701761216728 10.620105816713881 2.270353837444794 9.311918165586283 26.379810754963696 2.390582331355775 0.4240571407703765 6.728479436393048 13.841199570657961 32.03469978362074 0.5086544177717672 0.04203304228618841 0.42770600620013544
58 8.031965398828472 5.364157449698072 10.850620563800478 2.3207619512582447 9.74762446713236 24.580952562948777 3.403288552766398 0.6460767865357043 4.5368602633822706 13.82219836210897 31.26723903523517 0.5079018244499538 0.05294076776643703 0.4256413919021523
31 8.163827394873648 5.300225312110137 10.388065581266261 2.494314684686255 9.437846615310809 25.223175040414116 3.052333843072257 0.9950616096696422 4.976188104846077 14.695264441561552 31.26873911614025 0.5038460772002531 0.08511936728020458 0.4218840402816168
54 7.115822549713516 5.572928512586473 11.213029958712093 1.9320727320388942 9.657796188903646 25.41902859955014 2.877781479493337 0.7836377020744038 5.522686112536202 12.421089103580096 32.744918384190065 0.5072043457529939 0.050040011334123745 0.42669689925757165
59 7.741820433528028 5.592888924093325 10.743631448884102 2.2653760133739977 9.50488672569946 26.00219556273821 2.6076289144971145 0.4335350951538457 5.461875464713008 13.941062846652065 31.431325803127688 0.5089856378478274 0.033732614852081136 0.4285876525874886
63 7.92442816782474 5.4894578581112246 10.602921473768363 2.3195971291250523 9.566141158318278 25.70320616450833 2.637710983189152 0.856670417892002 5.5780656178951435 13.516471681409865 31.94489075023454 0.507027539298267 0.055477458793915 0.42668366401279806
41 7.347687368197466 5.502022745847494 10.811481028905021 2.2438417553533467 9.428952982518599 25.255464902488022 2.897488209952673 1.0219797545201839 5.92693514210482 13.500506850334759 32.53108595373886 0.5072355024015301 0.05631785232401473 0.4265422882818153
64 7.596761826897961 5.5869107653812735 11.298538506900218 1.8420234626227652 9.282154163741046 26.17610670024824 2.463338301558914 0.6134342271487009 5.1951004277961506 14.721856754711348 32.729354287380296 0.5095296269388369 0.02837681444284925 0.42818413826531493
128 7.0703931386658025 5.908234203253218 11.196130604013401 2.1275531015954723 10.185716684831375 24.717395465551686 2.997839854461418 0.7262949418419338 5.175633210598328 12.483362532797129 30.616442604416854 0.5094664487934932 0.022846982642140825 0.42842084117383206
153 6.743524362614733 5.8132240705829705 10.783652140380733 2.3346986646706442 9.971452628086578 25.27373942413308 2.7841394033709306 0.9763077346020805 5.032263154082841 11.956638583447761 31.09759960724649 0.5081742393144185 0.04845452983956492 0.4263261967283455
68 7.299299357560218 5.703303637916406 10.917632434931418 2.1283524738189423 9.108448505253238 25.68196314576377 3.0227258879024097 0.873360105415946 4.737402579342997 13.731137728362132 33.139761006616055 0.508838059906077 0.046680124522650766 0.4260575747808113
73 7.817735115561312 5.6504168043139265 11.015927448775495 2.042675117395533 9.48091175025926 25.128058236486634 3.2856619191992276 0.4385018829245475 5.358169920538745 14.717271231037762 30.699306987635996 0.5086200021756686 0.04713072091207567 0.42651832785456717
188 7.780920891226017 5.366250238368567 10.52021374212589 2.1977387992569626 9.200056888835357 25.792387113547644 2.9325063782300638 0.7776892328773332 5.049591921372734 14.303929506635606 32.054498433683925 0.5075674324196138 0.05695661370856828 0.42522158193810394
8 6.963332277384804 5.79850900028166 11.126308481337322 1.8726185625177307 8.74289910610725 26.35573532204396 2.7524386053292553 0.5774845627945983 6.046774461148699 14.912882212507553 33.322133617425656 0.5078895368606802 0.05597251265219075 0.42646286602867345
9 7.59037708906289 5.694323829991583 10.87889827094571 2.0607448112603994 9.731127644567191 25.324413615104906 2.9279492695202696 0.6139390664447808 5.315152350948998 14.135177343776071 30.560879425937987 0.5088693599693374 0.037160432134855 0.4274998706503503
10 7.799212728655793 5.417786890196461 11.068287774764647 2.1483621241682345 9.98677907269128 25.052192707477893 2.8524500699286577 0.6381932174390654 4.187887873314424 13.594132546727245 31.380536657947328 0.5085826812416948 0.042633261110491885 0.42722722050818995
19 7.431497336934248 5.547180808728833 11.237573237662271 1.8806544323511367 9.30953204058041 25.595316228838502 3.0342056511692967 1.0583768482484455 3.7984865779494568 13.217819418785597 33.32542889384092 0.5097173361576387 0.025384794241909134 0.42841777190032837
34 7.433798365755215 5.732550873293008 10.973856624825528 1.9322203183154516 9.09985768025105 26.55459007064613 2.472882326633198 0.4618393510391705 5.9617396407601255 14.2933520502728 32.74348157828599 0.5098062655618685 0.03560654941968826 0.4267625965262557
44 7.708404954754453 5.561236338869231 11.001010956051731 2.3213309933467943 10.455047441459245 25.266427758028726 2.35466731288957 0.8840631538253315 4.04581773565367 11.741123392728587 31.85625732542931 0.5076618086181617 0.04901206370917201 0.42663049425681754
18 7.80277146236033 5.672699955112233 11.035663338713391 2.1034643038184764 10.106722193283224 25.02685153394694 2.7996503623693076 0.6606166995125335 4.3585079366520745 12.923309140471845 30.915415758725207 0.508858710392249 0.03570703052403513 0.42809248864603205
20 7.7087509273654735 5.490617964837853 11.205291460201758 2.079203176956684 9.9307731461273 24.405539009518417 3.281680184157489 1.040681373791891 4.026225138048414 13.882855042538209 30.84877643180443 0.5084005677238961 0.047242267850824485 0.42666556446453224
25 7.413979063081987 5.622520110319272 10.793621798165864 2.0208881463835944 9.304218560674046 26.033369764247453 2.6579697237354334 0.42504837209538304 5.888055371988252 14.360111357663994 31.451172911864525 0.5074311649058231 0.051220352717997464 0.4271869118401809
50 7.330074287104699 5.764096648348819 11.132949749987526 2.2322573140211124 10.54074077983787 25.0957536789083 2.496619867113655 0.6699177465078426 4.6196227227630855 11.944307080050992 30.49474885410612 0.5090571811818114 0.03457397309593314 0.4276598253751423
33 7.971193582243383 5.5470802975454 11.241275593275526 2.006328566239428 9.947574003963163 25.375679064709608 2.670317518751399 0.6872426696773809 5.085890047081282 13.812465137170907 31.051726022586355 0.5069248178671436 0.05526706529820496 0.4262766979708426
35 7.4733342858552545 5.7120554745046075 11.182800537832119 2.049964047898809 9.743007345653101 25.20491602078454 2.9024412895000764 0.5390780834858387 4.9772836271052165 13.872037009900025 31.19006041109328 0.5088859289058745 0.04248923136255715 0.42726936260187504
55 7.750119091551364 5.272277584602269 9.999808843892513 3.0439122191893984 10.111042677315012 24.508611231564146 3.1372021601396365 1.1678286387611503 4.26788458874976 12.134344909067643 30.408885638837514 0.5039216952134149 0.07981794431351784 0.42168026583655643
60 7.5129697986835335 5.723801673403759 11.23740967488943 1.8055043562205149 9.25689981872206 25.05705542473095 3.5931326852325762 0.6763765671355724 5.03678753470532 15.047380317102412 30.372999982720607 0.5080566200814701 0.05050823750199234 0.42587019490184647
43 7.678390349898743 5.451914325039362 11.168983634986004 2.003074197352547 9.674980586889252 25.75844567159281 2.561924076681388 0.7438992743057801 4.4894634038150825 13.112433136595914 33.076467775761174 0.5094913915649703 0.030718913247956624 0.4281887174369414
45 7.675739812056338 5.53512369117767 10.977534428054772 2.059484559176689 9.464573427044714 25.879579286931634 2.732704772111715 1.3333084218949696 3.549893791289711 12.457838263899388 33.56303331826745 0.5091083759395286 0.02918547950156471 0.42799136756633244
65 7.610694934168262 5.524077629081243 11.254209428178234 1.953912142873161 9.629376420786622 25.42244473172554 2.9018601801357122 0.9206143251307191 3.7130367650334257 13.079693194106815 32.87150232533115 0.5088720084863392 0.030907809112246252 0.4283091923506496
129 6.987842461842878 5.763300037213595 10.649661046427706 2.2043523189689687 9.44209709872236 26.181359252541466 2.4992021608426542 0.7831603625905628 5.909787555570239 13.033180031061312 31.771033266810605 0.5058442500601121 0.06364930416292051 0.42546688458995585
130 7.801806127968053 5.576898334005833 11.267641420137416 1.812461439815497 8.992537418475175 26.432721051802766 2.543049021781567 0.8346519237492732 4.729818066015425 13.96405141397446 34.13347776089679 0.5084420360829159 0.041781650193366694 0.4271040873310668
154 7.631397811840593 5.400450730118458 11.082773397885042 1.9375317926063287 9.543132888118215 25.986033581226746 2.6264847366375292 0.566852953403438 5.369995746995549 14.996251572668767 31.17729808972037 0.5083790941185916 0.04486946346168167 0.42675252239907013
155 8.078559736639129 5.499273670440172 11.381264085576605 1.673934328989304 9.052076561519954 25.73404316136751 2.968825371489386 0.669093402923321 5.411046652736166 16.20323683127758 31.81363730576651 0.5093554903570523 0.033256518478504554 0.42737885601516623
69 7.452345153167029 5.866129910509823 10.964476720778038 2.014144345759889 8.955574214070687 26.132520391088217 2.658294518972953 0.8549485346258945 5.262816550379483 13.441828692426984 34.171151511178294 0.5091023210467309 0.033045631421348066 0.4273157260966715
70 7.429182971245086 5.676506353728797 10.883291698808026 2.237944683948453 9.495048239619042 25.637761292488086 2.6725099135600363 0.5399457625776704 5.4524691255447015 13.894455289202254 31.769753130269883 0.5075009928695826 0.05167762678094173 0.42569989065527686
190 7.688509755508905 5.733467228646426 10.931140654899302 2.089523114189682 9.47199762810838 25.899131378062457 2.5733721924960595 0.60796131705873 5.493992403936996 13.768502038324957 32.154898848583734 0.5080753235868797 0.04586253239609179 0.42668575955360283
74 7.118335993044865 5.687360312881174 10.626856144331446 2.445038306017318 9.820181815621307 24.796605354565685 3.18874656035351 0.46904913012856325 5.705310972037063 14.062639260299877 29.781711153601275 0.5059394024772355 0.06708072512172163 0.42480103464186325
189 7.828682060645244 5.652875411157081 11.222050157532626 2.0807530370553837 10.338725791799963 25.221506110148226 2.5523859213622995 1.265949355774773 3.127114542159971 11.549328475008563 32.02397630347309 0.5082448812620751 0.04948523757798061 0.42609742537260487
75 7.167815380549129 5.821819282321912 11.055971519679792 2.131578366234697 9.876288319029632 25.157222306617026 2.848512704156125 0.8840497939585874 4.945785862030308 12.428766024403608 31.39080701300916 0.5088473950803424 0.038365624653122016 0.4273870723792547
76 6.764613957401143 5.849958315877391 11.039888849733192 2.1509078184030406 9.866996214442807 25.1401348065149 2.821750475905374 0.5562738102807478 6.535009749036808 13.374398109481154 30.069656789126448 0.5060444485093711 0.069088602244772 0.42357622727971206
77 7.4878409216122535 5.455548981628972 11.103833685487272 1.9776530080167711 9.249269189108697 25.68599283376087 2.957802724432155 0.5699264992819335 4.9714040467721015 14.846146890372463 32.142005486966404 0.5093036796658452 0.02321058682914531 0.427850615223859
78 7.7165516755618775 5.493077432995043 10.665575583553215 2.427326380204909 10.215319731618495 24.37847609426155 3.2489163586052774 0.6885953576757742 5.074883664998942 14.317788454904175 28.247488414366448 0.5044511060551663 0.07480833199923259 0.4229275120466103
86 7.3320892391782575 5.6755511504999445 11.02342077046772 2.0579744283980603 9.59321246910521 26.016915558186707 2.340916859738577 0.7031252668592315 5.7426764931261545 13.494171632988941 32.19409665460828 0.5085533661221674 0.03862466374524998 0.4273992796199324
88 7.834821814012342 5.5463397545659054 11.161800442018274 1.8751521097620996 8.865023224646645 26.0980368706598 2.896683497508305 1.109078749622534 3.720384945976491 13.711447867450937 34.75963422446953 0.5091799138892322 0.03643163514486739 0.4278538465763995
79 7.07381091959689 5.799150399353888 10.842627451857641 2.188628094755307 9.743186855138132 25.296284911434473 2.9151057787196972 0.5017055950190247 5.757212452041612 12.447292550153199 31.6893802708143 0.5087124424706814 0.0361185945551272 0.4275054532586322
227 7.494618859372929 5.752257465691417 10.622828554843258 2.3933375718449983 9.825146167166238 25.00497781700534 3.0386177461146966 0.6312066686189262 4.891112895197715 12.344070435303323 31.549978439059803 0.5071310465265887 0.0554326666902671 0.42569697741110496
226 7.29005825884548 5.721619009397875 10.923738908965491 2.0766738334023165 9.219055233638704 25.34911462943129 3.245310245366358 0.7177544599078103 5.17423354837587 13.298635234202111 32.66192028919521 0.5096634482157828 0.026030897975831233 0.42880215656409076
87 7.3664386665932255 5.49950440094632 10.688200238211303 2.3509387618307955 9.813149156271608 25.11889542109051 3.0459057885747436 0.8737192358631545 3.9036570463124507 12.302168146673754 32.07505344692893 0.5099793016982229 0.020166292823608187 0.42875135797452957
96 7.740713884778434 5.736122442652144 10.941034085492925 2.025610274012116 9.073802403682633 26.402695476113827 2.4465065945205633 0.5165041920833341 5.69189078250773 14.500767734934314 32.99119179117392 0.509713721887005 0.02614186805298693 0.427598989576363
97 8.01129019197237 5.548143364479762 10.894877465977485 2.163135454634188 9.803102989024257 24.790285713897617 3.353212863397365 0.6575291741318392 4.851360684749254 14.17704691039391 30.05892636893412 0.5094071795479561 0.032320719441490266 0.42826367728833437
89 7.441295552500164 5.917839247323198 10.768052523585204 2.2610125745111356 9.63750142785926 25.334490392518312 2.9340434657086267 0.8608711463294093 5.171029374212114 12.389923314787062 32.01918864347475 0.5094622693685178 0.03940227822279455 0.42714705293733235
202 7.980847844542742 5.4130207648821935 10.40666106378568 2.444860436464481 9.838293988984521 25.195932413062813 2.8811085763322484 0.5398306011930443 5.561656758031007 13.884467917521286 30.343717039041348 0.5060921298639023 0.0656955753024418 0.4251583603464059
201 7.702419737329449 5.5066460495966325 11.141470336252429 1.9409900204184978 9.124797414506642 25.491733092238505 3.1822066774569246 0.7547865583151883 5.328047084470163 14.430096104854904 32.8399460464701 0.5082534547127407 0.04573998366656175 0.42728663431995517
101 7.436712283337134 5.7757323154817595 10.62990109096732 2.4949956694530546 10.389701784529198 24.92353297524668 2.768804083256531 0.8050750318187829 4.835425526212407 11.549279824994294 30.429782108054837 0.5083499114346192 0.04644428188166756 0.4259816377442231
102 7.58821724364322 5.470082042943469 11.109481104485162 1.9225661765043256 9.184853864303323 26.042173580014634 2.765441928658143 0.6493318355774733 5.549986050957445 14.57219743738507 32.08610064918535 0.5076868448962482 0.04965171745165952 0.4266802540662501
103 7.242742389713724 5.635603360446187 10.489552079926215 2.279224801709846 8.797996815014438 26.450143542144975 2.838279225472134 0.7720711251894616 5.450781987548965 13.756983829067188 33.153587914921594 0.5065151080404692 0.054533724576186264 0.42564737046796114
111 7.9105413717063495 5.308841635462292 11.017766221648658 2.0875463106781784 9.839007828186153 25.380603577396307 2.7831393743927353 0.4010244799350082 4.814364108165259 14.389925871918505 31.017296178134817 0.5098634523157578 0.018925308621488206 0.42810135888914774
113 7.603959625217757 5.660256129145275 11.203821302079634 1.7439439315385088 8.569248297514179 25.98675461616816 3.2590291079270357 1.0860824702478584 4.789301934357302 15.42682530168175 33.11234824419638 0.5086956224859627 0.04211579747873606 0.4278121325647376
104 7.731113581607103 5.690866077839961 10.262517716792555 2.5114451511755185 9.085529025450176 25.362166178248415 3.376258350300047 1.022701312542333 5.396549897231746 13.825464920651918 31.13677106563969 0.5051239912656716 0.07389367280369855 0.4237928450959346
112 7.390416477873848 5.66873571484686 10.424578174187118 2.6117592305454567 10.317649595602107 24.85315712843338 2.8087836700471316 1.0103734647217786 4.577448385841074 11.329931106302208 30.83258898294064 0.5087164627243942 0.047885234431009026 0.4256621869930177
121 7.293166109010517 5.734258472573996 11.048704233814528 1.8434943336767202 8.6680785432592 26.771167161242456 2.5001411787619245 0.7315529515431348 6.122505994754604 14.686852604393382 33.646005660354895 0.5084496073505453 0.04621702663537421 0.4266824935351633
122 8.243923333840677 5.437571872450575 11.174843552344024 1.8970223867343798 8.900196115777483 25.964274951427097 2.9638470015453793 0.864742430255234 4.2046570719020515 14.805454438647034 33.74980999844414 0.509726584914724 0.02536464919762925 0.4282547619027198
114 7.553153820881164 5.925808523773592 10.649349072412162 2.2328669613805676 9.005309859782775 25.374806742159464 3.3927391291933944 0.27417368172275913 6.897101664911044 15.042282143879433 31.107443718308566 0.5082727440005479 0.04536051374138178 0.42629058441354156
80 8.238753408843635 5.328218396816071 11.27309283495822 1.8288348299578245 9.009234376192902 26.20836290555423 2.7025949165370893 0.7356941065347368 4.618834952597829 15.531862289511254 33.01833126140451 0.5085133241474247 0.04277458385076883 0.4266808613679615
90 7.916373230590794 5.6637390610252885 11.046619358265934 1.8264029041465184 8.392321960815924 26.761362236281702 2.7681249928529668 1.1429219837719455 4.991488933005513 14.539416797746021 34.94770383506918 0.5096936034439538 0.026232173158757737 0.4282424207398218
228 7.354640304361361 5.767916312397515 10.453575930125595 2.549465741047668 10.38950902870035 24.649748476977447 2.906123979944937 0.9633559369721809 4.818927269582577 11.615405171621642 30.156911454546613 0.5086484950413327 0.04659089813593432 0.426779157373365
81 7.509066502427775 5.8549429108492435 10.163695752449728 2.767871054750222 10.134249801226938 24.345503067408536 3.484846587595566 0.5384198409596082 5.520988544792096 12.294059078276312 29.106615113491884 0.5076249558900804 0.05226900505048758 0.42624608110226
82 7.977917423828819 5.682613687235241 11.093844718509613 1.9892695140228913 9.540399457439088 25.82659156052581 2.6419351237110145 0.6621252479961173 5.533427204706273 14.499529332106288 31.06011564740063 0.5095013807143943 0.029992759836418168 0.4279083361882914
92 7.5203655083811105 5.746134360816207 10.927673475246147 1.8733410167585116 8.047170877557937 26.913039713593065 2.7622385866277828 0.7799884281424233 5.990861527986292 15.158589962139995 35.41711191747992 0.50977907494032 0.0282706190865613 0.4278526943965631
98 7.036206920546839 6.004009496042784 11.120448876886993 1.8567965636671282 8.576966408401148 26.272987219489504 2.942742320139135 0.5186880102105266 6.278535842624176 14.294340074642818 33.73905235115364 0.5100464861342561 0.016310869295004186 0.4291643456725274
203 8.026285971931337 5.154042802652113 10.764577825441608 2.134692422382038 9.359331642674086 25.164063739952383 3.301795548799983 0.7630509517362725 4.122220836889598 14.02910124410294 32.486797688097575 0.5089097195772957 0.03709763741496193 0.4275402489406869
91 7.841521191992652 5.802441748772529 10.610053221978392 2.1586583602982667 8.831655867945136 26.222304511395034 2.9303044987930447 0.5569110010450573 6.060337164583212 14.141713314844838 32.887115031188905 0.5100694214624264 0.01824032094796882 0.42865578723347886
99 7.669162514589632 5.71711439724397 10.925763992576561 2.081395205200069 9.33096014395799 25.926759649980735 2.7636434243257075 0.7702653746686782 4.6102921720537315 13.224522717357726 33.11897848116008 0.5078528918571319 0.04909516856197635 0.4269286748443127
105 8.044348701028488 5.766923237140998 11.138757781535247 1.6212328076914833 8.384959131746086 26.50757416611076 3.014159324023007 1.2068536101998115 4.740184564116635 14.875706656498895 33.930040790569116 0.5093223401665081 0.026178615472408604 0.42839971984867387
115 8.109057176802956 5.799716081636201 10.93763555376317 1.8837004229937404 8.110962120901137 27.033683382055678 2.666376658817108 0.15649101458068182 7.821754147025959 17.194835845939167 32.928347192958206 0.509797072391666 0.022155780582529195 0.42830447323311954
106 7.460776718808656 5.8492385009576475 10.42471870377296 2.4812316480018133 9.165749686660623 25.25324657269666 3.1180079448890843 0.6697569011759053 5.946360344700814 12.910893479709907 33.083070116074374 0.5088065769137071 0.05025519101252185 0.42584213307826485
107 7.847516284889456 5.565991941938661 10.646911125000678 2.2327503237022497 8.711308376845054 26.521815091351456 2.8316292544810695 1.6029374343723546 4.899439121841213 14.102138047726573 33.4925309579524 0.5073875836288019 0.05280436584312101 0.4256370105011544
117 7.58094914143556 5.852961402794095 11.22131277612996 1.6644895547287875 7.81317564987818 26.980192668230373 2.906820267783819 0.5053782846941952 6.907959401307108 15.688253720690453 35.42047713447989 0.5091371702531439 0.036655684213553884 0.4276333780747936
123 7.663694272653824 5.827411024615422 11.104700934842118 1.7807751999836055 8.229802329453124 26.69745248564863 2.7805870556431076 0.846091684182365 5.593664661517142 14.682458539120224 35.24770604624202 0.5085748061889374 0.04140975603328824 0.4275949189422954
116 7.626825016980175 5.85812787984874 10.451027423355548 2.2079583828189846 8.415817516741681 25.922992882795878 3.480752461949622 0.7335704229060883 6.267965323442978 14.578083054868749 32.87316795722973 0.5082054385664981 0.047679249788455176 0.4264519207132007
124 8.062756455753682 5.754842302432177 11.08387101768311 1.9957049045696977 9.411177219411606 26.06945587217246 2.6104841694121372 0.4224313790596609 5.995268753863106 14.796800822131553 31.02882267909801 0.509829793998711 0.028810760211057242 0.4284319599070179
229 6.808509087705911 5.923659988265537 10.70003251830467 2.2241973010090863 9.382665371067965 25.438801858026043 3.0357075428980185 0.7427254707264671 5.30549156477557 12.327952442742225 32.47969615427742 0.5080916178085347 0.043409870093287145 0.4266722265617898
230 8.027986380929057 5.487367807123367 10.65373076511476 2.389375544960576 10.276523553749717 24.379868333603735 3.205237228927795 0.537964018865952 4.5865031223373816 13.57115246051119 29.518476834079976 0.5070224728847355 0.05618294702619856 0.4259895438704044
83 8.081351596526211 5.66699263738271 10.844467889154828 2.1303932576401117 9.391604769975926 25.44652551115428 3.107156567152792 0.558556823487837 5.170564488823538 13.96981534283982 31.533660478751315 0.5100580387229031 0.01819472786571838 0.42878097668420767
84 7.729717725367387 5.703252448204009 10.743579758662557 2.3022668067225074 9.983728123566886 25.17059715261136 2.8157089814685383 0.7241904890419293 5.098657352059297 12.59556722704783 31.088090466630526 0.5076324240012561 0.05290749136644887 0.42527203015079584
85 7.819935733644907 5.6720587824858075 11.187308770022813 1.7162821574199967 8.519973668341544 26.183239556974474 3.20721996489511 0.9888830466009786 4.905147490228699 15.144207543404729 33.512025204853 0.5095329353932991 0.025091820008207456 0.42850543366782173
94 7.8474191957498665 5.704265193146368 11.037822203333057 2.0145209246589726 9.082865031810195 26.007452042348536 2.824174804373333 0.4658505960686598 5.794038739554879 14.849249105737915 32.411980225630764 0.5095169228307449 0.029916523444622863 0.4279266002931268
205 8.031808014605513 5.551303278440172 11.169817588757432 2.042908581310141 10.134542666993946 25.140114316390346 2.7728190331517686 0.34443895848134065 5.785508350150058 13.978925409858887 30.028846768060518 0.5096930788577457 0.03194796956901372 0.42757390264673373
204 7.246557345559856 5.554245453877558 10.74403077871108 2.5526379187037014 10.20613148084901 24.18694948476968 3.4918389270828625 1.4432431717567447 3.9852004991579038 11.984422327708508 29.871061354589457 0.5059964409647545 0.06860075950886561 0.42419780527474366
93 7.657374100791272 5.869585275625535 11.050480002722598 2.001105101759512 9.40536715898219 25.943698644635628 2.6660208708092874 0.51442003589537 5.950806966155461 13.241734233221884 32.51467135974454 0.5096043159720222 0.029918766636535046 0.4278648114198144
95 7.3205642205072845 5.8320206582978775 10.985600799616687 1.9402575514392169 9.012710344124802 26.483743274534827 2.528402725768442 0.5489965064876632 6.108302295864339 13.915791964813428 33.20403981388585 0.509826189432672 0.02064905824346452 0.42879477772524327
100 8.023948694121742 5.676149161438238 11.36324987032196 1.8286631587277034 9.390048501281223 25.05349366725354 3.3624011868217463 0.9460275189263497 3.8629012523512847 13.967181849360403 32.258305784771224 0.5087024003555835 0.04091405633231195 0.4278573665820828
108 7.8171094835185 5.638986065501944 10.94396540589086 2.0986760644364604 9.437360999800996 25.695777069639266 2.8590589704747504 0.6605814321134877 4.930040189013511 13.71124655219467 32.25652492040221 0.5081655217712425 0.04721023753764877 0.42680996203054866
109 7.2371284233514155 5.992669192898286 10.944315189834555 2.1802447583955495 9.824888618059864 25.708046064641106 2.5375475584422182 0.6994613210020142 5.3893249015431905 11.771179231179806 32.39231502926396 0.5098113336582759 0.030711565634281915 0.4274996015789201
110 7.755608706017584 5.847585107631423 11.53715577396181 1.7467593964400698 9.529030061974897 25.8619078167714 2.571284169896309 0.9828850148206185 4.395182147860318 13.278937306415942 33.08948372520658 0.5099388492346523 0.014939501351065898 0.42804278862274137
119 7.652812262767684 5.637621367517612 10.622006599420688 2.4147894151613105 9.58291236256249 25.142466911566288 3.0888337185840262 0.8822307375701375 4.815869574704481 13.303871707070076 31.62218062230629 0.5080565106011243 0.051310797971511765 0.4259473678393368
118 7.58700058674452 5.596487149538786 10.809831650778781 2.216814247035774 9.226225064769165 25.489077601395046 3.03961824551131 0.6327924976638121 5.526924782067968 14.346654697301119 32.210641122986374 0.5086273589773289 0.04703579681380062 0.427215914669723
120 7.657818634303027 5.574879510904332 10.883305033330414 2.1753819853579968 9.771194461865054 25.260408627923955 2.9281667111848373 0.74902749534828 4.59802319739816 13.599346293590589 31.186112986528375 0.5085485969014314 0.046336515769761076 0.4258978520477605
125 7.659045580756819 5.656421682314689 11.061791007327743 1.8011824255929278 8.373122734347385 27.07785546125657 2.517168773100171 0.6138459191452241 5.734106463925079 14.963777469735133 34.89335247618296 0.5087411990439611 0.03657361622785776 0.4278536692764742
131 7.894916807147061 5.367894299571552 10.801526261711132 2.1103323208139875 8.840400916918096 25.467933402229896 3.2773564652671987 0.8768582325790039 4.723412717042276 15.118525186799674 33.149074578025896 0.5077583937578566 0.053832159186710526 0.42595272054929656
132 7.412716544823039 5.846514723175892 11.294920432022899 1.8628895035836537 9.21442463598155 25.640328728605517 3.030963907983616 0.6015286046510263 5.539866021024996 14.19007201363502 32.30260785731585 0.5093258427584293 0.02604473089670546 0.42876370148145104
133 7.91924620824913 5.570302881474608 10.834831993804347 2.0628241727455796 9.70227045629884 25.767389631053028 2.574379399382569 0.4205936466105047 6.16505630623612 14.35874746213934 30.53716287457895 0.5076352173289724 0.05743675451443246 0.42517409438219117
156 7.139468022365472 5.83808821184666 10.534253022560803 2.3559692647278037 9.510574109247651 25.55014636375603 2.9704385524680235 1.07605306719707 5.031125914996581 11.792968393647856 32.153064568810954 0.5088719043537557 0.04040356116727591 0.42713914045840534
158 7.6008811012014785 5.633668057819409 10.832031610533003 2.0112583696258977 9.164010057871156 25.577884657711383 3.1155428692000497 1.1291778828306709 4.7585420514855645 13.26939762248875 33.05274835766429 0.5086946077378713 0.04187517579226135 0.4269511468813369
134 7.608457468516758 5.432230428203844 10.68575661970396 2.3844414738659836 10.083556474105793 24.87159061187847 2.9260471285416325 0.814095748254452 4.38798923812433 13.296437603499188 30.352882969783344 0.5076890999512036 0.05071770723784425 0.42712619903808313
141 8.047005206076353 5.572190082549351 10.956027635214618 2.056853279529143 9.100436688154327 25.515260814544586 3.1141492794536356 0.4310428648018765 5.4723531176858335 15.555272021338208 31.81398624945587 0.5091042897586816 0.03917468264125709 0.42671780049642277
142 7.424100617087894 5.745633230267386 11.115067608732211 1.9045558581556206 8.945154000588218 26.768985052854955 2.3512266354871163 0.6996923662375257 5.240413548477287 13.203272651764538 34.62388195209999 0.5099531497899193 0.01952222789637494 0.4287320351935113
143 7.3138459464299155 5.781119553570066 10.782120866966949 2.097661260801578 9.338965234194477 26.49789424140234 2.4342575430957107 0.45898731974657964 6.154820615443411 13.583768663323696 32.16671872897411 0.5069043516288811 0.05861327673030301 0.4250494227105963
166 7.744038076828069 5.797254940269997 10.75111241403974 2.166454601263787 9.315727818228767 25.365738109572145 3.174734631693463 0.7790952133367504 5.646247435146346 14.46781641438216 30.996193558955788 0.5078803100281397 0.05643498108216522 0.42555139010068616
168 8.057877124068735 5.335230251537872 10.603082112926742 2.469193655305799 10.164367543980767 24.916958167095327 2.813800273907397 0.8740885978903602 4.211233746639892 12.930648621695228 30.99196119375062 0.5084197688403469 0.04770082785414527 0.42644778727600396
144 7.7215982782494885 5.445970485585503 10.959142703457006 1.9738449003265424 8.898305527264299 25.94970245436427 2.79770514940373 0.7567124772346936 5.806397627493399 15.318482087765345 33.26849620473714 0.5085629121194783 0.046782305057747116 0.42652319719317255
157 7.715331863991069 5.715513825981838 11.251706525288197 1.75441971946925 8.524775199161958 26.441793350315454 2.8865465637953105 1.0511777272218548 4.599834606558297 14.457814376816836 34.87949124443351 0.5094026543219536 0.02775629259661237 0.42829946501133387
176 7.468119755724515 6.025043390361871 10.92193328175471 2.2109393458881463 10.294246859600571 24.80304593890792 2.806514991409273 0.34854875178273376 6.214991242126784 13.1882203359165 29.3509972900303 0.5086435951915959 0.04661267081207168 0.425973890644626
177 8.000740911724735 5.380798077778811 10.469896548930826 2.545829887165565 10.163405712026353 25.04260615042778 2.8093542551942723 0.26342699496935024 5.512898108711337 13.969312949220253 29.5465743320896 0.5090863073366784 0.04255784859673694 0.4263267791991045
169 8.074377054273072 5.390515098740708 11.108262474356453 1.9680857320891774 9.454994509315801 25.81214929288063 2.5899022838313632 0.6376380608919883 5.396277882997145 14.889112370076898 32.079917499368186 0.5059840992406174 0.06347424538386925 0.42457264950816814
159 7.217632712240501 5.910234956786758 11.517256842914048 1.6854437320270752 9.1498539472646 26.39587198609659 2.523699667862009 0.8630959615871959 5.168371875908531 13.533545124597318 33.47880477315488 0.5094162355442606 0.022859031277089284 0.42876636861306894
182 7.262638502657908 5.424112854136089 10.524380854474034 2.5074150541276308 9.884351316513163 24.950063541144875 3.1194984117761893 0.9170195326076392 4.659004205886341 12.157444765388043 31.465642290754445 0.5072928791327471 0.06039449745292331 0.42448667862955225
181 7.520595524116379 5.815844449870087 10.969573513231815 2.0481495557959892 9.727606683428961 25.232014201280965 3.0637897995215826 0.5551373315738707 5.676277466839775 13.932000633003655 30.36643501398632 0.509189301849463 0.039330841675616734 0.4269745518014329
167 8.021509091248213 5.476847426428696 10.919195088886456 2.258166004626569 9.948437092651496 25.209024140468237 2.8302568458129533 0.7654033706514157 5.153897247751456 14.069897556844388 30.496292571476147 0.5078702507361875 0.04702785734667003 0.42689471654900757
191 7.801461294175081 5.4263203011799765 11.246261363692955 1.739577071873335 8.371670251223735 26.127878944228417 3.156652333529329 0.7319070284251236 4.734668786375127 15.730395127731516 34.49731599721687 0.5101114580041469 0.018568230392690847 0.428701186572773
192 7.572193147414312 5.711071844394402 11.007053961758345 1.9490210050530528 9.19523815878766 26.58062388221342 2.308912301498021 0.4376486693812956 5.8032935360315285 14.294142978428154 32.332431792712214 0.5091954482234065 0.03497942394906788 0.4279860565366018
196 7.913890034057669 5.440932092450503 11.078632973618866 2.021722350560431 9.117245100044775 25.886514814811058 2.8144833937675595 0.5825997843962046 5.097778385162915 15.362965292646317 32.372361703384556 0.5078669773865723 0.05275518878067304 0.4254588621373003
197 7.871941393410259 5.598912982944205 11.381032321399765 1.7838842918304991 9.406055994431494 26.009550730985573 2.6110960837659727 0.7273438647146849 5.095592358027119 14.267930911093355 32.401453256533834 0.5083525488165785 0.03524444438934931 0.4271305010050918
135 7.657652082738487 5.703527377399471 11.292925261446362 1.8537230028700569 9.603627734815818 26.10770949606386 2.418189771523283 0.9085718126635263 4.720478801449906 13.365709836671767 32.579064301652195 0.5085840511897101 0.03952181520663551 0.42662211074372997
160 7.8716484173319845 5.505833590319849 11.272951538416441 1.8701555178783669 9.553166593844212 25.597802203091703 2.8567338186928426 1.0761466674269418 3.761400551567158 13.786643823955098 32.2888330822871 0.5091294603565727 0.03506107343206918 0.4273844996631557
184 7.224280230475726 5.534622210732482 10.396215062529906 2.7209319183177536 10.400179862979968 24.783487650053885 2.767612459662788 0.7744872396802626 3.775265108236241 10.789723771007498 31.562215519418555 0.5095146292145466 0.03430590229306764 0.42745439700118115
136 7.688493415454295 5.278401940212185 11.09227634781811 2.3575389442158143 10.843120657186132 23.932037713449485 3.156637751623334 0.810337254665145 3.4115779691514656 13.18980661040609 28.67107596703725 0.5076167589927196 0.04931417270653793 0.42666437995294226
137 8.037926712445026 5.394683488838066 10.876719178972946 2.0014384133617966 9.50195116154888 25.927413653205164 2.620948879043824 0.9564926708366837 4.643365486261017 14.139663492034106 31.81201152936489 0.5065590910857382 0.05971323579287382 0.42538124573810543
162 7.650304602773088 5.359002901431545 11.374260454970614 1.8282599085732196 9.65559290710614 25.989205864784616 2.4827215417453337 0.5697031784935436 4.641687129149251 14.14333026546822 32.265236050064914 0.5084828927918316 0.032929959448248995 0.42759855572312877
171 7.9566381153276415 5.172888020475757 11.047584292115374 1.7786649681809465 8.933663202461352 26.256369599632357 2.7436600010337577 0.8569084412231254 5.0169271909233695 15.935507613089499 32.099263772007525 0.5072545680527248 0.05741491941159554 0.4257266131532751
145 6.974959969824485 5.629060595371304 11.155050485615488 1.8904970658982407 9.29807012301423 26.615978003648028 2.220728222247957 0.9501447108657363 5.169522226343985 13.27329672062096 33.549347902280864 0.509004688233452 0.036805504154115716 0.4279161713758387
170 7.2766662219072575 5.559824383282543 10.954592541398158 2.2328231074330245 10.699254549108614 23.9000034506853 3.3054645755909 0.8463449525200778 4.638237425984172 13.285594868917643 27.71260910930505 0.5067599344808434 0.06153000616634244 0.4252156106454748
146 7.203424013173482 5.493724949025714 10.7064294747567 2.079258893714956 9.093446306660177 26.730711244926997 2.318613748924954 0.9561883757944092 5.541732621181114 13.237354484433402 33.76672144090433 0.5079402635083861 0.04639089836928774 0.42733358177920916
147 7.387889629996893 5.727348685758553 11.049770758131023 1.9826534274859535 9.737704177161378 25.87879458789579 2.529752517925115 0.969574783312186 4.436519241024041 12.480583437256612 32.45175058849886 0.5090317569292762 0.028640862421284396 0.4279655315170247
172 7.323756425070274 5.657190312338898 10.968752708014886 2.3861232285468654 10.919984752208123 24.173461544097275 3.0552655275547442 0.9525232272206478 3.858391275848157 11.600093651766931 29.047935896716346 0.509181463839869 0.037187005257509426 0.42644200432216206
183 7.058591204301288 5.710932851747019 11.04753607684282 2.2382930930138976 10.282312463685017 25.01386008393602 2.6637730412360328 1.0135712130875727 4.731631005190448 11.470681898966008 31.440953188082457 0.5080752352898084 0.0432178587189957 0.4267193320004951
178 7.848573466122269 5.562305551361395 10.903356161427132 2.2647924011931866 10.003242241609245 25.27500457013637 2.8238500055830085 0.6659072475587222 4.952209021155721 13.545803528599722 30.22827399990897 0.5071186626428692 0.05545373784683977 0.42602216855678926
161 7.532669880877794 5.425248978908042 11.028828429192517 2.0050257408655985 9.662655246460124 26.122452315599197 2.40981469889508 1.0614230973564784 4.268400299209475 13.292083414356652 32.193191804076484 0.5086332652811052 0.0317989246973215 0.42759864962410565
179 7.3367374606310625 5.637413209293721 11.218807504531256 2.079414941008814 10.638200799182679 24.699267242226487 2.7906588348834758 0.7093965094780673 4.562922895115118 12.465865597674672 29.330836276837193 0.5089711584022446 0.03629764811138902 0.4275324719945705
193 7.605078611537689 5.801827972272551 11.383281668513709 1.7968145288779174 10.064605246777901 25.273062176808402 2.682883531195938 0.8585893692420736 5.122108613784659 13.412422533891128 30.105702570805178 0.5086153246753047 0.04068239369654876 0.4273424879929912
198 7.773952475956329 5.356960647934022 10.710519016305101 2.1813159611261437 9.322851888942441 25.84745502094445 2.796724661238903 0.6198665645291941 5.143380675767608 14.609576934372221 31.751939281194844 0.5074463558419988 0.04893645593974971 0.42646820014432424
185 7.809297286332072 5.7409346779493635 10.874203820185427 2.3368745618628335 10.43968223826159 24.208120785588797 3.1903665765179485 0.8235684518389073 4.099146873905268 12.400286152672656 29.767540761480333 0.5098223965132125 0.026516115988037773 0.4275451906218616
175 7.420951852338385 5.842994592052534 11.358664425728266 1.707419547406866 8.473318572664553 26.658419523443406 2.6890331284071407 0.6156872484263292 5.8547549278792985 14.814862387292028 34.736742933066864 0.5096615495425035 0.02944372736029599 0.4286150072523655
173 8.146900677271297 5.529017104561312 10.96381481032125 1.992753313168863 9.393219932816345 25.922529928695866 2.6238140905685237 0.5896113814502807 5.174914085838524 14.677541693227374 31.835231260431804 0.5082029671523629 0.045174762463244145 0.42697488477930245
138 8.029470402872237 5.709115143373154 11.21767537660504 2.049877489736991 10.070584648228134 25.263729429170233 2.721922380246311 0.7568842389292239 4.58815816159185 13.465805501911413 30.797503427505593 0.5094344378473317 0.026831963218512465 0.4272449855791549
139 7.890802056532698 5.466171761564467 10.952503489892965 2.097918963069311 9.487038770196595 24.98744135767274 3.450769330392187 0.9828526328377328 4.5142801065149705 14.196977016458378 30.98998426420022 0.5081799795742504 0.04516294578242087 0.42657096667795197
140 7.680774143174716 5.812820081633583 11.170425679962769 1.8311108968910033 8.968339971765719 26.185898722966773 2.7576358299403827 0.42860888558100907 6.529080486515115 15.141722158737082 31.999456324654172 0.5095421270134874 0.0290881533335748 0.4284507369267416
164 7.030006741942819 5.796109246501932 10.50671935998487 2.305289637910314 9.403764693840342 25.852862682050013 2.7114518788223414 0.6384970176182863 5.786156409606754 12.763891885103344 32.0361507691673 0.5084204691953698 0.04513359913469501 0.42662519735422005
148 7.408247185782887 5.665483605790591 11.059498962914601 1.9349326774481435 8.824595754837045 26.779904356736523 2.3661238973040524 0.7585687519390192 4.769469338536231 13.51358820900305 34.99185439601371 0.5089272386730163 0.03627684724579055 0.42735784091302126
149 7.3042620174595765 5.8789823186926355 10.86666070238608 2.1861586220392173 9.562626559234731 26.19837941955434 2.4246533479334444 0.8546040389059778 5.0733724395488 11.64238261138837 32.98710355911566 0.5097271159252647 0.03260775325997307 0.42801539964320856
150 7.5016772705337225 5.8395599014151855 11.09511228254463 1.9163152612939318 8.971230556837567 26.305548939968297 2.6194340463129087 0.6196055378618694 5.7950193359063045 14.288490960563207 33.33837009589889 0.5098729880859532 0.020320379809637117 0.4287551372714108
174 7.6119167474491025 5.992287362045535 11.001327033564168 2.14686809732016 10.055905040954462 25.765790693756035 2.3730721224001967 0.3321305993423332 6.40621108544271 12.632643921181886 30.947480193724417 0.5096808107327868 0.026786123178764897 0.42835135653284084
163 7.8412013235711955 5.6348512532477715 11.62105829641138 1.5222248683254893 8.763274465112707 26.334664996645433 2.8343688966807776 0.9144538427428011 4.531273097765594 15.131159836570223 34.01235740927909 0.5095322491378532 0.032986862074155 0.4277400285525186
165 8.030250829258042 5.709817994784526 10.729652811589265 2.0503123093664994 8.79418388410292 27.00372891139392 2.383470733436827 0.6680682915088048 5.4355635358883685 14.03768782909706 33.64330119425548 0.5085911012458317 0.04095784838019171 0.4275301656665931
180 7.300773876423594 5.727968930523028 11.016259815096346 2.0987190274749077 9.84743872755813 25.292212341233753 2.8402860176183613 0.6732814741650905 4.895324445654525 12.576542391459492 31.842210345254866 0.5091233334002895 0.03770062769152132 0.427434559093697
194 7.79682533157966 5.597014176122457 11.357015437981003 1.8536975101319648 9.658743411418753 26.1125140015473 2.420546357740752 0.46270522174943984 5.113888547604822 14.14368647383688 31.89254401842435 0.5094977208294582 0.02246078042682083 0.4286977149894256
195 7.388274843672061 5.809871607146197 11.225140581251864 1.8141963683042668 8.797982214819731 27.048584473745027 2.309518865467906 0.703325845437602 5.410483491187618 13.787424098647108 34.4829714790419 0.5095672134821281 0.031894017072663074 0.4273772319056014
199 7.687222759488904 5.817483684807967 10.936771840579393 2.0759106478895566 9.773947484504962 25.826493660224664 2.5966403822729323 0.8534955504242803 5.24293900316236 13.011457493444665 31.217722346595806 0.5077678687878936 0.053142538986081 0.42567759833005564
200 7.42290461808831 5.790639395754782 10.905326654399126 1.9539211055142987 9.006822970713078 26.28536683403064 2.693028204005105 0.6342226455316267 5.854437354209513 14.47732566015735 32.36012343327913 0.5073584957900824 0.05762369829086034 0.42541181647680176
206 7.494790642183391 5.857890818463432 11.027275247912764 2.0560670935534424 9.255766341439237 26.45666048170821 2.3898029752489838 0.6902731456348989 5.561128105329783 13.040503899159747 33.377396687945485 0.5092773736660899 0.036955080927668214 0.42760554368153975
207 7.926865188635728 5.382676270306953 10.257898530855009 2.8204339226427937 10.332145335610438 24.490724527956676 2.9678834329967683 0.7997281753500254 5.08225158580047 12.825102367065083 29.464116984665058 0.5037063871112397 0.08008968451294421 0.4220972277407976
208 7.444058375955909 5.581631032909343 10.451874056097461 2.2688109833967935 9.074337103701282 25.202189887619024 3.3720075176050397 0.92356786083906 4.789946630642943 13.466511915165137 32.8917333624677 0.5067677086627146 0.06340278168261733 0.424864516834272
209 7.996133532083875 5.673761272470144 11.296121733807949 1.971720071317368 9.90470314572588 25.5840383963207 2.5306795816888883 0.47853226893476497 5.081236517165159 13.696281370769228 31.55539886544427 0.5090345362141784 0.038319083589758135 0.42704820391847303
244 8.118972167692782 5.239935597055191 10.782500981950314 2.310574464589717 10.075620083727413 24.617919398469553 3.3428106876076518 0.5998270604653103 4.6050030230550645 14.470173224780119 28.92696415622475 0.5073142339762857 0.05697526797447264 0.4249973180884042
243 7.24998910770153 6.008664823966031 11.056897419108351 2.024055208084758 9.636259318296908 25.467442753770687 2.843103938763026 0.8729870506717736 5.410022985441124 12.661377492301321 31.389577781907512 0.5093338271496974 0.0307968713400805 0.4277222616082943
242 8.077998347788421 5.415055711258175 10.933243122419183 2.0235312782514825 9.246735229812929 26.077975650926803 2.623224513801035 0.4214242344531902 5.964317661107539 15.015350030579057 31.990951749668284 0.5092252715979421 0.02759051670448206 0.42809535441835006
234 7.649636518679788 5.5310007148097435 11.221433644379701 1.923600334011715 9.609799196166689 25.312091936751646 2.98602738099765 0.8557079818705393 4.6995355389549935 14.14975068049164 31.604708505620227 0.5087612897755459 0.034814148871001455 0.42807305236891874
241 7.649610693651938 5.855745009471512 11.008192165358842 2.109844469098456 9.986911967497354 24.994704702382815 3.0965385940414536 0.405972937954605 5.793323025028889 13.551075946900296 29.1259546376889 0.5092476227577062 0.02833633662089262 0.4276725467231983
216 7.738388541410788 5.694672868433141 10.620241907362036 2.4013161368466616 10.144473755865969 25.3305011950816 2.6635237035861845 0.5665918719082286 4.592828569527007 12.060037032748976 31.179811353759387 0.5090258206340293 0.02418578240300529 0.42841039451170826
217 7.365978758025975 5.729889704234894 11.150973161680987 1.7903230529158536 8.746979751754978 25.604100394539728 3.1437179558526167 1.203439610900616 5.5638314740711 14.938423319220998 32.56283686402557 0.5079554830829289 0.05245691598675927 0.42566503655199284
218 7.607687347434678 5.591668593740777 10.748800558550064 2.230066456918592 9.583055625519478 25.22886075757093 3.0910486394040833 0.7327723077193108 4.8468968173478375 12.861720687559714 32.259241114935726 0.5082806032015562 0.04988275548476895 0.4257906574637316
233 8.026519136689064 5.313339753757279 10.828349858087929 2.1197046279882725 9.200217156406021 25.842208152035436 2.8138613965025927 0.6040696389428545 5.53821630414839 14.456138769893778 32.746019795234055 0.506508599264189 0.06287735558383764 0.4249337467479504
219 7.258194064704039 5.7547674974097545 10.645122724614762 2.3404011163466536 9.75802081095052 25.660451950374974 2.64204082139387 0.9998108756576989 4.289753415028175 11.384398361906007 32.71988892018001 0.5081891323834411 0.039896668482455995 0.42709895262902287
232 6.984114094909793 5.871930936531654 10.811747976171448 1.9521562482156227 8.127692630318432 26.965611972377786 2.7263148325319086 0.8473328666500342 5.529842810139351 13.381546721987373 36.169376507021624 0.5092532833438078 0.0293057014661826 0.4283924818838718
231 7.410433371336347 5.548151825598455 10.425288029737606 2.244070911289185 9.028275826672095 25.873511845577546 2.9598908237081982 0.7762547455027449 6.526533574839435 14.858283906874751 30.88489392220035 0.5051951699101657 0.07368783467853654 0.4231940013974134
236 7.398367185404061 5.49205676881654 10.964626237545124 2.2074538564233888 10.611386984183603 25.082678242389836 2.582172323105801 0.6158553095822912 4.312965903180536 12.31607944528097 29.92209076568057 0.5084259500648052 0.043962605146939136 0.4273807352120248
237 7.9046096355442454 5.496107298365464 11.47300328049854 1.8254838516520835 9.673347027373719 25.910537045047235 2.529308299575735 0.780917190569466 5.252501439012807 15.379891209438853 30.736239713600984 0.5092861019951728 0.03823350709453656 0.4266025493481159
247 7.60516103443369 5.169196851367583 10.653098988408894 2.0186688568025057 9.479895769089453 25.665869600179608 2.8878846229530852 0.8957111845233979 4.811009251630242 14.820587183574522 30.595159084785564 0.5057073376514899 0.06613647577961478 0.42518788913819083
210 7.375011896450343 5.835799486220645 10.935684208471322 2.0991220172391323 9.560693674195223 26.286629778937375 2.31230084835107 0.3375896126208543 6.092005498296308 13.340170207798378 32.19156536441105 0.5092006868006083 0.035997607648379004 0.4274030410379644
246 7.240752056444124 5.751121514905436 10.728293611501089 2.5672683936608274 10.748557714538698 24.523880685837867 2.8441647175452873 0.8293685319734552 4.830522954752863 11.62051059340175 29.250062651310024 0.5095413251577093 0.02381567288573485 0.42901326965356446
245 8.12412432611528 4.952653904408093 10.890353433428949 2.0867661601527194 9.46190298558514 25.73037031544214 2.836885053547306 0.7055014506666774 4.158369570155537 14.838641285411 32.34150093369919 0.5088476827466418 0.03465924259686289 0.427657774320081
235 7.547204212149377 5.456496927166788 10.97535709789743 2.0219669908381888 9.219295294154245 25.737550667462727 2.8568477144821154 1.008448612842279 4.942915417519646 14.415574933271186 32.818465664706096 0.5082865304279602 0.04704518927004358 0.42694412307642443
211 6.80700075507954 5.756283431578028 11.003161692311009 2.0211471045044522 9.622002209528933 25.93457253879456 2.482726309301949 0.7649908689618676 5.105132292022288 12.740826730857652 32.41112112382321 0.5082626007724022 0.04599586087282979 0.4264796212395688
212 7.401297616484838 5.7070027968172266 11.085191518167072 2.122254971821456 10.374044586800803 25.581346101363998 2.243698496697392 0.7362608497389758 4.796947674895795 12.055738084890764 30.933532539013278 0.5079488024450778 0.049448529777141544 0.42702075317411764
220 7.767242969912859 5.6759947077123325 10.458895707414596 2.296748262609986 10.135391294883405 25.115986179106805 2.9918995088232174 1.0102722632620709 4.9476084641755005 13.142032640835902 28.76144907628074 0.5062217110723031 0.06509616498702729 0.42431304543780074
221 6.666443586309067 5.9157694741800215 10.798301798612698 2.4363736351082936 10.680693831392885 24.530140240629404 2.8943622653963703 0.8333224716414871 4.610472730599744 10.390532706686422 29.998376488675834 0.5094633719258573 0.030834734537797507 0.42795117419086154
222 7.644029727224577 5.623673979330331 11.536833793884593 1.6879051494877289 9.469188028812304 26.170081540031212 2.4784105179425326 0.5697025135147895 5.036241177012191 14.335702980508577 32.43553252397877 0.5094044643174446 0.016109859334401226 0.4281353124403983
250 7.848448844258032 5.723521586932385 11.24177333227024 1.7667844797668115 8.847167785324702 26.091208513561057 3.0055012369330583 0.8182792087057605 5.178720342467062 14.652236101525142 33.07348852803309 0.5097424021705633 0.022517605214446547 0.4282070764436247
249 7.1730345526976365 5.723461574609891 10.985660525555092 2.070579930073458 9.304462739392982 25.975974389526883 2.6681761811828073 0.6537972536698193 5.43035446618547 13.723481883379511 32.67644088709711 0.5094119555721817 0.02433025163001185 0.42840080252521595
248 7.780449362908409 5.565621087393278 11.261446561140813 2.0452240902465806 9.910640784222789 25.08249283777857 2.958360911522303 0.5658538679331161 4.758725357599056 14.006233084709406 30.611405735400005 0.508619957614073 0.038280796566069475 0.42785733339185544
238 7.772214474980234 5.860529231112585 11.194372234031036 2.12358754737036 10.837114414980752 24.66121994410408 2.616031050001251 0.7462936282062687 4.181467007505485 11.611651286552602 29.78518811411149 0.5093011071411808 0.027857649472632 0.42778062543509765
213 7.462470577532689 5.370060708336149 11.017240558061863 2.1849284151840607 10.191363116666404 25.246947092024836 2.621671073882676 0.3859452640369771 5.061344338366033 13.880210630656661 30.221223178360354 0.5084918135452864 0.03709125798718993 0.42757052819023894
214 7.6809044715857056 5.5278430739719555 11.04236884257229 2.0238258650375807 9.497506093591117 25.561191485659332 2.8970242840744893 0.703308379313396 4.489008013486468 13.571032593188034 32.485496652609214 0.5094928266329537 0.03074348258882784 0.4278977492059356
215 7.2188708002823265 5.806797581685764 11.01427919926977 1.9833113888312037 9.318770132463817 25.791921883612822 2.703556646032591 0.7890548568018836 5.801087172632376 14.128873785851805 31.776138694764033 0.5075976235800206 0.052436727457719 0.42569985664390353
239 7.561366885486327 5.682978375647339 11.133319851919335 1.8902583623988076 9.16435915562295 26.275711210145335 2.577015162200779 1.1313506494697203 4.268396325946373 13.03409105795812 33.79980122544266 0.5085826915020762 0.03956129283126841 0.42707846231387536
223 7.571557896659854 5.484832419243434 10.799299084098147 2.134515994360558 9.55085628652743 25.09572554074201 3.1720844502711856 1.02127031235853 5.073911516141459 14.502314915761852 30.810107056076273 0.5066886998528496 0.057705544088932394 0.42521626892750947
240 7.340538609899302 5.849548725510534 10.89876945425964 2.0910242024911874 9.167780480416551 26.32193728826247 2.5186639259661487 0.4783316666916475 5.7432882135007 13.241694179835772 33.25915698200445 0.5095085971016586 0.0250088491437122 0.4283517347595155
224 7.225732750455451 5.537301275194151 11.206923874320736 2.0799336164849294 9.461952050103651 25.029683779186588 3.196428622821598 0.7963706045296478 4.43227518216538 14.20772350784239 31.7961877206386 0.5084881581103075 0.04216404940751716 0.42763837979091834
225 8.094474447010603 5.3043836572765795 10.695301147850246 2.1827036324748432 8.980484155919 26.64420822723426 2.5000123654454387 0.7187183176085903 4.456476875412951 13.959460991437656 33.8640984593491 0.5084781723134862 0.03905171808528968 0.4270842435177667
