# timestep 300
# phase bcc
# id f1 f2 f3 f4 f5 f6 f7 f8 f9 f10 f11 f12 f13 f14
1 7.298303823676968 5.517299110171216 11.142364978339613 2.041962524319799 9.497154335072192 24.68728339351418 3.520222564228196 0.8736008060643198 4.2990870938825045 14.368664814872691 31.33356964610534 0.5094946725460104 0.03441473903707945 0.4277925764587599
2 7.446668721930475 5.553497178417002 10.881850039309128 2.0531716606346095 9.478524066896258 25.988376327594626 2.6395092683075596 0.4773786473932364 5.571121043782114 14.321809734645473 31.533882132931566 0.5096245236848265 0.023636357582964083 0.42754491886465357
3 7.175648554854247 5.804796242301852 11.192983043601703 1.9648063090171948 9.488896552316538 25.586684346829944 2.8088893747801786 0.49299232415002964 5.876335868390951 13.810870585696385 31.84842216834478 0.5092530365481527 0.02704371837604773 0.4281206683324645
11 7.231804430893116 5.387368110057327 11.400020880638126 1.9339667334715709 10.009822106508782 24.761229213187008 3.1554303084033464 1.0101128047909282 3.160406579163613 13.03354780898594 31.599409132895676 0.5092485919033714 0.03452081660347994 0.42791947638904054
13 7.224633300561445 5.655208280318267 10.746921265664485 2.342301241525853 9.980535870010216 25.8612616464527 2.314741472053352 0.6598673440225672 5.459899851176292 12.986422298910972 30.981620721810103 0.5075754489362743 0.053308541322516945 0.42584114248279115
26 7.507771126826199 5.565178756144025 10.850178104595985 2.034175458945442 8.907944446354414 26.2185357477424 2.7682078786807924 0.7791553639221315 5.056389643391206 14.253130137470029 33.19781760213823 0.5084560208957201 0.03604270098237181 0.428068986188405
28 7.400970549600572 5.77347828964682 11.302460103715406 1.8472922041237976 9.1457177515391 26.325384282401515 2.582535099988538 0.32967453181918793 6.602099742912654 15.100504181449768 31.991961034952766 0.5090424308835589 0.03469830630126157 0.42804885478138255
36 7.76038412690214 5.741796507624391 11.046226890915344 2.297742327096382 10.276693899829466 24.954848958996525 2.7668138164450045 0.8391844369662884 4.182630287543863 12.87148690865386 30.22397597891251 0.5068815499870859 0.06272251015166981 0.42429635815355926
38 8.118038425106601 5.956588861556858 11.039698384162207 2.1289634187757254 10.351721482888419 25.60785135590899 2.3566870730544043 0.6787757563172528 5.039245323534303 12.018114791333577 30.42644118036377 0.5089637532031362 0.03343677603599948 0.4274184530208314
4 7.353700091802163 5.720947576527535 10.67189430313123 2.1156951361774983 8.783286691970389 25.650083783435026 3.1764402349993532 0.7863604326164017 5.039943676217417 14.606479070816109 32.49430279224203 0.5084881302434905 0.04201621951700123 0.42753969396008057
12 7.247578519406425 5.550090800621396 10.787078297066008 2.284613420090415 10.004084187623791 25.028631954650944 2.9761729396924843 0.9839926000747014 4.1360665431167 12.41943694422685 30.669153051242745 0.5090067879461629 0.036508490996612575 0.4270816965778169
21 7.467685288811476 5.595278074465332 10.638044892249324 2.3538905314790592 10.113504031554427 25.033328833762187 2.8887686966256645 0.9625078696726067 4.389880851579527 12.745617662630286 30.09889093735542 0.5091533227631777 0.03516187731955629 0.42772082110290804
22 7.533015837124659 5.679622026416833 11.214455391745698 1.9220960738570314 9.58356001326414 26.052983867441533 2.4776493641719886 0.7979264156760282 5.007988226723207 13.684625050329347 32.295954729701975 0.5089127138076721 0.029822065377990526 0.427398874897048
46 7.116459539958138 5.820780080721857 11.202913301678498 1.8642174846437938 9.258129676683847 26.032447141483136 2.777699979928194 0.7872123299986449 5.178756305954578 13.399270195093425 32.61350491583701 0.5085468459146062 0.04222107122937746 0.4268183565858263
47 7.618609349652979 5.703370724936054 10.815024523334872 2.1987188453364124 9.529478000154944 25.141139534990533 3.076317027550861 0.7700546410160563 5.503765104365037 14.472942724797553 30.65741860954868 0.508758950646434 0.04410632879348647 0.42716590209249833
14 7.886308507270846 5.798530898142928 11.072958255002842 2.1078608776020933 9.692573679127841 25.144025840042158 2.9790467027061673 0.9463589237005632 4.928463438569382 13.353078107830274 31.51987277018468 0.5075072784462311 0.0490334113116151 0.4265260044180073
27 7.595330630428449 5.467311217169949 10.701280954506728 2.4336451425837358 10.026060888860265 25.5696875169741 2.5953207973168273 0.572914226040511 4.919191878618643 12.287388167935294 31.48055287384132 0.508249535367527 0.044034918942132885 0.42739285425093604
51 7.26026757304555 5.665354219098592 10.924819308624702 1.9532884428800534 8.598754918500173 26.24686752334272 2.9454342540320284 1.0532462608734094 4.741721493142617 14.129487829759174 34.15341683535517 0.5081028308089997 0.052618200933988904 0.42598089899048985
52 7.398484322794615 5.555588610277076 10.868429711748014 2.1122942888737755 9.259092926727586 25.570305815967455 2.9706307012774786 1.1080951799886787 4.951109585033373 14.0863136246764 32.30151462630149 0.5068296232123983 0.0615868336184555 0.4246957118631426
56 7.882799586700247 5.558162353330606 11.337567166128872 1.7822324433920287 8.980005459941589 25.768850391886776 3.055647315542034 0.797057662045163 4.704310654624394 15.343676988626978 32.87488024879673 0.509620312225769 0.029964314215285014 0.4274083936808329
57 7.813509367777812 5.430167159737606 11.287447960739778 1.8368466610339869 9.247724560130447 26.45228150881363 2.4622843189968417 0.7527728387974814 4.711083993853959 14.205630888632445 33.338389548641025 0.5096475753707285 0.027463943151698936 0.4287717994189892
29 7.5197630911030435 5.708503498234549 10.71271934477506 2.296750370506798 9.73093486127314 24.90054560680955 3.2184281658419707 0.8579662220685184 4.824017243780903 13.009362334058626 31.017093610913328 0.5068089761520296 0.06026387880081218 0.4250382829832455
37 7.689486150919258 5.5904504138580515 10.87468274699343 2.357239159344462 10.488422123359475 25.122641355519068 2.6264413780110987 0.8194541050722114 4.347595700306879 11.156239756420609 31.097524562494225 0.5086718062570825 0.0412831577839808 0.42744601010255595
61 7.693112584299489 5.476704534718025 11.299213690999753 1.7976676680125052 9.042115066119988 26.55779507351373 2.426678655056609 0.5835224366267079 5.550687676202467 14.28497879160576 33.99080454118582 0.5091369359621416 0.028481414100900687 0.4274778439548259
62 7.5581374877540215 5.739071687965054 11.064666446882825 1.884387564102759 8.878662736559564 26.256776438443982 2.7423392243967646 0.9941482439697107 5.072610512815446 14.475307852159963 33.42576250263818 0.5093035948774125 0.035216598964011324 0.42693381738129693
39 7.505293790741783 5.605084087125447 10.6952189398103 2.3873293489092697 9.721145643608708 25.19335650049937 2.954111894035933 0.668848930484302 4.950412416608053 12.772820823552808 31.886868052030966 0.5094020438751976 0.03428644666101027 0.42724297952239243
126 7.707935515447252 5.704802026718303 11.251752421515002 1.956982743580382 9.598299302499228 25.91778487109623 2.4492578106205407 0.53797920310269 5.355358249630687 13.783737620897138 32.54738888706986 0.5090674877443963 0.036232373564295935 0.4266247360093992
127 7.353636081080437 5.772670610187998 10.800407888292716 2.3439961032299443 10.054476218972138 25.240565973473178 2.7028907527146653 0.5211620128246499 5.123393407642592 12.912939802569193 30.376678243239905 0.5077487522476388 0.0501894285348328 0.426204099885831
151 7.780037916304878 5.608653187471211 11.168386437138698 1.9027685388088798 9.55107932436608 25.606963151539333 2.9337764000638993 0.28588686094974836 6.330079657602606 15.370357474006031 30.308791971116865 0.5087262135794498 0.04126823957518659 0.4268623964128504
152 7.211561227451235 5.653945312473876 10.877851256460405 2.1335321869532464 9.473043617332605 25.85076017058701 2.7444112880942155 0.551115412010945 5.820937718487305 13.711902678550407 31.74792570272412 0.5089170236771737 0.038749534818483734 0.4273187068856789
66 7.469366995305413 5.603773784760684 11.423975829492434 1.9826031527123953 10.332936433244162 24.705700351849206 2.821497553667249 0.22814713893136393 5.802925093905258 15.140210637306291 28.866092839515858 0.5087294713548616 0.03931051062756261 0.42701883654132927
67 7.220934900102745 5.620440245050321 10.982379617111224 2.3807720112524664 10.08945618830672 25.2081653335309 2.616461551972224 1.0382822003074483 4.157294675450871 11.89657278140782 32.302722472907696 0.5081518237273968 0.05114750334042359 0.4256925234818487
71 7.2830016196505225 5.73973552086403 11.177108122641476 2.0118329044752956 9.827669842092362 25.115179204792625 2.9256221193254994 0.6683693692404975 4.833854637326981 13.592228017691506 31.302574713378366 0.5092253672282618 0.03236342082726295 0.42766640111021154
72 7.627713798776674 5.256452720390042 11.093096132652537 2.199293010248558 10.064066261858228 24.955845848785973 2.8582093880281 0.49354694651961845 4.7574376384513455 14.117556983883347 30.921397896777457 0.5087340305987555 0.04047600859629105 0.4268169548841153
187 7.49132514272936 5.856375093629577 10.756374130521863 2.264725208717648 9.395789232148925 25.296405607336993 3.040461108340166 1.094970934528851 5.15097166986086 13.328909562685638 31.742296316731924 0.5064513670673314 0.06456447275995088 0.4236074139817194
186 7.557855528216681 5.679032053529244 10.60966017868306 2.214365825571553 9.092461050123875 26.05425939755387 2.915750081263356 0.9841596853894462 4.918716763847408 13.15919133082496 32.41766539157374 0.508404767990903 0.04608071914976876 0.4261728537043951
5 7.620807250517084 5.307103322060466 10.339623496580487 2.6862865501183766 10.05873465541726 24.91439916653324 2.8464500302368947 0.6514721297395367 4.95747941838592 13.232844016128547 30.650140211901988 0.506499974542297 0.06463557571709146 0.42350755337690454
15 7.520073266032726 5.562481678668922 10.614484984443616 2.455311251052971 9.972142255702677 24.709040968942016 3.1320698380668315 0.8529102639122537 5.2061905620916775 12.456638486923485 30.941693552208193 0.5077622008153543 0.04934229895855814 0.4256047812530914
30 7.62184132259252 5.494969582616542 10.83852107112906 2.3210600979142844 10.154395967718525 24.18183072956258 3.4638516589063157 0.8792549808712338 3.8780067722408402 12.62101505228134 30.506316181249883 0.5088357862463107 0.04383156208734828 0.42687790724703445
40 7.534337079600342 5.770224322369195 10.553402222546751 2.549026000647713 10.130534615338945 24.4237725925302 3.3007155058790993 0.6489618968029947 5.363633928712504 12.675746676591986 29.623801916471244 0.5049435116639452 0.07202196290598668 0.4239008057206368
6 7.472736646281938 5.591068887030436 10.794828738762032 2.2609915304855637 9.323269594514208 25.44769441844838 3.1687581485070457 0.8383721055614908 4.53255360569883 13.811818568094207 31.29220227075188 0.507198082027489 0.05936222734971456 0.4245119702459989
7 7.787054799635648 5.730044030480319 11.242107932864124 1.906425460645263 9.71304892378968 25.060554767041495 3.1619924320919353 0.5872222792059848 4.887717020128064 14.071223667226818 30.548195156417954 0.508667814532685 0.02858108091078455 0.42671720851266687
17 7.2129895345469635 5.740804924495678 10.608165827734403 2.433735877246883 9.79218767495264 25.27100588310772 2.9769681184922305 0.7807152649133156 5.120271870918222 12.34457808227649 31.049650120953157 0.5070708072008628 0.05851773538684301 0.4256638070449489
32 7.677659864207062 5.580984689028058 10.531207090094176 2.40104653790102 9.762142415554221 25.319217156785186 2.893076870281522 0.502091572572504 5.053750890775139 13.162986093687191 31.357256210652285 0.508223812333016 0.036143589281302006 0.42734492870543245
42 7.08539549166843 5.710904817921759 10.798522676313802 2.0639685629565636 8.875941731017836 26.142927297261338 2.852224209561627 0.889058894395967 4.5517755575428485 13.020568446396735 34.39097954701284 0.5088432935059716 0.031367764706331014 0.4270946072147329
23 7.364576957779717 5.68018522247402 10.990265053570017 2.140265335779488 9.356434184256187 25.899689852254323 2.7057178550875998 0.6717284989931486 5.126384683156569 12.54066537468754 33.46483959159844 0.5083345442554422 0.039990631261246634 0.4276773012232243
48 7.644177955491109 5.397849146206688 10.713423456711794 2.207446025931022 9.284221259940802 25.378934217499015 3.2118381196556354 0.9548344932572482 4.167314466582209 13.605486508422322 32.33923125041303 0.5092195433358568 0.029868852002738693 0.42804686825725385
16 7.932928994176353 5.84778748470744 10.73853842558769 2.1432937691425247 9.917129210143116 25.225416910706983 2.795713328945221 0.29272751227287186 6.426996290738873 14.950695150611267 28.458174963557475 0.508301687708651 0.04413757778588912 0.42718591114304616
24 7.68981530969701 5.725430165872961 10.575750891156984 2.230770808510127 9.495914315617549 25.220735819935292 3.125688451313382 0.712405739254526 5.655196138515722 14.400634373900944 30.371185392327465 0.5082090931909061 0.04784213646076432 0.4265625493632183
49 7.590512974246089 5.561555830130747 11.25209296645656 1.8878325195138717 9.19805355258141 25.89294775240772 2.8337199878634736 0.6185793055557569 5.090848428181712 14.742230886146231 32.6942950543023 0.5100552478626381 0.0238295678136644 0.42776112512249187
53 7.7667364579519145 5.817721155025895 11.030301862731907 2.2650251910771946 10.257361210018683 25.549236265088354 2.3234487169634535 0.6972410226748537 4.865576025606523 12.188863490636296 31.48155705356318 0.5092335965021044 0.032931203516142954 0.42765075706423233
58 7.50781568320579 5.861255114525342 11.212936377600949 1.870068427827431 9.50027987407826 25.700667308915936 2.7729033543855217 0.482812203680241 5.8201330269882945 14.294640382583408 31.244173377398855 0.5088196837444803 0.041334056916306164 0.42662906995464256
31 8.035154817752103 5.482742494530126 11.206812125199988 1.9248217152651763 9.329711932179293 25.736304033099618 2.7469274941311044 0.802644572959626 5.161191044582101 14.758032106197621 32.4240463637684 0.5087166188099602 0.03925472134401991 0.4269679610319273
54 6.841078975222414 5.885963641035926 11.08111493574168 1.8854614129509313 8.681837643756408 25.990530575625893 3.2036798121453565 0.7470810823915598 5.74674268018974 13.973770976563259 32.944249548003064 0.5088924372936446 0.041680793373713464 0.42720585058680305
59 7.530355857993093 5.666079651441559 10.669397004503326 2.595265210752989 10.329742758112804 24.53168797485499 3.0111434232675935 0.6090884192184146 4.810947934485025 13.13233171988428 29.191138818282134 0.5058705714716711 0.06157196934855487 0.42497755034399287
63 7.476821686060023 5.569563347235191 10.72309201876991 2.197347297669264 9.460540829872357 25.85806636819742 2.6621809736536184 0.43558067588228244 5.75159543963859 14.548754243548277 31.118552529718244 0.5082562433119141 0.0461623279633474 0.4257681385906056
41 7.415145404252419 5.646855730953881 11.210329738155295 1.826191057676533 8.840764297362254 26.688143379416108 2.5946533438821473 0.6427768618177147 5.1455310788833435 14.207136167512042 33.966000515216926 0.5091853490432938 0.03245502113580656 0.4278400220291234
64 7.554898626877928 5.724903335086627 10.760920083594895 2.1955973650740455 9.814699207758977 25.570421251001175 2.7652745078484706 0.8015041647987757 4.476832794876287 12.57239536083823 31.466515304987706 0.5089394233295996 0.03840057547690006 0.4270237006221209
128 7.603408430487505 5.668281563737821 10.752876487378483 2.3503317098747782 10.006799308614433 25.00091529553155 2.940357782628267 0.7415424808280372 4.501901412665769 12.436412970007225 31.31270588135748 0.5060876364890592 0.0672789398825418 0.42430487336966943
153 7.460643329374716 5.635370752837675 11.055712203436837 2.0322801674771065 9.376860352494313 25.340979821987183 3.123515813648459 0.643596835039107 4.933036665222198 14.306395994276954 31.878052671046824 0.5094710917751196 0.037779211625765856 0.42689716319132853
68 7.616643530740759 5.733891563751067 10.898042563714132 2.243299923406348 9.692770473844131 25.30870345545002 2.8213570754120947 0.511980515235846 5.781230595111046 13.939607249863238 30.955160351098314 0.5070066112410023 0.05754626343663607 0.42511874146052087
73 7.608534000635184 5.7597022990828455 11.166151564725231 2.009194469959307 9.70715789509557 25.21709688996808 3.0338595592919937 0.6868699233607904 4.753460633373806 13.874539929036251 30.59371204189931 0.5077240581490617 0.05135458144659361 0.42630708778968773
188 7.7089837430025145 5.7419146047361584 11.025400888455762 1.9944303714251226 8.855458042595746 26.047101440215105 2.8359440014080795 0.6295196741413326 5.480612245115169 15.008969218539075 33.149053456275 0.5088702149172843 0.0371758107207995 0.42676658494135306
8 7.328482747380707 5.708704892608993 10.390882904483108 2.4408943359542565 10.04754388014089 25.248707677817272 2.8637129473660794 0.8084626232318577 5.117295837360365 12.272707736700594 29.85214123910107 0.5053758238712216 0.07261387428836484 0.4221230518760044
9 7.654348743483347 5.712085806566871 11.109241352326256 2.1746760283127657 10.204520011371692 24.82185749111401 2.8344929300779773 0.642243742667774 4.56754985080623 13.20851211438559 30.42599887355925 0.5087548610953856 0.04468212778887056 0.4268345979409209
10 7.730468668405497 5.374777145736462 11.021426522398622 2.1949542667341264 10.36914692162537 24.462205366508627 3.1361490326679013 0.9200715757837982 4.294930188634429 13.276065369949695 29.740412842849743 0.509056935457923 0.03955972019288551 0.42655492025104713
19 7.533073959709943 5.56203322052154 11.254825015349535 2.011821449706207 10.0294322423146 25.016464076550136 2.839266340371523 0.8592673527026664 4.067698247381729 13.025034873274057 31.832911084325087 0.5096286480423629 0.018598542216344053 0.4289441427486764
34 7.838307246976409 5.74212651665169 11.06889761253975 2.0317847833640883 9.363545657448432 25.992176265069755 2.6877119898474446 0.8065835815529614 5.467493070669483 13.620401987192185 32.653067974580054 0.5067551181216808 0.055708170032860486 0.42592099467571587
44 7.628975073460014 5.603588771982012 10.91286448304487 2.0930374272101426 9.636820623167768 26.198501674174686 2.3791113220341202 0.6041690178957293 5.451087616494264 13.505474342026154 31.52727596627852 0.5090966462985961 0.03861916751731084 0.4268835804704741
18 7.447326056500869 5.511605507233658 11.29235186710852 1.8484639985217282 9.059267735622804 26.24802470601263 2.612691366500742 0.5255546946439289 5.876376700840116 15.177665429275546 32.97513240081819 0.5097091966797922 0.026724120051698736 0.4280579390701742
20 7.618602898728828 5.358041214337157 11.104818779165514 2.092495145178855 9.73579057671882 25.320958869353053 2.91555809836961 1.2025345612629368 3.2187224117158584 12.884395655420303 32.79276237626724 0.5086578235787211 0.04001548589258558 0.4269157826070127
25 7.913337487369953 5.619694347419517 11.141026599880103 2.055097822675798 9.989441338984134 25.363361771683213 2.595037560925453 0.6318629089136036 4.703211279545981 13.341732246661364 31.66680829940821 0.5094808376377046 0.020741671456298006 0.42779692114018764
50 7.551905350826578 5.633304324766523 11.34020833749914 1.8456625880830824 9.449294121001948 26.353007578868453 2.3211195932866877 0.4136616338021033 6.177750172031521 14.639892788284717 32.053235839238084 0.5088238275802813 0.03254406019807522 0.42810487080680715
33 7.574700667708641 5.621742491355184 10.731670950924107 2.2964065983622484 9.637739819778728 25.48373682815515 2.8977091836653854 0.5509988406571281 5.314515928650098 13.690202626890104 30.640561202316306 0.5077433737095051 0.04850734508922217 0.42643599644906893
35 7.521295331113109 5.940993443037087 11.200988211501077 2.1174749300968667 10.323616762769632 24.79539651297192 2.886121103959273 0.5238334121061703 5.1633845910022504 12.460568617733502 30.082169391789375 0.5092491248404818 0.03453795068332327 0.427446537696501
55 7.753122099479406 5.606563551575596 10.685969040807029 2.2443793845774973 9.012359158547527 25.846407753026412 2.9921899001585603 0.6835643082888162 5.46853790340641 14.563391620601452 32.50302146324328 0.5071509462702378 0.05374203645583678 0.42646687481419626
60 7.926555026627053 5.609614639740002 11.314811076323084 1.9376157215614023 9.48344114554634 25.037944104970634 3.2538901916826886 1.0543550423326837 4.1769324394261265 14.476040814422126 31.313436801953774 0.5083004617245647 0.046275203357127016 0.42664644998419005
43 7.104114107140591 5.709959720752867 10.90909654847905 2.049515786812483 9.603694033693824 25.717099835286454 2.7156925639450638 0.7348636620254501 4.87602340337816 12.675133049271638 31.97803228385207 0.5090392186108821 0.029683043096900917 0.4275754045920439
45 7.374469364620751 5.83763980835514 10.710846128322235 2.1874823746308736 9.704357557028265 25.434527044433004 2.8858798328617574 0.7153822744889164 5.086553695271902 12.708690599721784 31.477097445620412 0.508183214432797 0.03986487199334537 0.42729041645866683
65 7.713940549303805 5.764039216770651 11.278592255228727 1.8692445282782642 9.31285692359033 25.741844034547693 2.8480023750707897 0.9386720461743246 4.93185529498642 14.183461974892484 32.21029794173794 0.5084631833211005 0.03959043506528261 0.42732957300110297
129 7.424298286879283 5.780656370935353 10.981749894592042 2.0326197868013587 9.173620690089683 26.064775141156176 2.7227742890595383 0.9393101672283694 4.612640988547769 12.628141126144035 33.948574482142426 0.5086080859819424 0.04320092260728617 0.4272656644837166
130 7.758361881058895 5.735677664055472 10.813093722289704 2.172829484024222 9.674176258339894 25.413777690489873 2.925117856305909 0.6485393997802746 5.5399709222243825 14.101695877705483 30.42323586174897 0.5085002403948692 0.04271015483736419 0.42581234994602607
154 7.6834587820812805 5.648457535175059 10.90710471671126 2.2255693736816693 9.679986096910733 25.22955463869303 2.903560171899003 0.7495256860451188 4.96969662575064 13.616251377382026 31.62396277401618 0.5090735232812942 0.035024044414859366 0.4278536381474631
155 7.493839140933424 5.661224287494272 11.095092632620055 1.8896762204532094 9.090879407582706 25.888442644580426 2.9091375540067688 0.5086911606488649 5.718424057730564 15.107354700373635 31.698333977568375 0.5074662947501923 0.053797637419550313 0.42493250817868006
69 7.338802975899955 5.638273482040473 10.427804678253707 2.3170544634609715 9.102642141262859 25.782660359409984 3.010279351419566 0.8584476290743969 4.7656307994467895 12.979581826499672 32.997549962927806 0.5063772057558019 0.05893234916189223 0.42515283856766045
70 7.452855402438689 5.635828819875269 10.934684909762911 2.08485005117994 9.44785864795788 25.995647291471595 2.6225715563880985 0.6751421670896639 5.159921090979035 13.108987908785505 32.872399190420474 0.5103166595348723 0.01692294821356825 0.42881701974550146
190 7.348859450852093 5.755814906950132 11.079952655295003 1.9939645256242153 9.182435259613172 25.672720997111373 2.952697351056184 0.8152923457391407 5.012369873180035 13.912276713737588 32.584442113844766 0.507895982136826 0.050875767662379015 0.4256449964362264
74 7.673775221925016 5.731174748005138 10.860259739202858 2.176665955373669 9.810462780510452 25.155870560207717 2.999552718626122 0.7459352489201144 4.460878163934248 12.530085850921276 31.730567366275736 0.5092194170220931 0.03196879737406569 0.42665367331078413
189 7.60862199728591 5.849291003019378 11.05654646860772 2.0250647504083226 9.35856517017894 25.695208713825522 2.8031102429466275 0.6131012610592043 5.6270914803033625 14.16869266167398 32.17079896087613 0.5078094052880904 0.05044511653838589 0.425852418509038
75 7.569186398909107 5.7695531987525825 10.882774494223474 2.225424153677841 10.06955551891642 24.88973644326163 2.9756139611254375 0.6145989462056078 4.629641397849081 12.386923988876559 31.209582639422546 0.5101232849749833 0.01353224607743058 0.4289710314728095
76 7.26106150474056 5.839667108152111 11.226231510205332 1.97949527960735 9.496039082447744 25.77301077519105 2.7335094714824497 0.559862453940723 5.595439136061793 13.773095792395566 32.12468314797798 0.5091325173968926 0.03527810868635734 0.4278528408897445
77 7.916214774747589 5.47456077795806 11.274456481172042 2.024568529473043 10.280276392081992 25.481482286092003 2.4206967184015555 0.7639636487812649 3.767643713128185 12.321345977121407 31.93113179377275 0.5097543332709401 0.026305568605815677 0.4284190487463073
78 8.120116571860892 5.292717690179605 11.061352541741972 2.143082431474044 10.18390372032874 25.012872397928806 2.7598317765087796 0.9364168255320232 3.2947510305917227 12.979448241421641 31.502509949774698 0.5087300112120081 0.0365095657252933 0.4277452324825412
86 7.4399946549980935 5.829812280142791 11.24345913670722 1.853795416664309 9.483821144356131 26.731925621569186 2.0745845618015712 0.6615551939606078 5.565350937861867 13.284859785804763 32.78198198834667 0.5099559953402059 0.020213254054881568 0.42874562198844346
88 7.509058287801009 5.3388637246303725 11.510742507981771 1.60359773730036 9.17366175985795 26.003841394985795 2.707545413071997 0.7468893820809909 4.905134753901318 15.481265478910222 32.64412012151934 0.5092614524079505 0.03261918742277751 0.42846876489809366
79 7.304122983832015 5.587827990747668 10.466192388593885 2.736509445000055 10.869855837035772 23.767526184190533 3.2374909294834993 1.1219799248664344 4.1320161032475005 11.862106361346271 28.48193080465889 0.5067690405693611 0.05903656930705781 0.4253757230480082
227 7.410133871868634 5.662081111785727 11.392166815279586 1.7878104015619027 9.36245597107951 25.464160006627505 3.0209378483107088 0.6922668016227437 5.297637722480823 14.703212556844102 31.902303672711422 0.5087748081049391 0.0398807599631802 0.4274672586198095
226 7.302890535839476 5.6221188663168125 10.589924586970245 2.373738909844083 9.527239321441577 25.815858144732825 2.6673680225322105 1.0570844479442203 4.798902871703582 12.527831255079779 32.43067630754295 0.506616465919741 0.06419905841043738 0.4248283862010415
87 7.255736807075521 5.696317482738312 10.840088388631138 2.1817318497263667 9.982706199053602 25.64235321327471 2.386614055656092 0.6953008294066509 5.242377917352618 12.821574201094053 31.435041239967035 0.5074673790927876 0.05514984301116391 0.4258903093527522
96 7.515526041881563 5.792767277256209 10.828949512204066 2.4547427969430076 10.225255201701772 24.902200878636172 2.761551784620718 0.8672422219322684 4.812082966821988 12.589626325045788 30.235038226276252 0.5068996526459578 0.06217924571230473 0.42374615726407294
97 7.935371222155135 5.360060268174303 10.635985862415865 2.5683509529534456 10.475230581340305 24.236242614150296 3.4055335481128126 0.9196624851151814 3.604889707457411 12.902458867725969 28.88539210876972 0.5077010250869721 0.05752526837637917 0.42444768907840585
89 7.481820724367062 5.562715269401152 11.328237005708507 1.903420132298626 9.869531866738589 25.25533635758232 2.8279365191898043 0.8254875812883997 4.280870989048127 13.34811877184177 31.99052998294055 0.5095619310838536 0.028064989584561797 0.42813163887681543
202 7.855407775613746 5.591365673860062 10.517748023466432 2.629642523100375 10.228020856184639 24.994717463150483 2.713307609712272 0.9363437497551869 4.768253961521206 12.9496087299709 30.115701254079738 0.507282164552847 0.05695634969215464 0.42544138895037764
201 7.960797440958106 5.616257681349495 11.397600201730636 1.777323965433887 9.498286674578772 24.92362207454908 3.3117302368709742 0.6893110140315312 4.699413482900798 14.369384408154511 31.745146941311656 0.5092252366884669 0.025755864182449954 0.4285587875655331
101 7.541608430616612 5.691493516903332 10.97863485251542 2.2764799522011825 10.555397614138649 24.691072053615034 2.7636658569891477 1.0946211893254616 4.068831936985283 11.315189693895393 31.01398653730259 0.5095825864760374 0.033373313183309036 0.42739210553754003
102 7.709652534218123 5.708921346986536 11.626979905094661 1.649320185196823 9.773769653641349 26.25598058536265 2.2322476860028413 0.6257431861598153 5.177758358400802 14.048873246822321 31.764544488504235 0.509450230972242 0.024477675031783767 0.42869933906008095
103 7.846020309824152 5.54887943730422 10.61115581886223 2.509856155663984 10.377270129226984 25.102497500032598 2.683682490884694 1.1260177408091978 3.9301348277539088 11.479989454193309 30.886805273753296 0.5078517955419942 0.052306240446537276 0.4254622798875821
111 7.495245792284575 5.647141736582971 10.998073208757353 2.2926186652504255 10.632177484138783 25.16978259277483 2.407829010988294 0.5715139060396651 4.918163504850789 12.121885068821223 30.166840491533208 0.5085672715787187 0.03999803830260092 0.4275164535667076
113 7.413448591048674 5.678708987992381 11.538279607525547 1.7884803817866672 9.947858468489246 25.40208752038677 2.6301428485224965 0.5822153087390587 5.019002640268628 14.203573452552012 30.992611237804056 0.5095874108658495 0.0305664020995353 0.42778851281985203
104 7.589944750792688 5.679084373189315 11.199683785617399 1.8792888717793494 9.316741275606876 25.88971970823449 2.8270768560729422 0.6943705868863397 4.803464140576495 13.939457426223274 32.378631785346776 0.509229684498085 0.030624589887778095 0.4277141328513815
112 7.158308470162982 5.5575849998924145 11.302918337420863 1.8621524216670753 9.558866834196609 25.969820078705045 2.546915686778519 0.4090934316081121 5.453411806639697 14.63386218072223 31.584238847644205 0.5083907428945932 0.045409760559179245 0.42610364278091656
121 7.677067558196743 5.561281235941279 10.82769218086545 2.243460463381445 10.009549866354547 25.335542907867723 2.75540075053806 0.8231982796013143 5.0161395775692705 12.462753033210907 31.059965394147476 0.508360946517791 0.03893777089614815 0.4269732289891799
122 7.561953460889622 5.480643506963466 11.400901028994085 1.814815882514504 9.488092070579222 26.01419670031232 2.525588200021781 0.5884595913423235 5.0382900050343675 14.385439727992555 32.46330653509856 0.5090758500415423 0.037122783382736196 0.4278693674842915
114 7.685263207679259 5.458419130119314 11.191428661686961 1.904300607509276 9.32280511157383 26.16170222981254 2.6514728479437 0.6037494511416475 4.9908292545791015 14.27620685518504 32.71253320966501 0.5087012946520136 0.03945307929585432 0.4278803710748846
80 7.877717623282469 5.756149416412546 11.460994882947054 1.7099604583890937 9.351261783742629 25.860399730412173 2.711302541562069 0.6774273034766052 6.064532205596516 15.571788709533967 31.00644939138294 0.5093879024157124 0.03619377684085055 0.42730469872909604
90 7.590786750015561 5.498050740903686 10.736865512946604 2.2132757216170913 9.348799154306265 26.173113266052884 2.6460987863447523 1.1274669039484337 4.333697871264254 12.853800204717963 33.06283452038735 0.5078256122306689 0.046518693139967454 0.42643283055576164
228 7.641175007875706 5.759934833132388 10.793903533501712 2.1198001998847187 9.228061427140476 26.106635409974732 2.694458818923036 0.6088510777255886 5.468888933891913 13.567766578060194 32.662007884413015 0.5098827878571788 0.024220894281380866 0.4284882387543502
81 7.391203248712651 5.818647215133164 10.695669629478104 2.4101404517607676 9.814490147975352 25.111581025826776 3.0479913118446187 0.49202656752281343 5.81846344396701 13.439150333266426 29.99824558692297 0.5064191333096564 0.06103161266989525 0.42545574346947335
82 7.838274036658551 5.535373932902262 10.845995593384533 2.1538094008427495 9.109432965600133 26.00440198010719 2.772360184046756 0.6315385965385045 5.35913435834909 14.359156007322992 32.852298843924665 0.5082305820727884 0.04832475533207032 0.426515060431526
92 7.213356500388375 5.851446723678449 10.939982805776713 2.026285551391744 8.940720242029146 25.94219359152332 2.97781910780578 0.8891719582632421 5.2892198762660625 13.350863208795031 33.261021144180326 0.5074171075424454 0.05346837825190204 0.4258760928480431
98 7.454732348545003 5.730094714500141 10.40713981163314 2.7281440465191276 10.072873229152608 24.26533132936516 3.351987049181195 1.187533422834738 3.9296254520760727 12.132261882180666 30.65353678799402 0.5070088657056108 0.05661460103800899 0.4248918931201047
203 7.694732712430731 5.8360831232647765 11.101061859020952 1.8997056718063947 8.91211968625735 25.96843449212256 3.071023389334019 0.7331401036641179 5.108268516725514 14.135199798898237 32.58748966774994 0.5090329009474317 0.039386643328127635 0.42691484449751055
91 8.107971348872695 5.673852217581859 10.920520018904757 2.05173348966269 9.332164160919614 26.326254705360704 2.4120464973734905 0.5957433237843213 5.350610970675629 13.844904227126442 32.71155739359897 0.5085406103112845 0.03918574367523808 0.4274222088787372
99 7.403367744314389 5.935683488671295 11.02495576611513 2.0921600837284378 9.503401612607586 25.33654856290315 3.1115544587874258 0.4386820484586115 6.103863032623212 14.061095341241515 30.80942939526485 0.5092821039159895 0.03237210761240578 0.4277652743039728
105 7.744386109388444 5.761994812982838 11.191275040783323 1.82667203764283 8.85917149280196 25.958214388705624 2.9252135721521615 0.9736831025296023 5.138662490934825 14.666782940684268 33.27559589387215 0.5085862100106795 0.04137624358248377 0.4263453931417612
115 7.899397151435692 5.442236509372536 10.772286948531136 2.2931067805218266 9.878728858064797 25.361691365488323 2.747745056628043 0.6666434108916641 4.344786486602487 13.182038626963186 31.576569176759115 0.5098338420971408 0.01743906186759745 0.4291833906902773
106 7.468294623013915 5.809624467475897 10.65304176978926 2.2660320950305133 9.028469192616482 25.87925932883017 2.958734078789824 0.8377052213458613 5.293429895510492 13.807232544893193 32.69707144669779 0.5067428077751253 0.05914612990580092 0.42444299249927875
107 7.645007711978682 5.821280631757453 11.011860684133596 1.9395706258634369 8.903855237974636 25.936903045133555 3.0265925904999142 0.6348188850267205 5.620107408455709 14.689889895386058 32.416520512655026 0.5079481545783839 0.04072872447777919 0.4277031823074733
117 7.403661076244405 5.786250835430815 11.140877536416733 1.9175411730840204 8.92280889023053 25.974624173550723 2.8911826831257357 0.5697584040023158 5.850842650362697 14.210945026659337 33.37756779181253 0.508330838604051 0.04804162758214077 0.4267744031761624
123 7.506308225368943 5.721503410851661 11.115323325237645 2.0883999060472838 9.680118422030192 25.054420114213567 3.0702695774872235 0.8606803876938536 5.057394954476843 13.423145114959624 31.591511368409336 0.5097633819760856 0.03135916225407214 0.4279294264841362
116 7.8055349216014305 5.906283804465005 10.89955077098875 1.9786949021387714 8.818108083096828 26.31756510882361 2.8003885541554627 0.6847491304558805 5.450988294344925 14.128209591437603 33.44388334081679 0.508380290141981 0.041271947042861516 0.4275092013761644
124 7.7672574980014035 5.650585339897048 10.660957477249882 2.3359792399936365 9.788471761720702 25.88937512298051 2.5181722025786235 0.3911876615674307 6.0111802189407815 13.386639891296722 31.11670563601835 0.5089717291401967 0.043498268034088315 0.42651390094763436
229 7.256650101257305 5.746637877154459 10.893393303227803 2.0614904951866273 8.98064180072301 25.772399713654902 3.0745227065519614 0.9487880920665047 4.645177963081308 13.20606602121349 33.842593221692525 0.5092347124631578 0.026278275092280538 0.4286874096995446
230 8.018540700763438 5.811573379704603 11.115907010836303 2.0715143275422547 9.80926069977828 25.16046982987474 2.921905766265155 0.7294061246258571 4.708071962613038 12.954708833395802 31.686743927925747 0.5092435502236053 0.02612468580838446 0.42785016084445826
83 7.751529502035124 5.707173461013252 11.369685539615464 1.7793969147885969 8.83955257609645 26.069475303620703 2.9840868651247767 0.4580920344993982 6.086271296489587 15.52726243679944 32.80366563728071 0.5090639380522896 0.03342588999739344 0.4276214135768098
84 7.756517664515784 5.769485886719774 11.261411480994807 1.9143609470685756 9.27913728467009 25.61420041992607 2.8770871969915546 0.46766766789088854 6.218993021587298 15.097270257363801 31.756321049661327 0.5095016460123335 0.02710897283848543 0.4285029143954286
85 7.820880155367728 5.651925940588765 11.217589971595428 1.8425690531750163 8.925881087968895 26.100163524995857 2.8591461009235637 0.9683354570567364 5.427491033892743 15.434224020639618 32.511293628621495 0.5089126163505018 0.04007592096526367 0.4276271750947223
94 7.990556234117895 5.573570581248616 11.046054701005247 2.0916916169855084 9.655489278532933 25.338449005307673 2.906971084157255 0.6251423285124823 4.881946923388757 14.07665784023077 31.598567856802482 0.5099262348272698 0.02054161728898257 0.4281575337006287
205 7.834639302200645 5.602251949434765 10.856187406349918 2.190188442344485 9.660861617919627 25.771723728906874 2.6188925928995817 0.44541271192094234 5.629427278672969 14.092826542713206 30.858587713462256 0.509466782601749 0.029960626247890802 0.42817809515569916
204 7.334253336645827 5.646084620982045 11.14678038734064 1.8540831807812552 8.533299648557387 25.860526820966058 3.294825506367452 0.7630534636972099 5.513223846432542 15.615303747037347 33.291764579981155 0.5089049208015304 0.041832226883817956 0.42719476800375455
93 7.717143481965065 5.623989640438755 11.119950850120633 1.9393200744251067 8.846897577858085 26.342117936275873 2.810895260679112 0.5557324797223903 5.709777302366553 15.075293303654448 33.00503912918973 0.5090765169720887 0.04059042472534602 0.4265904111929774
95 7.527835543521319 5.915786871721144 11.088182075425165 1.9296742749116327 9.392727819510371 26.110103631097235 2.6481779163473114 1.0015163363029997 4.750083498793252 12.738332341068448 32.54130886691402 0.5088557498144108 0.037103486931858824 0.42726626455464856
100 7.750067868921674 5.439822821665423 11.001081209941061 2.0959798487856536 9.088067983962684 25.240281980423603 3.2568122438805855 0.77885845041921 4.514087892774038 14.54174256112499 33.13295564884032 0.5091684573628422 0.03576241591173986 0.42742828852512177
108 7.770942178816644 5.4709202121706015 10.849647349315624 2.13522413033204 9.291727722925257 25.99472090027211 2.7442012097441704 0.8182183357190288 5.327681095242357 13.911365469222691 32.45555629618472 0.508170489564132 0.05078579439503642 0.42530723282034305
109 7.4098952106687745 5.809990059305021 10.955805499442713 2.075017420172184 9.295719398517445 26.213168860931233 2.5349379934421634 0.8086180789887378 4.91112083335893 12.339629528044536 33.98575403856764 0.5094009803240743 0.0275230174776249 0.4284900036338442
110 7.9989841361817815 5.295459524007416 11.200398262683656 1.944243863516079 9.69605122993202 25.669657309603632 2.6443512623733767 0.7276773276412984 4.051453608834047 14.125902472782077 32.27619171234803 0.5097590867090862 0.03034223059080189 0.4280662258561938
119 7.261306259838285 5.7523925358370445 11.165796092845499 1.9997035879696787 9.564102126799364 25.33359766327892 2.9392904106030624 0.6461481391351682 5.698324230339981 13.900882297334773 31.588640479897524 0.5087639141787917 0.0386752855644265 0.42740877208141925
118 7.585025250923531 5.712502932853823 10.997183096633583 1.9250351633032288 9.042881703830952 26.280802229062896 2.8616171584607026 0.5942141928000517 5.479064080132392 14.352465610666355 32.4132695217713 0.5090267104744152 0.03676071775961341 0.4279208746893809
120 7.645006485061045 5.640256113146786 11.027613616487232 2.121584041489961 10.070105457063159 24.994054965255916 2.901577690428978 0.8105708710976047 4.180716343062184 13.410168684538636 30.500825730989334 0.5093149387170421 0.033488398648097516 0.4275895911911648
125 7.528100560011029 5.5728096551301824 10.824899819941857 2.234777536162253 9.713866926355184 25.313191801491495 2.8497097826860034 0.9009450255647329 4.8095821292151575 12.9075784142918 32.04944426915894 0.508531460306254 0.041216116887367565 0.4271659230474208
131 7.838685390495922 5.833649818418146 11.165658129534787 1.956865347561624 9.364520315935536 25.126548298530334 3.322862287017841 0.7613532023480226 5.077367461376076 13.662310972225201 31.920109363232957 0.5089294892946606 0.040888340391804556 0.42712347190637545
132 7.6961731702212814 5.545441796746976 10.30372746503933 2.8640435939613944 10.314159733869406 24.087477467877143 3.1379839618351335 0.7432947673201575 4.796805055263163 12.755811176844862 29.92843543193577 0.5075382303605438 0.056836597469425695 0.4256730468301586
133 7.938866795100018 5.61323556474828 11.22412680105138 1.9696496982648497 9.949518378131323 25.411430745827882 2.651212447159674 0.5472835569431538 5.527783733698632 14.545563287259634 30.31938082840866 0.5081388454891175 0.04163127747975585 0.42725628937003063
156 7.212586913448891 5.643765919677905 10.977039717127612 2.01402541588846 8.534476271889966 26.09350505471978 3.0082137542986764 0.7369191922015356 5.087848248190567 14.409936044262851 34.90294888739631 0.5087283288216371 0.038479881256538874 0.42707353657198754
158 7.585684873688896 5.497776264353338 11.32811858241954 1.769198512172044 8.612561568993458 26.419197238158624 2.7801572866414594 0.7950461725984105 4.587239798524403 14.611634921673929 34.939448070575146 0.5098145421609727 0.0213432552192583 0.42811450962419323
134 7.5819765676829505 5.556033709610679 10.99786894538634 2.2469749836870965 10.03345021187975 24.567553581110356 3.3884673092007715 0.8793930843629107 3.502431150711693 12.708171960451491 30.897451038709352 0.5082817876376046 0.04337544730307676 0.42648135137426685
141 7.98676454536463 5.725821124702577 10.57087985044044 2.3155558154326012 9.230495690493445 25.856717395552497 2.848822261349915 1.0214130261801675 4.920357289328981 13.163485724805467 32.78242795423866 0.5091406566957557 0.03751699223265517 0.4272395343988343
142 7.441341232312576 5.823187353538029 11.115525161487051 2.0757559865415365 9.707174205010228 25.559298228467036 2.6492594163246372 0.4416758230664503 6.065354879809024 13.873890572866472 31.37931916490762 0.5086098825055745 0.04295706706616146 0.42621238580614057
143 7.739917410523807 5.81137529802254 10.775905153631129 2.1605732644199174 9.67748529156738 26.57626941612506 2.1207138499232285 0.6402115914516341 5.4634312403742396 12.185435021733758 32.69414525125389 0.5101121502623507 0.023758664623972015 0.4280975329992125
166 7.954585926393419 5.58130946144221 11.0201353947579 1.870118690259547 8.787528801102116 25.521168129216328 3.3961511128076793 0.8363246454447293 5.399355414371516 15.796037084783487 32.06714053014944 0.5088921373286575 0.025108081946685228 0.4287677241147639
168 7.75800940276082 5.561674829809162 10.854414314878124 2.118730750076502 9.493376886467178 25.77673880255826 2.80614465291041 0.9885092463732914 4.9207533031934485 13.680896352526105 31.408528732554885 0.5086183825230538 0.04006803185454331 0.427282021971522
144 7.460790141801081 5.689518546205196 11.064229595732861 2.01831686546715 9.29306687211617 25.773100670418533 2.7868106436719304 0.7152772481712315 4.770132388259858 13.91827388568672 32.735055009716035 0.5083403696854418 0.04981255750996322 0.42647588778615503
157 7.535863986834469 5.537809015841276 10.646657472322703 2.1519912270039847 9.18992438025392 25.40595918743343 3.202985881752565 0.843436729425794 4.988171591179571 13.419847161937026 32.694003294127704 0.5089651177768156 0.032367897229741836 0.42672577835751785
176 7.068617184598916 5.587464263476088 10.279758085160976 2.7486555827838686 9.817337872064504 24.585885287977195 3.4558037516203917 0.889859713538528 5.189039528286622 13.314493036795088 28.82529393238115 0.5029406637719218 0.08890504646399956 0.42019111427392297
177 7.854373571791427 5.854310344058387 10.620578129512552 2.475537425558845 10.028271874223234 25.485152001036145 2.5272109974041475 0.5472077678291877 5.7271867631507485 12.972800631320615 30.32510256816889 0.5079356724898324 0.05029113164447489 0.4250089411935793
169 7.801186723580972 5.53646385393427 10.93167233032467 2.081620255859303 9.515550530963335 25.58076548336383 3.001460977522258 0.6917829355848281 4.632466188987635 13.68874980108657 31.802251586291703 0.5093592536974719 0.027538450654365804 0.42751332717395546
159 7.309285243185841 5.88394328648099 10.702964634398349 2.1397789317086935 9.248026590803027 25.95567167327051 2.8168347050218725 0.91762487409173 4.86888703307655 12.679159026426452 32.71938528981977 0.5096126804499072 0.022380206044105767 0.4273227026997946
182 7.5782962469568975 5.8774902871594 11.299537619683884 1.9425644708158016 9.39127624840148 25.56466547786132 2.8780670581579373 0.7221945229436768 5.035956505727728 13.269668384365264 32.736884759221546 0.509213448586637 0.03206430089107132 0.4272208803590748
181 7.856463484303524 5.633296307944406 10.861180367313288 2.254499138307172 9.575373528682537 25.05782012505045 3.177864711333082 0.821901098957249 4.939777009835586 13.982304421710724 31.087421467902995 0.5074987722874557 0.049558664873482386 0.4265106908872181
167 7.493869270940708 5.522506635049129 10.444067968181924 2.486741545253067 10.088211214213727 24.590229402063656 3.1516200240128014 0.7121693014700581 5.674021824879474 13.81178802118402 28.998834457010762 0.5047454118247682 0.07617704277326114 0.42313224059972065
191 7.618392975018765 5.635756025875043 10.866353238765043 2.159879287084092 9.060195091473368 25.29622798625428 3.304814020603985 0.9488265033393432 5.105837092790143 13.95237414974294 32.38087738322441 0.5063720153852098 0.05966692160474221 0.42533033315461594
192 7.777713060166532 5.703440495308279 10.861260394153883 2.2017925842370563 9.40975047146998 25.55319906596093 2.8987795128463847 0.5583627020507869 6.318759976097228 14.347387836504891 31.07550281950885 0.5083294868276759 0.04501669907766998 0.42591564369596213
196 7.966161030288391 5.557520280851244 10.995694814086768 2.141550787591651 9.901590626028646 25.236081803816035 2.802740098576436 0.6353133112842605 4.5319184500044845 13.41946668865567 31.450639909444238 0.5092786436403857 0.027841488749604907 0.4279380033526615
197 7.597160185490274 5.67377758141043 10.701746337016486 2.1257202468473264 9.427146118093416 25.757489618895004 2.84833886283312 0.7346642727141444 4.9347877530591395 13.094942844965443 32.23242113736881 0.509568159528632 0.025078508505874907 0.4284729436673214
135 7.678187547745425 5.578575723021386 11.031170930254232 2.0420171981909414 9.307670586129207 26.017043485218387 2.602659973519944 0.8572764314230276 4.677902211119008 13.726928749057775 33.2447667604751 0.5095203080414867 0.023056185179855408 0.42846895192288526
160 7.581829352609119 5.636975038757595 11.128557618658975 2.1145746142922204 9.666552132677607 24.830134587884913 3.290504623905457 0.991840750866966 4.199941743489719 14.128586604231334 30.847393471571394 0.5084108957070728 0.04422476622817079 0.42722360131987036
184 7.270196490861666 5.8852054972209755 10.240876248554466 2.5254734020449336 9.311613645274656 25.0665627828383 3.3429287955184432 0.6329013184609571 5.495231808349473 13.278849367193272 31.361341223936698 0.5066231415809662 0.06449496364005762 0.4236386431708163
136 8.073182163002272 5.362189989846079 11.14785978256885 2.045535647982237 9.943950380363628 24.89014366522453 3.0189999542264463 0.850874821700944 4.761993523907578 13.753249127115883 31.36569277379332 0.5095875416367368 0.02877359776382155 0.42780798141371856
137 8.267198572648596 5.259083976639108 10.9965651147702 2.1130906546467916 9.351697927953968 25.467911947792107 2.9537401406287023 0.7892083587784094 4.126088620689094 14.20791869537695 33.26360907172562 0.5093836667713794 0.03226823473837846 0.4281117010771628
162 7.828817117135243 5.754502693909963 10.824908901962125 2.2973075391811104 9.802188005753889 24.897826453412012 3.2428540367555305 0.9605257568853676 4.627327498088386 13.048276212485657 30.919620461133228 0.5083588186267705 0.04808861061284095 0.42690723992187746
171 7.795885772265822 5.671728460514409 11.181356038360663 1.8512572009423782 9.127168595060665 26.178661793627104 2.6697278111366645 0.7060079932247244 4.919833829442082 14.403978539500628 32.72407163710488 0.5093633751877481 0.026330224169975304 0.42770826081834995
145 7.315177505957306 5.851507465271403 11.3453585509613 1.8009015509391404 9.292773183146394 26.140629867615516 2.5776384723636654 0.8529108006552265 5.0587562497595755 13.264819958322295 33.538321374741514 0.5093967017840101 0.03553867985046878 0.42735136834327886
170 7.6407890007680095 5.576781223588284 10.80104477498632 2.3784677830294427 10.167288772340715 24.400649075090897 3.3030776776423814 0.8277724301970949 4.0966321836765065 13.223809953832863 29.83411842577137 0.5077496672544857 0.0445735398378224 0.4268740652894791
146 7.476219967854921 5.463888907388948 10.81605501520128 2.34705481233111 9.61013282768763 24.918912935325316 3.1525173901059373 0.6270532237135062 4.605507718377794 14.00593841345097 31.567717509256052 0.5033554567560304 0.08350714369867672 0.421287835363901
147 7.27306275477863 5.75506406668818 11.006887398315763 1.8838776737754501 8.464159542781223 26.644118008383906 2.874381713016265 0.7196076259561924 5.74357849389612 14.703341513500108 33.851140846809706 0.5086909882270368 0.03994420404056124 0.4268159810329313
172 7.418164305405369 5.893928743759512 10.764873561888734 2.2339007872142003 9.503956906972888 25.140145484619982 3.0939883224145532 0.5885402613717186 6.0319175656689135 13.827664309717308 30.8847780225169 0.5085935937043379 0.04801615059532046 0.4266669004282791
183 7.268231962269774 5.738619183979252 10.347671871036198 2.4816609721320275 9.312604338953005 25.531811532927673 2.8701863732573276 0.5568001816898565 5.304216401814505 13.457743643421747 32.31660004508544 0.508302908248028 0.05197359623685683 0.4249654547774214
178 7.41204751406942 5.859688620126194 11.204425441274232 1.9039900479722756 9.300987798514148 25.855535945266105 2.9524149897990437 0.46561793631512943 6.164668659529287 14.430345997705924 31.207630956219155 0.509047808581526 0.03232512706454594 0.42805675659808406
161 7.780867794079465 5.647655347608386 11.193483199861886 1.8905999124174455 8.886604024242098 26.197981279706795 2.7925467040156695 0.6182319903121867 5.889609987880581 15.19587021715659 32.712471474848854 0.5089035321720566 0.03274554494926256 0.428184324530341
179 7.598572428529989 5.857545383523761 10.56801050562881 2.3065008393659774 9.207608520691558 26.008375908811892 2.847301804414633 0.670986283285761 5.558452232160908 13.280931331697357 32.41847711957634 0.5095927086884784 0.028431119953808547 0.427700897323672
193 7.598533977731807 5.468578660318061 10.957080448374636 2.0118752293285618 8.724815208688044 26.049654012321444 3.072046595693429 0.5561591643536908 5.401447148216384 15.342736118836848 32.70831226822397 0.5069467665743722 0.05624020095061147 0.4261059848243951
198 7.647681503455374 5.655745319341815 10.774134069212588 2.0036574543556727 8.943864463712874 25.968155832042534 3.09565873872666 0.43903030736694737 5.943574571612805 15.157062320197838 31.735315066239764 0.5085281052896654 0.039136728090703704 0.4270843418160719
185 7.951673967096298 5.850138876794594 10.519710780530284 2.213059340153354 8.948640517013581 25.74794947969055 3.219806656795588 0.7896247964524118 5.067409596767654 13.60881112745985 32.46064347635853 0.509376404403767 0.030723002696085504 0.4277864243308414
175 7.597435717092403 5.845957069850385 10.863715819881758 2.247718081721908 9.411740229678315 24.992708168985114 3.382282741144176 0.6963251786533529 4.9222142608339 13.481263521229577 31.94160264106694 0.5084413445653725 0.04866679565956741 0.4251161362203431
173 7.915382467553017 5.564260965404159 10.48537692488044 2.3034042843703726 8.860964757076147 25.57917613930493 3.280589206989563 0.622256191039105 5.912312830600495 15.297860181833531 31.83079787652056 0.5077097935784719 0.054258206831583 0.4256978624349242
138 7.7807943106246125 5.756963456159322 10.370008114087058 2.2864229499772932 8.945845393054475 26.166743117696605 2.738530686936674 0.37774533628274276 6.586092075277201 14.664512692016197 32.14061493569272 0.5090899211966339 0.028361715270911258 0.42880542487129536
139 7.342436290424017 5.68573314706493 10.286940488171753 2.3646748475894626 9.039393471528864 24.938854895082375 3.539846326712515 0.8209974213350122 5.5380524973019964 14.274505605726988 31.00900239540665 0.5055378365248244 0.07537054995031461 0.42300805145388376
140 7.665309379107722 5.713926031657222 10.780574223320032 2.3306146756245196 9.307643124667488 24.99358208146532 3.354228327705838 0.7127802935373998 5.851389539426592 14.425699999363077 30.897892030734933 0.5081244712875739 0.04472707892223926 0.4273262974666459
164 7.546316903561287 5.849970353396901 10.640152610079696 2.139072382930415 8.959465651297787 26.097529064195882 2.762495133651654 0.7789694495326291 5.542613627697247 13.316994890522437 33.7174171873653 0.5090701721642744 0.032661426285013645 0.4271518064506807
148 7.367205445026965 5.580390268752823 10.991617105515294 1.88741730905832 8.325792004123583 26.801132982861674 2.7160225014561035 0.9075974721169837 5.701821857240887 14.059090006782338 35.72404470651056 0.5096507807601599 0.022414593485761365 0.42780299042126907
149 7.740730240452907 5.6877264433541885 10.809539197438102 2.0957820673099636 8.650159657777902 26.215221880378333 2.9819673071769506 0.5141909672624395 6.207694678367938 15.494651951956618 33.0678341260088 0.5071313557240401 0.063934742004071 0.4233102757356667
150 7.342824676083182 5.4871895121714145 10.123098466526502 2.828878435187294 9.740116568212194 24.765067149082917 3.1400497911131935 0.852755970583715 4.911352455302687 12.666712566417715 31.34572725344923 0.5064520290677347 0.06407687041318545 0.42487443382226847
174 7.835953974063955 5.832429025204917 10.86745152481171 2.0926100395816514 8.979590693067594 26.410727505410833 2.628902662355726 0.30983494142356816 6.720248186423391 14.731740526046647 32.25210784467637 0.5091357571120307 0.04360899951523074 0.42730124442174894
163 7.869197557108658 6.030325628807433 11.268019167395018 1.8335684357746036 8.800845385398777 25.694805836885564 3.3656718305950184 0.8093798944444358 5.162305269923116 14.000990667811335 33.14446100749449 0.5096247997056722 0.02940954935083351 0.4281454112283032
165 7.63801675466938 5.450738294353335 10.309813214052651 2.3949199275638544 8.631393393543252 26.048016411810814 3.0595432340984625 0.9503762476883754 4.3436900781333465 13.27956674216539 34.564049280128 0.5098353521951349 0.018545750432382054 0.42860979509802366
180 7.875815281845898 5.724309456250339 10.991420892353318 2.005508663152854 9.187186590314415 25.345885569911324 3.321887693195974 0.5722518341785613 5.14873099167648 14.282480902977612 31.91631628153819 0.5093484985340622 0.02737128994065787 0.42698708954413644
194 7.768288579114935 5.855789199711757 10.55704659417926 2.3823087009928763 9.361795282283216 25.343720475057747 3.1403198768661733 0.7691200816346556 5.031825063987869 13.409036083323748 31.634663400479596 0.5085793958006256 0.04688098797076729 0.425740340971545
195 7.4031238242973245 5.88560882820181 10.90493989419343 2.008554246632028 8.842976238404114 26.17669838257471 2.7662591051949232 0.6049457346838119 6.350689726240402 14.493403512505461 32.81907489058739 0.5090044947736558 0.0324355015376206 0.42664404126126804
199 7.746862582269068 5.629109093408252 11.012149413134148 2.0578019859882466 8.99575875923574 25.59587186403511 3.212830333834671 0.5712364164725002 5.389918975961216 14.459583874562965 32.71312354009408 0.5088322779814387 0.03848571335775475 0.42747533441953983
200 7.596381192104951 5.804131951173353 10.786828701282642 2.1083518213061185 9.003593642251111 26.02906711898041 2.8864502486019523 0.6728334687483215 5.723808093462784 13.766713239534951 32.933511329509464 0.5098113841302174 0.025675116375911904 0.428257368491908
206 7.077215897619663 5.787731451118631 10.501533747394362 2.265634116678523 8.945062702859458 26.220397158608858 2.672228783605979 0.5135534341332942 6.1199679193934395 13.408019989421975 33.046139960814166 0.5081940418002361 0.04432339642867203 0.4263091290613009
207 7.785680391554428 5.512265186275539 11.013190012415926 1.9392102786477603 8.79261522279403 26.175994518603588 2.860194707333407 0.3072152680540893 6.200255168128345 16.161863823023214 32.477133179011574 0.5093916604909449 0.02909185591365835 0.42770854485534554
208 7.502769553590932 5.982802322732143 11.058159761814718 1.9732338702082193 9.188740020170938 25.23654547932185 3.3014658109299853 0.8087222427301277 5.182970005163886 13.17000641515867 32.549970201414084 0.5089553762319642 0.031782576330501314 0.4279453588958254
209 7.4407570029249905 5.826572838860767 11.226797624933027 1.8522881956652069 9.144469183114943 26.16845458527451 2.6412709336216675 0.6032310950712078 5.809877349646815 14.294555327417513 32.52139316809103 0.5092157196122948 0.03059469177361734 0.4268474070534708
244 7.899701023932705 5.761500410773265 11.222802142587101 2.0031164293658272 9.896763113658736 25.41047625595113 2.6822643000011017 0.6476275215857168 5.355707337685318 13.886550826921448 30.83577549836015 0.5094038642564304 0.029102807703977197 0.4283477843115349
243 7.601912883418606 5.566429698742398 10.876069626711153 2.2513001494097447 9.602194330020541 24.597963488683543 3.5367607760841735 0.8844018867555062 5.095100839453106 14.761276007857393 30.070276005544763 0.5068857910227804 0.06271526511080884 0.42458832504478267
242 8.054106851158625 5.646214525298226 11.153582005041816 2.062367806428517 9.694734450959187 25.660646938896768 2.6686324487592774 0.7685607945461038 4.792452510940165 13.568035143300994 31.967046267676757 0.5098319597385521 0.026548890234430748 0.42839594750200755
234 7.381115238349933 5.62335436755881 11.006364847682534 1.97511967691134 9.021467771320776 26.22984381226487 2.6908644684892575 0.5736464520574451 5.185626924827267 14.013925665907218 33.51277610472919 0.5092944533995987 0.03376658367632519 0.4281590463912001
241 7.593765273182436 5.640999332400748 11.171273448993112 1.9370286716715654 9.209109688856959 25.591437913227043 3.057277364165864 0.2824899224540495 6.376819396081438 15.275090083874256 31.498456951474804 0.5096944267319435 0.03254595028538519 0.42778363776979905
216 7.474903133305015 5.6926524638755485 10.927077886304868 2.1155981068031084 9.19109033481825 26.078287894250934 2.6701467525143427 0.48801306156498964 6.213122919800627 14.205662563267389 32.325945348374304 0.5092166876950021 0.030990347088474656 0.4278026186105842
217 7.603095614694723 5.5801905086724135 10.950231877178352 2.042371937092525 9.050311487297927 25.43528108945204 3.188163614894581 1.3332246492794484 3.856274721609481 13.710065505768704 33.54343796482273 0.5071909063123676 0.054516040863106616 0.42658474033928206
218 7.613200333156264 5.664475177437596 10.728088412442057 2.2221976291174124 9.263899067568072 25.465716499158113 3.0544782494262783 0.9401165992197027 4.662788276319622 13.499117705765125 32.63969893183355 0.507572939600873 0.04627206336479655 0.42681380891208764
233 7.652263808602585 5.406070055506915 10.865599094601917 2.1695853355221937 9.519919993355813 25.45774211826715 2.9544190578056537 0.6236333015070882 4.755562597151651 14.042661395800257 31.808044837467428 0.5079366870367105 0.047811598418561585 0.4266420215248705
219 7.184886690984899 5.818661104777755 11.006000502313066 2.097835131442298 9.735568250963208 25.21303338344329 2.9334693369765237 0.6416836538271958 5.168051204621454 12.74156913327115 31.658244131097554 0.5097242477893412 0.021283275226469948 0.42799508117949137
232 7.4049103198355475 5.723638999033603 10.897074087688743 2.0953658646130195 9.096719777273847 25.22598583922991 3.395948940693554 1.079908899738387 4.375799195760879 13.216554387393867 33.02322368465864 0.5092932935398898 0.0391513823621556 0.42758626138941963
231 7.561432313242057 5.618567516054853 10.626629796514887 2.2402109390206255 9.15790524513057 25.865755562601468 2.8608008357400174 1.036564730689892 4.860344752464948 12.953368921784564 33.45348485552229 0.5072806480589429 0.04997228917070162 0.4265495591043384
236 7.675383495457534 5.7379375648574795 11.11904453743957 2.106710306540145 10.234724534698382 25.379696867878245 2.521537738588706 0.5878112751049767 5.0476652998885845 12.699343549532667 30.852325252116618 0.50956664944865 0.025027257610096013 0.42852779763154353
237 7.721135783722807 5.7297846595260316 11.360259620941433 1.8104260102820808 9.47123498678844 25.383767159094553 3.0727245309324176 0.6997707336336446 5.395528991944622 14.720088262938752 31.11039601970978 0.5094934686840907 0.02988581159378015 0.42812491613097636
247 7.9587426374810075 5.525496722845378 10.87557620273953 2.153359522821252 9.334928391036584 25.306454600246706 3.108418276872678 1.1919954830668174 3.543701532015428 13.294138124736586 33.1898677626031 0.5088995427454098 0.03617731001490481 0.42755129344905474
210 7.475149823011432 5.854497565103987 10.459692018015456 2.521954914469838 9.719506236542227 25.7992760081192 2.528723278518922 0.7504250261196975 5.407046193899568 11.98708761438369 31.960900991665593 0.5074385089430249 0.048290795013731486 0.4259021044284974
246 7.550656714697461 5.829227315150159 11.201760867813885 2.026386226334712 9.806615975317085 25.446256110030962 2.724197111399928 0.3697108163497544 5.805100017649533 13.847206386465265 30.939218211349804 0.5089565605110863 0.03378218716751389 0.4271149275670504
245 7.684332399224887 5.598959915311416 10.692696135572296 2.0819308711791056 9.058877758743238 26.12601225389737 2.8476337671704024 0.6271921956656555 5.586874645486945 14.651750180422065 31.96159214601858 0.5078734131039742 0.050312418837283296 0.42482351516690414
235 7.444006905536403 5.742742208663316 10.892408260300396 2.0722821181576316 9.314572183486106 25.490810850659617 3.0729564971150345 0.8079633334055931 5.33147763167072 14.115846861564947 31.54292679392865 0.5083360090105653 0.04581956754770041 0.4263393024666264
211 7.354790294907373 5.823550733679005 10.85307197943418 2.2595166619554177 9.514706600843907 25.02168448250708 3.2721702721912806 0.7277299450809105 5.04237010437703 13.904785617263986 30.65284238893323 0.5073927590561396 0.04934578866071087 0.4259208150024911
212 7.464071560488564 5.80284560606924 10.877036932486654 2.0548955571789156 9.369620933656645 25.79565159312571 2.7644414755553126 0.5034694231535334 5.798831331508075 13.643788766813604 32.019753122841976 0.5095311651767872 0.019878044069163773 0.4282009439534521
220 7.230170268272062 5.742501072981701 10.857018309945435 2.3442480715084955 9.412114607126325 24.454336736468285 3.36869761632429 0.5494340054405139 5.617727968663296 15.314848664792539 30.58726342226011 0.5048153603312513 0.07701379791751511 0.4217955764612607
221 7.279124097215798 5.744133782755976 10.661600748034235 2.485802077724707 9.694944704732581 25.399906770256283 2.8398320897761495 0.6195063875006657 5.048769029751808 12.330971731133609 32.30025856269296 0.5078219116124127 0.05250701077122206 0.4256049567931112
222 7.795197263506836 5.386055938763592 10.402479123015102 2.3872920846931867 9.421119974825782 25.173842403191845 3.215390074631094 1.0968706469470002 4.642201809435771 13.652581516963075 31.561032681165514 0.5074310985420767 0.05864348303680191 0.4249417746545475
250 7.656874363407538 5.641553439010562 10.932379559072182 2.0748863838214544 9.106277374909707 25.51277889794669 3.3058399977788935 0.9427062749164672 4.332124992839191 13.93275952317122 32.48288802640759 0.5080879663262595 0.05444436051401188 0.4257143825973553
249 7.746519176422355 5.641645249584497 10.920990284292383 2.103354083429677 9.256320905625516 25.617934865745724 3.0011484990294623 0.8791957420201262 5.265410208353271 13.913757814967477 32.42748404266394 0.50828333197457 0.04957629427636171 0.4262804052051014
248 7.568872014219052 5.603145607400616 10.62268631764795 2.4452546824028323 9.923985467030322 24.584815743650868 3.351448997725337 0.7168323925982361 4.95289815980441 13.372207207426785 29.94293091636159 0.5073629756728566 0.05513048849671639 0.4259802947247543
238 7.438360685224976 5.679757131364207 10.975993620303786 2.05492656523408 9.278060756321697 25.36503416306511 3.269870540759009 0.5632948645184656 5.1534446214542164 13.956421020144012 31.828541879749842 0.5092189689574919 0.038049862969049164 0.4275356615053739
213 7.927486656871841 5.5713033320223815 10.682702688556775 2.3725168055490515 9.852569432403852 24.864755198236438 3.112445418761369 0.7477303855082534 4.074832283516746 12.817995608421898 31.805180883855147 0.5092577353607536 0.03368543672207311 0.4274004377041989
214 7.556043724198171 5.596722158686159 10.611405667268569 2.286392192627259 9.140019152168774 25.39086160916919 3.290907692454732 0.8471352733001861 4.810947143137535 14.022708967694696 32.26982244264703 0.5085942401634548 0.04855976405924985 0.4254848788863423
215 7.422367554700089 5.600440756547443 10.93841964248675 2.103307000640836 8.904951684192993 25.86740069837483 2.8562208986933997 0.6211669553807562 6.391090636375632 15.089168959180352 32.87653325073826 0.5053254543729195 0.07004776068923198 0.42459952455036004
239 7.755635543692439 5.548302461775365 11.00543521597624 2.0393839342542766 8.950131190368587 25.730675055129904 3.1509796104031533 0.5113178704133234 5.425103185627986 15.062670285305545 32.76114007052343 0.5081142682109195 0.0503310952448834 0.4262534351793659
223 7.773092978227636 5.715792562251043 10.708092344323484 2.3509914435904635 9.604947173906359 24.955073163468438 3.2652810740087332 1.1778823985289062 4.328701880547059 12.649418603410544 31.95635391324466 0.5083515782825543 0.04513761341333143 0.42661380822169953
240 7.69853399575129 5.79830600547127 10.800521334565339 2.1291034128052275 9.018483012102964 26.301204701851255 2.5735837817692424 0.5113998880707055 6.6137091744041205 14.36331893186311 32.78855163823355 0.5080631429705833 0.05023317263107818 0.4263055371676773
224 7.869087780245261 5.909944028169145 10.928784157399262 2.037458182529255 9.139182024676984 25.55029787914657 3.145980795783694 0.7286905601119155 5.4860034245192955 14.02627908410609 32.15409037954307 0.5089358936821179 0.037067376440070854 0.42765786548738416
225 7.8835781495893675 5.549634829420102 11.109626195497004 1.8756400477438533 8.725680788010271 26.455462638685827 2.677109710761619 0.545994314266949 5.894795379485812 15.049710356611355 33.876753611153795 0.5096377536170223 0.024898058319790924 0.4279859773210975
