# timestep 9850
# phase bcc
# id f1 f2 f3 f4 f5 f6 f7 f8 f9 f10 f11 f12 f13 f14
1 7.418620289653619 5.594014546803344 10.883725585732709 2.230209312500524 9.345780500274513 25.015335438106064 3.257547732728477 0.7106296650123907 4.958091939923268 13.563140575236671 32.669878583345785 0.5085840948421171 0.04598213349701133 0.42657192258942794
2 7.692206362796094 5.718170486857027 10.905285926203712 1.9735054322909424 8.840813886243277 26.106866136772236 2.9290151674992493 0.7911505290266595 5.313544727753428 14.634422403048298 32.74968805571146 0.508395816353607 0.05053368292825507 0.4261209822707191
3 7.554710889039738 5.738437378457624 11.103099935856035 1.9822621481647615 9.340092396284144 25.964616647659252 2.636348118487515 0.4458008815408758 6.024809971607775 14.420851389382868 32.051234297014894 0.5086226919324022 0.045390657768783836 0.42627350447329176
11 7.666114017654767 5.742953652043234 10.958889507352865 1.9432284101329227 8.701894548690573 25.790373990674233 3.2433555512460344 0.6078080881798619 5.594120547155887 14.371024960402597 33.46406711947025 0.5093713609854332 0.03089985576051441 0.42810635544093534
13 7.565242792222304 5.824953833908368 11.033126191734647 1.9303271382364748 9.228658014398116 26.206767086254082 2.634072328486693 0.8610561393341205 5.25693829479954 13.445624132475434 32.50672353089113 0.5091199731863609 0.041297137646041766 0.4265462917016524
26 7.3029057032959885 5.716604149087249 11.000039168998562 2.180607462544259 9.84098270803699 24.816724976115285 3.202671709442093 0.7621889130919534 4.719609596679645 12.576567809582123 31.51335341856623 0.5091143212117178 0.03829225621159049 0.4273067070938997
28 7.479625366675756 5.714280181748326 10.912954781067471 2.1596718181621406 9.59138966402526 25.72618259612152 2.6937228123728114 0.8419273339544547 5.201033344084989 13.299351572614043 31.955759832936963 0.5089569597931214 0.04256771286676949 0.4267967643405369
36 7.7540836658969425 5.467121972205843 10.278536094188519 2.550094120029393 9.494042071028343 25.47387829881973 2.994091141677362 0.6474817947197308 5.177354794640312 12.989213186221582 31.876678302689257 0.5074416457233328 0.05684070295226978 0.4254769568106297
38 7.500990773045168 5.865305886393686 11.08175412536224 1.936427250738277 9.192289119116088 26.005868224901203 2.719707587994238 0.40576192935207095 6.043330731813804 14.261458985632206 32.38311891814503 0.5097738837945294 0.021898158100641784 0.42816382555922766
4 7.475789884790633 5.679658142070161 11.257153288868999 1.8749335869076598 9.265388857776992 25.45042614186869 3.12128535297588 0.5164191347931142 5.101609077687174 14.623059003963647 32.04861593994249 0.5091028419130802 0.03552903017698934 0.4271445125794292
12 7.63544052140649 5.82181095740547 11.105889912993304 1.9277152686674912 8.903123640852849 26.229919184487215 2.762467371386142 0.561467205801653 5.9516257586952 14.472450062986226 33.28041322722659 0.5085410343066943 0.03977105967460332 0.4267633786092202
21 7.531261344979817 5.668917799865318 10.77402992180438 2.0542811701042054 8.773951186047775 26.147662868498287 2.9077028918860863 0.5631452690445392 5.610049521588806 13.985388852168652 33.88566724568569 0.5099096445238633 0.019650057461081883 0.4282163353203576
22 7.825347779790228 5.4703865225175345 11.005271682762094 2.126937555971023 9.625417080953529 25.74901276493386 2.536482198642606 0.5334621699647033 5.728537590182053 14.385678406370163 31.68582157986854 0.5081934599084642 0.048743196374852166 0.4263365706457024
46 7.792700778498727 5.448541678793061 10.688684483668602 2.3287274980063564 9.443407179781115 24.864558167558148 3.350439588229247 0.8101400826737795 4.902826631983672 13.929224926159304 31.793460479139622 0.5057472355972313 0.06976412952187716 0.4229341482894861
47 7.523572421496034 5.7818378296777 10.964621714957778 2.190554224547334 9.75623241701726 25.226605410291405 2.8305105800928616 0.7070744321568828 5.183319930173348 13.060455730318237 31.771057345225852 0.5086296578527874 0.037532941097743626 0.4270610208648142
14 7.719956599754464 5.667260735509159 10.68236747495541 2.391764859584498 10.271509557995422 24.954973409463168 2.9643159122492455 0.7576917596801415 4.011072621918461 11.875872294147072 30.165632549048496 0.5076848770586756 0.05139486605296857 0.42611984354095817
27 7.860810635424026 5.70142007582045 11.041871636915962 2.0304413997722404 9.396313901379333 26.673445114567926 2.2027101614977465 0.4949934392366773 5.855588399811463 13.98627395331253 32.4321328823072 0.5101089004011963 0.023788923886682384 0.4281612309467445
51 7.629363408331899 5.597846754934836 10.652270000456689 2.33602510860796 9.784586250817474 24.87507439766994 3.186486865078599 1.0059003432053228 3.6951536149694513 12.417676778651543 31.995832969127513 0.5080026970313573 0.04395582199871441 0.42696747793621687
52 7.579357583684123 5.58204465033571 10.72210244331052 2.23472952605173 9.342292651695177 25.38438424009658 3.1624610525023993 0.8077301409090302 4.629961231398554 13.613714974706824 31.93797900068159 0.508652230760845 0.04263917431550301 0.42689621878718775
56 7.489556350153607 5.713043138544369 10.769750527658077 2.140583025972356 9.043144472539574 25.69632338093662 3.108505690904291 0.7328587684087315 5.853965564698245 14.149719835488117 32.49754329222317 0.5094101008158591 0.03236638842866397 0.4277593187929048
57 7.5455136259646345 5.899579797043151 11.142238903715876 2.071636734751872 9.838216078891746 25.354906265597588 2.81879536345598 0.5595663141496015 5.220634768814277 13.037445905832797 31.404849831448757 0.5092585990553312 0.03557380939102915 0.4279954948387013
29 7.416871792412094 5.796107054363446 10.869508527343738 2.0469733587924304 9.185422725144806 25.85473095252044 2.804451210155163 0.8081040897184992 4.873450837387438 13.482105719233449 32.710444824622506 0.5077926553177547 0.05712541972170675 0.4247032670351896
37 7.443642363615535 5.811136594746495 11.035985318889217 1.7963015647019116 8.413150012445033 26.60372743420972 2.80270595842379 0.7076255853249345 6.16003233937465 15.114732294798545 33.81603626042699 0.5095753436700314 0.028045424730420387 0.42861531828074473
61 7.685173523120725 5.638653975694516 10.95698889792322 2.1419580068478337 9.536873100408908 25.149783447005785 3.1574995060364985 0.6102563431892325 4.910656682158184 13.903066887289334 31.59557749553648 0.5087227621618766 0.04524851464509792 0.4261249122575793
62 7.647527092189249 5.63714435837211 10.72103764846645 2.354379523274315 9.808984801335843 25.558711338003548 2.658390339997935 0.5211198185074837 4.980807953280206 12.99036030295076 31.500265836309598 0.5094462321052067 0.03435438498224087 0.42765111676287093
39 7.8505347973910045 5.481595745038047 11.07414724095964 1.8996966644479236 8.938656327633286 26.095599336516006 2.9245742397012053 0.7352052088647933 4.805705807522656 14.559588657055661 33.46422158708306 0.509729704265352 0.024462574372529137 0.42764255215139146
126 7.464806616067553 5.830531283758437 11.171023492170676 1.8922301775436663 9.262021551821466 25.696992239824656 2.856213124131317 0.6578596057051445 5.548986847517206 14.562220058228766 31.67371688524685 0.5076475605318789 0.058903093716017055 0.4250570204670005
127 7.8038662052682355 5.557292459515736 10.82483597727475 2.086558826110964 9.426047243141529 25.561403260301045 2.862177717639144 0.719712367795094 4.789810176707274 13.84018578864987 32.20053661473385 0.5087462496032668 0.035468539677820175 0.42715475445699136
151 7.725574618503153 5.472405558220677 10.097366833064351 2.676894132300211 9.986288703564393 25.01668229796915 3.0551835013375293 1.0040444791256644 4.825123229362818 13.228609149161194 29.32886435694837 0.5046458297548968 0.08003557364505555 0.4213342837468997
152 7.758475724809249 5.732239387709005 10.952335377007644 2.1443704795804237 9.465803082997661 25.47219992262095 2.9639362290643776 0.8281719203624559 5.060964553666821 13.974098323997264 31.621742604082883 0.5075340788722525 0.05828380136424403 0.4233723825872849
66 7.361894071187677 5.873276650064507 10.868471425428275 2.0254442088704203 8.716818536305057 26.149082447624007 2.843133685221558 0.6682191558665703 6.082058095163277 14.888881423400539 33.059245505962174 0.5074893165421058 0.0563164570558699 0.42533270157019926
67 7.710161383015065 5.7706371644622445 10.597096447438753 2.4849113424063476 9.86632493495641 25.07496492906081 3.053753628553614 0.9196803482012113 5.208411821422284 13.606843637883859 30.045521226872243 0.5066581536090388 0.06485343842039798 0.42379210869678546
71 7.985971379031855 5.420330428819685 10.805452570035069 2.225348622545432 9.388143600902687 25.725815777522907 2.8216216263495406 0.588578691049216 4.726700743198252 14.027543178368525 32.497115708088614 0.5093211277354902 0.03530123426928409 0.4279685424760922
72 7.756281476511476 5.562774414243136 11.149686056880629 1.9579519350128636 9.536646822319446 25.209206352561605 3.293749216105757 0.9929996346210358 3.679055334886165 13.120715165219671 32.202578162166276 0.5088429860694275 0.040865588718264075 0.4266927127718588
187 7.434532236524578 5.566193596438229 10.296354199622915 2.6133520514282136 9.935396448936379 25.227860637462438 2.93081692592844 1.0507465322837959 5.519773778245041 12.872828160945788 29.69303230916322 0.5075671111675641 0.05098594704866658 0.42633002038262996
186 7.327399811288179 5.86174894109566 11.27094137520336 1.8493320617782794 9.22193627712262 25.81223301244886 2.8291321130809637 0.6830982286395115 5.677614273195097 14.095670433305806 32.57252156181419 0.508942819500521 0.034676201943057115 0.4274199566423187
5 7.670816845822715 5.555813281192376 11.267517188304776 1.8352020594657077 9.245067340672895 25.639241100552848 2.986735579305149 0.7747311681337207 4.577285576729546 14.377074976236978 32.66176799666991 0.5098247066603941 0.02691278268083618 0.42812953975515633
15 7.834494531787123 5.392584492393064 10.889359856031183 2.162383542246743 9.676991219755152 25.696407122533113 2.6453649271230537 1.0537764085657944 3.7708619216074704 12.940464563979257 32.74644335707866 0.5090122149360922 0.03704860059022425 0.42661174751010855
30 7.533248104778047 5.63446981573607 10.894785044736146 2.180635005439693 9.744371800489532 25.458961736031316 2.79808597089673 0.7241673898975809 5.039886838205465 13.602792009363352 31.084050944642012 0.5080063268719566 0.04723091273858893 0.4265518675853896
40 7.704561267625759 5.5942043284819984 11.272228809540854 2.0914209458189714 10.359661719539387 24.366942841234632 3.2232811296485515 0.9323039422129001 3.5365514755787317 12.695464684237164 30.244522958352572 0.5096418738572805 0.030081271813428685 0.4278631679059454
6 7.314332402997905 5.732430269858408 11.176658725784405 2.0356188364543697 9.878752398915749 25.303006345977458 2.7903017728556767 0.9548167925854304 4.4997665401608336 12.736706636869043 31.76916621426149 0.5094364074200998 0.0327576116798002 0.4279120480137357
7 7.771006152984811 5.577445371415043 11.358704177203823 1.7934358520008107 9.34748051973904 25.76385741409369 2.874919351783375 0.5501195939032091 5.134353003643388 14.804808644842739 31.85053109376133 0.5092783696857808 0.03434039068682157 0.427361102009594
17 7.5831736950899815 5.697772202324477 11.471561610762095 1.7662635611871198 9.373817192501983 26.016101051603457 2.5273044234208286 0.7642309124811468 4.732841172016404 13.433582047021078 33.75012455013686 0.5096984068341978 0.030529359049560403 0.4275511899248396
32 7.899293139151807 5.409705179536638 11.030220348849934 2.151905038824377 9.796552930998333 25.10573435488424 2.8642408932649466 0.7445046456005286 4.585853247923705 14.016394987808518 31.77959715157967 0.5077225271044519 0.04990253728946112 0.4257617003651844
42 7.538400570987081 5.6982873366368665 10.963374150957561 2.0631963421164006 9.639422636201898 25.618036771735913 2.8123706944349784 0.8018782251523342 5.039909485926202 13.335789031774636 31.550817338781396 0.5096533980739616 0.03271892598232321 0.4276218197086883
23 7.840916638839903 5.491733960069889 10.640546759381724 2.303683401974921 10.005512137785503 24.49730950527006 3.272795769046065 0.9666864173086285 4.267921975269363 13.875486492062969 29.776351467159127 0.506075961979815 0.06268506419147601 0.4247317894805916
48 7.012769816088557 5.844886926416736 11.065622029218998 2.0519793204944206 9.492553486485136 25.51640330339715 2.9475008148241737 1.002211721332948 4.660915790907955 12.43449113208497 32.47421456741929 0.5080963527189623 0.048543759504313756 0.4265398624903707
16 7.708128633336983 5.796239512337255 11.472190771274356 1.8805951326392343 10.152225381224143 24.8081394967098 2.962980724524669 0.8705459943550664 4.563618773062863 13.67949868097613 30.220169668502066 0.5086012197990415 0.040721460066209365 0.42711648396473384
24 7.475807949794071 5.758026867473899 11.055291872035239 1.973380219728439 9.152334761493433 26.39490369408634 2.5818944030104203 0.4278975447841139 5.891388326724075 14.400728840663696 32.338355169399215 0.5096059079640775 0.032468086483220415 0.42755987250790695
49 7.469252311790002 5.623816337474949 10.877924615955148 2.091375991813285 9.213832858559435 26.117906553258177 2.7894750978579403 0.47087933908999713 5.57030976210744 13.924429491256063 32.509781691653885 0.5085511402882695 0.035993364682108085 0.4280018701731024
53 7.372369681797891 6.048613436508281 11.480235403957325 1.842579554870108 9.504177810503206 26.03066016990436 2.4861564765091795 0.5693751215902343 6.063964613859678 13.394108333358217 32.465948564633784 0.5090813910092447 0.028756465060372747 0.4273208232471648
58 7.427323884956685 5.64019471235657 10.653905642184144 2.5334138696882653 10.129096491030587 24.918043314305212 2.807787895350115 0.9071462161883753 4.9865722963886885 13.220923490905832 30.030170299112534 0.5080327514800563 0.051564391308203165 0.42581845185420253
31 7.718490202050828 5.575366349157596 11.115370571174946 1.878942562995659 9.563113993587018 25.49347359297186 2.9922103360768597 0.5879320382918843 5.176200320817459 14.270140691070216 31.022696523360878 0.5080177186478488 0.046521236952798146 0.4265376400922359
54 7.340391614141766 5.596316067434 10.733296542884533 2.3206731529260822 9.660110129985712 25.294277232951654 2.9330728381859674 0.5569658679050523 5.5598672417533175 13.568841541991143 31.16005188273384 0.507052132863079 0.05817130183574436 0.4254439656898205
59 7.264161116371183 5.706355646800284 11.118215422034986 1.9311090666043091 8.930447149394833 25.732360597661764 3.1611398955037937 1.0636298748794886 4.083693349970154 13.13169484098444 34.190364101189935 0.5097009435881303 0.021586514364650807 0.4278930508611128
63 7.555986428304924 5.673383324404606 11.341505149569883 1.824394305116618 9.43473082690583 25.625303747145885 2.81716779646293 0.5751706141233727 5.556377328495454 14.848978699020117 31.588233973580195 0.5087779852963167 0.03263802529607041 0.42688583882434045
41 7.67986040202059 5.519038820247709 11.217072103591 1.9085256645284034 9.54887376947864 26.06170271762922 2.527593146580797 0.562316843842096 4.813350267981309 13.968391900513884 32.31467901641237 0.5098441872063688 0.024242367999436822 0.42723681020805204
64 7.597261270703511 5.671405052972904 11.129848825791479 1.9554807346765555 9.510913011538184 25.872708381279228 2.5624029752843946 0.3997393144505565 5.805962796218306 14.463567685182191 31.59455963180599 0.5099010132411774 0.0248776256364232 0.42820137533882774
128 8.105367814325955 5.378535411561731 10.945574145115112 2.1288217957135074 9.552661789736858 25.52954134344651 2.9126333153614214 0.6156014776129153 4.679815623578295 14.113975710751317 31.91395801399863 0.5100025516956821 0.017122476434230004 0.42889447639754125
153 7.187619866646581 5.573318938006478 10.209583648509124 2.542562400046417 9.486485534931598 25.004005445506802 3.347158805821211 0.8406579964434329 6.130218109266402 14.403239079577688 29.49402707554085 0.501487601929964 0.09860350294608553 0.4176874354702258
68 7.639077618969962 5.610816715925898 10.742537874958277 2.1281877081538996 9.259825736587864 26.0560274395369 2.716277127687164 0.5832575979477381 5.525922795298383 13.893124712926321 32.37374699241779 0.5084024792558113 0.04224881305810468 0.4264458984018979
73 7.371582464440212 5.575930917627479 10.671714746100273 2.3167129090431553 10.040436766083785 25.137332468931156 2.8209057386291323 0.6432838956787641 5.798120673831411 13.690411327524966 29.684195797119518 0.5066331782111654 0.06254363683730339 0.42433143056106576
188 7.242119116834895 5.682420572499672 11.110472098098644 1.965433709315838 9.24825248495436 25.836867771865506 2.809427112138261 0.8222904295145903 5.105012148344759 13.340713919887195 33.16882404035258 0.509353140449893 0.03498274352374873 0.42767120451015184
8 7.698282122661166 5.8058165604668694 10.58464926682458 2.273428681954032 9.379327978586035 26.27675045913947 2.4471113374646807 0.6854794908317765 4.876160989138215 12.318996139528421 33.372711067478775 0.5089130650068436 0.038083478555588086 0.4278375867761726
9 7.794559599620461 5.763503335256069 10.825218814851825 2.1536676716215317 9.322730515287864 26.089145838723972 2.6284472815461144 1.0763361066762114 4.878411037271074 13.129685209660432 32.79565599548795 0.5087250219232211 0.039305562769855966 0.42688505141742084
10 8.016155256918465 5.597662665423171 11.175148073257876 1.8923000557683498 8.769190151888804 25.478405327350373 3.421992385736013 0.8045537445990322 4.934292709714603 15.079110856477245 33.15686670166378 0.5083860397756527 0.048439929793948726 0.4256395048437683
19 7.781314873538287 5.32151363898292 10.441204667749261 2.6297258259104135 9.63880655227193 24.559278550554136 3.4563160756166216 1.2449604966975587 4.923240203150129 13.832126080678112 30.555603334704738 0.5037082833825126 0.08367212833698798 0.4217987632188314
34 7.74240923575312 5.843134863736993 10.769172057074854 2.1969654111689705 9.71436580264154 25.637253799999026 2.7084191260172097 0.6311492610334006 5.65149507181002 13.626923152662735 30.590812333834183 0.5082739090394949 0.05152720228423394 0.4260962800059231
44 7.620332831131529 5.772516930460991 11.240512870902553 1.8356704974586011 8.859110950960439 25.84942751544059 3.0161019839210566 0.42027189460876946 6.704277715021762 15.243119270723234 32.84787788754092 0.5092566211389047 0.030689415492128922 0.42753097781139765
18 7.787537057354798 5.687050122918512 11.067477607633275 1.88704645903057 8.70121815943147 26.378821774935556 2.8612737352358946 0.4735417813308197 5.619130250777963 14.993943586861214 33.48205545088286 0.509613590281324 0.0275584733089763 0.42890885523559646
20 7.677685183076393 5.732064136289438 10.917232637391965 1.985080491607255 8.486189945491612 26.150453412898287 3.0913049754594573 0.5679098847130287 5.905148137221565 15.001041449269536 33.621232502971665 0.5089972898445888 0.03353273622464666 0.42882246134262214
25 7.712341436689007 5.900668515761068 10.918077229326782 2.1019436623765007 9.262143531732876 25.731752567828433 2.813689204665042 0.8669615242696168 5.236646530857422 13.360685689182688 32.85669683548865 0.5096642754687822 0.03194406614124565 0.42756358208714834
50 7.827218273741441 5.770760212717292 10.82506959773687 2.0181572070901423 8.603276690169318 26.564305694335445 2.6934659281307685 0.48579408749577 6.148133518335875 14.66052737935686 33.85339395653815 0.5102462975039683 0.017238101746840383 0.42883287927272656
33 7.507752919680004 5.746952166543395 10.623152231953494 2.3983943195775534 9.606277138370848 24.969531022350825 3.305239291434187 0.7723797723586789 4.980485003198891 13.689698721360632 30.435628784703532 0.5062080172615592 0.06411295573985168 0.4247405616731976
35 8.002407432798206 5.548665045985218 10.956533378350578 2.2030415573937896 9.262761731104588 25.160209827896946 3.1235710349465817 0.6817447523350216 4.658115421836605 14.423962354830497 33.013237655689245 0.5087246160775549 0.04204796007971091 0.42702098466238475
55 7.802634292584038 5.408522079603068 10.782454339605358 2.1725920609069944 9.424956149822998 25.26670786864934 3.1381793982797164 0.5832696392981169 4.7952298534968065 14.01359107284103 31.99348127519893 0.5092759755658297 0.021010795546258728 0.42791061810241177
60 7.58285692182496 5.840011093160872 10.427827816967593 2.5795049086041586 9.910826329739837 24.93314368049223 3.043968102750608 1.2170476332094406 4.801836988255553 11.950350903079771 30.958418175605377 0.5076289068364014 0.05524433228818241 0.42491084489678305
43 7.559345834434763 5.735215027020607 10.734962653390246 2.1110637305094704 8.82748538393971 26.4892978831872 2.604538040053839 0.5483293365375755 5.813030586953812 14.462724501522345 33.067987576675556 0.5099144114887008 0.024862140140135422 0.42811099411824594
45 7.54118232034581 5.923906052654326 11.16618609618057 1.767249439825719 8.330889393065652 26.43894403824355 2.953995288855015 0.8025352208799671 5.941610302663481 14.863651418609505 34.51164262420449 0.5090638325394381 0.03875472282712504 0.4270807696989433
65 7.785523173958862 5.7943509630247 11.180163097714805 1.982833768837605 9.331509770176446 25.060456949087104 3.2200027581238237 0.6330231835436732 5.570909186627588 14.761798322842044 31.696983740794973 0.5088335563616744 0.037284865503542625 0.42768527414648366
129 7.520462784608345 5.941821936409089 10.767198177860012 2.0346165515884564 8.596195049992524 26.612086849028984 2.761916598745551 0.7126882848368556 6.193507147874766 14.021935001143929 33.73212306405867 0.5097123606724763 0.02930868055335642 0.42806581404546934
130 7.916892354333346 5.803095594295281 11.042935154493225 2.1326584650062173 9.736355576215216 25.709224399655305 2.564448698763325 0.6169623026794937 5.632720992371651 13.336687965039712 31.835473216873893 0.5088269336474829 0.036311862945829894 0.42765829610068107
154 7.599850438611713 5.7337214455770456 11.301814158146568 1.7755149440980857 8.71777252849049 25.804855762282948 3.255313064379264 0.8855733644931796 5.4408878874797795 14.490994626668918 33.69886024032213 0.5097286469181794 0.03400088226117791 0.4270974548681442
155 7.778944839981451 5.601922052359917 10.854830206484415 2.157077413060361 9.366919580112963 26.092455551895743 2.5475101325734415 0.6694635172919363 5.721190616687179 13.935298223053975 32.56288180809043 0.5087010622212053 0.039035302503230646 0.42691801804865503
69 7.896066049515376 5.726093029874645 10.643520888195251 2.396172979693874 9.97556173071148 25.316696920710168 2.8502132266850846 0.7134899623686328 4.711343794248261 12.863029966020965 30.507076795352482 0.5079819270349712 0.051193557818971676 0.4243637522793143
70 7.480651232395794 5.828576378261136 11.115431985814546 1.8855353282843903 8.77132006972063 25.7010800247988 3.245948852315636 0.8003649622703888 5.145524507396773 14.542822993300646 32.49535230581478 0.5094778121684821 0.03274274969964222 0.42734622379194925
190 7.419171763506775 5.744952155600621 11.116094559486243 1.946787589800634 9.396877533580511 25.576841702633164 2.848378369497083 0.7909801041149515 5.140925059964936 14.04331805331794 32.00466048627302 0.5071631906404843 0.06279065918533769 0.4232181945512106
74 7.82387414012251 5.889399073598703 11.22334561063717 1.9726047279831438 9.83910945151335 24.83782644145861 3.321595637439907 0.7163235340485282 4.6933577864136 13.09398228670776 30.8098053809672 0.5095219601356117 0.029860003721786172 0.42777393661333146
189 7.907717862196558 5.382978411608118 10.498448824348838 2.3844577486012133 9.340978320205458 25.585339882541874 2.931598889922808 0.9319178271901534 4.042221751766335 13.164677882625016 33.16632027042136 0.509551438377507 0.027141816574999648 0.4284004618149757
75 8.04344353568871 5.546587303004753 10.388497408840601 2.3623517973829498 9.027044919722057 25.46209765967289 3.2975469553034187 0.6091398532824507 5.12811449149404 14.577423128183217 32.041097596358696 0.5068881027141379 0.06087670070967833 0.4246005456747538
76 7.74681145674406 5.738021536672592 10.958682661720307 2.1921179453398043 9.744286510588687 25.60694075764797 2.7072801167892453 0.4850722104020083 5.438273555818973 13.603976905027013 31.25590480892378 0.5089679478087772 0.029983072037269232 0.42610230904250546
77 7.289630977667006 5.939110909506306 10.842841413399361 1.9863029516450899 8.6122996494166 26.512396249534405 2.724521179359193 0.58236677295947 6.220039630324475 13.920348416524842 34.00104626984077 0.5081101732510087 0.045588874713226875 0.4262288358384231
78 7.714394720094762 5.593853975847162 11.042021574907105 1.9278927169508007 8.953475315647722 25.62165746219934 3.2459275463522586 0.831110601393582 5.169045828815824 14.869503055095288 32.27126170162629 0.5095933384571726 0.025731393372447085 0.42770163346201
86 7.465700321783579 5.762646261726728 10.852045332727906 2.1319451008867674 9.178057301794627 25.69091063056564 2.9694499582806344 0.32200370339368345 6.999017128550087 14.821623569700813 31.44816466252696 0.5062042529915409 0.06426736839921986 0.42406713995400475
88 7.607094115482613 5.7174654913539795 10.833472041597206 2.1120071016263537 9.377511286112188 25.66559990697965 2.8149057212745237 0.8942246137179753 5.060392506443378 13.477147129254842 32.37751296103292 0.5088971420231011 0.040847940003006594 0.42712601282600915
79 7.55407703375834 5.747405580669636 11.078270302299709 2.031718419866534 9.495973821114376 25.26097721855563 3.1354218251949577 0.7924589953734626 4.216325465402747 13.063781276512222 32.37666319032871 0.5095643020663917 0.03186002173928817 0.4267714180717925
227 6.9824230483474645 5.854430911526891 10.746196655917805 2.1517047804749723 9.478294708802931 25.7530204821091 2.7301863178716728 0.5505100862680926 5.783390821669396 12.749003047692398 31.976860897967114 0.5069260832445527 0.05591625568179467 0.42610735527937366
226 7.953314355988847 5.396840003932829 10.59396197600521 2.4752381509305503 10.047368385083775 24.60335959340246 3.2107391888822785 0.779826831031874 4.366602052560486 13.804107927403196 29.926044883052707 0.5067217035383438 0.060689324121575745 0.42495482801124873
87 7.658991643275127 5.592420584680981 10.809770796604003 2.153335020055427 9.131859092569375 25.699805113544155 3.0113196986866613 0.931408015061011 5.708683280158763 14.418520519116525 32.21915279061333 0.5074408790659539 0.05739382393976542 0.4242124239815654
96 7.4984574329490865 5.784427866269372 10.923909513807454 2.0068634535948267 9.166791857810827 26.32643237816721 2.545599422792832 0.8652418743555013 4.963271165861935 13.065925631898136 33.569597166000094 0.5096483992213762 0.020510401552747158 0.4287715805445394
97 7.509037866461225 5.638850461559342 10.98289383492372 2.062711497173998 9.292141646396011 24.71146524355987 3.6518552612686443 1.112574644073604 4.063268084639326 13.705938526535748 32.17625183762096 0.5069950176588444 0.05889379032329751 0.42471130004075286
89 7.716058179821233 5.537448623679302 10.729054429965856 2.4400410325562634 10.517967739318816 24.373621458203246 3.080364712494241 0.5106589938874769 4.587557938609717 13.422608900399261 28.574007613974317 0.5086490926662254 0.043892824728428516 0.4264995744195285
202 7.68647429191087 5.716159578167306 10.838527360128346 2.300687455087834 10.197462121492094 24.327260628702405 3.2133768665011315 0.8049299395983873 4.349860427416583 12.827096890679897 30.3698008520677 0.5087337591365236 0.03231346057579718 0.42841417765893614
201 7.491022205753818 5.679345893594697 11.06830303299861 2.090978900721856 9.798584651167012 25.467053394973444 2.7060311906828525 0.7120435151711109 4.565354814382692 12.732506256919663 31.939838848027648 0.5085331797908061 0.04223622765997713 0.4268241726832317
101 7.532692467679848 5.646521544142867 10.893246049616007 2.00699267679203 8.554049290310312 26.32706221003471 2.9162193372027465 1.1282015337185047 5.362058278359054 14.15888011045466 34.30644638249102 0.5085529801475311 0.04886968268453389 0.4262546918988258
102 7.945012563885237 5.773730049903683 10.86557043604849 2.138587561083442 9.516836500126672 25.84000046917054 2.751750668382226 0.4582511597478884 5.757699229550542 13.778800150125596 31.46281540867703 0.5090395067229123 0.03208637645421759 0.42714660908589996
103 7.639208085372646 5.790980615999831 11.073737986849725 1.9663244574892582 9.175395865436393 25.583502941839438 3.112881604090944 0.9412721325892421 4.909079454089467 13.821271628389894 32.58852504442845 0.5083446406698673 0.04572617085733134 0.4260574992100131
111 7.753710674250204 5.915856894751237 11.081021941849166 1.8576230473357807 8.549572279763424 26.65809733505066 2.7525117030351716 0.7677649651998163 5.6881347366214525 14.170308933547785 34.24616677180153 0.5093773602541927 0.029008645969968522 0.4274252626452492
113 7.972749617431853 5.545743759364035 10.71663249632902 2.19724657606474 9.326125301498447 26.220424519585006 2.542918371493958 0.350128139965052 5.827921170076153 14.665083136471827 31.660201456547412 0.5087731210591897 0.041017304020386704 0.42648206694578067
104 7.561918788589388 5.6288477447329255 10.81152693212636 2.166610176464282 9.642022035197835 25.38097317780464 2.91351190887152 0.7572662928337965 4.222158163831664 12.910722593868838 32.076423957281925 0.509938562229098 0.023308434916705905 0.42840488326035076
112 7.3330431993218586 5.697318823073531 10.655582220666584 2.134656953549378 8.500772086603112 26.2812584650698 2.956187365176228 0.8589563917208403 5.856609595299245 14.332758061886533 34.00608915210194 0.507936710224091 0.052662418623818506 0.4256092863164447
121 7.210054165701659 5.935308525630821 10.961390756511554 2.0017464350006495 9.229633379594873 26.34428342511013 2.5414686501006187 0.4546059418092911 6.586767524466895 13.786522905678362 31.87639662842237 0.509128324368793 0.03843774800059837 0.42683434273087956
122 7.849053486661505 5.557879642284843 10.865664516882877 2.088177457503204 9.363028312146744 25.800646991809593 2.88089115280331 0.7789881436790672 5.294312333380859 14.311013289341528 31.64067531703446 0.5075316350773876 0.053051373939407884 0.42605016869308876
114 7.03974986507736 5.79833321788194 11.266411261165745 1.9437708335037704 9.724213385611812 25.721576650446156 2.625642708503274 0.808547904250376 4.940102076786543 12.06365760838648 32.90105100085253 0.5093586560711094 0.02586552322392024 0.42851071576357147
80 7.797448245051882 5.768926135439728 10.693597155578036 2.315299752935167 9.946657954949949 25.50238065606838 2.5770411778107065 0.7291897796794099 5.633108493398656 13.300640525129989 30.255130258896642 0.5083713236320805 0.04459032026817912 0.4261713604579111
90 7.7974974713410505 5.381657226132278 10.839971718123303 2.1922495972578804 9.661708235406541 25.600733483513675 2.6835977206750457 0.9525914764826099 4.332292248667 13.17418624682877 32.54026790852963 0.5072878802430266 0.047214049867118774 0.42644104410408373
228 7.080152664583923 5.740602261851867 10.765273431877244 2.2193193614113533 9.364034756709474 25.417889513421482 3.119709264594289 1.0562469402996304 5.332779180152702 13.544951940307918 31.744491632486078 0.5082533512705748 0.04468518031649562 0.4264078012122435
81 7.386335018815402 5.606854247036608 10.389165296875259 2.6224981196605963 10.191789544993002 24.49707163132865 3.155844681638898 1.0324875783613565 4.410628770393407 12.68269767056208 29.717384681601686 0.5052691227322342 0.07873925839924051 0.42130892781385954
82 7.506975756843618 5.855925300945074 11.233960175461547 1.9158868643824813 9.718830928540665 25.46971287368047 2.7340421173212164 0.5226420911031078 5.8194623334135285 14.070000228512495 30.97119359249453 0.5083916319786977 0.04362329886772036 0.4264537610212309
92 8.053844338813413 5.37336121316096 10.955242887685477 2.1311288249286378 9.550026879270325 25.430244746416367 2.8806792815259006 0.8715734987189199 4.418227642773563 14.15089383279322 31.99100038992086 0.5089220708316071 0.037523309853123556 0.42779158759532926
98 7.3595183916852855 5.663897965486421 11.038341118349377 2.2183130428499975 9.640862983891894 25.197851333788975 3.0090004795967253 1.0436453016565528 4.755842603394064 13.908651816349005 31.173781553498124 0.5079566313441659 0.0542571580760531 0.4252476921243151
203 7.496991243001132 5.699191733619456 10.789757125233601 2.2349852657601263 10.168875712538977 25.033237297954706 3.028755353619603 0.6207303084824124 5.061534004211499 12.703288385520151 29.772464292113135 0.5074792251009668 0.054510857562962374 0.42606862620547625
91 7.484538467520935 5.541899206719093 10.750620436221961 2.393441080917594 10.54050880294594 24.9446976621634 2.7402631564602293 0.6847485999084852 4.669761397158252 12.491918819388017 29.397850218027227 0.5068433719332902 0.060961739327797554 0.42526472111851354
99 7.843820533752566 5.6836454117352755 11.462972368028973 1.8417350017933365 9.555924672633642 25.65363541823896 2.630385393757426 0.8294395110549393 4.529353976930277 14.010754189194763 32.79857725783078 0.5096057118767804 0.029253812961185097 0.4281789421605568
105 7.573507588419084 5.658341828287953 10.803764065322584 2.338700015348057 9.973904340761171 25.477583996273587 2.666509212181482 0.7857476385421072 4.883786781575916 12.713848938855232 31.176563382985346 0.5083089998926641 0.04710337829684161 0.42661044326872594
115 7.165693279818288 5.860560349705293 11.473924439351784 1.624549473283594 9.41349269227051 25.30423312102856 3.0293821526880484 1.1132136197822808 5.121084198927132 14.388010991687725 31.708159625705452 0.5086896706000342 0.04601991136073143 0.4259202430405933
106 7.9634589002242855 5.455814931036115 11.174370387401424 2.1803574823039713 10.516960111665185 24.806427987888696 2.7513107360126487 0.5698995468612884 4.168284851940789 13.244641792470345 30.04826460697854 0.5096987288428066 0.02377612825906595 0.4284114947651843
107 7.455430705153666 5.681673559896208 11.301248503789969 1.8358635060270545 9.411378518218743 26.21312819965178 2.540511243225437 0.8361379869654946 4.540143159274883 13.238764557890745 33.07733650473605 0.5094562048166764 0.027195272656518662 0.4280962020386411
117 7.4509283128007215 5.528288184141817 10.612560004932352 2.1135324924796004 9.371764109852702 26.317859633211764 2.380715595906087 0.7154680614624945 5.818813269277238 14.402742881670108 31.338590940957015 0.5053288727582607 0.07173856792936376 0.4242547532823598
123 7.9370254888346485 5.102871087550023 10.736234862155905 2.154091417619593 9.26297169986998 26.238532017937494 2.4458590451028783 0.8429088524689894 4.500481540653965 14.418908142377166 33.32953346929863 0.5085003251048987 0.046981584706175986 0.4263039976706598
116 7.578039448552092 5.495622953451673 10.926409998460372 2.285727398109685 10.476754609354279 25.012885785914634 2.5833531883379504 0.5900861130838692 4.698213528061785 12.848021831573659 30.003311207208192 0.5084297733054839 0.04430400218536846 0.42681531889453195
124 7.548936261533434 5.726537584513017 11.589159801088032 1.5921490329015227 8.97346003672763 26.93473526888768 2.2783094381330393 0.643571442371361 5.742029007241827 14.992110737394436 33.22106410283651 0.5101379272569784 0.016530999760764994 0.42829818919452345
229 7.467391459338224 5.685855656445064 10.630025360858852 2.3023205116595613 9.625999505645662 24.99625730477086 3.2755222463088742 1.0128278534483433 4.95750085762712 13.327156080101497 30.60118032086999 0.508816939418356 0.046274519704463085 0.4262835713915007
230 7.9638622168337525 5.594525121693641 11.092506976637093 1.960353693267567 9.28662192547827 25.330927327204382 3.2189680539011145 0.8138934655154045 4.34259678916221 14.216817865801373 32.27436333964058 0.5092930147337871 0.023669567745253035 0.4280993723459637
83 7.3021130127032885 5.676813819306767 10.579068014636007 2.3603895084702167 9.722823844699176 24.97382103985322 3.222653553703773 0.621572874868103 4.964366519540462 13.390394711601425 30.672902002021555 0.5075847792103969 0.05575724934558053 0.42549494000028576
84 7.107669589342555 5.417787664878296 10.760954493091027 2.4759338481004045 9.86747409830303 24.912861342727812 3.0372596894842987 0.9091393343096943 5.747562531809811 13.586597389833685 29.96496220694309 0.5042659530502467 0.07627444268491948 0.42319313450010776
85 7.648211923057748 5.842875768317194 10.44476097472805 2.4010181332648077 9.413351638220664 25.814389864951263 2.7980765534779066 0.36516551372531286 6.036812295030981 13.56883561699181 31.388788636207753 0.5065892590248986 0.0545783338185429 0.42678585189089535
94 7.644118320945837 5.2998034729777945 10.571325889542198 2.229852671442031 9.102243098358763 25.327344860641112 3.1806577744405824 1.5205608452024526 5.718836169996653 14.177543248928332 32.23774054159847 0.5053042491093102 0.06899517544672945 0.4240099881111417
205 7.527211260637455 5.598965315468552 11.102563386732642 2.021624011776174 9.536508567751062 25.880308064810805 2.5280054713366495 0.5832721638314794 5.668932622148689 14.482975824545658 31.772126553159424 0.508807198902148 0.0351161350614134 0.42700969900637914
204 7.367037364424585 5.69392558286 10.643004596125758 2.3599677004287125 10.116455148301396 24.666144290670605 3.0490876494562675 0.8928650132273221 4.694666335722608 12.832895635809226 30.129562677188666 0.5074870425726238 0.05471111965336409 0.42533640999548333
93 7.183975973139581 5.908368661336006 10.84757298004383 2.300719523816408 10.018824785601305 25.23910558424115 2.7162656741905855 0.5981579942194308 5.2537458149814045 12.208406214663665 31.470180552551145 0.5094320947686659 0.029830149662552003 0.42821055201134167
95 7.491161452078942 5.852660758544306 11.081644721365713 1.9820769182595988 9.096030765725978 25.950717494015723 2.795229085892885 0.5473656932095484 5.733182474982332 13.777334270108687 33.030164582099545 0.5095866244038022 0.029543990689575427 0.42785845514406373
100 7.780910838518032 5.5393980667046865 10.991562224789662 2.0050752251567965 9.11068855030171 26.08486657762445 2.7696575375590573 0.5395337883733994 5.101755708202692 14.261059260665201 32.987462830247864 0.5094696054347677 0.03205923448436176 0.42778767233848436
108 7.249974499721313 5.840517773953927 11.364709131054672 1.8446482226981242 9.56325224939914 25.346124552186 2.9736066711423397 0.6078254127091722 5.387782149615077 13.54357299124357 31.929461633599843 0.5101270505496351 0.014980181413935312 0.4280789394845607
109 7.804285646845231 5.563428181585688 11.402960266161951 1.826488398194365 9.230560649672377 25.470950598924365 3.0915893864729442 0.42165179733163366 5.515497771504963 15.626514685006109 31.743477233010776 0.5098891306624979 0.018730380413197783 0.42830060795147773
110 7.803728596672645 5.792153182006451 10.862298552536009 2.2609981464900466 9.643113005674632 24.997696239540943 3.2204984010816133 0.571749180226084 5.372998847102651 13.662589603128541 30.993583993580458 0.5074368933108282 0.05802409867695142 0.4251127952429935
119 8.19509626946138 5.302636347367121 10.982073882860467 1.9443074988357154 8.626119045546691 25.970900727358625 3.1738206359676986 0.9415723919610045 4.6658801746820195 15.453402741763677 33.579030073011374 0.5093976679610521 0.02872858002977872 0.42764839518240816
118 7.326170682962219 5.702925860435725 10.769777640749947 2.2700958915775376 9.715188191044183 25.421127054752464 2.8587183465238635 0.8752872959415945 4.7047282553127525 12.38671632420049 31.78731274802458 0.5079693546733206 0.046543582307629346 0.42715107238542904
120 7.934224969482835 5.649597147464462 10.82697201277744 2.165876127167946 9.21313177518092 25.470294843096504 3.1316073624940883 0.7731953585386406 4.608838413795602 13.329232519245796 33.303054943099056 0.5094436805757638 0.024365677410625963 0.428296925209095
125 7.99871768394188 5.590720704984983 11.254084918760318 1.911309629776872 9.473536579161816 25.39706476657066 3.0030417730847145 0.8435043778224671 4.961631563379848 14.585356941519253 31.859288589523675 0.5095987146792518 0.0278608661645168 0.42804713466055855
131 7.549032511827635 5.523114304218669 10.611453000619532 2.457409489268365 9.965611456028753 24.674344458128914 3.243839378610186 0.9744244338468103 3.7789655753382045 12.611260020603737 31.139576634894574 0.5060034300853621 0.06945239794180101 0.42384786721349443
132 7.3396074000306655 5.674704700923135 10.891882364961495 2.078874544536617 9.884457938081267 25.333461258820112 2.8416496521555903 0.8512273791120283 4.422748041724193 12.959666886351553 30.917517929135045 0.508485496866198 0.04411152776746309 0.4266157281555938
133 7.42109065029948 5.643602841088069 11.075413491173295 2.040175336177657 9.298330334554601 25.721540214926854 2.8843234141674574 0.7993073443014914 5.0960293374451116 14.203956698239624 32.083339228193665 0.5076858326593676 0.05499377293949346 0.42425823057285117
156 7.254699032951322 5.51310921896431 11.270973011080898 1.8606848487485153 9.224642616052648 25.46078342949368 3.1441064201874607 0.8484516223119689 4.3418353745703815 13.713793515252132 33.00848431358901 0.5095506582611109 0.0334155620753499 0.4277536429449259
158 7.563396812777815 5.589315462361956 10.799349188818727 2.2895692743898275 9.961610453687689 25.30173984842769 2.71915845460563 0.5841339083096 4.864813231831236 12.813463648236475 31.48716790463434 0.5091728608217307 0.023542095608873135 0.42801186626693255
134 7.45684494776302 5.755418647096882 11.03874046936573 2.048932179966913 9.245493654384225 25.61104094060866 3.126261976295993 0.7284340901717495 5.201076947851144 13.70402095903021 32.19255875116285 0.5087276956417636 0.034909193727164375 0.4272696272080136
141 7.781758391584714 5.431859752099056 10.867734629022705 2.2569508911380787 9.931681735833997 25.04389649171916 3.0459973541009724 0.8586875605786586 4.053311159644801 13.232115678812296 31.191673977486705 0.5066916425320739 0.06322533418649863 0.4237953032972084
142 7.7932883165199796 5.506683754804476 10.942426704743381 2.0524013598680564 9.33994478483568 26.219004025804622 2.4708828994695504 0.7358671930351908 4.557360230101699 13.619829056414979 33.373643014521505 0.5093496417637342 0.031535012093126744 0.4276640568457329
143 7.7901779640474915 5.512208694701573 10.963983628395399 2.1256639029499533 9.937243753573489 25.390079458610472 2.701276459219752 0.4825255953788855 5.328499556655825 13.799465076765355 30.435136686440128 0.5068445989287356 0.060898716005124316 0.42467177357045743
166 7.36320037616271 5.674102445026158 11.028404691262278 2.232877099294014 10.342324153370125 24.93774143833765 2.699867575509315 0.5928513624577596 4.74542302963993 13.081818330551881 29.9980365107891 0.5095337712875624 0.031147844262148575 0.42716444828297145
168 7.59155829271516 5.6930992764537365 11.04669022596378 2.0134146486872297 9.67268467085852 25.461713601980062 2.837334821744356 0.8225199536258013 4.507717958443044 13.07222999228158 32.033392229463324 0.5084649950210517 0.04650840033170304 0.42699319482734455
144 7.539988387236436 5.690203053434573 11.226520905400374 1.9381381115222993 9.439437780681878 25.5007685307613 2.8826288962465094 0.9806668735415652 5.0363521977081 13.710551272438124 32.604487181089446 0.5089529438337039 0.04129021785022903 0.4276435218737729
157 7.9552436269251 5.25499089188329 11.01704245961164 2.1592434920315475 9.80429391635101 25.12058691558666 3.03243148690285 0.7007063057138856 4.224228105483092 14.476767265039236 30.994382931361045 0.5076401452518676 0.05068174155637423 0.4259737353063691
176 7.19077114809827 5.7033234700899795 10.59893472431695 2.5371612130456893 10.051169232267727 25.020628619880856 2.7959335712046482 0.6772862461802646 5.0282256095664355 13.099009261589694 30.079420026806563 0.5071464398125081 0.060148077907394425 0.424820057563962
177 7.493997409407726 5.868908286713629 10.996897834670543 2.1001978754110344 9.900554698096046 24.776895628762883 3.1944180509652784 0.9872330106689956 5.017128319795081 12.885097903359075 30.722675197213505 0.5069902832143651 0.0611866061543076 0.4238661703537765
169 7.7701672379261 5.609005015454687 10.788705612973436 2.151285041320285 9.391082581733297 25.93038323154399 2.679833289085471 0.8002744815735103 5.112186182182664 13.80082440110621 32.297548873556934 0.5086720987724677 0.045880991577364874 0.42594470815821145
159 7.592273381991703 5.8577589317578225 11.081940875459972 2.0035792467415097 9.236558254467358 25.965042146836296 2.642365737352554 0.7851811993310451 5.296062341439434 13.299739711604866 33.36537371566394 0.5096462418217598 0.026948586281973195 0.4281714849395244
182 7.555665803979965 5.647935827126994 10.766964375551757 2.3311237503862685 9.871810653565017 24.996095839443573 3.015481189002377 0.6002991925895549 4.803197264573106 13.45412070467435 30.750160611900675 0.5073407235111673 0.05839714554341866 0.4250215338042729
181 7.16898432471175 5.719353855855427 10.927231138346151 2.236009657995584 10.335132301591322 24.836062800739036 2.8825035540055453 0.707617627602867 5.039143427306963 13.069630233497405 29.127877947612777 0.5075156432848199 0.05402170006151804 0.4248175490826538
167 7.556076331239444 5.878988827817429 11.50566706026409 1.6827795213061354 9.737621996329889 25.337599201798817 2.895656769506641 0.774545307685892 6.03778842058339 15.237021301912659 29.575512694682995 0.5091826731237468 0.037512263735204866 0.42703891083353057
191 7.570742211487952 5.5114853982031455 10.693084723884045 2.204569179737697 9.672153097765323 25.435256055839332 2.946300023108605 0.7471006712148548 4.776968209910103 13.490060114010031 30.97489589967303 0.5080606015733279 0.04290386471569455 0.42718745997056484
192 7.460403192514544 5.784075668640901 10.882104531287526 2.040279233421829 9.04453270535649 26.09820992287809 2.8100940359125253 0.7918246417888415 5.4375914218430434 13.161193275342853 33.223917381487304 0.5091159247507715 0.029493137044760302 0.4279234306253565
196 7.684467895211422 5.631854461383909 10.80788753552509 2.185136240872772 9.862230006192702 25.61862954535516 2.6148636747189196 0.6612153970049298 4.597085012278508 13.045031113330532 31.40649683584795 0.5079535219680448 0.052474675006038356 0.4239371565165779
197 7.432768972827404 5.725286263550991 10.92116362877016 2.0840677534685903 9.023602567210181 25.82963359407245 3.063349718279972 1.0256315754972212 5.338651362516238 14.069451889812632 32.607149269805916 0.5076203212958856 0.05420743541277848 0.4252042792270815
135 7.673018444503131 5.5850511705590336 10.649969637119405 2.292443133536588 9.195887670390963 25.414771520083697 3.2911724858184255 0.6815714446958725 5.5848801313668 14.582087639020864 31.065256893629208 0.5070284687089784 0.05851063184781158 0.42484763344486387
160 7.470709200753856 5.69801102025321 10.532348227330042 2.3190196493799693 9.306751869113063 25.35407978520814 3.186484003247392 0.8691068888178455 4.934749468327709 13.15701472685453 31.939092083780807 0.5088423362562806 0.03995735438025824 0.4270013327624797
184 7.301453906425474 5.611360243326368 11.061827415029384 1.9891490640598515 9.102486872886578 25.406030957228843 3.227778059131974 0.7842796533661092 4.813800307178556 13.694207490581219 33.075702413395746 0.5098519615965702 0.022092679924332653 0.4277269483929137
136 7.83780176787436 5.757706612135803 10.756539822099533 2.293504789586304 9.433126884364416 25.29313708873794 3.1797632599290586 0.7734823666913326 5.135126009626155 13.961165934133872 30.83738889679832 0.5079499221494262 0.05868085330557092 0.42367819426247716
137 7.767152824788016 5.6954743934988 10.927625716408881 2.1488513225753207 9.390580035568208 25.85681563371833 2.7616357179320588 0.6889193005694082 5.01774317127597 13.25380887883847 32.838349078431364 0.5099057544832559 0.02324300633080693 0.4281390684262031
162 7.3994469683788635 5.909240562131618 10.92264071236701 2.0048167161916433 8.974428676045493 25.69482019180675 3.185737321607284 0.5771032904478096 5.971855594933779 13.87126830994209 32.21202121993234 0.5088960035828505 0.027058566839441352 0.42908204593553256
171 7.962853176022589 5.418705072752893 10.593459454806187 2.268797924413193 9.554999084838219 25.730834979862536 2.774353300470422 0.5973067529197152 4.646825858953404 13.735716291167492 31.606450705395034 0.5091384262152344 0.034969996894880735 0.4273777347368209
145 7.6909339854151035 5.763725700227289 10.965471430881571 2.0170271878855583 9.068206829022364 26.20206430699554 2.7089285416948305 0.7346024560972516 5.863478469364679 13.91031685250093 32.77936458797552 0.5083283696981634 0.0512651265977599 0.4254750327047897
170 7.76454627512115 5.637697651943594 11.038129687455012 2.000966135721885 9.288634183782692 25.591212438613923 3.08498173135495 0.7770551509000752 4.7254428367935954 13.369326321865554 32.84386470018099 0.50945350626803 0.02327850375266645 0.4277081804282507
146 7.451803115507741 5.777650862079833 10.994846541205618 1.934928552316938 9.07080557123414 26.130546270970346 2.699202298492076 0.542171013428111 5.695303527158794 14.084883221228083 33.012564666511224 0.5084349410822184 0.04215806330985477 0.426820435378023
147 7.627086001904939 5.7156296378644456 10.687275502295128 2.303314490159101 9.41193357964303 25.55325115371109 3.027337703335291 0.5165067203201988 5.492473604155224 13.876272359939673 31.379660938435418 0.5074709539917648 0.04299043173843982 0.4262683502189425
172 7.254819772076172 5.734225956024575 10.481669632498372 2.2884341077016743 8.93535947341528 25.763605377862113 3.1589084728131134 0.86396142481648 5.544051549713985 13.847800101782996 32.37006080016814 0.5073476075630439 0.05367941627801579 0.42613753466644516
183 7.784891885746967 5.595619222068452 10.796412751898306 2.266395926603887 9.464475761820424 25.319888239988185 3.046165427738608 0.6821731099328788 4.947907483265587 13.838449637276339 31.857709403808077 0.5085671222245057 0.0419216945052405 0.4272877642271526
178 8.065440574365814 5.437273114421445 10.72101385248848 2.292982973314875 9.381228462478438 26.204867651130627 2.4206423105291845 0.6475365364769305 5.986423024489348 14.36981899602049 32.10175967999174 0.5079854789826842 0.05141551597371882 0.4257083993162837
161 7.736677775872927 5.767616021279187 10.456251496777144 2.259655199622463 9.332392261217391 24.98802841461411 3.4562230314728444 0.7539047771862967 5.627231393540754 14.509246120897586 30.393211937320096 0.5047049056755968 0.07832845420208882 0.42195043888027733
179 7.742920979508318 5.498457226549739 10.480803695140233 2.4890463885642173 9.70939069263554 25.209399482066686 2.971804855955577 0.6351959628461077 5.203583434269861 13.418280425541779 30.87815209968289 0.5064235208689492 0.0589316518602454 0.4259753009106958
193 7.455929806951852 5.711882559462311 10.827642652347407 2.0412305744700983 8.589631900543324 26.693637187402434 2.598632062942526 0.3204742002120037 6.625949763830566 15.233892196150826 33.47006693911218 0.5094840266317562 0.028994602129593726 0.42785301171798784
198 7.503228542418279 5.807658955058471 10.901259856058095 1.9884734773254782 8.943271656015842 26.49050604880107 2.642105905419493 0.7176536769831086 5.581445568020675 13.75643741625961 32.99106130917826 0.5096314696805142 0.030976129365453124 0.42745437979489503
185 7.7463514800942965 5.51236562910466 10.803522614755641 2.4151939950479835 10.189308993298066 24.49392274810798 3.246976880473807 0.8285905922955475 4.8482143182521895 13.815622686710347 29.061635867696094 0.5077445315581813 0.041568107145613674 0.426652876868352
175 7.462143628901362 5.449756807688162 10.790259561240422 2.302482349915498 9.657090274553509 25.78958783343521 2.640882596838329 1.014051449069524 4.5032857474056005 12.636220601423048 32.661238197741525 0.5063536943956671 0.06906539190564091 0.4226061327033761
173 7.258118609362676 5.476123926796299 10.718784302288213 2.1545975622852733 9.031938477493147 25.86767214538871 3.0267260826050646 0.7686976036498513 6.259244493387347 14.757835843358466 31.60079158224517 0.5061770420165366 0.06752790112613927 0.4241060385279572
138 7.662572922803416 5.814812860497365 10.359317115284423 2.3719599603568087 9.295684136272044 25.485131817654498 3.02069224940569 0.6877458368269463 5.618325147595447 13.764816498292566 31.427502936931155 0.5066943725312303 0.06385099984413993 0.4239813123762006
139 7.807977602067346 5.735742647520429 11.10288033557429 1.9522391795946306 9.315110299320239 25.502914554654055 3.0641194945820307 0.6537175601770835 5.384925316254366 14.28810380158917 31.821658267342574 0.5093581036230987 0.03230361629387634 0.4268522729040674
140 7.471209245118614 5.567019790191344 11.025206078499066 2.193582977815548 9.838652996429145 25.04790504481832 2.9701873404127044 0.7376906912278856 5.322302125370198 14.097131233650108 30.600486836204656 0.5086500516717183 0.04625965965334531 0.4267065757337307
164 7.988983063185481 5.715523254998067 10.729925435987738 2.2540862333124405 9.403462251295414 25.42043367018699 2.927168133289101 0.7855447762374854 4.988741578470867 13.712161517615222 32.20905223610504 0.5092377200706606 0.033914940499635726 0.4278989728451222
148 7.283649597412019 5.804930500923803 11.210389779075808 1.9299354097791181 9.324157975870797 26.048699833844093 2.648379651580248 0.765217788904949 5.826948205745399 13.495498839961424 32.73335145527972 0.5077162669128996 0.05455502367027031 0.42516124431344615
149 7.296342773511095 5.636282996273133 11.33682020727084 1.7111603181610204 8.733646935774798 26.881610650972746 2.443788618249764 0.6555301586038041 6.090164218708605 14.332418368186156 34.25534375382055 0.5094543100696394 0.0316598593410246 0.4281398844419596
150 7.732276469166194 5.4750961476460365 10.614002447806698 2.4631199948060494 9.844630014411948 25.077462223448517 3.039035956193824 0.9337276301669569 4.417321069512564 13.386136359876797 30.48506294730836 0.5069933471039257 0.05825455866488994 0.4250433754061344
174 7.809464855882093 5.4704944180043595 10.39523576988611 2.6419609972721254 9.960672738531617 25.262878964665514 2.890649716947796 0.5024446709308231 5.245164875613659 13.656974653248634 29.717857012731358 0.5063311584081223 0.06762834772071367 0.42348926933265935
163 8.020880570520864 5.432857193835759 10.414131958121738 2.677814410568357 10.073630913854753 24.94843097919444 3.0250245561340234 0.7009248898147213 4.395789250752365 12.669901358529904 30.494385412013983 0.5085262255592995 0.04654403978287362 0.4260834781291673
165 7.354203921450783 5.613814362790893 11.003012305116007 1.8350771411496807 8.92528731495359 25.909401253495137 2.9731587755305027 0.9647006036074255 4.431168431855291 14.008957586577703 33.62915796492539 0.5089605885158017 0.036581878839155084 0.4272467940600291
180 7.7679649771808075 5.732533161903688 11.061932704762878 2.090817211102329 9.79187387970592 25.632879027160346 2.553166547062692 0.9096321307057756 4.510527399969636 12.235002736231046 33.03643242560775 0.5095372881143213 0.023345596688960267 0.42813181284166374
194 7.874204595537396 5.81730988902625 11.222651206696643 1.982190311287359 10.015533427939896 24.984057708189244 3.1521957393377282 1.0284481687082774 3.9721025497908897 12.622982476386815 30.65730285947455 0.5095297679534563 0.03117700080540983 0.4274123260759487
195 7.658910811512323 5.605694017828533 10.996174609165417 2.170834423054672 9.996479385599327 25.52128265159209 2.4823525844774887 0.5464351244638075 5.299401411495994 14.004702898242448 30.27087957271394 0.509259053118473 0.02303531379872416 0.4268123821618327
199 7.501434540768933 5.620876416342622 10.422273734496997 2.4537944442312214 9.762762196197832 24.56823786760993 3.4714513489908256 1.0496637148204881 5.030769482513229 14.075715561092867 29.473195358750687 0.5038279050445654 0.08633987959174605 0.41857367220354713
200 7.074560446187451 5.74896857772487 10.127977319806247 3.023414742721074 10.420880054209338 23.820255151833308 3.5307476922054235 0.9440185138563233 4.425917525454634 12.774960283951613 27.01574923163032 0.5019129571872867 0.0955534881797319 0.41757310327658254
206 7.713633020459319 5.389498329453747 11.118351413485483 2.1010148241268873 9.763158465088729 25.295040991842342 2.9257802360570904 0.5243431344903506 4.874209126354865 14.408909821953568 31.113118694295686 0.5082913701695461 0.041504458595452584 0.42585919453583737
207 7.216594270813221 5.7821196914308395 11.273717479830308 1.925142403067255 9.288583470005715 25.290133553562857 3.1283274046106286 0.9813314263290018 4.3777441920012405 13.670243090206558 32.773792637702215 0.5094722129681508 0.017703172695493086 0.4286464178250928
208 8.031167611472425 5.413823793009996 10.087005747032814 2.898041447241734 10.465014776082073 24.39671388433882 3.1843027048030463 0.6178311527610604 4.434165758536931 12.740249454802475 28.41825290395377 0.5065756757261566 0.064881634212277 0.42279628519885276
209 8.002220814809347 5.64644640393324 10.991251318812246 2.083319425959914 9.245208395650929 25.500350526363373 3.0361209109380094 0.6480296140468758 5.05112393062353 14.32280900639119 32.413956392703504 0.5091107498934323 0.020615898445013794 0.4281808169933527
244 7.506296063101081 5.791967418320486 10.86093444837607 2.1230277517355125 9.269347375157272 26.429121127709184 2.4712033861762674 0.5737725764966894 5.613453269454049 13.110605765679656 32.837126424547996 0.5091994495101586 0.03441532915482951 0.42756068015985155
243 7.613737456799064 5.61984343322573 10.928230971155351 2.0139602639540284 8.882783080525359 26.11914346378624 2.896734803947594 0.42297734613120047 5.908857454067586 14.965715137604528 32.80624436193414 0.5098694343386795 0.02611404875819754 0.42747378259560803
242 7.466968538784843 5.737380569725477 10.99210593677547 1.9178486136863324 8.986142555802083 25.860093178719197 2.984356720490291 0.5574211081236488 5.686085213912431 14.47600033462768 32.66165801209338 0.508520212002138 0.04504424827481254 0.42708839488933964
234 7.44010540812697 5.766214350909512 10.586351259496656 2.4198114695743467 9.343056348025609 25.801878064181892 2.7486358727995057 0.6513573141925071 5.827667879734947 13.581890572598224 31.901680279600605 0.5071285218276699 0.057822245505293836 0.4246756648831236
241 8.1275828585251 5.4372829695749125 10.725643763448424 2.363227298849062 10.174719901407629 25.326154948967496 2.6384130292871544 0.6255101585496601 4.415068201564338 13.26263398741044 30.580536724883693 0.5090008025946963 0.04237112890918255 0.4264517944602214
216 7.230235651403946 5.764091689436655 10.939037561575747 2.0537641849687587 9.618550831375694 25.599991238585453 2.7882955494737574 0.7807870546533314 5.117438117333081 13.150219860337273 31.71346747917779 0.508508115731813 0.03768370034870353 0.425886499583158
217 7.667161265828429 5.644455981184581 10.685063114585544 2.4950523715692174 10.265537312635825 24.857668528069993 3.0437269670804734 0.5200927219465584 4.561084933675005 12.813128233821596 29.39846955249485 0.5083852678359173 0.04812941465297124 0.4259287674611848
218 7.22994613180038 5.849833853704889 10.660506304597748 2.3942417437180015 9.706368215737426 24.666987643035135 3.2730687040570565 0.9891122481838381 4.591606661450985 13.148175708924027 30.80994411700616 0.5052409959994025 0.07096171817830357 0.42297368408658104
233 7.5668851518906335 5.588877042435375 10.856045969325978 2.062021191519641 9.433848839134768 25.750800947092962 2.8952301637062208 0.8079701955855217 5.095373263722244 13.285687859750679 31.819422499453438 0.5072759014360677 0.05873268478319753 0.42392684581445883
219 7.686417562016966 5.841560559900877 10.826461574879353 2.0892986358861974 9.179205909532259 25.140195289023065 3.3208675179891918 0.6719362311953285 5.387831895805512 14.888273334616516 31.340632745840484 0.5079991059573661 0.04663288353272818 0.4265116150180025
232 7.369743256855664 5.662136577967419 11.007671775895265 2.177838036905093 10.027383377057953 24.936992688257938 2.878423032027761 0.8696115802803909 4.804310605877315 12.875824157907909 31.200003779282667 0.5064940918672671 0.061630003453744746 0.4250168466550991
231 7.308841263992601 5.552985788261008 10.691665458558369 2.4729514684800726 10.05975857817335 24.802427015906922 3.0862544501584974 1.093502315711278 4.9567701674672975 13.322223425616903 29.66241672687919 0.5048805997661393 0.07545196003717974 0.4213949009837579
236 7.719226285649833 5.861588394547789 10.972361533866437 2.012288653352836 9.168156528543731 25.827832142661517 2.894952972937101 0.6901748937430571 5.256995663620777 13.316252708927934 32.92241971030185 0.5091185852779967 0.032960786395187805 0.4274552640174171
237 7.703928670138572 5.692821769762665 11.278370523632761 1.9353920000250437 9.480832837836868 25.518448241475898 2.901373440063062 0.8648845272442774 4.8946119479245525 14.081026437054568 31.578838576688643 0.5081135338372903 0.04848135439229115 0.42560810549326383
247 7.504204643093917 5.710872051556097 10.951413452667888 2.1318598426822524 9.456426152515377 25.537999069171015 2.9649219850828095 0.6436548942245212 4.630345976190157 13.261407514042874 32.25388886348769 0.509235118466268 0.02830928816429388 0.4278344272549895
210 7.302641136708293 5.960654194881387 11.061577952661873 1.8414975018675719 8.499307821041688 26.398483575043745 2.832022771315349 0.786609222309351 5.916117786397245 14.394339227328507 34.159670987554165 0.5089022813476105 0.03494250808288333 0.4274600555460233
246 7.592732921280856 5.869011351556785 11.142160272876302 1.9234345224420804 9.4015414257173 25.836343539324883 2.794451995824539 0.528531661117646 5.637149149253976 14.063968517016265 31.675497667040542 0.5098242242935631 0.019673146148762546 0.4282065263107759
245 7.432643391410522 5.708224724296783 11.047689810805172 1.9887901101598113 8.853615624682382 25.914571610868787 3.1137065420040555 0.6862635062812048 5.5645627092125975 13.620122979156964 33.88088309932227 0.5084530519138044 0.04546081141514641 0.42602712400115833
235 7.904007204727421 5.310953304667702 10.697652136977496 2.2631517219468225 9.479741778383683 25.619089086901706 2.836582455679099 0.8381636903357281 5.5534939705631405 14.000981488866538 31.87874067120905 0.505860997216602 0.06222570314396575 0.4239265472953232
211 7.683104252059152 5.7824596019351535 10.419013394079684 2.4478090435475974 9.467869218467076 25.68353562106796 2.7926402968882393 0.6450294407854457 5.679013610316283 13.684436628577805 30.787133510852357 0.5062000704104187 0.06426619039926139 0.4244890066943677
212 7.676151597429902 5.667638810117377 11.061169347680444 2.0980906090524476 9.536077966594439 25.452714908534993 2.9229560301609196 0.5374126910267899 5.199957397286831 14.157117074088925 31.674929053742034 0.5088873696455278 0.0355997998566555 0.42739613414886657
220 7.445362426771169 5.7368874883369045 10.552368039150354 2.271263944195252 8.908493190564464 26.292583041671282 2.72809109518302 0.49681620521881203 6.273322907443255 14.120966801086002 32.737256045483626 0.5088331586867191 0.04047277510528373 0.4266542225532801
221 7.6818035074013595 5.7834616217024415 11.090073633622632 1.9242959942719202 9.178513885582744 25.851822186444203 2.8896144667712567 0.48526634423677867 5.59695443677725 14.566397948743626 32.10803818645967 0.509268893436898 0.038617905341375054 0.4269444589052516
222 7.632219416698635 5.725852801729587 10.922281214261632 2.242269883965581 9.845238218239615 24.61256424350532 3.2617625998252953 0.8336171192942297 4.217791634897608 13.155046163892456 31.382595194595147 0.508144113552044 0.04953914215972816 0.426144118456498
250 7.8118007015680835 5.576839410550246 11.114696138235542 2.107010922774798 9.845363515084449 25.438320277096057 2.6841413354464847 0.6350107328305156 4.867070295673975 13.35936320393557 31.887816287426737 0.5097835444992386 0.027364028425055666 0.42814566319064784
249 7.61847933396765 5.733689964449535 11.099912028921855 1.99082189309328 9.955707674005643 24.92755450907931 2.964173476360202 0.5915682491613278 5.063663934062506 14.205005879867782 30.17063603162256 0.5093656845094287 0.032553661199986816 0.4273179707742157
248 7.406620498013512 5.540852033478792 10.832348755490509 2.315324259389311 9.854079038092042 25.070449535027134 2.9746131915784595 1.2039346206192652 4.724867572849283 13.521409895906526 30.618933197225626 0.507640457140936 0.05448341799119023 0.4255346027082162
238 7.522369659019847 5.53729024964554 10.559581462191918 2.501998519024815 9.480832657116286 25.00399727701493 3.335319979983182 0.8042044043903563 4.743666067837123 13.983752180974596 31.083075186977887 0.5066652257631302 0.06184639873569315 0.4245386543444517
213 7.510759541308334 5.878042401412359 10.914250724049834 2.116249967974861 9.760630561949473 25.34362048442628 2.957569608655637 0.6979478614998327 4.971833119014665 13.30439339846516 30.836491870948297 0.5087960853177222 0.04425521814219544 0.425043734940207
214 7.1987690048411626 5.853710934109907 11.231899322415511 1.807524752077754 9.161411216413926 25.758536600611997 3.0793272610577436 1.0378917739476279 4.606630548591567 13.435903521755682 32.61805591325908 0.5094830148973569 0.02720094910849364 0.4280753400846557
215 7.429212022837368 5.688178530425246 11.232896573296333 2.0813273960660745 10.210956034861555 25.864341660358548 2.2841968335442595 0.4340325762297435 5.260799473961052 12.762610462273022 30.84499730096393 0.509616298411942 0.024441999742088258 0.4280164432833037
239 7.454086161686632 5.480082590309641 10.854248534933852 2.2272280846066614 9.480680730535136 25.678458771822196 2.781443380217785 0.6916941782454199 4.856750948055756 13.810595017713025 31.943679459435113 0.5065871742647203 0.06275160091412985 0.42468653095521414
223 7.7209595792422805 5.357270703459033 10.640362438995782 2.366133406572141 9.542980605372703 25.554839038102404 2.906626380262579 0.8805530539183606 3.902557467866287 13.02891660145346 32.50862269185937 0.509182869019199 0.03255690397550869 0.42660213255345697
240 7.452779905236261 5.702454374333081 11.038485458500515 2.021820573154468 9.6896572398832 25.815466228946395 2.6401192349913982 0.799245830222362 4.579568862600938 12.736518549886517 32.15708875974124 0.5089316713499108 0.03946998693471645 0.4278871442857772
224 7.430064065481407 5.680504621414 10.831192064514468 2.3185645093995513 10.296267238108799 25.482016421087135 2.560943376203016 0.7935704134592567 4.437002445374967 11.678518302083516 30.546353913744355 0.5088064747818233 0.03211091323670777 0.42780139085170676
225 7.093930963538599 5.879112684638737 10.798498829115319 2.1118201654636644 9.392662814909931 25.21735117761641 3.30067029483788 0.9234475149508938 5.15558232594167 13.291186533283886 30.981650400967364 0.5071122150950204 0.057839621726741945 0.4253843913851457
