# timestep 1350
# phase bcc
# id f1 f2 f3 f4 f5 f6 f7 f8 f9 f10 f11 f12 f13 f14
1 7.354272066236475 5.767477640570718 10.465364306142986 2.538639782259426 9.874870629190715 25.237459971165144 2.785731906234222 1.0211279024667295 5.392771199001854 12.784668861304954 30.674334561703702 0.5062390713491053 0.0715615657972649 0.4216271074438347
2 7.598039155569539 5.80321936377469 11.111294671632978 1.9326329070843704 9.604518245540458 25.670889708383825 2.7533513719429017 0.9202397175194285 5.216697181762984 13.580178289981115 31.621845246798156 0.508948258747496 0.03676808165888243 0.42764502862153053
3 7.760928153425762 5.482518157861865 10.846943300522925 2.2349155130977425 9.49718935754027 25.771943718375603 2.715176522695857 0.6670256178785459 4.7271724179599515 13.994930923963455 31.840652860265696 0.5073356806968471 0.06584198704103139 0.42256772869186265
11 7.4234618717846725 5.621296722592269 10.79448255359566 2.1646772100066975 9.024982307970372 26.11823109423213 2.7227633622764125 0.62442510737651 6.13213579625202 14.21316513081555 32.84077569562297 0.5075413847410523 0.052172653012346006 0.4253973471742353
13 7.736973196473874 5.449452615992704 10.00271034395946 3.0668054003380685 10.942694640041 23.196024474667883 3.8086392238069884 1.5970824888842612 3.771504877240581 12.585852608466126 26.015662806635806 0.5020779219119365 0.09270386114622581 0.42002791579695237
26 7.474637271928716 5.903725143706909 11.273057396377713 1.8537024418022194 9.489361254789793 25.99754822243553 2.6560434362690457 0.5166094827161914 5.790127477146182 13.562580900369747 31.810720024497716 0.5097333889128169 0.02702175079366742 0.427788063528743
28 7.333252175890058 5.586599981526208 10.982799668401992 2.126599265564824 9.406393118366971 25.555906750699364 2.789996993243695 0.6123230023039204 5.598619955899339 14.866279322483743 31.492502418812226 0.5059018979585971 0.06473231491681282 0.4256075491724856
36 7.9137278859548985 5.613138485225519 11.038969834636617 2.089488532243374 9.653026489742926 25.715247470427737 2.6100330841421284 0.6575788649809639 4.76795888864867 13.590721289087046 32.29890442159528 0.509455082218531 0.03074134199738646 0.4283792762770852
38 7.614446251249078 5.527161060182156 11.301732501243057 2.0444060797528487 10.156192777846394 25.254448050427634 2.696737306162708 1.131576161911582 3.422706181982499 12.592747788275222 31.656644025507795 0.5096009102403908 0.030509317205358287 0.42668541232682927
4 6.908975500290337 5.659308273466161 10.78511074769229 2.416689614526088 10.440515318107808 24.69611786328421 2.8543957044141086 0.8539152921904758 5.193287816803166 12.365175552221398 29.478306079323456 0.5046003896650824 0.08269963793177758 0.42149091237722064
12 7.82683049496191 5.303401850052635 10.748633398794407 2.4523477345524567 10.33882746677464 24.48790266778258 2.9526320124336416 0.8934080609541926 3.0778871004187356 12.35123955730061 31.29302548561351 0.5083574636773847 0.044906962673210135 0.42715955626904595
21 7.45788844754259 5.641869250003511 10.935696502238683 2.1325148796231628 9.679614490540093 25.36754320047325 2.9126294409638924 0.7098416773003322 5.177316139044425 14.012427365013679 30.829085407516455 0.5082148239067801 0.042905036609072786 0.4262949735854324
22 7.1507748001153 5.819131099846101 10.801912370383182 2.3333190546987583 10.055451747882822 25.20375366550818 2.8192368075123433 0.6989381211101665 5.409751568024001 12.948521306103702 30.0544449621828 0.5077971054377006 0.052495812925083644 0.42555111344360963
46 7.741109746480468 5.665804420395779 11.449130442761723 1.5734007813328534 8.406951098136116 26.87274000675214 2.6383235431490464 0.6007591242478802 5.551252524249345 15.617755688771688 34.58071045516784 0.5093082737928977 0.027701448202205183 0.4282416025206599
47 7.736342111358925 5.3927493576176255 10.763932592827306 2.4745680685041203 10.188864562899676 24.725835253205457 3.0376797692625823 1.0119128901421577 3.337625333818503 12.46367705638492 31.02932348932356 0.5068958541884833 0.06282303223294429 0.4249708616797952
14 7.351902604319804 5.477688037961333 11.055900897284133 2.1695927155902304 10.470220581872386 25.5720076757968 2.2202766047766778 0.7891427514599555 4.328182227706068 11.718707314427757 31.060199611538405 0.5086414617849526 0.02875958537667448 0.42861663973464914
27 7.8077281628402195 5.475501431226315 11.040419208168043 2.157446967990972 10.05848427536628 25.50862495306864 2.6027396419930695 0.7321230660333647 4.053251374140006 12.628516316591957 31.813363021249547 0.5097474675413517 0.033360121819703555 0.4268512833459063
51 7.608918603092837 5.81062842086974 11.214661390268622 1.8108260966906458 9.043558233451474 26.19702778078919 2.6754396609809943 0.6907682550229314 5.8131550917987 14.545042690995382 32.7912165292128 0.508372131151489 0.0411440110718061 0.4273148320945202
52 7.766751929628048 5.444300131779329 10.894624462116646 2.07242171626026 9.313281794634188 25.63112588760058 2.8445397692103582 0.7089118527358397 4.990851472518141 14.478367737965948 32.37799700828349 0.5081964370730241 0.04356470736163092 0.42702684256362317
56 7.532361890851343 5.741401639656684 11.099778445129935 1.9375349988778134 9.030687696302468 26.610835916120195 2.47325387698122 0.6677857028610235 5.277722653218214 13.634082112089587 33.62197200262949 0.5085738781868663 0.04029236299757073 0.4271709747835549
57 7.412544748559278 5.697118896284515 11.305617457162947 1.8479772053497432 9.212201811110306 25.937018761062504 2.7209961903374693 0.9753524155785981 4.909635123682879 13.899501738357277 33.02835339062932 0.5096070430449999 0.03006129156639808 0.4281351272491001
29 7.408503188301579 5.54418691976772 10.589926384482393 2.378951771414116 10.230254670275487 24.600688973949016 3.234954106085733 0.7032545037868361 4.765268682733279 13.078898817228584 29.27343147212571 0.5054154089868756 0.07845010364273529 0.42185880661719377
37 7.5823540224356805 5.639777024520433 11.007094308308659 2.171910913243049 10.292190040108279 24.468348084320105 3.218364093002993 0.9890865400829201 3.8530996697942395 12.77823507689253 30.033137673936643 0.5099850798502321 0.019005010410180406 0.42849208958923707
61 7.611586662215101 5.82139107871265 10.94215689599481 1.9756953741482757 9.118564850287386 25.885389321782444 2.804343124969485 0.7998906705253039 5.970042398338051 15.317830163374982 31.508026216962257 0.5079069160563564 0.05659197040100491 0.4250523754176322
62 8.055283859046995 5.257188184793034 10.7837007124496 2.4570498924959505 10.325079797815825 24.995600173708276 2.700612327867083 0.7791670093326626 4.329401906854521 13.36565475643231 30.486734818307728 0.5080845673295459 0.05006020166025068 0.42602247318535413
39 7.7939559097297355 5.2001832532428285 10.833621320783525 2.450867141872635 10.280616321348651 24.723159583026472 2.879641536658576 0.8072286271851156 4.492986028501892 13.523804826716287 30.24824118895901 0.5071597108774548 0.0583179691079439 0.4250092382875899
126 7.308977104107333 5.636389613285301 10.918760104828873 2.239778433313372 9.74038792931107 25.079738015479776 3.041478146351716 0.7965677729450177 5.721788255221563 14.39324865856057 30.14421636602859 0.5071931074237619 0.053953382293509176 0.425959542025264
127 7.64626551682814 5.800795303259619 11.096739001274385 1.9039448336715654 9.118846557029002 26.00063033684191 2.805751755049818 0.6905534825477375 5.935153954457488 15.059780439583632 31.58102587003108 0.5085282949547322 0.03411117393513945 0.4277320412068552
151 7.1716462046104255 5.849078784384997 11.171649944282976 2.022082311053117 9.931365186186882 25.74193482215136 2.5559569121522627 0.5714497410300596 5.326517362305912 12.190032397795797 31.78253428994667 0.508837675124219 0.04025234285154946 0.4272909918578593
152 7.954659359628676 5.59741596745218 11.06001481875914 1.943494770775948 9.047367364058058 25.732418263983007 2.88746116142783 0.9272756388638788 4.732644484795714 14.49314960622728 33.43215379235962 0.508038303318937 0.05147846137029872 0.42579106133489175
66 7.574637894394378 5.584292234116457 10.079521819090164 2.869490461542257 10.121939342475974 24.40500340832979 3.170134049638759 0.9640925902832345 5.108043144148349 12.86809920890863 29.78732740035475 0.5033880811830996 0.08428739500227747 0.42100645916652946
67 8.095761801500108 5.567523759587845 10.664680358878908 2.1902244012489285 9.396356956557783 25.628916951062642 2.9697135967798847 0.4808624169703887 5.186736124736071 14.314487913027358 31.246086090663244 0.5099671848860146 0.026368796797343958 0.42792057387061966
71 7.393434234734142 5.774249345242239 10.741549107123474 2.2389586097697003 9.398258255230834 26.27082984505945 2.418885035985933 0.6023534229348736 5.7147741885256735 13.22941461117508 32.66500448846922 0.5093942602367193 0.03490237312740652 0.427412409177604
72 7.242057870716706 5.757139031747976 11.19827657606863 2.1696895330438393 9.317453053934438 25.760569501063205 2.824372868201931 0.7602249908164939 5.475515077352144 13.722181166879931 32.48357097842252 0.5061077207084786 0.07163992974636667 0.42324822543759455
187 7.9383957541239285 5.382916492801515 10.616631074614721 2.5792257617369545 10.387120091241947 24.669657395877145 2.8647423590729075 0.6093895303439296 4.510154970803099 13.015887193810064 30.04830668894312 0.5079303464307611 0.05144042553447791 0.42542063804038316
186 7.51751946887702 5.494840392471992 11.02221015926069 2.128719588613442 10.007689622231844 24.89825721143008 2.9651844584377627 0.8837276802905489 4.243026258242465 13.0134009953792 31.336294272876447 0.508661680062361 0.038734844399664174 0.4281936690217226
5 7.325014872932915 5.793432045400098 10.707785316974592 2.052169800144351 9.533649430838736 25.67559635544694 2.8078541131727897 1.0538808378481794 5.001685503086311 13.034167356713727 31.356553208953436 0.5070773447030941 0.05307562362860517 0.4259982557734824
15 8.184869927113423 4.930277128351671 10.990349664857181 2.392907017937995 10.875304021511033 24.14460689503825 2.9275630310710636 0.5082101908789234 3.9370311010637717 14.014047841681558 28.80083233261687 0.5071940303051763 0.05823870587677787 0.42439932556697724
30 7.740890054864145 5.448567358307141 10.75029910179424 2.259731766454609 9.685323100066347 25.674185840515374 2.7963353777790876 0.7371251003803897 4.629889271032246 13.171461430353357 31.444153553013315 0.5051001819691828 0.07501447870982376 0.42435323207661124
40 7.870195895137188 4.941875082172799 10.483397909078029 2.252940016240481 9.918854065392392 25.330495653046658 2.5919336335851715 0.8369961136200131 5.410697378839681 14.66154444035622 30.750878533270907 0.5043100300409089 0.07774068182054938 0.4225709835921643
6 7.857172700348374 5.1723660100705615 10.67550039695946 2.403699046521997 10.168078514023993 24.8412349736323 2.9470236055584125 0.8954336269142816 4.0533558334668065 13.197985712338294 30.91640858964288 0.5031033735096757 0.08485915711269941 0.42056175295031395
7 6.840699878384567 5.80136906627542 10.973186695146001 2.076858982992168 9.382568625173645 26.46942803305786 2.24406971734854 0.7453524919843646 5.702084197671456 11.801992042046143 33.96392597095332 0.509258522562243 0.02914640671009193 0.4280747779960427
17 7.642363576609958 5.51871669956896 10.62675963816296 2.4823157330531496 10.52265046431754 24.291995837426068 3.0954089000799527 1.0741835815574174 4.99149451229944 13.372282041529784 28.536968749414523 0.5068928160943331 0.0576943522599937 0.42547985393191445
32 7.7779727137933445 5.401143486627659 10.430212575163253 2.277686223207335 9.309935670009258 25.30196782509282 3.0979613208400583 1.0770097930908225 5.27683581044177 14.301268249522058 31.707310914185367 0.5041224411979849 0.0714524287898695 0.4244035115281714
42 7.593723172653411 5.550852458173336 11.030915881148765 2.080976429423639 9.629517006893881 25.52007481923217 2.7560947688166144 0.571865832573478 5.453514583255773 14.422549410894085 31.495879608495695 0.5092061541230061 0.045045603493638495 0.42694908286543765
23 7.08098792409725 5.780223176309729 10.53289988311623 2.9436436297281348 10.979946069724525 23.518534870552394 3.254309270470271 0.9771252975939088 4.2703584549576155 11.926126841551131 27.20830449730756 0.5042266221704496 0.08075380768605449 0.42158232309925997
48 7.071111998171765 5.825085683707964 10.897971199006433 2.2694798947640358 9.984138792314667 25.315626588394846 2.722553971099877 0.5757351955096178 5.539293707348769 12.271425969224111 31.347760969642053 0.5076006973115228 0.053510179107289176 0.42477192139463976
16 6.963792476338127 5.7224257584932605 11.359537335999834 1.869276422574731 9.26565272043256 26.18092759314094 2.438744676073498 0.8923037195967825 5.661237078586569 14.24131032151307 32.80091890399337 0.5066600206036587 0.05992212530988368 0.42584211162199187
24 7.435670837510638 5.450287542149082 10.938709294392588 2.245507630442362 9.990233306970028 25.211959738331554 2.7874242283655453 0.5635685661433275 4.605675135453089 12.717832137769038 31.73644783102929 0.5089369223262755 0.03313540955836567 0.42757723004866877
49 7.590258220737158 5.625920427221981 10.544308440569424 2.370452130962139 9.54388121502905 25.156695693465412 3.2508802290702246 0.7163608642344765 4.32139522594304 12.684112945099244 32.16745262009146 0.509422458330809 0.029458405347169283 0.42860595663116285
53 8.169924124673425 5.592769068218557 11.030991533105576 2.017005361078166 9.22710078476433 25.337635771960322 3.268528365535154 1.0817269782336836 4.194024051703888 14.229963800947962 32.126937540210825 0.5079639965384442 0.050423697838159 0.426781246072534
58 7.5791360372833525 5.50588534609556 11.197786116198593 2.007334500893014 9.34485700068993 26.150716827535113 2.4433545340226215 0.4681074880734228 5.673975008535862 14.319147416941144 32.932344356068256 0.5082798664596144 0.05145867466102625 0.42609230548527915
31 7.278555225961738 5.45006925183481 10.501829655416174 2.6240168158708106 10.302259960870746 24.437675358637886 3.0923138537844372 0.9092756208824607 4.949997505688286 12.510643665909399 30.13453806373566 0.5036505036893562 0.08937774864109815 0.42115398561932527
54 8.332208037453576 5.206328657585509 10.660618177018126 2.2893461987306716 9.372785539285413 25.902609072484392 2.6993750280866062 0.7002751853264289 4.69501075944457 14.392927774358682 32.280338975201325 0.507135992579254 0.05421210014725103 0.426259942749396
59 7.378040443652306 5.873798145761711 11.348503471337617 1.7621458959693066 9.087113524908505 25.92260573450273 2.948927109660676 0.8654546003587041 4.817097451526778 13.496601467204489 33.31524704455714 0.5096026577246956 0.02630488967669831 0.42877525432743496
63 7.786268655237398 5.606144310521987 10.639968830274976 2.34722559385471 10.027938720811107 24.85075605108228 3.0128133500566596 1.098843943253039 4.838716647359193 13.168431471246441 30.482801702438206 0.5065572323009899 0.061012642863106745 0.4253072868464788
41 8.126077551055248 5.30685762260432 10.854389934151058 2.3300310533403463 9.843617238214092 25.1252652856672 2.8236290004666356 0.7412847868105775 4.734567123526919 14.642874154701047 31.147648136635272 0.508457867928361 0.048810803945797614 0.42630149893678176
64 7.43255526049935 5.922260530464439 10.888520169814415 2.224541405048818 9.773887446340968 25.177583579368054 2.908832373170072 0.55401328107741 5.617830233985624 13.247336490021787 30.757402689648508 0.5094212666520417 0.030339899964692506 0.4279223622256963
128 7.900546767604805 5.466131127571406 10.90283698150205 2.140461825546164 9.268895244368673 25.516326877603607 3.0260561580805754 0.6761606939723918 4.983258642842801 14.863066559920044 31.595397543438885 0.5089297271497888 0.03624121790303155 0.42649680075114194
153 8.071819351104915 5.566279209579828 10.625693058245286 2.2394143804170894 8.975637281432588 25.70030611925208 3.435286143200725 1.1640386655767347 4.282355658560128 13.872134463503548 32.079997424250415 0.5072185819277032 0.05959538430825171 0.42433505014003225
68 7.5858953700896565 5.805852945122453 11.132579533309237 1.9995098636625335 9.521259616065695 25.543360874826984 2.973229438330764 0.8105150409233124 4.838624183510578 13.32949431997053 32.1403764999679 0.5094570763073825 0.03483709712376031 0.4269425537888919
73 7.28361937382971 5.826873462799811 10.556525264583886 2.3661902758698674 9.683145501105919 25.74976656445367 2.692614873980675 0.8971724297872291 5.006167052845331 12.429150761834498 31.40435100607698 0.5059362128868073 0.07274907623357853 0.4229973279219925
188 7.167251500372692 5.786266023013065 10.500818984090952 2.338652844552977 9.257485121407308 25.55155327962023 2.975441994346292 0.8632988132145848 5.524424841975599 13.259013653148715 32.274392229322146 0.5051685015882096 0.07014260912154097 0.42390760821879153
8 8.236077379864913 5.520300474575301 10.30555401681419 2.6216101435896517 10.036200127955455 24.64804735339293 3.1944223511361036 0.9470829700942175 4.248425814004895 13.336001880945958 29.948754809622084 0.5082292858508265 0.050685932572442687 0.42617482692833797
9 7.644289789043641 5.900201826349639 10.628372980897039 2.317426684673559 9.487817173160249 25.744649367010975 2.828610461900578 1.0678683686099582 4.771160109141776 12.285815820844055 32.249830917186245 0.5091181689506797 0.033355097813701724 0.4275636103323184
10 7.545237300475313 5.866120913914272 10.912070755708 2.0341241210433436 8.767119303289812 26.216589618707363 2.7886765740247834 0.9461363329555117 5.572214586268162 13.637171098159675 34.01974583351228 0.507578809545015 0.05454943061438657 0.4256495808678808
19 7.689291599913905 5.948295928327674 10.931132846524669 2.01042859904339 9.029416187410135 26.243737342270002 2.7059694953565834 0.5835019571855901 5.941062797250798 13.46305221080753 32.98163220181618 0.5094176996394837 0.02387215006737899 0.428799069149739
34 7.771767830632056 5.638448412787093 10.608770280113296 2.505617458809908 9.94652242770396 24.838062269841394 3.136877684216186 0.6721863378509908 4.926800416466255 13.461858243196216 29.81854879432128 0.5088077236428483 0.04544308986777496 0.42631175873146737
44 7.774968973283622 5.762435122773402 11.382458752097767 1.7228739857854363 8.644059856575824 25.773130105172147 3.2201260776685285 0.4515989401740877 5.981048781431808 15.892986599468399 32.93575981539283 0.5092920947713899 0.027871339965955266 0.42866128059244474
18 7.6200912481157275 5.739271096548898 10.78802276440111 2.1143387841832944 9.06553088726901 26.111885000427087 2.675260635102015 0.5417101565155538 6.069012984994519 14.127102955069331 32.9322010932115 0.5087006678258694 0.04241959758410669 0.4261803775057925
20 7.409371827878616 5.642640888613974 10.526099718605067 2.3546378958711784 9.150040231617423 25.84509193136311 2.774857593676622 0.6619497909207237 5.9687460733621736 13.588791997230945 32.948343377047216 0.5075680728763895 0.05743482023293958 0.42518281040292216
25 7.771547150706134 5.880576435795772 10.852923260487678 2.186234839687047 9.599356197253734 25.505172732091236 2.9428405997828335 0.8709121520365776 4.584489469112839 12.56774482101446 31.840141371785133 0.5075760078509662 0.04737422978889611 0.42699975054628314
50 7.855439948402506 5.73132124737709 11.106487801340286 1.863752813106335 8.538230735613782 26.073495016779297 3.1073894360901533 0.5643199617094332 5.56295594974395 15.309916850825559 33.59192591265801 0.5099150970304378 0.01608001133196493 0.42874714271672804
33 7.38748257654849 5.735972538465607 11.028007510641817 2.0711766189889675 9.408660798241822 25.369247883877563 3.1059839864861503 0.8945267337234131 5.115836715870523 13.942016507045016 31.90507540928453 0.5071411032430251 0.05181445815019993 0.42643134541076405
35 7.48153005615762 5.601055138767722 10.900309029774538 2.121085259477189 9.177364085529796 25.643684994312597 3.0453020423912944 0.5815566535303704 5.303450855647483 13.971852279007068 32.426526188551314 0.5078651819809328 0.05455498763022907 0.4256284500656543
55 7.501751258734767 5.307907607452313 10.930488459869988 1.9714282950422084 9.142204524007974 25.72148674122695 2.8860923466410906 0.6741068113209325 5.9547517167558786 14.751310227933862 32.7716760702558 0.5068625330662226 0.057220709007539027 0.4249941079255429
60 7.514622011483764 5.6577845622163965 10.540114318968753 2.302890658942541 9.35759627562032 26.289352065270773 2.5080752114367955 0.5774375440898606 5.384532247951967 12.602317128127316 32.852837190761946 0.5086601660134381 0.044336129894438144 0.42665249016051515
43 7.8384626561735855 5.577020575558106 11.030669212164282 1.8689588718588708 8.627979030677286 26.401180202249705 2.8672080282614663 0.4974425511092016 5.98656453668794 15.15967472779135 33.60520337154989 0.5095888247946301 0.03091147689781809 0.4279398914041406
45 7.546458153709591 5.750762279209223 11.219887473860005 1.9123434493556744 9.331164811940083 25.49693729368177 3.1248144960042805 0.7814120442302164 5.565755665781955 14.022234876755729 31.984240137375505 0.5093198022069256 0.03362126682872301 0.42764160816019237
65 7.565401647242176 5.815497983435363 10.818872926466613 2.1594695433305966 9.2904313482243 25.95302154820351 2.755712494355325 0.593681067648812 5.912725091066462 13.462389402939051 32.28128690826267 0.5072067647826035 0.049432591159951265 0.42731511838035713
129 7.86394958412712 5.438830330683701 10.386053967309723 2.6763403114363555 9.80272797419387 24.212638350509447 3.7789359960829456 0.9450603288084859 4.248453533796935 13.896544759627991 29.18791617950939 0.5050633019592302 0.07286526524502583 0.4231097125338317
130 7.494649406608721 5.8684228434739385 10.92338426324466 2.172958668126038 9.961650415695278 25.387254019642643 2.7449572657743757 0.7129501426263106 5.420323335885787 12.446466121361341 30.86217025256311 0.5081857232601089 0.04830500824481965 0.4260830396248111
154 7.546491554255252 5.838387045330877 10.654910772099923 2.2669954743744856 9.194669564536273 25.46394014966817 3.175119526966832 1.1435704386290042 5.0244839489355355 12.932123334987887 32.477829048345676 0.5075709767030638 0.05472568134391215 0.42600944731916707
155 7.260738216562212 5.89226914458002 10.496344411279301 2.4502546738304156 9.694833480499424 25.85045130146815 2.535385290723681 0.4698352904829265 5.802015323094679 12.1074072027651 32.028127038362705 0.5094314422177401 0.03283963933771502 0.4274474061727284
69 7.8745749393917 5.624215382389388 11.17008476598844 2.015590569668357 9.816920997685074 25.2894799158033 2.8594944273532668 0.4589030817447145 5.019648616358946 14.035638892512784 30.86907083781531 0.509343227615126 0.03628247049559612 0.4274571849535141
70 7.588478656961923 5.507529350937585 10.735057444611233 2.3934990644765897 9.973736807902782 24.216596835500358 3.494363458646035 0.6937212191011894 5.054258649937869 13.69095032310005 29.98910814985711 0.5040963417570583 0.08087334394510634 0.42159937390157853
190 7.69906286058426 5.569367174318602 10.928982204909646 2.223216181166072 9.704409121979507 25.178642786284378 3.0790945297844416 0.79896470129082 4.749053181903966 13.553526135831978 31.21367092585781 0.506451990003841 0.06059261739476123 0.4257482038682429
74 7.7500952499642 5.557394904810108 10.625809129505637 2.4682493134916896 9.799648111629008 25.086315226439407 3.09402521730926 1.2136441607502289 4.2991939312754415 13.116383955580027 30.124503133093317 0.5050316693617999 0.0746763337417748 0.4231146362849422
189 7.631892523669418 5.874067335057785 11.317817117476695 1.7118624631951793 8.623279815063148 26.38295756350464 2.824397304522907 0.2588964462560156 7.2292117620651775 16.165834422854772 32.38486893993226 0.5093543149024902 0.034188916661106634 0.42677430389485177
75 7.9691632413013265 5.4472902710002105 11.18137800617841 1.9224286687549395 9.124990542474569 25.835462199783105 2.917941341725931 1.1939840631174297 5.1026026933251325 14.654793422448567 32.818451334948975 0.5093485926198877 0.029936285406358048 0.4272302818852155
76 8.20047304856022 5.295782180896789 11.067604191532219 2.081984710320754 9.295087074385297 25.68271268015742 2.8518754598011946 0.9235403356672875 4.181467839261666 14.529987184126684 32.69930257793867 0.5069639956854387 0.05934753182728499 0.42483891951488223
77 7.519496021667706 5.8675968261348 11.081979665269934 2.0095788052550128 9.250572094082088 26.00109075415492 2.697136832074687 0.9143094232990812 5.087883924137581 12.75003059432501 33.59655531021476 0.5089367831442242 0.03026936215494476 0.42810855036654133
78 7.309444962029625 5.685439570736317 10.387699121395316 2.4598906195597903 9.275187063050785 25.57659876320813 2.9460110421664436 1.348610628177767 5.146993373404209 12.821492611373776 32.39082453770036 0.5044102500134998 0.07542237205087009 0.42390090457462204
86 8.10378568008165 5.631818287420824 11.11945448055564 2.0626938961768126 9.585374085717934 25.042401871723776 3.1219717134590645 0.5328672840457191 5.001932340182972 14.83425448346359 30.871265891299686 0.5097399610631913 0.02533636186603754 0.4283716789045895
88 7.810367318572695 5.770104732468899 10.730344123741638 2.288329001944178 9.65403134469714 25.702643531344975 2.6599411462253553 0.38035723475432975 6.131825328263009 13.503104961602947 31.439212395440833 0.5078870520233626 0.05077243609033345 0.4261080078830684
79 8.2491282556302 5.527718042953821 11.308192873789292 1.8055306054478275 8.96031446707847 26.07621044724468 2.8120974336729865 1.0746518851683404 3.9821507586700307 14.504973487076121 33.84301115435717 0.5094009509851964 0.02400413795221294 0.42804244494494237
227 7.850225589535128 5.679054629831642 11.115180684578618 1.9145846109760092 9.084202249515547 26.476042177412346 2.4923572999419794 0.7735836837424694 5.149679010251348 14.162796804222987 33.28007288462218 0.5093856557934865 0.019939551419289304 0.4274491348296313
226 7.5425570326875535 5.597934321147738 11.351789857490614 1.7584091924397431 9.068830631729986 25.91115166995909 2.8055606926910492 0.6968081713053599 5.247139654665402 15.271404575170642 32.64251798129497 0.5091253431064474 0.03533625173779851 0.42751888762419
87 7.600159117507937 5.829268158285548 11.114650071225068 1.7140713308079523 8.634971214576261 26.511414079579197 2.8220093064004685 0.5702414526608919 6.433372246632722 15.449843097828529 32.778968659419704 0.5092718151372815 0.03191441901169409 0.4277971879454634
96 7.6855941149737745 5.575588628162 10.939892708631001 2.227058226209005 9.727244698590665 25.16441246583794 2.935424531646681 0.7966113394422129 4.550795846577932 13.80861133849413 31.63940413059996 0.5093649246532216 0.03322333282926083 0.42774045814296857
97 7.265760205283984 5.594629743453996 11.076267400762774 1.8890880357807764 8.897254064453348 26.431410245259446 2.653579900228835 0.970560680648323 5.298562912247101 13.4563435108011 34.320692259414194 0.5083406716780624 0.04312970271182278 0.42775011295757714
89 8.100044774233442 5.5309278287155275 11.067314130981401 2.1488949237170214 9.810138735647483 25.351190592602673 2.7371184425270756 0.6700839163985006 5.162279678597294 14.888098189609428 30.556430637106047 0.5089334427179685 0.04567878833798585 0.4265506551592822
202 7.875749129101385 5.531454245777007 10.511553515691629 2.3545660831999724 9.797741072770515 24.94362920798739 3.138189671933715 0.9200497802815658 4.838043739287475 13.47153497728443 30.692806171953094 0.5057068334660691 0.06979170705907112 0.4240712478709364
201 7.80199801598547 5.212345503392809 10.88293147249314 2.237497120935008 9.610264088509565 25.99829203173562 2.4482476565398414 0.8282954024715211 4.754062028475431 13.614405815245357 32.96031520610846 0.5076755347415731 0.05244117038015297 0.4268573888350691
101 7.604108593043962 5.419753889892442 10.548930114853905 2.0735300240487224 8.988029900049117 25.641712272628894 3.2237345340595733 0.7112933845722894 5.506482610206226 15.627378968122967 30.892349656635073 0.5066110735123701 0.06588950535317532 0.42413968250437356
102 7.563266819598995 5.794997325922648 11.21661908327275 1.948234124020844 9.61715103085733 25.845027729394964 2.5711153609777986 0.5985938584657537 5.697396716481403 13.6539238856822 31.330708495732715 0.5097408528540084 0.02150628860579367 0.42806744988076045
103 7.689079004340552 5.698252437002359 10.83237121439252 2.1061247305647344 9.762712753943378 24.82335886076462 3.2652720964256274 0.8469791074765944 4.9051623225778656 13.957969728327095 30.260370438423955 0.5085973962099549 0.03747528220294203 0.42665462427721107
111 7.195657956892717 5.936368469679169 11.035854662188093 1.9889216782160468 8.82671055868768 26.469980881821968 2.7115848612317883 0.7237042021119685 6.2678787175387525 14.047329033885118 32.91506214794262 0.5084256042280274 0.03955986952823247 0.42704051423735284
113 7.3960085025296305 5.908464848766971 10.450786465372058 2.6113189670872528 10.485192071028088 24.969149908033515 2.778087663771923 0.9773717638777429 5.010934158960154 10.815236183117317 29.91083219895088 0.5076838112910265 0.0564142768982787 0.424910834249613
104 7.189069136949617 5.778027967074543 10.873464714244706 2.2077026648974902 9.918609491678664 25.431134040329077 2.5860636333587146 0.956292376665238 5.201291681860429 13.176633351344737 30.653391798142387 0.5064118252668024 0.0616423059393583 0.42527034393704105
112 7.665900934900413 5.670947238446867 10.85303744128291 2.035777080066814 9.000032176160568 26.010770512389477 2.840040392738969 0.7988898160020705 5.652466805330319 15.125227255507527 31.97889111454471 0.5070944338347597 0.05942679402348912 0.42329266019326545
121 7.646269304785587 5.43381178456141 10.800468303481786 2.3344260444700113 10.273225463031016 24.681335830000247 3.1084659146998077 0.5111518359275791 4.318537637541569 13.304045867321644 29.50070354373545 0.508370143106576 0.0428285651279457 0.4269466832874851
122 7.074632097381279 5.9594772829743405 10.928834587278418 2.2003372878290217 9.931852495548641 25.34615637698758 2.742257635113909 0.4527486562757104 6.056294145973482 12.796114524466423 30.83204154463051 0.5089627571082518 0.03561408746619544 0.42721875138925197
114 7.916307640170194 5.649632201199941 10.956707157026834 2.1290238562626977 9.875315633015983 25.61534211720526 2.569732312607823 1.1559686158805018 3.740604439194911 12.87315964948253 32.050960717862544 0.5080707235950707 0.04093915773647188 0.42675977216819355
80 7.354632450641645 5.80070022023509 10.877712836507012 2.2108270555160923 9.869291764870002 25.634672496634895 2.5391378190648264 0.47942604081196266 6.20220736835342 12.714557371855637 31.49571901095314 0.5091547817696581 0.03084414040748752 0.4281276951547652
90 7.537750260025407 5.714602247940805 11.093487533960435 2.1693586015820294 10.081343164330333 24.534980449802582 3.1291067063230167 0.6940476175440261 4.808218556497874 13.512343191544755 30.583857463870704 0.5095004235037673 0.031937690084384095 0.42790516134197143
228 7.467396773875561 5.469882309911308 10.86384761305773 1.9978675966605413 8.98653712721491 25.67765813368183 3.098536073649701 1.06382450674123 5.585278538475147 15.320983345449106 31.580729129952516 0.5075089852832517 0.0525657508995719 0.42612337199441624
81 7.429942728086762 5.51368517673195 10.958322502321774 1.8347076498633927 8.864723136378375 26.571639050454582 2.557131950009861 0.9942843949413345 4.813047877968782 14.56504809384436 33.53006134633296 0.5084184463945418 0.0444899247924096 0.42686730561812736
82 7.265180369462242 5.864564345829794 11.174896911854612 1.924743994298798 9.144075859385113 25.873554542030195 2.8460270801538567 1.0323615929029635 5.720428712449872 14.305798595886076 32.30124727625618 0.5079475382562547 0.05181168725569711 0.4252189410592992
92 7.925617041320056 5.555987920182802 10.982244800188239 2.294204468911932 10.608192892243784 24.402478401753115 2.986751221522155 0.5376803213518201 4.073834631857937 12.772504852447094 29.798695688788285 0.5090947640853138 0.026805334452334562 0.4274008180997702
98 8.020153154006676 5.158039797776665 10.832749988084759 2.1609824753224895 9.554081303443715 25.698143910462207 2.843375677291483 0.7508898284033158 4.249192965856523 13.73470211414499 32.006018664012075 0.5095819297582639 0.024044237136239186 0.4286573500112738
203 6.993689420958264 5.795175896329589 11.310478437529964 1.841748918737529 9.050298665950203 26.245690535548754 2.6526020379730753 0.4865164633395651 5.959927585171921 13.893814083142106 33.548761936769786 0.5096417879669863 0.03054016909586699 0.42787003488536085
91 7.453745374036255 5.556626734479574 11.200435566944895 1.9386212461482455 9.987013103543989 25.4456681093911 2.6179257898240103 0.7401003169538383 4.505286335903058 13.548988647327628 31.255500179898988 0.5092665170041766 0.025222377285352798 0.4283757209749199
99 7.513481165618941 5.511197501312711 10.779160604211764 2.2589647564891306 9.40092468723336 25.508858833248055 3.061896250566135 0.8129703631362708 4.959081956417441 13.879747668493271 31.453436082214957 0.5055963078597188 0.06774096289715706 0.4245886889718594
105 7.212880823064522 5.685111923571704 10.568193838498003 2.4464801221177686 10.42957717705273 25.068278124578942 2.780913292047236 0.26136321182140865 6.06239291212165 12.933744543635328 28.604185545416094 0.5090586825227315 0.03343130831992805 0.4278415502748085
115 7.12064475248777 5.663708542874002 11.062556121506379 2.1560564262347426 10.424451524853412 24.533882451020933 3.1127141708862314 1.4303266562907504 3.075485830407462 11.285340641260476 30.757492473122163 0.50925747359403 0.03195220874119724 0.4276815351480263
106 7.685263329665594 5.242607869800029 11.431905134939056 2.092395131138053 9.973385125718455 24.723945997678985 2.9972238102083573 0.9746226523809496 4.17626851623139 15.339415006866515 30.549834296083873 0.5073575947914497 0.06488434641823476 0.4238089193276037
107 7.293972002564946 5.607376319396881 11.044115856046169 2.107307631243207 9.993149503185528 24.97445762236215 2.9707564626220506 0.6832796110880813 5.552920698542031 13.957134576756047 30.115955716473685 0.5092864913292279 0.03440201109417064 0.42772688776507073
117 7.706275700126414 5.2903976022428525 10.887448726153567 2.5407574340183796 11.118144180357227 24.303800205765338 2.64901923338637 0.9301601163572712 3.30370622502194 11.58238825026651 29.777469716203314 0.5077810060695911 0.051629811815564086 0.42614005585557335
123 7.538591638469479 5.538674830926893 10.68484951778678 2.4079794577304683 10.24713678639036 24.93774857034067 2.8236839533542466 0.7322550059960593 4.43168198257 12.934306154550853 30.292254692118576 0.5084139611045925 0.04224590927601218 0.4264583443338966
116 7.508892009183036 5.24391207258081 11.082508226866155 2.089527303952341 10.316504573975664 25.592898943628846 2.543507405254734 0.7943959143217426 4.040413188998612 12.599692914270523 30.724423127481685 0.5080362109578833 0.046565545551474734 0.4263528719216395
124 7.089617654109707 5.795387453073598 11.264389342905217 1.9105547650968784 9.703061956938916 25.297886796741544 2.8512977001050075 0.6953152282337016 5.293050168840935 14.049263957707405 31.178635923074268 0.5098592846701161 0.026358427190405133 0.4279442761477717
229 8.096162633281434 5.409609316382653 10.81837960805991 2.204119625266853 9.269816018324342 25.478380964456743 3.1012433828055834 0.7843572089746033 4.498234367076016 14.606411720104354 31.89017972582819 0.507952882841927 0.05243614707041034 0.4253935759606427
230 7.411516113538754 5.896934676111912 10.981821502492378 1.8883563753854782 8.925592479279974 26.848529391150187 2.3789686439119264 0.7417089483581998 5.603143300229686 13.438040391076266 33.65872095279458 0.5084984019043348 0.04183885293042097 0.42659948951957277
83 7.239773167980853 5.847269028233972 11.34589238591688 1.8731490922529526 9.57194337354824 26.008385237178544 2.6298831264765705 0.654197148653274 5.233128466684415 13.157060377658146 32.186153384716455 0.5087352348078455 0.03680095246692904 0.42781372583317623
84 7.585219498142951 5.222871776746199 9.942456442404582 2.699475999536309 9.620838622260543 25.17793440467261 3.2237831751572807 1.229788817945845 5.4356975111409 13.869662161217764 29.55908310043258 0.5019532031963461 0.0990461664304102 0.41745415056846946
85 7.3192173050101745 5.70455637682399 10.317846734570411 2.4383503011604706 9.707588787351266 25.934535120419596 2.5111588951555057 0.7295209190602039 5.134973549743357 11.867300138016173 32.24121203684942 0.5088802254434455 0.036739232193540645 0.42778095821593565
94 7.406580702463509 5.854984660598393 11.031940918641782 2.1766900230559187 9.79508058261647 25.123428716145973 2.9049253178818892 0.8413812138335474 4.117710993522298 12.178538635787374 32.373669624398374 0.5096291841122196 0.03356918266023279 0.42759590955363336
205 7.52983060440437 5.653027746937771 11.289153535365298 1.7386537874257224 8.764173340656615 26.559461390892885 2.724652814470879 1.0205253642257865 4.529659134372244 13.683392198630397 34.759864090632185 0.5100018048247366 0.018075098871618782 0.42853091569762974
204 7.716181176344133 5.587207850255302 10.78800884336674 2.2022446407613785 9.330106660197078 25.670639053685623 3.0046600598975934 0.5346405718910977 5.8493928100627235 14.922382592179835 31.07772822294791 0.5076531813611074 0.054353385102091346 0.4259666173864186
93 8.097148203192793 5.353710664633472 11.247104285459134 1.8735968245797636 9.543954065482476 25.83332039821546 2.7351612064158375 0.8498122482066746 4.439760718281812 14.131588300721749 32.28417962203037 0.5092598369241672 0.032955893062295155 0.4273860903981677
95 7.980928222136045 5.292563410479652 10.957265134846704 2.160864228204856 9.54071075405098 25.006522307308895 3.1794370435886767 0.7336973787372616 4.2095625423304 14.388509253744937 32.003849971455935 0.5089254725828375 0.0426799963549884 0.42708687195623507
100 7.1460250741723685 5.813120734343182 11.012085904333102 2.106637312125017 9.596472057493214 25.817007598359293 2.5929033733171 0.6288053642250976 5.231536341372679 12.113165922603061 33.16794300540631 0.5090053779338592 0.032781315388121866 0.4282405208712979
108 7.720723114758224 5.78396954877826 10.878242263693963 2.064644767796513 9.633497174471614 25.506098080984454 2.896971974755853 0.8256743193664514 5.579505022550289 14.114616980530759 30.40621594949341 0.5075756428020214 0.05548541172358988 0.4254787032643066
109 8.17343902614497 5.240229636093399 11.250169506567548 1.9010032788382463 9.219196719850963 25.253698629238112 3.2402477947412693 0.6216830043563939 5.268894289162125 16.387645845470104 31.38326366795884 0.509280481431602 0.035464444697258166 0.4271005722607339
110 7.942467817306587 5.642710123134574 11.081171530610776 2.0738910780996513 9.39134971258322 25.388879737230887 2.9494108793415794 0.34526006637471796 5.765093710154963 15.017105914218902 31.64890518438726 0.5092243615744897 0.02349275535244068 0.42700218436906906
119 7.5127272698964385 5.861429656017497 10.854487062423516 2.1258116464355075 9.358665620025334 25.77679066337028 2.739910997432321 0.8172293900080412 4.958871519327479 13.23480739668855 32.73918097279545 0.5089982869365985 0.03396232842690311 0.42753805158957175
118 7.671807655978093 5.71053385063095 11.016257762997164 2.071148980171533 9.533012000038358 25.96522275769137 2.5580695337664214 1.142856555107715 5.202671262161899 13.518717131037484 31.91546272216663 0.5080709850323738 0.052019449138674546 0.4257397128854874
120 7.281879806820874 5.6215834811413865 10.243134237407917 2.6522173501033177 9.707167521911392 24.640135232064743 3.336313280595347 1.1056201555362661 5.506035347024358 13.866544337332519 29.299233950771 0.5035159401900278 0.08680752178229996 0.42007600070976503
125 7.633788538155653 5.677554260632425 10.724634930238295 2.3760616772538685 10.14808018438214 24.65534121042211 3.0291936072624295 0.498298655822781 4.7417315618624905 13.01197191655843 30.3618031128055 0.5090364679231723 0.03340745240435793 0.42831271149421685
131 7.339579247352229 5.771052777202993 10.892725628496056 2.146530909457902 9.732389950241712 25.671368783535115 2.6143933792937974 0.7457092092923199 5.451052764818996 13.245650694147479 31.564844997878076 0.508163621968521 0.044015359725943205 0.4264317617031377
132 7.4450406881515105 5.6474644282565505 10.908528609659276 2.0656907689795543 9.512891831119827 25.615636506175054 2.854865193648451 1.2129895338733752 4.555652823169646 13.00391013615177 31.970816758376685 0.5092412680021206 0.03349708647537842 0.42808741011565704
133 7.6596376099370564 5.656351770930734 10.788917864754064 2.142060658623136 9.410349464659982 25.663084299227314 2.858688719732577 0.7865417779091232 4.729706071827516 13.27721135206502 32.65097481853795 0.509893893851928 0.035974530372294526 0.4258273858945472
156 7.837842962749903 5.642652784170592 11.241297249926369 1.84876648372545 9.247503995662395 25.831614673565443 2.9934204756951566 0.9334706515939393 4.914740351063529 14.717459232269826 31.37892706358713 0.5078719279679674 0.05253530289496962 0.42542152812445033
158 7.935852614318112 5.610360588834412 10.39814823788969 2.50336629408914 9.913583206556911 25.402466185114733 2.7669875416316865 0.6945471323986043 5.293349654996124 13.495644623516487 30.423557730564152 0.5077990723204524 0.04656751282365608 0.42672972005808657
134 7.496020230978846 5.850490941839291 10.64387577302115 2.282809322039899 8.811917383596482 25.85405662851584 3.106781040926908 0.9263679740215254 5.2015781686673215 13.373467449773504 33.53149773199294 0.5073694294834281 0.05315133100579242 0.4260635151547376
141 7.172589884152273 5.808291371183126 10.805321524211715 2.154578336036637 9.709417454530145 25.605592141857347 2.7380955929162516 0.6149705366506295 5.225920612463461 12.998678115089968 31.418040059830556 0.509147051133394 0.03657355972818104 0.42705833874441784
142 7.694159744962689 5.539169377109943 11.12244742851651 1.9588985531570065 9.43822147344406 25.35267255631162 3.1583377526072076 0.47029822021314843 5.783653968882523 15.554487872393825 30.28083779278652 0.5092759361606639 0.026616206733659997 0.42833077640319744
143 7.948394860914778 5.489920691544772 10.547177956383743 2.403449662416437 9.985531277089054 24.412239927859915 3.6745384171546807 0.7729176502135823 4.5307356495855355 14.05319535013554 28.478398892879053 0.5047460440224946 0.08148509910778218 0.4210981499457072
166 7.703496067154116 5.632725589426096 10.875964752565533 2.2153525681079222 9.789696918568144 26.06294982856067 2.347930825453658 0.7742235523952966 4.513224410543166 12.373420341264831 32.64911512809111 0.5092679092727224 0.035738796312382276 0.42772343313216726
168 7.262546526190927 5.767437764918862 10.954963292735144 2.01320297323491 9.046399457252765 25.473299557877947 3.0475204673022747 0.7853988128307604 5.907685689331612 14.853343544420646 32.5477411867384 0.5068534659651385 0.0649372898899311 0.4241199184475245
144 8.003745320326544 5.281704744593426 10.346300214541152 2.66498489647026 10.16828770927057 24.600247287074712 3.112451618033166 0.8285454298057434 4.524574751893172 12.554868753416686 30.755883935775852 0.5071676959095462 0.05867268637255992 0.4253370550672691
157 7.514809457711812 5.668081341740301 10.824440541180975 2.2402108493895145 10.102478512461126 25.44197729387483 2.783697631567585 0.532298678007381 5.183466997198391 12.5683824289001 30.43659059792563 0.5079798865035334 0.04570199190071307 0.42691244524989863
176 7.848810229849441 5.509165210822858 10.856359331952929 2.17125796112701 9.36622814104411 25.892504207660668 2.6324261818926464 0.7150903553623636 4.637273924267948 14.292956931511984 32.1563448105566 0.5079865176775191 0.05578816979673041 0.42392986307980013
177 7.135487464137837 5.864857140104132 11.126097390359044 1.750175629118507 8.77151410630973 25.939975018070186 3.141859592607773 1.0975331256608205 5.322658811268295 14.4751479238541 33.01592421488807 0.507482055506219 0.05512489353198 0.4256482131511754
169 7.731820240852103 5.4064916098193825 10.335829057885142 2.561710276752711 9.83742679105617 24.988282921044963 2.958210303183826 0.7826718559676387 5.082386705933342 12.973777700695111 31.447704948081796 0.5058115530077231 0.06696621655465754 0.4243608375486466
159 8.20342479926217 5.330184167780459 10.896947983239077 2.1176123517201035 9.249933972097018 25.167775686966785 3.4597417682883997 0.500348932891255 5.170606944827525 15.261197333646003 31.295560690413463 0.509666422364653 0.026161487413637576 0.42819896290590925
182 7.771794220537075 5.416858085864352 11.011144976717862 2.030625287897933 9.177560216090923 25.660823381617835 3.04136301124501 0.49091356453277496 5.274686167250077 15.260525794690937 31.95685895263327 0.5081289134331843 0.050688341938512994 0.4261626206506214
181 7.80066849944382 5.671849128228493 10.73890121647404 2.238982601825135 9.749590775278675 25.710904606229526 2.78185106389443 0.9253553863210053 4.575013823137182 13.206021357760925 31.03619381911505 0.5081336278067371 0.05015489861575029 0.4262657930692866
167 7.349533624795914 5.586608628002502 10.933737584936924 2.1200582544382223 9.418331175800976 25.458888199778343 3.0332189270104544 0.913547713050087 5.325930634156907 14.249598459934095 31.387354625209827 0.5060315290456431 0.06781344758190165 0.42445085222233647
191 7.200688856098506 5.7851010529380185 10.900092548003473 2.12749334633166 9.64489939790419 25.777312459721312 2.5940972913637648 0.6126239563917533 5.413414919118227 12.959314566899806 31.961211797070806 0.5096467298829931 0.02187934490400183 0.42841236799552457
192 7.563337832104702 5.684647391754308 10.765901911570598 2.091073834690225 9.087048972769987 25.405859449494145 3.3078315178267284 0.8324585113944447 4.871460546255351 14.04616147248662 32.18418383935943 0.5084680917167443 0.043290274304283026 0.427350503044121
196 7.358299672942104 5.608008156859568 11.082535584596613 2.056945613002441 9.693194322453381 25.626868040823236 2.744050348228596 0.47800002244205336 5.541059069200661 12.988977804643984 32.09197415528139 0.5092095040607171 0.037831435501150604 0.4275369434945716
197 7.7480263486659 5.493931703465778 10.900240632395736 2.2553504549436316 9.593609673641181 25.265163013386076 2.94041785105989 1.0934444717442229 4.707594358409571 12.920368166994594 32.84181588021932 0.5081684504571571 0.04654874942105436 0.4264349805834627
135 7.643819223467396 5.628805814047569 10.564044292037073 2.377365873568431 9.263783565201752 24.89751424666164 3.5709754126846356 0.9151264342940288 5.120124533610455 14.273654538861082 31.069131257911966 0.504860468072275 0.07493456662573311 0.42094658758305986
160 7.410081451117514 5.826998518616024 10.515729859134838 2.3961007542264237 9.47085608100227 25.34014664978638 3.1309070218864203 0.5065277556154817 6.401403989293715 13.253441485160058 30.838763049508024 0.507616560623945 0.05036617506363606 0.42610910149311193
184 7.7087885246825 5.610781860685172 11.11790492597818 1.8249320348732636 8.395858100327658 25.907123397623014 3.2904582053223237 0.4791916085914549 6.073591140342211 16.56410315456059 33.20501056611885 0.509018421635175 0.043321128057926754 0.42675667195556577
136 7.17499091995842 5.872713450676189 10.5990390844475 2.3234669908800485 8.77016500825532 25.65812429827991 3.1153208487635995 0.8068814917595836 6.296563732509946 13.848804616620235 33.09390956947993 0.5060401533226927 0.06397435665898409 0.42481289104970726
137 7.220953964662429 5.763194093823299 10.753808613921871 2.0758522724980883 8.760459042237661 26.196638243122816 2.877805448661643 0.5855109980426945 6.217860560241171 14.288704808583764 33.063825924229235 0.506517069618477 0.06000242866057322 0.42503160625439906
162 7.796274201842029 5.8437434729612985 10.847029554792812 2.1282503882042088 9.289083545349552 25.85603205661219 2.8797467549645703 0.5981989197972067 5.561796307851314 13.23099434293144 32.36827456401533 0.5079159140816506 0.03034895616883165 0.42824962201023536
171 7.436099552913779 5.853673493168738 10.286625275237316 2.626734552017782 10.047920871682095 25.061702086509133 2.882951509247186 0.5021280630386863 6.149910302950019 12.034498469361894 30.309174319425225 0.5070815444337657 0.052711735686923326 0.42666529353029065
145 8.101414406133726 5.525519134290833 10.592400025338451 2.2669631351576034 9.187616579111 25.035712524138738 3.5121072076456805 0.7681307360625244 5.028672113100926 14.197330798809837 31.46244376019554 0.5074275263809246 0.05783789685779721 0.4249895666263475
170 7.806833421098454 5.748499046598453 10.624771995627523 2.2297812691941563 8.596719003551337 26.65211072976289 2.68372268846651 0.9014631821211003 5.170706927070234 12.920689879281028 35.17957103401551 0.5086544810176237 0.04123348855265504 0.42673994497781775
146 8.03092255133743 5.302007238214458 10.119996762120486 2.8789633418596727 10.543030409010703 23.43372736072268 3.8788652989838517 1.0590174205550296 4.391668710733041 12.799891108287877 27.425544648434837 0.5039863481326977 0.0803425888355072 0.4220923726251962
147 7.869729337189134 5.609444643189137 10.617051659146963 2.2284663415906873 9.082158983465987 25.45866886836735 3.346073550996318 0.4023426982266704 5.777764680546618 15.14763615887219 31.13503447465919 0.5086616688122063 0.03368989877630488 0.42798524391018516
172 7.682649959592461 5.79471956582479 10.979442859211687 1.8906213876592652 8.362945265267193 26.468598980584986 2.9594937070894094 0.5967042456136212 6.241958833873567 15.772991710351022 33.31053509387781 0.5094175586385286 0.03565454329735647 0.42754866177331163
183 8.128133197130984 5.53039826398645 10.980572798814574 2.1119446294979736 9.162475399388388 25.164524469016914 3.189859742533392 0.9512757528614627 4.904063413792494 14.644806026478674 32.76245095690919 0.5088424945457369 0.034657019457675235 0.42763986730196746
178 7.449241765513206 5.522056907627801 10.459031895943161 2.4230400844648377 9.365208146800144 25.31866424115236 3.0220754862047943 0.840266840904925 5.68030872684885 13.691179519095265 31.90165805475892 0.5065706091495765 0.05746977946201028 0.42573352934962716
161 7.610290548504906 5.814997328857647 10.89373802707006 2.063908362195109 8.987754966517848 25.530450102885176 3.2742501389276235 0.639338505421175 6.065107909229633 14.19841307833572 32.075211225390944 0.5086405780544909 0.04091527979389614 0.42738835310312956
179 7.437612321907605 5.821313621509802 10.956111144037752 2.026398294207628 8.814987033081486 25.935743050149632 3.0647859968046594 0.6662309942023124 5.740424707616384 14.505221971618072 32.53508150525326 0.5085898266076663 0.04258330332385845 0.42682777240901215
193 7.4255479778552465 5.735546291436585 10.709411498593738 2.100467409868092 8.628552556593133 26.132983245179286 3.050297928792139 0.7678506324300718 5.373147957250459 13.850506930771143 34.03978092792842 0.5092158720341795 0.027367563358384226 0.4284400026403427
198 7.432332946577416 5.747378532753337 10.680054449750386 2.305932340008588 9.339548382834035 25.659092504098023 2.912377427120117 0.9074419424290951 5.4604367702242005 12.909964854459965 32.51764915342335 0.5087327367997432 0.04363463499860806 0.4266643681527581
185 7.258494308783661 5.881447822468179 11.012204632669887 1.907990108459506 8.888747916124638 26.39270278241886 2.619161723676455 0.7378664606792351 5.789987652557476 14.286463717025924 33.24438135209292 0.5097130449416111 0.027958739784861637 0.4280114610308558
175 7.829421816574619 5.58109614418209 10.763888200887086 2.315864239937132 9.990301109404628 25.07258019087748 2.7803601316530084 0.8640696692885924 4.0461266678378225 12.693044623666466 31.686026580836224 0.5091307136045558 0.0388187618605771 0.426784574882242
173 7.147893642723173 5.714795715698793 10.943957401393819 2.011646033379677 9.082902173363177 26.037197308044856 2.901168712710918 0.5334110243050715 5.835727931062352 14.011390556560269 32.46864229387882 0.5095013103616058 0.03160817767936845 0.42809647169900256
138 7.167637718304164 5.803084021685256 10.994658864871004 1.9935593116732861 8.96445008400635 25.811957100735018 3.0735267099509547 0.7514464369670105 5.748109316423268 14.06213135968728 32.877698838038185 0.5079856364467631 0.051246302040064085 0.42490012076550904
139 7.196389839324529 5.8230205931731405 10.536662180248943 2.418012149316812 9.424205855405674 25.484643943579492 2.9682667773988403 0.9775471211723336 5.477446105836561 13.27646124702704 31.37417753572938 0.5051360320701764 0.07329031778578286 0.4233349010539274
140 7.705584854789471 5.5371698569354315 10.820919698597741 2.324417530284021 9.827449339405671 25.436903108284685 2.7702228017171464 0.6426932028801882 4.504164303725401 12.886165928910696 31.927207842232647 0.5090700663243497 0.02855056663986582 0.4276303871651881
164 7.90286358543125 5.464869727893343 10.840175339728319 2.0533437746686314 9.013722166175805 25.618731117231093 3.205944143642723 0.9686910774691406 4.699997627355658 14.776828799464969 32.05993765404654 0.5083735085309921 0.044701685514589244 0.4269643853229856
148 7.765307415164279 5.583528025503443 10.982205167872886 2.0292471461440598 9.437630868510066 24.964416912009504 3.327503436584843 0.5237146050148646 5.470589010626058 14.650598872247086 31.27361845891407 0.5085074789711229 0.04063264749946932 0.4269965979150334
149 7.866721768270033 5.550639700425044 11.24759850111888 1.8817690853961027 9.237572711492884 25.317405274291406 3.3042959208389306 0.5028720111172025 4.997390709004426 15.28194109081776 31.577101321616556 0.5101972400081981 0.01632606384462472 0.4283407960682263
150 7.766557131647095 5.788286338453323 10.98349887957715 2.088668853823447 9.79665757318458 25.10512117937974 3.0096890567798837 1.0460588509480235 4.135328400909633 12.682237310994598 31.657189170017983 0.5097068799701212 0.021791600757106337 0.428342030625176
174 7.954872188222743 5.470012279963057 11.240373665044189 1.8376696291522763 9.04486427853541 25.647107491175195 3.0954016812564884 1.0355545988340662 4.257035721308496 15.002419153272719 33.05585249917825 0.5091602810183931 0.034028598090743864 0.42752928367543774
163 7.592830311589211 5.612389422978499 10.476588785853984 2.4509048424867075 9.770394552697754 25.507056849874033 2.794494435661754 0.43140087802112453 5.63723970501506 13.176642934566969 31.116039109673718 0.5093419230431017 0.036812319180171055 0.42725921018149354
165 7.3052827239 5.812605828628313 10.67756445169554 2.3155208036382993 10.178164041797727 24.176826337305304 3.610688269567341 0.8541314474874968 4.223390789845384 12.278528326856083 29.50685956331662 0.5089371444229086 0.03899494172131659 0.42717375201486507
180 7.772335365128561 5.531461819056629 11.084250876939247 1.8939523031557206 8.650213261879074 26.36514603239586 2.8633354380587437 1.0847711596302445 5.427439466732877 15.039393146662789 33.672056319344456 0.5094997475963344 0.02920877929439822 0.42803301074644506
194 7.723607719310816 5.689619318623029 10.996662386868854 2.0025225755876495 8.93251141425195 25.63974219843079 3.210320019185339 0.5822236095739047 5.747777010293909 15.262144239116108 32.220471486481166 0.5094252624735852 0.029374359369833857 0.4282426784215762
195 7.75285663389458 5.705728486072099 11.048991368612148 2.139193066059792 9.594765088812986 24.629210929698775 3.5265945270032137 0.9008225184250758 4.055845270429772 13.613155485227189 31.425284988503893 0.5098514614899844 0.026116791232412603 0.4278604631042127
199 7.7320491777076645 5.63133597730451 10.720037031632094 2.2079156034673977 9.524929484943891 25.18825864429558 3.158989777539609 0.9333435393026701 4.774018524047349 13.908698278218003 31.19136031524414 0.5066145697138612 0.06337899105513514 0.4245659014393488
200 7.674193440465807 5.600721346143354 10.33924596693682 2.6381397687606776 10.193863080070033 24.64722647530238 3.089492744374477 0.9799978573402602 4.601911991837498 12.545779805808225 29.634405887401417 0.5060856556361594 0.0689340870397096 0.42405522614649593
206 7.960709392433249 5.497441746971183 11.146659834632564 1.9861242133075878 9.73168330295727 24.99048336542592 3.101479577747617 0.720794425640051 4.592845129514001 14.20131747577439 31.344150786589264 0.509035730409842 0.03793862718203068 0.42723585519457646
207 7.444515928204745 5.590137474247661 10.820221485685408 2.2583231157886754 9.674592914468336 24.953033304851253 2.9785256484944433 1.1464835527106065 4.961973708511894 13.560137878557095 31.866796886676994 0.505365499864162 0.07153782409305805 0.4235770649125178
208 7.9832031513592 5.270755833265606 10.23309167095281 2.729648505836461 10.142399046844519 25.099155861589438 2.744114316167794 0.8269386006407415 4.725889396584434 12.984821962853669 30.753029522874435 0.5044105934379963 0.08054396868984404 0.42237237161208563
209 7.89519220605139 5.636746434167021 10.917804041185537 2.23466190344789 9.442480659956592 25.38596856005079 3.0165989373596545 0.6812330992581217 5.571430932595973 14.04504702801704 31.83999951057649 0.5076778531093266 0.056520869599238605 0.42542048397297455
244 7.187108021227727 5.951681130591157 10.997937041665667 2.0642466529776904 9.264177389625623 26.298743784591718 2.558806433439468 0.7673004191629488 5.75800232785568 12.831312693439447 33.08421574325004 0.5076693981247392 0.05013553120645065 0.4264787389808999
243 7.73594974037914 5.566131821858534 10.624143121317585 2.276803128630291 9.290724322470323 25.92845987527268 2.7394289930086284 0.8594028670105903 4.994135762321578 13.880811264827491 32.350899259014554 0.5096255443999037 0.028425667295523437 0.42829122103706674
242 7.251677502791111 5.723540947910159 11.247787291224551 1.9054295704972324 9.412365412436724 25.683816217220937 2.8047135938000816 0.9518491297981325 4.766409739351025 13.555272751146633 32.69202341439614 0.5093257569550137 0.020182780955260143 0.4287671883727698
234 7.548654223601012 5.873141782204265 10.662375111318484 2.2203488319243996 9.170617668737503 25.82025698051528 2.9296808624921735 0.745679124048294 5.794496253657806 13.45692641490983 32.23354601570138 0.5094894346719725 0.03343377570495239 0.4275839932444875
241 7.333168371857822 5.635838635140496 11.132258101940433 1.8622444070526774 9.078501827301746 26.748180218633745 2.50379243125552 0.8684089727570178 5.127104760561889 13.408210586930247 33.43262838877546 0.5096356067785438 0.02824841462077358 0.42754734003934036
216 7.707361422026796 5.844152369706914 11.191041543874048 1.7612202270320083 8.839527740540293 26.377224219974078 2.686436091833086 0.5242075917637565 6.087810654174427 15.294510934767585 32.74591937596946 0.5095794628907576 0.01800827706136878 0.42916698204756665
217 7.471686037977626 5.530953457153867 10.626239363146508 2.544827889434992 10.286036213010485 24.954512184108424 2.7373924615709715 0.5532979490210329 4.938647437663208 12.919928927673011 30.07895433223754 0.5088369037686247 0.03889352149187714 0.4272915814284698
218 7.686791711435467 5.692409927061813 11.17852739728434 1.8551115711948143 9.033778055196606 26.083082412610377 2.844221863141896 0.6361424659217589 5.553833047187274 14.838729877694318 32.59904759354212 0.5089277828571795 0.04703089997213978 0.42655893096248404
233 7.630943598357525 5.754918207778228 10.898234512937352 2.2096493283511234 9.734058560237944 25.339517290607898 2.8728107229374906 0.9170920245461304 4.671722114906042 12.651806103445495 32.00978472535921 0.5078392418713515 0.05444630556411605 0.4256839684844517
219 7.976024614870721 5.624379147409067 11.127636088889549 1.8308617700960286 8.606980752505056 25.939933956151997 3.151708352779487 0.7398062758659629 5.569755437501619 16.22729205087948 32.74937133600842 0.5085848115366476 0.04134262751964183 0.4274148478336957
232 7.912274800723703 5.408028238072314 11.081995329470105 2.17258668095644 9.959713591851042 25.082473301097526 2.8840751350102414 0.6185476621359213 4.2371509912743734 13.811846115664588 31.135273152587207 0.5089234337704103 0.037752685367295855 0.4273832066259286
231 7.581131494491232 5.551067408808739 10.766008551407456 2.2679122773191716 9.902759876885703 25.02748342718832 3.048970984165784 0.8645458239837265 4.8061914792647205 13.329932531187437 30.70064609700445 0.5071057001232497 0.05878511536989914 0.42555335499573604
236 7.842095720845501 5.747639714960234 10.874626552590007 1.9775719248444212 8.517943348273377 26.10819977589881 3.1808052024089624 0.49162806968114486 6.697747992083003 15.531527774942587 32.88315752206917 0.5077056343084068 0.05094734454906844 0.4261513413747645
237 7.705128041940579 5.799544890607499 10.581799937091468 2.3728089984513687 9.58494816259024 25.50505474995997 2.9379758908773597 0.5579012921398879 5.5735907410455985 13.085548022681927 31.410007129694755 0.5089963866873662 0.03937818437929754 0.42720269759919255
247 7.3688758148674856 5.832622198078791 10.378752341080117 2.6261227442314334 9.782449494373465 24.940866163475533 3.3222832175463433 1.0829622804664503 5.019110832270949 12.003901158719513 30.46652527061938 0.5062311354975629 0.06183441067918635 0.4249746452368379
210 7.949885695663255 5.433487532183105 10.711895499121237 2.4169128447400707 9.57628915711443 24.255938404485732 3.777991632678774 1.0977850411490042 3.8777839111348125 13.992277021397589 30.78822412847725 0.5048015005791271 0.0773318279255839 0.42212386909151867
246 7.736066250144598 5.622539878288079 10.47852089760599 2.238797687640621 9.091667683227634 25.78520939251695 3.038825162472135 0.84120769094568 5.27144384747642 14.70713342005678 31.201200640380318 0.5085842640051323 0.04232048697540462 0.42719364889166705
245 7.32477137643814 5.854235535387575 10.741086617377864 2.1800118003361355 8.740516505866172 25.605750337000337 3.1732174293030146 0.7847039194492714 6.099832629191827 13.887784806917603 33.861203197455445 0.5093855139946524 0.030704021447747837 0.4278091395264348
235 7.933413933258598 5.532589015098204 10.533152095212396 2.4020858137182652 9.46563504093356 25.28536586850168 3.099635233953884 0.8599981066277607 5.291790001582223 13.727079142254908 31.43977745462102 0.5083821521615315 0.0439724902599272 0.4272421931602417
211 7.974090075644977 5.715283414995101 10.355834210537685 2.513644908974465 9.497833348629793 25.19249107573581 3.0384600074521977 0.8650667017347731 4.783758055144067 12.955619034901371 31.655944833619692 0.5076747590979179 0.048187599003806786 0.4268983881263064
212 7.952919222761674 5.6158004418901815 10.799975138761834 2.0999693491651543 8.810329366538667 25.75470135828638 3.2778953930607435 0.4627257103461547 5.803689670937986 15.71245106227435 31.799195851285305 0.5099926963667509 0.026496579189912894 0.4276726786339779
220 7.600458609350347 5.730322238659223 10.228450674390446 2.4251467583562283 9.261393888229406 25.893159715331034 2.925153747173065 0.5564156290510341 5.901634705185423 12.974081950479807 31.74901409467063 0.5081691777185321 0.0494666339869637 0.4265762064927178
221 8.0367967056864 5.439530658038037 11.091517835278694 1.8892995026803767 8.455686973000663 25.762918120673348 3.3797444181683662 0.7461498227161928 5.3927780508971885 17.002035031494614 32.54849804437314 0.5089208350909441 0.038469036659868276 0.4271155373571506
222 7.664645430207769 5.815487380007901 10.510643397763939 2.335713093541287 9.315982595440863 25.353038345568887 3.1785186004146184 0.6955766349306001 4.935721359008258 13.022626187752032 32.244805984774345 0.5087462512519578 0.04152601802301749 0.42672956180274196
250 7.487402488094104 5.731845565317944 10.872059263449353 2.2256656767062997 9.745137728981355 25.76026992366557 2.655100847927631 0.7320768497177009 4.7239467225190275 12.701643843898774 32.20564228186973 0.5093384680880649 0.028078486991053607 0.4284549043589738
249 7.878256396042152 5.617040847002275 10.613146038053108 2.3244887495400213 9.546428888574045 24.825353495587276 3.365824597189644 0.8796932502729149 4.825379362405778 14.180209329610257 30.6239020899002 0.5087552814217927 0.035980933650350315 0.42765465686068727
248 7.353812534227069 5.8190709188747 10.971436301731814 1.9829542871992634 8.778507813689115 26.481697019885107 2.5835244517739104 0.8507982812095777 5.400652198355003 13.824951448572548 34.36862254117053 0.5097148443696435 0.01972273453044968 0.4278249791837207
238 7.660012082618951 5.749497054803279 10.463218362511588 2.2138260615564795 8.786191230281531 26.285233696771634 2.8758033075733502 0.7339658961913594 6.116623885046997 14.45834065351581 32.54049517716207 0.5080709491915629 0.05101073687398004 0.42508528197220713
213 7.709583720673807 6.010968454628231 10.86926618385565 2.0290944454426123 8.749055623822501 26.195089457128947 2.9270882633956674 1.0808236381276293 4.812285767659903 12.779370987527555 34.305901228101725 0.5093963034386392 0.023461263608993543 0.42869971524210043
214 7.539004348535563 5.747123627323366 10.82137409268101 2.0763703698609777 8.913326358484905 25.870133227425978 3.1318857602069903 0.7766989495822069 5.359256889731435 13.601281663045535 33.357422586176874 0.5087023781961245 0.045753334801092664 0.42649853699514273
215 7.995279422121325 5.730475626040237 10.653743401133871 2.3669705232950706 9.859331291886138 25.26896025896822 2.8040095769122613 0.42850764901751687 5.437285398481517 13.617238357039371 30.628459516157797 0.5089508572496305 0.041323914238670156 0.426748301804981
239 7.475746298499391 5.811473492041455 10.855736034251471 2.248504392762295 9.714383953197515 24.985450236566425 3.1356378191304364 0.6503182259263204 5.292656964915707 12.949004064482232 31.14284680704473 0.5094471304222731 0.03330881563362767 0.4273178337113519
223 7.636526664230556 5.572260644259293 10.608436255187591 2.246463511832293 9.470820259373035 25.78019240062776 2.810013183856033 0.4859002834896201 5.641808452154286 13.650529182046434 31.478273462223648 0.5077920576033587 0.04690576101349676 0.42706925608905094
240 7.840267122185812 5.637140331922235 10.74731460858491 2.153089780472779 9.646087118173124 24.82531096046155 3.5077695321183007 0.7328045250716462 5.006966571185576 14.82303067813001 29.25203326204381 0.5081667949893283 0.05222117764476242 0.4256505956865835
224 7.757303678211752 5.7942279632277955 10.781316235888978 2.259491602364816 9.421639339754611 25.788672057465885 2.7791456910600156 0.6599262889243559 5.169744231485057 12.924341178280159 32.669685284202394 0.5087110508968713 0.040998977687608365 0.4262754247357158
225 6.966141383589748 5.816256773665978 11.132747030464557 1.9816324364551374 9.361047861068435 24.999511762848083 3.4244289071006073 0.7270697356810277 5.401239236121516 13.493781425062767 31.904983486497255 0.5082794067973402 0.04122216388303981 0.42734444482658634
