# timestep 3650
# phase bcc
# id f1 f2 f3 f4 f5 f6 f7 f8 f9 f10 f11 f12 f13 f14
1 7.470777908747535 5.727286060222908 10.895149483985634 2.27512960481707 9.875327782758422 24.587609118732544 3.2560837460172336 0.9559551160521778 4.235902621296163 12.8972183665305 31.161965665628255 0.5081203910786333 0.045313673199749556 0.4262529779650283
2 7.640887390901564 5.515257819775494 10.770567478818723 2.211081808382847 9.355223556665688 25.590763116524187 2.908340598325925 0.7839628408941194 4.798298468743316 14.18498489119284 31.75473198029481 0.5083488400836833 0.04692473999148256 0.4263867415453499
3 6.980667579477585 5.472130388049573 10.101920318677337 2.730766754103808 9.721012825607385 25.46816693181992 2.792392213658625 0.9224921304681646 5.193284045373607 12.055580885676006 31.316202839517324 0.5087603628400932 0.04661139869091212 0.4259284207208279
11 7.627198408410798 5.410292371709443 10.697459236108608 2.1221472714743785 8.517715165921508 26.09362456136482 3.1225605398226115 0.42091947703332416 5.697631402170156 15.67635409460558 33.14370160862019 0.508612989085923 0.03940609311512342 0.42713901800725995
13 7.1945278899859435 5.684264341921009 11.207960713078181 2.0139657056826947 9.88013024856781 25.10382027315962 2.8687333195121263 1.0147508773460059 4.756780020721387 13.261587530179575 31.33491870619877 0.5073298571714218 0.053247217101030205 0.42594901109299754
26 7.249908005171638 5.642040350480049 11.165347974623822 2.1071557655856323 9.902982042571272 24.534387668744262 3.2835333868043834 0.6436478203828855 4.907770328136656 13.270479132773778 31.216170866497748 0.5088177391735168 0.03224472797483527 0.42722020251191833
28 7.421092731745049 5.309302602974491 10.601853318516563 2.6803939111832236 10.636729646728314 23.8748006031403 3.201033314473444 1.0303824940921118 3.2739188655704856 11.917713891525871 29.898227007695915 0.5065862732009911 0.056473108827609246 0.4258561756994623
36 7.832655649023871 5.655042395450816 10.068625956378368 2.6737137562593314 10.015403784146335 25.146522942216908 2.628363246635199 0.5771593010784537 5.991492892554096 13.189304459526594 29.558727274053968 0.5042583663876905 0.0758567703846276 0.4230839155632131
38 7.687181377428323 5.899437344610442 11.117454412837358 1.9503035894388432 9.88984398865563 25.851134942015197 2.4349740556191044 0.6968498203385207 5.9439324707419186 13.404575411068036 30.767075442133393 0.508641821129679 0.036881059004208495 0.42715491056229904
4 7.525457774225419 5.4152560009192126 10.753356695378598 2.131448128585156 9.880048959164752 25.162875195890496 3.110997473881762 1.191054161048642 3.26236973698781 12.328042136458352 31.291762700408803 0.5084098209090029 0.04859870017611676 0.42631237756095447
12 7.180714624980875 5.818276048519533 10.08237684980013 2.6890771723278997 9.650399152873936 24.91211124303603 3.0886288072705734 0.6237219847628933 6.089839577087719 13.780657747142309 30.04351483404112 0.5047957893622353 0.07559875086400264 0.4229446980743451
21 7.4750461717140615 5.538961374441743 10.49292947765908 2.2240319968620326 9.547308212035972 25.4568822629199 2.922733224936282 1.2247718867212594 6.42518631982545 13.665714827318332 30.37795232034353 0.5063071271141291 0.066467556038476 0.42367220557371565
22 7.738690374610857 5.4871233225526215 10.77329544432033 2.2252573156515645 9.476814820177562 25.984810315966495 2.631583308328887 0.9271950766192983 4.441190903959365 13.354751616423222 32.41808869369556 0.5088572620947627 0.036207182028635855 0.42546794409461763
46 8.011336104048087 5.228397787641715 10.841954947615731 2.2091250685027406 9.250366158921558 25.61848177121598 3.0011514608499694 0.584882903074603 4.583265713059915 14.561690495611083 32.651591170964636 0.509557534691856 0.019713414394792815 0.4285250839851802
47 7.263062980378476 5.864677390503959 10.620912281683506 2.136576261534711 9.312137568926813 25.664375750878744 2.9066454467708054 0.727321055291064 5.454814695825987 13.51883894163949 31.46347862655556 0.508099269028922 0.044371149812937834 0.42680384356976075
14 7.885074688920876 5.70042323705694 11.146542989971762 2.278996491819033 10.514313605790615 24.55596862583476 3.0731748240386803 0.8723692450989426 4.1947285021381715 13.121555310193292 28.988090643265856 0.5066318721123036 0.05855149642677146 0.42448781948633035
27 7.3632248270437906 5.631564157205163 10.80402227637212 2.210332605960899 9.940604338040885 25.2037579922423 2.874411781363403 0.6273177797285849 5.513297596820554 13.353330693373657 29.533966784638245 0.5071270330068188 0.055948344800062215 0.4254864925633499
51 7.166954012531791 5.585902779112964 10.671399029219142 2.314770129928838 9.487480235937097 25.12101364225055 3.1155799042660917 0.6828718311973271 4.720784238659234 13.146609688793713 32.222813800062696 0.5092455650181604 0.03271752194169216 0.4269415401769603
52 7.048626970568061 5.724758775544562 10.374947091297877 2.6193895277016823 9.949260553035467 24.81574767779323 3.119494095330735 1.26208419168403 4.855012615091253 12.156448308764668 30.20789192620868 0.507282981672857 0.057569148165481566 0.42470000649824863
56 7.817429607430443 5.805386696199465 10.99452588866457 2.0715599081954803 9.31601371376307 25.39751124030214 2.9238963463034113 0.682485263259848 4.92159553365365 14.187744815141274 32.440437226602114 0.5091135567746505 0.036619915455045685 0.42619346788805834
57 7.485401688825756 5.4856157935434915 10.779302227547175 2.158224785447063 9.233325003379356 25.222484510207664 3.150814534629733 0.8931200799690258 5.044055261805821 14.940657630360112 31.737678236311666 0.5077873065682514 0.04872023108818359 0.4256847176498105
29 7.364708393233886 5.636177906643371 10.927552714298916 2.1327151650479266 9.346867734409475 25.860929838675894 2.7200956530604485 0.8318338956374643 4.6485399472977535 13.25017867862238 33.01348266994088 0.5074200504488546 0.03988369917042633 0.42772770232752494
37 7.105044240184051 5.5926038184629245 10.599586692321008 2.4184508113599406 9.86880478715706 25.245976495219875 2.8270958090658835 0.9078270746353505 6.145876011975923 12.588037066651903 30.76305654023685 0.5056192299059776 0.06971635717007352 0.42277640829212376
61 7.690733330698305 5.524192067614879 10.949710749675802 2.2115884327249584 9.637350803946735 24.839065580912894 3.233529928551425 1.0747521731037861 4.657380809734236 14.603391904508863 30.452195461062992 0.5064886461920776 0.06308434399750096 0.42481049935386467
62 7.218048304942195 5.736275413985964 11.060882982080667 1.9956033357719924 9.427212091408549 26.065523443041215 2.626994854395634 0.7952495715598534 5.456850881388672 13.447444286885947 31.79921780695224 0.5089267965982138 0.037749186465760996 0.4271451615279029
39 7.716097026455189 5.57976125496524 10.998008887076802 2.223619316265404 10.1360735827737 25.157884050161538 2.549001870866803 0.7425487743515031 4.603477202411184 13.182682231869512 31.348070633372014 0.509042029006784 0.039119505953310235 0.4266291564430057
126 7.7501283295883425 5.591617262697587 11.056247923713688 2.12333405105513 9.797995411773954 25.73617635240337 2.5064342359855916 0.768755637771294 4.665476497745309 12.881656797492228 32.26974622650944 0.5094082395590525 0.027718095109757028 0.4274697694351179
127 7.3401565038621746 5.574716935360493 10.858720078698948 2.230201669275087 9.89540726587864 25.04700877215435 3.199048978706694 1.2556468441955762 4.834238000540631 13.287115246694178 29.532331622124204 0.5057761876123518 0.06900235744519935 0.42350931643186374
151 7.6812761168558525 5.431507171688525 10.10056917311473 2.648331257220122 10.209053285361717 24.40731075406932 3.160299735571948 0.8793457030752884 4.468954957020997 13.511419134304756 29.12961640359608 0.5062938314357102 0.07088857262797331 0.4227241539196094
152 7.885339495059522 5.441478924984415 11.140270635826447 1.8766437082817309 9.20439943863414 25.61120224100567 2.915054172198989 0.5617123281004875 5.136192143781933 15.28008344957494 32.397072267022494 0.5098086248878532 0.02471415732878698 0.42775732798739047
66 7.855633399606474 5.5146663575562735 11.019910005567372 1.9906441166697562 9.07872914135598 26.186028595427484 2.70409626248956 0.7563283522380353 4.872351992221599 14.277442511774124 33.40418771065013 0.5091133172318698 0.034254947788272254 0.427655054289272
67 7.2345577776967085 5.703506517399823 10.516729071620112 2.3202246558544055 9.388552876132326 25.461283993448586 3.076827827466596 0.5958228612531257 5.726083404793226 13.707100738609542 30.909314209605213 0.5069567059620863 0.057571346740246256 0.4256764412948051
71 7.856449917142561 5.4571723135166 10.386280394015047 2.485426220094379 9.823432219604497 25.09381636890976 3.1598648289581823 0.5922047799312594 4.950097048738536 13.851605285878657 29.870481668775522 0.5093608168227869 0.032571381840806234 0.42686274461483176
72 7.630111627594628 5.562835093984691 11.28172517308989 1.8723666363840241 9.58350665187656 25.316599004753083 3.062097663502494 0.8746040320214714 4.274038130850437 13.88031539886283 31.945402430606308 0.5086467445538213 0.040644820381043334 0.42675041824234566
187 7.945923260292151 5.654510919679813 10.53009760099689 2.436703184118458 9.66496210132591 26.260136273189968 2.213536389114463 0.990942546781427 5.507538219338312 13.168289017968085 31.927997766387573 0.5082580468565393 0.05091775834255081 0.42561835300701006
186 7.296612332352737 5.9103071713210715 11.25930246096409 1.7685126693919497 8.79477110914205 25.933826006501683 2.969971516970479 0.8480915169347303 5.5787411408860645 14.419666427005906 33.68150915302122 0.5093110926417559 0.03385850948449791 0.4265381119065398
5 7.753670562840239 5.685169240876428 11.12935709788018 1.878111557025254 9.473124337976802 25.52052206660257 2.875928083046968 0.9277497262484186 4.678667708817004 14.161007621635868 32.01870384350032 0.5093199254864649 0.027281630604164293 0.4274077216090271
15 7.397933460066868 5.499815898649889 11.261157133027316 1.9704575501933421 10.004307001938976 25.948767527868796 2.303219954323626 0.4123024774271079 5.3463103502683404 13.412427241294763 31.364516042546196 0.5093207853901034 0.02717278738467148 0.4284309817947848
30 7.644828406677347 5.46115022944048 10.721996612317374 2.386310932849795 9.6475724857203 24.82517421694733 3.1160722008207515 0.7408693442942337 5.240782236864571 15.273370905528308 30.11929234459282 0.5071972322356497 0.06120988224561176 0.42439264300174456
40 7.973073279387978 5.22350144020018 10.814498517195444 2.31179700787189 10.3801338034501 25.21819916103297 2.4739684010672076 1.2222424749795207 3.4943440917693462 11.910339922911863 31.683130312874127 0.5087440019537897 0.04489341658923189 0.4267726093647509
6 7.19192400458062 5.78758360223215 11.142427958570389 1.9869128520529094 9.591402840301084 25.63433722691781 2.758458802934305 0.5912608607032189 5.615232720203273 13.774273122366065 31.56397804820166 0.508928171978897 0.02938019737865426 0.4285047631827414
7 8.207095336555055 5.2505256335911294 11.185955421059422 1.8987677019581584 9.268886312459278 25.589306363690834 3.057924411285777 0.5533130737276892 5.092720800192867 15.2592416229809 31.876888430134997 0.5097093696420533 0.02686950475818735 0.4280327518374628
17 7.622768556552264 5.576645119139658 10.930039606435708 2.0950509496352763 9.636268005541817 25.54765570141512 2.8818525328061875 0.9997727417901733 4.887138432540908 13.234392598078271 31.70319964398748 0.507333784993343 0.05379316500018963 0.4264677045119271
32 7.650092980493799 5.619924308530527 10.591532482615078 2.3417560063949443 9.564834455344776 24.789799251145777 3.6228127446087317 0.7834688743669151 5.401723480332686 14.44903421900127 29.214652938329287 0.5047070753739366 0.07223403697244205 0.4233895222340686
42 7.472567114786965 5.644479393529179 10.704847562472438 2.263616124753561 9.320578676827873 25.893969049210916 2.7565642038306004 0.9596738049905089 5.256476468609027 13.483802586455777 32.55275736652326 0.5087149361221976 0.04614909624173177 0.4261057465615866
23 7.269035639069656 5.676819541214375 10.251874149188732 2.628427077023734 10.020665055140226 24.99637491752378 2.9727435275533303 1.434952546242092 4.546901170248411 12.479729362985038 29.32602733057109 0.502949369978898 0.08283429411558717 0.4215742280930727
48 7.244607775780676 5.721789625505843 11.31073018480052 1.8422851446926247 9.362326052220364 24.998226424993085 3.3209028949794592 0.7600767402822077 5.427332025538239 14.692316150095607 31.462505869920015 0.5091484322556956 0.03208967361769986 0.42784272688463515
16 7.832292101813213 5.655639653565061 11.278310819507183 2.033390352578992 10.045554715031814 24.749940080437078 3.0041857419353963 0.7821978176389192 4.173545669191668 13.434294595250444 31.08310962753711 0.5086850305984464 0.03849956421735859 0.4278605870542307
24 8.031656556305775 5.523307326043411 11.066340480865431 1.9543351149314494 9.223999230606394 26.373636436395586 2.5011261438531274 0.7933183949708081 5.24848187900451 14.092616125927252 32.86510224868446 0.508835947354973 0.038759459959182486 0.426849287836136
49 7.661934068551004 5.464146713039788 10.729855323992062 2.2519227111188878 9.290147104512764 25.52466026216349 3.139454554413555 0.4765266467429589 5.414420043503237 14.560268361504384 31.43355478812202 0.5093739464006186 0.0337688633712712 0.4279652352818142
53 7.2156095398643005 5.977625122722011 11.176786775191562 1.8553036849264195 9.050568858757385 26.03090893522028 2.7942570404187834 0.45205562752448036 6.7709397291204585 14.233921609072402 32.38801143348683 0.508330595647071 0.03962913398100501 0.42719407689160127
58 7.981299007760309 5.58163324125617 10.98599576478615 2.277823014685805 10.50499683072952 24.85577888298331 2.692463803339393 0.6021779055221844 4.534690147777813 13.132625022049568 29.594839501950585 0.508616835430643 0.044136392817131255 0.4264729022716386
31 7.534651758446818 5.647123191225161 11.199500776361448 2.00673109180084 9.640288866073021 25.670001212366287 2.6955452330246312 0.6909782952676835 4.940203545489112 13.340407092688096 32.240453254492124 0.5090931748064687 0.03106693829084833 0.4276834633427608
54 7.417062018756938 5.515673879380611 10.52867510439533 2.4512394354732785 9.747104801766731 25.544602649849864 2.6626350153846237 0.8338825688673717 4.517105127477974 12.05247726919716 32.75161943804845 0.5091003978513716 0.042615374031033465 0.4262380111946015
59 7.3537581074660725 5.850513707881488 11.11313894896011 1.9035587142955488 9.354454319208276 25.52874207298776 2.9291950780589278 0.7715385884301849 5.442522685824004 14.063038513769339 31.630917512053383 0.5084544695553427 0.04554363996028851 0.4265862731551587
63 7.391383890185424 5.720110649059334 10.990126895205973 2.114104668647731 9.740304581207194 25.778014139281165 2.5420595541776634 0.8844959957802144 4.51807233652831 12.668210792263674 32.4859099736441 0.5096834698685881 0.030379624832625983 0.42794128289589184
41 7.560221182050071 5.425115506673963 10.926487774985231 2.2512268372000572 9.506576585878202 25.65668266114309 2.831024741071009 0.8552261747433209 4.427344476417055 13.467597852882477 32.49977597559871 0.5084771330595742 0.04784330196334463 0.4262491408124071
64 7.584283750618541 5.817816865007142 11.131845408221428 1.9998154258631111 9.373220954571188 25.78300499819121 2.6848133969043793 0.4083902732174928 6.264062477269081 14.70121759122804 31.784695961695725 0.5090545372166202 0.033678540404105756 0.42761256276128223
128 7.7068515642268345 5.711309756798765 10.235720328166064 2.695989461307331 9.974930322565383 25.112498552650095 2.8751035003038043 0.7131885453592349 5.371455550999977 12.916118040046536 30.066917300623818 0.5064938491190185 0.05929590137390183 0.42586840596998915
153 7.216868765598016 5.560391403436699 10.88022428934898 1.9657404339423818 8.33487147747304 26.45157690999065 2.902787586422708 0.6763948760731928 6.089967731502169 15.464403552892243 34.15634871598204 0.5089270419665132 0.042676833211265953 0.42745296832481156
68 7.572583136909785 5.896654408675194 11.257795576956925 2.0220541340075697 9.926540315293787 24.925840770842225 3.1644753243068022 0.8956697336261037 4.0864377163676515 12.339079857849896 31.41629967206925 0.5092874695606993 0.02971645304109803 0.4280165213430062
73 7.7304079224953455 5.783928666744859 11.101855172756398 2.0859164542464863 10.085347899237812 25.287408038692433 2.628191818256026 0.6533065879848449 4.889775185498852 13.011907855849321 31.104212237740544 0.5099870995756784 0.018409704764661472 0.4286121641076821
188 7.781132964003147 5.53473404661309 11.241138107615674 1.831194969318915 8.794754798887272 25.37644443721189 3.4006592706892476 0.7817927740002664 4.6364106128684615 15.241386619812618 33.34547731854198 0.5095702548913369 0.0236319026244972 0.4280597544032361
8 7.791838809877779 5.671813422396454 10.893412397822118 2.104056982827764 9.15672488566813 26.180099724366112 2.574370583193316 0.7042763075004117 6.026488750924506 14.38426439762974 32.65501299705142 0.5068539032182109 0.05943521040125765 0.42547129821876617
9 7.6731063939019775 5.765319584855938 10.952822314721342 2.135896712478192 9.708482676453254 25.106364564912806 3.126698989111337 0.5106928647731627 5.55730078876623 14.02691788885288 30.565771353702665 0.5082050277538156 0.04418503183192131 0.4266617611865532
10 7.627411737308378 5.765029251520577 11.127857469034828 1.9554338180188757 9.02454727003088 25.809184018686352 3.048196462234787 0.7697556663542007 5.61294319956875 14.809135444189376 32.0848387320751 0.5077239013852922 0.049262604053719725 0.426980545127955
19 7.543447947563931 5.594145827447448 10.936408905853666 2.065322441911026 9.192886492797463 25.660480690535604 3.096983432586816 0.5734844208082864 5.457063518346818 13.94134669497521 32.25080524878208 0.508296632219714 0.04429292172791347 0.4263975390103368
34 7.409280231124629 5.768125533005825 10.282008081316567 2.7321621460758103 10.191768340989336 25.5265864960501 2.5085854483041814 0.49588327676482596 5.750741159498131 11.85300840406024 30.247958045968442 0.5079483447746589 0.05668342285236113 0.42490369446998133
44 7.36680215592885 5.848347509575604 10.719939055923287 2.383657354209238 9.81945977524909 25.107114365136148 2.7129726771359484 1.055262625712413 5.252707484963216 12.123702690789488 32.469508908941265 0.507471284762303 0.054950682226688835 0.42554523886806844
18 8.00803373245361 5.583223441900199 10.681741874364924 2.279400874104798 9.629067675795786 25.377475830320822 2.9481804035986854 1.001519297237067 4.220526033721313 13.23587566732276 31.579839402805874 0.5080314708328942 0.04611935786327832 0.4268034394237161
20 7.426768918290149 5.61639141263295 10.926568382880022 2.1149291908636787 8.813020245349518 25.341387715970573 3.415811600737425 0.6133235081706239 5.311366843127486 14.883327717392165 32.694077396567224 0.508239541445025 0.046394674593225556 0.4270805187488673
25 7.314613776084954 5.659285729284548 10.547979021026823 2.285283957681198 9.459223846311662 25.481003912354936 2.8298481107391575 1.0385955892162717 5.6378998847892365 13.530816970910022 31.3058845409637 0.5044007470068189 0.07554718436036673 0.4230002421419006
50 7.671405071235237 5.762566619156365 11.180405376555532 2.0525584587817716 9.337120397551645 25.181085103692087 3.1347554775949193 0.5859047032136893 5.335893424092368 14.734715147045499 32.03515413802272 0.5094751722582871 0.02748755392580864 0.427623492800496
33 7.755301628796866 5.7291882435844705 11.260881689615871 1.9915671014572356 9.420193459559542 25.693562662087594 2.810406853798923 0.7197262786952707 4.968121524266325 14.11871087608912 31.981473369015948 0.5088688043305326 0.030213159866243896 0.428249169684639
35 7.778686285823893 5.613226132715265 10.567383726831869 2.2146110537509123 9.196860209007365 26.149955940728344 2.6747068654759922 0.6850239576668585 5.604388239572476 14.069424884686496 31.836004335976302 0.508599643991138 0.03566663730888849 0.42730241454281614
55 7.436119667675342 5.477258514159645 10.653237969171501 2.5591773081572255 10.208678114118598 23.946238178420373 3.597002060366667 1.0557974752846038 3.8674481000763867 12.582014521283837 29.758140044481724 0.5058043118198914 0.06643380956139164 0.4241651184447612
60 7.662311909024152 5.585165201168291 10.589359192532676 2.250134434571484 9.298473567004965 25.610157586340655 3.2470538816754435 0.43003389372379597 5.7629198475451275 14.827341417525878 29.939839260619106 0.5072713984706753 0.059693665519905514 0.4256087198944253
43 7.842591417451398 5.475812749569351 10.774990293599517 2.2111481600942096 8.926458107059048 25.68668139250575 2.9994228818851885 0.5819351983043936 5.544921348955183 15.50373776352727 32.63767945412004 0.5086662143220768 0.03948071517674901 0.42705732697391857
45 7.591584904568578 5.742944352122105 10.622761487848965 2.3299782617869016 9.558859418483229 25.6143376262069 2.895154295951916 1.4638789984111482 4.843506618967373 11.993921646668408 32.39103880610237 0.5081105907267897 0.046842759993789555 0.42628032355836293
65 7.703541203519879 5.865653956594958 10.980861855417938 2.101629744053115 9.307274475394147 25.90601602752277 2.7195939515728234 1.2186549675602656 4.297391016663516 12.651227077257309 33.60672217075199 0.5080424301219396 0.04915211204904386 0.42608003065378103
129 6.977749397767361 6.020006593965226 10.873583776380285 1.941138361158204 8.598765775870561 26.887978808805563 2.59064451535491 0.5743278148032906 6.883438241905331 13.755359298030566 33.73171838514494 0.5089617079946654 0.0314849773437481 0.42776794826131576
130 7.514992745174387 5.716091886170046 10.73061609204504 2.329216906647268 10.20401898772414 25.000541491980737 2.7059115073769218 0.8917525319050356 5.244457594073321 12.762709045871453 30.06161972894718 0.5073520369620941 0.05079737964985197 0.42707919675781947
154 7.866676943478705 5.875495957343938 11.0216617350287 1.9926608973069553 9.30658734321722 25.449287144599307 3.0319745452413622 0.7749550010680585 5.765418521330916 14.573718670345501 31.513814914358424 0.5069344786696378 0.0567047848633644 0.4261885144876936
155 7.864391692596206 5.270185923518173 11.075999226445514 2.0779802784633037 9.63826013519009 25.355956094874255 2.9750380779457064 0.3148550261993656 5.124145507659512 14.948488600777749 31.316188177909794 0.5090464262966424 0.039039477295921055 0.42709520272107315
69 7.384935229656786 5.703680116322791 11.216403891783832 1.9553142679665747 9.430583829345895 25.82778241035145 2.6364504454926703 0.5486838767073122 5.6067732387870555 14.44301403805357 32.100383195939315 0.5089138925341552 0.03289875926320498 0.4274590878432094
70 7.3273297366053045 5.698065645021545 11.185348837186288 1.9330858033212484 8.964519652528399 25.784526489798974 3.026932769766399 0.7359769558608753 5.232190508892496 14.48527837021763 33.07394718404098 0.5094626672170467 0.03436248440599045 0.42711914440270504
190 7.314319178834152 5.6576377344069755 10.853476701827018 2.0967512639764445 9.296109330606116 26.049782902429875 2.6063282087231965 0.7933236002077219 5.314369517100679 13.777330229283278 32.258867475538224 0.5066999214205711 0.059605126196580274 0.42506651790431643
74 7.280071241885828 5.58858345004636 11.01868301203891 2.226924505533269 9.898465182732886 25.25837818984713 2.6051686659164535 0.707086220648139 5.717996214660833 13.099580779590132 31.592870710850274 0.5040990982769644 0.07923471714906793 0.42308308635657726
189 8.119009667944256 5.559755157131777 10.364279571260358 2.570054437987824 10.126827881606863 24.981073438082074 2.735511297293 1.175308469237348 4.010559145606665 12.557764205918703 30.85872271808444 0.5082409202563433 0.05132107371193571 0.4254186828891437
75 7.406591872672982 5.761815428033288 10.663030002345705 2.3048933514604193 9.675703404391728 25.590841449919537 2.7699919289658794 0.8877321652906451 5.49971834210425 12.27833394448906 32.054740719049754 0.5081163696523645 0.05027764251711785 0.42535947988699935
76 7.550635513820135 5.770832905272808 10.44624500043856 2.5276132439469534 9.9103190460892 25.55110085509536 2.658549753594099 0.4552926797170762 5.5082197942886495 12.707254733766177 30.341776812524124 0.5072123102273633 0.05618256959514897 0.4260543903512052
77 7.719919093343668 5.929312877273104 11.203118961326902 1.8767415969009345 9.138631996779116 25.51328014450278 3.1108871131258597 0.6245562702572388 5.936744291296295 13.923800356444373 32.47159396340602 0.5080952603801288 0.046059276549220284 0.4274517517824304
78 7.668877014369901 5.873064408876239 11.189599727190645 1.890967689251533 8.988751216480185 25.652511726680135 3.0226623238321166 0.3646357965522093 6.387543604927921 15.416897706166214 32.2491786899371 0.508281587420629 0.03412394890631375 0.4275958638240196
86 7.625947862148241 5.9462016248659655 11.05740289171671 1.969514911258575 9.065146729792017 26.085152291008374 2.8575660421850873 0.6103478743130495 5.811670444350626 13.67440913538467 32.775317817168954 0.5091823311850284 0.03277677445008669 0.42797617828886203
88 7.618919927376854 5.328260433132772 10.727944997026363 2.3078568056137545 9.50470205834467 25.162966088469204 3.112360510639496 1.122090652034078 4.263484324219169 13.530647477096991 32.16474102423671 0.5067741988510504 0.06061043367271119 0.4255015761314007
79 7.338286087448443 5.742944587227854 10.994716391418175 2.1342346707140023 9.589317620342678 25.74005156869892 2.6872616777925526 0.7580251560885573 5.35069614741901 12.603074976534426 32.66367130668105 0.5093888492778574 0.022001520835701203 0.42816788188596583
227 7.089241843694299 5.757570562583344 10.57070249936797 2.368265439169049 9.906200505089975 25.360879019744868 2.772737118220519 0.663618414792946 5.192013035689023 12.148100026244961 31.153396026808075 0.5076468941497387 0.04488611992885935 0.42587154864586946
226 7.428838451006298 5.559692858705278 10.779280400418347 2.191928631017418 9.4787797365535 25.196863992577008 3.3144966843729 0.7247031093923098 4.585066150863125 13.54201780583864 31.096816823258063 0.5076701906625489 0.05013650400946401 0.4261324670323318
87 7.905995994440849 5.555210686228801 10.069567341592514 2.705711059025328 9.505772507954157 25.28640819361548 3.0513712901031655 1.1951561477078956 4.112858837846827 12.177506831485552 32.28383058763009 0.5087240227062442 0.044806343862772414 0.42574430576519756
96 7.2479485233967225 5.87619595746926 10.540826059270776 2.349211685207833 9.468477464306982 25.915030799841453 2.660897773936991 0.5459474245524719 6.065312474299043 13.301723743639927 30.881498502263078 0.5085041383022566 0.03826836741367412 0.4276030646942147
97 7.4825521863064495 5.772838927300103 11.297367704704083 1.9078921668784072 9.389037793721439 24.949110185575886 3.336111722246042 0.6336917617325845 4.826406439083163 14.376244952937471 31.873164400612247 0.5097224999267936 0.02350440541560597 0.42775972063348805
89 7.290075997360764 5.592077322538006 10.82677717413369 2.3775476101771496 10.389553340108147 25.11763867056397 2.545795648322884 0.4869278549094707 5.169160065641476 12.831612474497893 29.94969207623112 0.5083372118900924 0.04398870879110935 0.4273035281640661
202 7.253655637951545 6.05939408624785 11.179594695249337 2.059224848855112 10.24584937211305 24.964884745208998 2.914843263451238 0.6659525902915158 5.77479932204412 12.657256407905576 29.39805592169575 0.5085560084510596 0.04356599633234474 0.42708362861014043
201 7.715535739489568 5.6041775110249255 10.693237561517465 2.2273733808462195 9.309851277432003 25.934302220578832 2.9036736203888913 0.6284139780787048 5.693352002919786 14.442343695984063 30.901859081956434 0.5061649931002875 0.0621077695020641 0.42503588473335574
101 7.686843228788442 5.625226528576476 10.82873444323855 2.1326365808381857 8.908058563295468 25.9635485803749 2.9231618879556502 0.7639513004823708 5.3804961480665865 13.937363767949105 33.43214733899682 0.5077662552006436 0.04382203705378869 0.42661214433134803
102 7.574191165012911 5.619398960064359 10.162539248669521 2.59205611703345 9.519992942026496 25.98182309736721 2.488940527723184 0.40911976736605293 6.169638013689614 13.747159098683138 30.699248301730925 0.5073057454551192 0.04892852187631309 0.4267988900161694
103 7.207132509747156 5.933595254897815 11.111715679032626 1.954600972722118 8.86545709577561 25.729676281592315 3.0127710545148387 0.991631295928522 6.717153635322943 14.691100908274779 32.64625641293738 0.5063365074904811 0.06190327607885638 0.4251606822438412
111 7.905994523980517 5.888262828496651 10.824698664198579 2.2607274506733175 9.737434736453961 24.874864662058275 3.1839315012624745 0.7368351287649805 5.0101474618948645 13.250310635760375 30.733808966992722 0.5072133118352271 0.05481616677028256 0.4254098748070214
113 7.676386742875752 5.563843193952049 10.556121460713198 2.4230423755313493 9.897235034593693 25.174447740190985 2.8334925091296603 0.8228436565340592 4.982131367366639 13.661949275941938 30.21228894021943 0.5083221213830064 0.04869058528013557 0.4261481792542371
104 7.684175644751718 5.558405435225363 11.397889107485023 1.8774097217539696 9.521073159211412 25.204693572178368 3.157347574947501 0.5923002491991443 4.713060221313437 15.007097648794405 31.300458535432874 0.5098311736307615 0.01713221790437164 0.4281274905112113
112 7.499669553852078 5.809478514109254 11.006162053994714 2.0774143715830107 9.396659182511026 25.335221797033505 3.269494141567253 0.9528485453366407 4.331511428403392 12.902645648362258 32.50682090116647 0.5089395660224696 0.0361900280949106 0.4262875074942944
121 7.080147425357384 6.01443978948201 10.851982930498938 2.1650058107523185 9.57175189891473 26.327618588418243 2.3051452646333144 0.7702300179412676 6.942139415903833 12.325607608603244 31.508097417134646 0.5078143208035569 0.039665437291218755 0.4265068699600263
122 7.777357252681709 5.251860719004993 10.671403465211652 2.369666402991334 9.658586746056537 24.407009142539476 3.4901969418412486 1.2135172399974012 4.26553245707369 14.82646662628862 30.474851349328716 0.5044250114352272 0.07544034932342278 0.42306746767211695
114 7.090678019746457 5.753025127218802 11.200900523963098 1.9045779301620025 9.766718793074196 25.18265374687625 2.9754124903106187 0.47747838672394083 5.367307014604823 14.014652528135619 30.607599822740866 0.5080482978538762 0.041959734260715614 0.4270915116725954
80 8.347675492926975 5.507446146074176 10.682282979762174 2.256127182611753 9.873256409931853 25.51919487620523 2.663015064280404 0.9103884311058376 4.88472036895597 13.493880041232089 30.565125275742297 0.5083755150239593 0.05114970077906779 0.4251067295716565
90 7.861590679459346 5.572778070501295 11.284927674825008 1.8081858914598203 9.154153108118244 26.021306525403386 2.7052245120531015 1.062092165592714 4.934960889982587 14.738327215549797 32.95429659217143 0.508372779219286 0.05229361816785507 0.4251747331369554
228 7.065051181959937 5.976398106075574 10.713320690598064 2.4819711202438723 10.40988090298049 24.495373234651964 2.9897208413927387 0.8765656172141797 4.784423587163226 10.615140668176892 31.110577591047974 0.5094031222029014 0.034013911743179005 0.42782173896120307
81 7.49763883134306 5.704495708610922 10.763740288001397 2.4174493363943714 10.4105554505361 24.43233631518356 3.0886834079248198 0.935341913915395 4.563467519889746 12.496549000500707 29.495129923499682 0.5098867271832264 0.025131223791429496 0.428319641647662
82 7.509804156727558 5.698016321125914 11.166512997209667 2.028514386845508 9.426052296852767 24.776172158025414 3.385430037784277 0.7507041862463107 5.210525402012889 15.134345007701038 31.075936497825257 0.5078920792695234 0.055340897109269274 0.42504702466852073
92 7.806677306354329 5.507293149752295 11.065774884923425 2.064715803036239 9.485441749802192 26.26272707660665 2.352266811279203 1.0890205415649983 4.139074135981851 13.209426276623601 33.46643386961051 0.5091897775380645 0.03640554742859988 0.4266854662728608
98 7.531802330199412 5.7006167956501015 11.273979126246985 1.8051399913132826 9.129117894006788 26.662129936825153 2.4106696706038955 0.7400091868363191 5.95210621740755 14.198431679494055 32.91152841095721 0.5091483193776541 0.0350635168301291 0.42771606660341155
203 7.3833465221277885 5.664012364421328 10.2932664225718 2.7355545208859975 10.34769902181788 24.48014953068232 3.1411196776991095 1.1465757924511428 4.298516962698839 11.35887973035453 29.995923213868494 0.5071423560333043 0.05139671087991178 0.4267292492992188
91 7.4355040467811255 5.742135623466575 11.199216827682783 2.2141869541371433 10.613637013100332 24.45785619593484 2.893542390714468 0.5779678974170069 4.455981093565827 12.600188027507306 29.786214168022568 0.5097074551125544 0.025121601451971193 0.4277458358546566
99 7.748721782363354 5.543527619829043 10.662538243091904 2.322675104319513 9.814194059528926 25.247138242287438 3.048418966008749 0.9159330908114546 4.443292556071403 13.451723109485656 30.65706996677204 0.5065119838193831 0.06323588757773367 0.4257070239968962
105 8.257281720785807 5.405342633979397 10.394671036142016 2.416540872229672 9.654617086458503 25.867137878918825 2.560338495949755 0.972299472846943 4.595415936160512 13.27432876406071 31.796427500610477 0.5068273678158279 0.05930752003007557 0.42596046926057274
115 7.29116833051204 5.722027701552761 11.705584176479315 1.3308249864726154 8.45328920643401 26.74980512428577 2.6704052799216975 0.5380212950053572 6.576690503858819 17.004994456809456 33.08017062774714 0.5100921887643834 0.017985263489742172 0.4281992402205865
106 7.417519143611981 5.414682214948698 10.524071169934846 2.520299308812757 9.95092545098992 25.268474431125036 2.901606791496371 0.8452396878349007 4.1356965317389465 12.272971052552638 31.495343185240106 0.5078446521120208 0.05455317762613108 0.4259132147866971
107 7.596578915031509 5.577365617480088 10.83127031523707 2.222915684415599 9.459169157971582 25.607021042181294 2.899995467679997 1.1140837837687203 4.662202107660523 13.197201841791713 32.338044026239814 0.5073136788999377 0.053092857076628995 0.42673080025624655
117 7.596488378886354 5.62023910024906 10.940959398922859 2.118212067720803 9.654866920751637 26.11093921901782 2.3861838220635256 0.7314325823035975 4.739057532440734 13.484765828021455 31.943105681889836 0.5089276658864764 0.042343882989308614 0.4264375440582962
123 8.139982567772645 5.25537407996108 11.042207454640868 2.067859146647179 9.512448026774361 25.6582136428418 2.7167472242974657 1.0782379420263213 4.344554222314138 14.832780292323825 32.06610020064032 0.5070875763472417 0.06141021030187622 0.4237893165809643
116 7.5575057643684325 5.527007799284928 10.731893259513868 2.500003652851269 10.827517752346699 24.43792691486358 2.857152006393484 0.81134166673738 3.8115590869416196 11.342071685825127 29.755737902081144 0.5089188624811425 0.043726523713558306 0.4267303119029949
124 7.9795259274629435 5.550547802424564 11.350229005838985 1.6221735754430884 9.073658914915448 26.068210093988757 2.8481340875646195 0.9228686449667527 5.214355872606845 15.882276181232635 31.772683396239742 0.5085976124162882 0.04277141203937347 0.4270220645760753
229 6.955076887546237 5.703872394251389 10.32911622069916 2.5005667252216863 9.582351378880043 25.06246620539701 3.2022093267360447 0.8176474370783676 5.76098448473462 13.390634068751138 30.454498166987143 0.5074421018676631 0.04962356911496525 0.42605472739623185
230 8.008019378692802 5.69218907533907 10.930222616128061 2.1288529898576383 9.877986149026292 25.45464286342653 2.706939689241261 0.8739688321275185 4.978213694566058 13.287292964536707 30.915705227689692 0.5053893125867869 0.06517062678968658 0.42253306797542683
83 7.95036934628554 5.281753844881213 10.922590426780356 2.3303746734582873 10.391328399578034 24.732767399165123 2.872029783674143 0.7663718059609074 3.5708923272100557 12.734946755525838 30.98066060764872 0.5097040997966383 0.024384707406713634 0.4285089741959427
84 7.732363121171796 5.694428053707888 11.232579474264778 1.9305659588642239 9.577794403519281 25.660346676811585 2.8122317397880754 0.8108678737275528 4.77927716098599 13.592929075966794 32.131438782593555 0.5092217484353582 0.02745246615649814 0.42731739104555616
85 7.629807651113497 5.425687880612152 9.78066529281308 3.2741910168781905 10.466797169752505 23.112693785528744 3.856031649610762 0.9390368520664745 4.958173802520492 13.55008320802793 27.078796407558347 0.5040902714506014 0.08163378367817221 0.4212508605795012
94 7.752758311486025 5.493062192124063 11.235676287027546 1.667774376978039 8.43330036150121 26.385203857822514 2.9542574335896123 0.6099935891681277 5.839123821671625 16.314735422468157 33.5250319760348 0.5089105595187007 0.031058446253025902 0.42862975677199683
205 7.448435443673248 5.522933808766411 10.243919010834547 2.5401959339492026 9.87739649440379 24.099795056253345 3.5299622174488823 0.6446403435109678 5.840794228428493 15.584511556102381 27.145635747283738 0.5033728703317804 0.08517546295155341 0.41963223339176076
204 7.772357690082103 5.187615934686015 10.83012390727215 2.2695988839521775 9.802426752558855 24.915734000946035 3.1016508213484513 0.9108960793974696 3.765310416182808 13.281728690748263 32.12864788643814 0.5092720730159545 0.026396639403480394 0.42779982845568354
93 7.137460577399731 5.585410586628427 10.910501683020193 2.1018454468593055 9.870394050137797 25.479228339830485 2.712097792154131 0.6545800718206497 5.416938183340955 13.032223540070015 31.222953446067862 0.5091384900664778 0.03998751073640063 0.4273019586806778
95 7.36357770064869 5.812907768718887 10.765824580882876 2.295160712695618 9.350071933574464 25.11343963067735 3.062055748022088 0.8781295608607722 6.03055596360517 13.975488254520425 31.61541504401944 0.5066644954388331 0.06095643947758632 0.42450079037805033
100 7.981409816666914 5.441970999747611 10.81199109234716 2.3464442657850246 9.964040861538576 24.763301142567027 3.065923128848423 0.7667958674616481 4.396316841448823 13.666556780079283 30.979181653502643 0.5061188470338803 0.05742958102249852 0.42553701555137574
108 7.482913454491704 5.858406552570038 11.287764382766737 1.981240356547088 9.632389443397043 25.50329499346436 2.7157653612109818 0.7065731364153509 5.334987217129131 13.61976497286682 32.043043589898986 0.5078107157968375 0.05173778279820644 0.4255018170501963
109 7.261483124686072 5.776595650398943 10.908570775573011 2.1370311717203476 9.219623890822522 26.36707108140042 2.426072078418257 1.1126738418208948 5.463958191352066 13.101216048800065 33.524015028434135 0.5093149866932882 0.028533928043428927 0.4282912132909877
110 7.3713245341194495 5.930597137762793 11.168193599751193 1.8970877918404567 8.870616647344903 26.1960419199946 2.8183406175720633 0.6382114521252543 6.0185648666871 14.484139158496836 33.07920004002582 0.5089784679456083 0.035303626332222685 0.4265411879032574
119 7.76575181131744 5.387071687244508 10.877381715619284 2.19783261970926 9.482743885653173 25.18895611468986 3.12413978261956 0.8157927462172775 4.367532542047303 13.847242096982095 32.37424746937872 0.5077094565919854 0.05137004507072719 0.42552988580898066
118 7.576515650844218 5.665762406907296 11.002543584411939 2.154028612520176 10.007958557811843 24.695419836802436 3.2221169778406784 0.6722426746326217 4.579865740239654 13.401495878559716 30.255262142278102 0.5079777424378237 0.04816638897842213 0.4262261080712391
120 7.522258661121154 5.584849158469495 10.209915445259622 2.7291547615733633 9.44628448013021 24.996398150680005 3.20720999459586 0.8763786884748848 5.315648987957289 13.964803806671059 30.466222548257907 0.5046958835499317 0.07690369159809252 0.4222361732580116
125 7.234464538820953 5.543061035126365 10.538960214661504 2.2190790414402417 9.000281520689402 26.31297709458271 2.610315771738448 0.8360761683417317 6.130164022199507 14.42880577261223 32.34285169676929 0.5073070847295484 0.05428005783141421 0.4260818168900507
131 7.873926057971765 5.358048745687317 10.663779742588828 2.355640383336158 9.773286806554408 25.05232276541576 3.033909733297933 0.7275599075075286 4.673647080564538 13.686106900912657 31.00524105031659 0.5069396406758968 0.05696388179297508 0.42555688637335615
132 7.691823946824315 5.833319448605207 11.147233793240787 1.9423668226266664 9.69833091999745 25.357687868675534 2.822160269075609 0.6224773074367611 5.600815690106254 13.95480263379441 31.177642100326523 0.5089600692404773 0.029326080539761618 0.4271317522458115
133 7.565917903126818 5.741102685597349 10.811570121718164 2.20113185447982 9.584317852470468 25.620355545065298 2.715824368340273 0.6005715690001583 5.7236867370335105 14.205665190781778 30.86773995055359 0.5073694850348909 0.056338532466495145 0.4241942982915842
156 7.079074161148476 5.688112682242358 10.785746323913324 2.1187201439032304 9.283478023278256 25.58502239937688 3.0487035699251708 1.3041994890805355 3.9555247114591325 12.74649507179039 32.931565118271216 0.5079990842794485 0.04812976908993797 0.4265133879329866
158 7.527296801192064 5.686668803818924 10.91673974949804 2.1560773121144154 9.647709507432 25.54354597250385 2.9221878550936995 0.7032237953951651 4.465592447263341 12.434140803699325 32.5283763686236 0.5092344919884123 0.028227937410794265 0.42800360416041544
134 7.435796551047746 5.641874253646933 11.155167526275621 1.8770316910160543 8.614626888476261 25.921720143611225 3.0638455901306085 0.7177616821781055 6.015421548662385 15.24148349851678 33.39163189263805 0.5076712350193439 0.05623175724684559 0.42580482698168465
141 7.888565963801683 5.4304553850564 10.498610286242746 2.493814977906218 10.071841990987119 24.438244224574483 3.166106631684143 1.131964214418567 5.168954771890137 14.609855934135114 28.86415525505476 0.5047765225541859 0.07775122886441815 0.4225059687423098
142 7.525072699261006 5.702313000209472 10.72551994653056 2.3510401305870228 9.762728673995845 25.400097356395296 2.839865666883879 1.0616131578267431 4.345176795898653 13.07487606742978 30.93061094937222 0.5065526521609405 0.06562004171008663 0.42396803672419364
143 7.6134919387983455 5.945403491039002 11.179596363008333 1.9870955950859377 9.603125663189793 25.789129723378366 2.6983314779896768 0.599688635961751 5.8359242806438445 13.112024295429554 31.870947841602266 0.5081261426374375 0.04381785855373318 0.4263449440400756
166 7.361242649104627 5.657463857593391 11.032958692321333 2.2591683047348643 10.471103765885244 24.786816361701742 2.804342348556323 0.5505895401847035 5.048231507381576 12.909120851201267 29.262059973893738 0.5082793151901572 0.04514616671785058 0.4268509413811529
168 7.643900842376686 5.710450796951551 10.806456018194623 2.2800920668793756 9.759772102136969 24.860957406037766 3.146065425334424 0.6497528051608336 4.601897507677798 13.098448866658732 31.350978489966888 0.5090056316677257 0.030963336666054015 0.4276801396080765
144 7.51066445262981 5.661607172162168 10.6078429824286 2.159501447265797 8.890668802859942 26.08919697774689 2.955736374864523 0.9860185117912972 5.925899773774854 15.054635279516498 31.924805729442628 0.507805668211986 0.04851794504600336 0.42647342390841475
157 8.037976636676817 5.413820355762932 11.138833915619273 2.028887306919756 9.355102350749586 26.100167476270588 2.5772918957266486 1.0134841424952874 3.976744506087427 13.653980396844837 33.671968213180655 0.5097127099869504 0.027584003633592192 0.42754037628066244
176 7.646695966829374 5.488331284956784 11.100951075224016 2.125225768870962 10.220348107063037 24.970415371423325 2.8729366372190053 0.3499350545318958 5.512885148088177 14.35025985230078 29.406797225043384 0.5089030890204727 0.034312676062724076 0.4284373896707929
177 7.718023921755949 5.91904114438432 11.180724760358805 2.0697499041812595 10.00784717881795 24.604055288050283 3.354975823519663 0.9223571013873612 4.612729561332196 12.825600639047375 30.467865270067197 0.5093151591764343 0.029616137972217144 0.4285476089225885
169 7.871680362311938 5.8019858269174795 11.295050089257284 1.7235768943257874 8.897604567316021 26.62168593791021 2.5239115813183512 0.5790330495605651 6.235113122325399 15.000924862279176 32.9028671409833 0.5093276739913266 0.02357348131512116 0.4280176916785931
159 7.609199775727617 5.777974952705584 11.188217807395189 1.805901947361374 8.297367663567366 26.84554017713665 2.7047968150723154 0.9211970373106004 6.036050687969261 14.917164544665683 35.005168812564335 0.5082293517861899 0.04399447187151936 0.4267491874111651
182 7.45335827146779 5.935640357688147 10.435803827101338 2.5530079589533456 10.080271543383324 25.168963744058917 2.7679249106381025 0.8253443784179462 4.883287536743206 10.926073087075562 31.89320893022396 0.5097082335904333 0.02741095983819085 0.4273472211988875
181 7.421247608027606 5.656151834844521 10.84727782539073 2.369048415846055 10.668249730696047 24.5436145321176 2.812667789212675 0.5164576411698191 5.202101985804243 12.385512869967823 29.27651105142344 0.5079373940832397 0.04434471310876187 0.42707153753645827
167 7.801395584248875 5.3930758050799 10.925599068905376 2.0267211534165237 9.164112829835297 25.803648330986956 2.9356637503444376 1.164400005030714 4.61446481875989 14.928699911193396 31.968877269417558 0.5068596008076323 0.056812549684123456 0.42553330420071456
191 8.144042338876098 5.410896283081045 11.165412218437494 2.021598734684778 9.338566157612659 25.483572100224553 2.900122295290524 0.9008920313780898 4.564319257899171 14.685265855129067 32.756819415955476 0.5079514459751646 0.05122687346172167 0.4263235523529079
192 7.680950855953541 5.860018618800176 11.01214175131782 1.9143214722488047 8.710468832979531 26.21124662825166 2.853394638069624 0.8437229359526635 5.816218066767386 14.713947270398176 32.94674185875189 0.509104766107467 0.03810583395663731 0.42771302079913165
196 8.101877020119874 5.572265427990447 11.423397749773413 1.6173797552902462 8.626008343848435 26.481044667175983 2.9030444796254162 0.5996240399520606 5.722172816479598 16.42304989490232 32.65223887681253 0.5098202209827756 0.023586811334986624 0.4278977014954047
197 7.8493007046218395 5.856589565958647 11.263556808898034 1.813724455010478 8.856307867621137 26.588092539450557 2.5337377429417693 0.7108306103803498 5.865761168989167 14.266989229485596 33.520752995719384 0.5092024038654066 0.029773929868993337 0.42704992174648265
135 7.408964570767866 5.766294989970817 11.053872309500276 1.8045972229846046 8.349353753806854 27.022609229566992 2.642895010060804 0.6690351778694955 6.166020023918966 14.485343861342987 34.41507350349009 0.507735817069837 0.0501521284697835 0.42607760147327184
160 7.691330764249209 5.567475031701611 10.56467913515367 2.442484217082897 9.464479783626889 25.352143370831055 3.055622129360714 0.6017489851574679 5.464920063736173 13.855996605001176 31.513026595833676 0.507931849995279 0.05242961202896672 0.4253337317459736
184 7.053712818646515 5.6583988450945615 10.095827667634188 2.7382845012523127 9.346435144806472 24.90772618478388 3.486440124814082 1.0035287969369082 4.589462215737274 12.375474053136926 31.89677301622108 0.5070405399166797 0.06677575042819324 0.42235709697601476
136 7.977422814272146 5.613969114992393 10.542991979569077 2.4645829177310317 9.505893715743335 24.840234858997842 3.357427407657453 0.7712820661456392 4.8415195327246465 13.913504908623304 31.337589531220548 0.5069169084287035 0.061340272963413614 0.4249839534342156
137 8.017769000334335 5.613956275062939 11.085526927642883 1.7011438358020696 8.05027155211073 26.19905962639775 3.301218010143487 0.8338252622294614 6.6318189960925515 17.733186075125396 32.805773503102316 0.5088473438686401 0.033516780447919406 0.4272310370847605
162 7.652083176577958 5.6969949551730465 10.27707689897514 2.6071036987348113 9.437102952857469 25.698763561445872 2.8618533489146754 0.8839004588222151 5.8475632547396454 12.958832795961555 31.34643814415044 0.5066332636387947 0.06388242702586026 0.4245777441641558
171 7.8292148406549416 5.577150350860679 10.978571914068505 1.9942631593423072 8.938628128619152 26.021570267110306 2.863269031387598 0.5057944583544954 6.274487748018132 15.779193822706691 31.771611878412333 0.5079498264262489 0.04321830284186506 0.42706801007503575
145 7.501829772654362 5.728462150748341 10.362541915703313 2.261119201558205 8.434033028887622 26.832380492740107 2.641015310425327 0.7379391143418408 6.032073445935038 13.965034680167546 34.46722470304732 0.5087087658908633 0.04490294068185468 0.42621446592991974
170 7.786338955194562 5.678862252986775 10.852532551399339 2.136687031204133 9.188183649953798 25.27325507663782 3.2879347542371984 0.46975723658744417 6.033097498539358 15.214368218677443 31.142696472141406 0.5085549963903381 0.047714687506295136 0.42571524561453333
146 6.987219894260391 5.949530689883832 11.020997276001118 1.9187291240551074 8.872800523066955 26.685399044559485 2.4863577420411205 0.6088917247830892 6.094227368875065 13.081514753871653 34.012263470272586 0.5092871162243224 0.0253558800046049 0.4285943993290074
147 7.739590785963701 5.6256137101526695 10.528837097688909 2.29536822091192 8.924235117564887 26.137509990986402 2.9128946313941544 1.2443783663101768 4.602718260979898 13.246205211402453 33.687304843856246 0.5094155115082235 0.03520382210079763 0.42754235666790963
172 7.684578577138682 5.71929002442032 10.324878152727477 2.532817698143931 9.797899750471842 25.02039162404524 3.2396249322679895 0.7870281121661297 4.5894604843121325 12.086204887085502 30.854835828930835 0.5071266279671417 0.05628528537699289 0.425388118787312
183 7.339282689182889 5.84591902657035 10.584881846234724 2.3466958811838183 9.461712359209093 25.154543826458024 3.058031937550959 0.7769557769937274 5.918395886905348 12.864528536953333 31.87826175713532 0.5074730092288241 0.05480687111393969 0.4257381400505316
178 7.927222738616789 5.2831847961727805 9.98455700339255 2.8600095935760748 10.03354163837387 24.832726071982542 3.0063758113103565 0.4334943329636186 5.418156194600791 13.600876124749997 29.70426526867214 0.5069688675541477 0.060645382103069384 0.4241711831056723
161 7.561052768592187 5.8175207331751215 11.055462877066992 1.9016058389163042 8.53602242354122 26.214367314727188 3.0627597107229043 1.1572019466345238 4.97339975559202 13.879401976025493 34.31258620270379 0.5071767468021818 0.04711911638971619 0.4267270843658673
179 7.6913119440637985 5.4974739472989045 10.196711273655703 2.8757317975395713 10.316460313308411 23.95865566652351 3.435989173153695 0.8975775063085726 4.859860534561842 12.312294689279643 29.329624647148812 0.5060465399314918 0.06676044562538487 0.42227743579613825
193 7.673317333934585 5.568784699427605 10.963227010231204 1.9062018607160436 8.478381242516875 25.842100285910725 3.267590971555301 0.5651157801461086 5.907203820196868 16.14476486744741 32.734417100213456 0.5091129698303665 0.02847507531564942 0.4279672032442557
198 7.951979644239131 5.410871418413426 10.545463941395342 2.2780151130361026 8.727333545340647 26.201973392228915 3.167342284268834 0.6638049232712047 5.193643763003383 14.872989126396424 32.53611733766997 0.5086028693940424 0.03543769901831653 0.4284293592468764
185 7.848921859729683 5.454687481460734 10.75956912261282 2.4334060360309295 10.281652739804711 24.5823120263931 3.17071817897911 1.0352402302634833 4.088324474605733 12.44021862297495 30.378644569490717 0.5072613775322131 0.050217737504201956 0.42550204512733236
175 7.766856013726544 5.250855251629752 11.060809836904482 1.8510177129766203 8.798310630730596 26.316713643057327 2.7166630280377175 0.530271319385687 5.694641678321654 15.921558421637203 33.20641561490615 0.508821180183073 0.031073660771978494 0.42769384247272507
173 7.733509960674932 5.685223265286347 11.2946444202013 1.866557193114243 9.271839813461796 25.49505498464437 3.0053229517313995 0.8817989907941168 4.9069282973022705 14.628454326196042 31.811260938589413 0.5094374151265049 0.03650944079967969 0.4274383744624642
138 7.841406132179552 5.648471469988188 11.08090598118506 2.0949290363945976 9.61057660964197 24.935124111666223 3.2193004277966946 0.8018032770369986 4.189697119810707 13.43172251189195 32.078331750275524 0.509297107851537 0.032345615599401516 0.42737997245165993
139 7.924899254426093 5.345648713071973 10.631841045310209 2.4834104149377696 9.823035317272337 24.626462818173675 3.1966688373572953 0.9553397599079224 3.89569945013553 14.073744876279314 30.766508764883522 0.5076048487637189 0.05527276103265442 0.4248213744276454
140 7.3410426419689445 5.623079662932345 10.821681246790378 2.222707418750153 9.937589409315699 25.64043936987122 2.5548792553974224 0.5411866075562876 5.369209921255973 13.425177051229245 30.663273738491615 0.5080580549510882 0.04452437208726802 0.42644672177790444
164 7.373581420550519 5.6826844694406775 10.502751523226548 2.378263273458866 9.50410586943449 25.406114720009555 2.866874686196892 0.846057514897915 5.360105785254213 13.596598553696046 31.43685875021196 0.5055351090095245 0.07334439022279697 0.42222842805676064
148 7.548694475249166 5.60839600130626 10.62650316750501 2.352301184252773 9.15658459647807 25.340195330755495 3.2050380393549807 1.0054578527078541 4.933747001213072 14.112883067997402 32.361086103851235 0.506285713288585 0.063976324657443 0.42460737612343497
149 7.308960866888899 5.642102620127959 11.01814471694265 1.8998414623033044 9.090180773400919 26.12837561225471 2.987200410598437 0.9549088660613849 4.706139767525564 13.329996344310507 33.22873694335569 0.5095135050094205 0.027551649042598214 0.4281062569382698
150 7.666965340115496 5.555110577306505 11.056278521476859 2.1732557155158734 9.385928030452481 25.322124920191623 2.9599157115639794 0.9921333115757445 4.0726654577796655 14.016688122033724 32.78549653400188 0.5075553241603509 0.054813983131747325 0.42498749209818365
174 7.5488921911725395 5.685571428790037 10.15140008694708 2.6164573242658693 10.332153541161935 24.699295414716897 2.9510600093222727 0.5848887119082592 5.484727870779093 13.080351859988486 28.87690917289824 0.5066480298773094 0.06378679920575112 0.42331960304907745
163 7.799370200759916 5.703426965438546 10.609629866750545 2.3920095276275393 9.602805510736625 25.650418236175415 2.6589575367834684 0.6408403600291421 5.037763401890923 13.393097517552148 31.259191965637346 0.5075121777281156 0.04799019539193282 0.4264057837691062
165 7.001178992358707 5.618163775818888 11.137200083466062 1.7614355801589392 8.798083214853134 26.055779411025334 2.7545660270242194 0.9867384095476933 5.84408110195097 15.261703262181832 32.9024168558901 0.5074402964627511 0.05569502461284603 0.42576358056814
180 7.3876718775946895 5.283266260158068 10.43369477396139 2.4824332715357067 9.790055762871376 24.867748679351667 3.1956565944253237 0.7387604883128073 5.467413628129178 13.425330254978734 30.592424204652403 0.5074199541643739 0.05577689234268271 0.42608347346670317
194 7.690536600898906 5.746577128143285 11.076398257675132 1.8835938833103425 8.94046457393463 26.35987702898914 2.6643743468514423 0.7010698510842456 5.9821079681934375 14.825096623708282 32.658184756820894 0.5083795009148132 0.039432264867729994 0.42651294071676277
195 7.712534826345894 5.337343498790864 10.881977883796932 2.0944000470657267 9.195655019039673 26.050808934223404 2.6204908492453236 0.9917732895820022 5.5008107078250115 14.840462881726085 32.85698167200398 0.5071898266096098 0.05580566905109205 0.42509433702761573
199 7.570991254288574 5.696278313732757 10.902761530919877 2.015707876367722 9.229547367258872 26.205358625875782 2.561875750347823 0.7219540117771968 5.509762969697035 13.866872399897956 32.60659570824824 0.5082621154606062 0.04082449148083106 0.4276466396782701
200 7.349109786153786 5.735187134180195 10.596975017884798 2.3251015585729116 10.156970754400172 25.20814270960398 2.676978323206928 0.9830679229811502 4.777718471574166 11.93984455226107 30.402047359442093 0.5053294731433322 0.07096515515223675 0.4242012192415972
206 7.432150192340287 5.542916131523624 10.83153745809313 2.291676385776459 10.098067282375695 25.4321607292462 2.498408704549701 0.6937028556963473 4.376805127312332 11.792048897630815 32.410369050264606 0.5079101676618739 0.04672348233112321 0.4258736248554563
207 7.6071076746809005 5.506577698393956 10.59674847381322 2.326614450500295 9.70370597281377 25.160274026276607 3.0356229092582288 1.1256471780948099 4.200036287329694 13.488609756980107 31.068744129992517 0.5068476762705943 0.058825807926114686 0.4253651053995888
208 7.886706758787723 5.74853517366715 10.393143162074352 2.660487882983151 10.191770150924102 25.299891303795075 2.5548250041796456 0.7925341930291349 4.75816240373218 12.002470837269012 30.831278443680564 0.5095708184625413 0.034244123844549716 0.4269612017257309
209 7.528785021980354 5.637612381177853 10.582512782031591 2.4569188733749905 9.866895719861134 24.748910294989486 3.252221125490558 0.8266504318010293 5.177371858881174 13.756386249913442 29.961431332034223 0.5071988377418393 0.05295464481918294 0.4255367591581564
244 8.247001190848872 5.630058687121564 11.004057106710619 2.2112699870464834 10.06703058435555 24.713312046484987 3.0629526804315943 0.4745892521534094 4.99604338311651 13.990445730375978 29.910632741241955 0.5096473698970411 0.027777875477191065 0.4268508903419071
243 7.463776170824291 5.556646620471353 10.616477918603309 2.2409727751706754 9.168744834571267 26.063028600308954 2.6962593959778562 0.915112626183165 5.065850631040464 13.421574581348732 32.677158553427226 0.5089703783045284 0.03518407781213551 0.4279609102144207
242 7.863842727545503 5.712500083959673 10.562382633933154 2.3889720659232547 9.693685613676763 25.42854068865648 2.9422536928884395 0.734408903380241 5.7443643717098585 13.498435714260356 30.470300323409937 0.5048095099685489 0.06979459316513739 0.42450903847576144
234 7.686188120117678 5.7047748308093995 10.63499094805717 2.3625550783593714 9.691888945672995 24.949039388668105 3.352302948689507 0.7280764134782473 4.572625067567446 13.16615758019596 30.69222586065291 0.5083295849336489 0.04405696573586076 0.4265530242954338
241 8.394713014969302 5.041742117477223 10.44592902938149 2.8639268941216494 10.268039935888185 24.57593992285559 2.9886846936034197 0.7242761561862153 3.936779743562558 13.959229568657559 29.73063760759187 0.5072124002283792 0.05765056559112816 0.42462117467130617
216 7.276511233464824 5.620957575308794 11.111991466107513 2.1773276641921546 10.041097707542253 24.4282220679321 3.2704734837170055 1.0690035604788142 5.072423204544111 13.673171908181592 29.770884857892707 0.5077203452611766 0.046868422187452345 0.42682672337461924
217 7.726597591538502 5.466934841376319 10.91045716176177 2.0379203604706952 8.79610031227328 26.343464317083516 2.766753264952641 0.3406091359619718 6.646124211559699 15.669770973818899 32.71601677518161 0.5098494098845082 0.025464396907099923 0.42718952436119917
218 7.224163068075872 5.799309165806079 10.602772239732136 2.1835295141253868 8.93416259948292 25.22569657671677 3.5393444269871273 0.5783329317055221 5.250718862507017 14.245160911606877 31.958808323907153 0.5075634208255766 0.058041248075752484 0.4253802240818672
233 7.359183993324491 5.64926870438727 11.392122102964548 1.8753176882491727 9.091487450877093 25.569458440626317 3.084257496279821 0.6161445643466384 5.08676240042458 15.179788114766719 32.160291937332715 0.5092887472742782 0.03379026765086337 0.4272287070162351
219 7.326619205207693 4.938119473021226 9.914832015659941 3.3894206032744116 9.975459463459394 23.89459813834681 3.489960401373643 1.3329669512376845 5.132025590664222 12.822381193030388 29.92234063557483 0.49756851536738655 0.10866555640456597 0.4167510052404318
232 7.041421584427169 5.691678553139569 10.792369389906893 2.140028773563015 9.142533870177488 25.901973972284882 2.8085088739797417 0.6930527061441244 5.207992320486541 12.997787566365318 33.6251435432627 0.50827915296479 0.042930268310448196 0.4266976647522789
231 7.035528820187352 5.601034579010646 10.43332355341248 2.382667782841359 9.862423368083274 25.203917071523637 2.9780325063636433 0.853512988683484 5.8185768840762115 13.072124606492512 29.47845529810403 0.5034875636036815 0.07959472407838687 0.4212245573052518
236 7.583711333973919 5.855065963340108 10.789421866135331 2.2564837224676113 9.468316397804873 24.90438072648232 3.410057690186398 0.4009490648279179 5.935595439188916 13.909165081508359 31.135649964981944 0.508528774471049 0.04039454634414157 0.42740354419784843
237 8.233604915349376 5.34542410817586 10.686595391659734 2.24075968510007 9.302136594474225 26.121367523059515 2.6088429690466812 0.8794787030819708 4.95701090468451 14.580829800572163 31.894781453330737 0.5069158455701275 0.0596588070251531 0.42556837069067904
247 7.576930905492478 5.98541939046429 11.079325107694556 1.7413953847961543 8.320656467820973 26.89037458998734 2.674541577228661 0.4344417127337048 7.105853419616343 15.538153794144295 33.48682733428454 0.5090029558640066 0.03661072298675679 0.42743255903231747
210 7.355344563063016 6.030560383862619 10.942100701408116 1.9141690698200027 8.601411850639918 26.096748448134903 2.997937428480701 0.9887936229608041 6.230538899163771 14.73158742849557 33.20387390682881 0.5075665402954438 0.05273833920285728 0.4247083154369878
246 7.621735912824803 5.919152955179936 10.682517227372657 2.4350674149005274 10.116584599772958 24.843878990146777 2.892127380826908 0.8152158584132247 5.126112190383993 12.242105322770508 30.858493111040225 0.5091939566294506 0.03127793802385382 0.4282104454773029
245 8.03079402629546 5.481053578866018 11.09782099865638 1.8042707208130009 8.502658543985715 25.60357918085866 3.6677637149905196 0.8573191428899337 4.886688391766795 15.501119332311662 33.15764303760452 0.5076721897336184 0.04699599148553729 0.4254653766321524
235 8.078682075016859 5.457968371482658 11.2089951507075 1.857532105655103 8.705075937931982 26.162405506476347 2.9334221787860226 0.8285218147764986 5.189044603683409 15.637377996892967 33.38050035883757 0.5087324145840303 0.0429140453504038 0.42657424840373104
211 7.288934832679063 5.615050398996202 10.357312023487227 2.5552224289188272 9.420826670668594 25.490784890111257 3.080458059551326 0.7965605960674464 5.628206542110253 12.722081426870686 31.76494468181487 0.5064849900713404 0.0583763551180692 0.4249693818518702
212 7.387603667290534 5.770857241347042 10.252926588542081 2.61762677531642 9.570032367798612 25.92532907157234 2.5330747747182403 0.8421951829170903 5.82165305609695 13.00729862137141 31.015371756727305 0.5069107147754556 0.05956654887301624 0.4252398462074023
220 7.703313201566836 5.3342452037565975 9.79232760607293 2.802070077328736 9.341588833329059 25.49084676467406 3.2287873420964273 0.7960131002321089 5.305297848460995 13.649735607552145 30.320085953122753 0.5018527474050429 0.09480294058474585 0.42033113377621517
221 7.165367413255208 5.354161112313928 10.396768943108185 2.4470740785284324 9.28992799573281 25.244145780584006 3.3125074483257277 0.9991868366074137 5.371819851946933 12.704790221274731 32.43609962864851 0.5060840740058559 0.06793801518557278 0.4236062616358246
222 7.526484558398322 5.878818479959579 11.109814160105124 1.9474077020924097 8.919840923327595 25.589155276438305 3.07004112773694 0.37741675256485757 6.422968818164116 15.788158202062071 32.02478203844377 0.508617812043352 0.04631940560719796 0.42483700194380475
250 7.699861565810533 5.525648100688489 11.010220675152128 2.139289742390198 9.691351996945096 25.262180682527443 2.9609904705980443 0.6259992474337457 5.313766717906073 14.287072831300387 31.03903778993897 0.5091465004322857 0.04029294359392069 0.4273327508466413
249 7.366175113572057 5.770629119182125 10.849522284572425 2.0741873620522964 9.371443278409814 25.803120812411535 2.8551803347298312 0.80690490692994 5.720177188655377 13.629662613416809 31.810790113654523 0.5092862187403165 0.03532864891368404 0.4267049408428004
248 7.97390479627902 5.478116169811446 10.732668081100627 2.410377649662334 9.857443680823076 24.748296740702628 3.373144421956986 0.5501435175013916 4.885211713495255 14.380910436995785 29.54963433856227 0.5079639008006309 0.05008951466221186 0.4264490395131347
238 7.5133071153806394 5.80568222963568 10.70087826401143 2.39498830278585 10.034643003920674 25.1665047318636 2.8339005750807797 0.592031891807249 4.788672084252178 12.480588836114048 30.68242045887514 0.5093567929316787 0.024904822410308853 0.42821669012372776
213 7.362983824465735 5.9300023787396166 10.916224768870034 2.0293250933519014 9.369510274014559 25.54297604914322 2.9402582142847096 0.7932837586314473 5.912521558062196 13.872106620445942 31.390522024420633 0.5066966867174731 0.05360997681490875 0.4263344616530007
214 7.130132788902102 5.627990357599231 11.013965133425899 2.098102472552822 9.352799343141013 25.029656850518396 3.3350461041145256 1.124329197824435 4.872993002711176 13.770821643427334 31.961056628655754 0.5091104164680511 0.03298408855761826 0.42693132529362676
215 7.555903456453391 5.48942355213112 10.96133365865952 2.4233976942410007 10.43080462604296 24.469150025656845 2.8617314130561753 0.9081924118101009 4.339457536582316 13.559224060361775 29.42601452030861 0.5072524496986885 0.05603543391371647 0.4246042232900051
239 6.780585695786 5.618436491496487 10.390387378363092 2.600605547561391 9.971413380368991 24.682361524472483 3.19780254973267 1.140783829166142 4.739513288902755 12.418872760415779 29.474590013957357 0.5030081508651436 0.08356023651286058 0.42086856989540766
223 7.895616421254962 5.6592742997365235 10.99454397089761 2.0092118721055097 9.280294230504968 25.603439963146467 2.881937630503689 0.5168046922501154 5.774347925548864 14.980255569900203 31.81675663440935 0.5099080410666751 0.023917263895330006 0.4279651303371083
240 7.182897431045968 5.776230968998162 10.955317908328126 2.1595276265503807 9.712198567944341 25.254616055537983 2.9176596712637317 0.8699259066145251 4.900054347640031 13.347529994277517 31.057768391586734 0.5080577612847508 0.03974735025805615 0.42791197712466067
224 7.963341781204161 5.664882036906106 10.779979288117035 2.400926170240472 10.420908524504153 24.770538639264895 2.7974455967109577 0.646402882470163 4.335115607421525 12.449248778803678 30.061535148384827 0.5097778453164242 0.024010522492061242 0.42837577820331457
225 7.290515400127202 5.697199909550956 10.76321314379709 2.1403936873487948 8.971321680377747 25.57502859035752 3.0884156787488353 1.4897323579773074 4.40000888958466 13.239135685817374 33.515990869919136 0.5081987923295469 0.043921558269404505 0.42597151573843806
