# timestep 450
# phase bcc
# id f1 f2 f3 f4 f5 f6 f7 f8 f9 f10 f11 f12 f13 f14
1 7.220487753086791 5.83812811268809 10.958916684211607 2.1897701718926874 9.524109837531162 25.331541692078385 2.8609926512285018 0.8226202239051104 5.130585373057978 13.02396357489022 32.7789394768853 0.5076575910272717 0.048255900272729454 0.4263201733626115
2 7.743319781792306 5.499328438379918 10.491804230537005 2.3098604890250054 8.903394618616948 25.504749251094093 3.3768360902544003 0.6643716214739129 5.679624684883867 15.363788189700253 31.287371102963498 0.5065061797441778 0.06434057766954147 0.42390745470415137
3 7.254592828001843 5.8164819141346324 10.987844599563628 1.891358484843189 8.513130661077481 26.414945765051282 2.821696405629419 0.4521976773203688 6.739637900460633 15.01715942447661 33.46457991522504 0.5094173535905127 0.027145182638726895 0.4282511644115936
11 7.398649294620905 5.648749501906775 10.557020430229084 2.2083116877444047 8.687595146257266 26.14386014302679 3.019772464346011 0.5036379164918893 5.654969220714031 14.40821555515337 33.36843727479193 0.5085073637146715 0.03945566815076355 0.42754930516353223
13 7.5127115136458595 5.754838026269702 10.506546876117852 2.4586830167289686 9.498935293299173 24.760252506977952 3.4453364105823825 0.7255973282209528 4.860014530092968 13.686435648416385 30.978657661019927 0.507081027370165 0.05902385051167371 0.42510465817325416
26 7.090415351363251 5.900108713226176 10.821608153846295 2.0691958093431255 9.372417363533474 25.841883401620294 3.041433438019273 0.6339584780283878 5.550186668290123 13.101556242468567 31.125507604411386 0.5077108444635935 0.053707582994628626 0.42541702251130786
28 7.645834403233785 5.655186327641873 10.754226620134865 2.2775359173022123 9.365838480265076 25.74357972282451 2.8348177253319453 0.46416296866125023 5.440429685066099 14.086476304742739 31.58685662625725 0.5082110548847472 0.04848019410437974 0.4261254630157126
36 7.9164227340088305 5.802343551849311 10.700617644002515 2.153763719823583 8.94546931260319 25.602144459002368 3.2604198108151787 0.5161991190249225 5.480957328224482 14.530877028557931 31.902091612042742 0.5089157595846855 0.03394205184006719 0.42772999309783943
38 7.90003308822059 5.993410528011216 11.129896920586093 1.9029821962613553 8.701584384122489 25.65930026908176 3.320460711180664 0.7385850998797819 5.4046895028215864 14.24495330428768 33.426437117271774 0.5095516749584726 0.02748240813685517 0.42797783240213016
4 7.574615713108907 5.682316721813348 11.024683037327257 2.042051429455027 8.951656262451285 25.861719937355062 3.0294946270952927 0.7800381347578467 5.462134160431461 14.05493805151616 33.10771493813274 0.5095009282312488 0.027339636462194745 0.4284007384727427
12 7.49031684410516 5.9127892676518 10.804766778022778 2.097598258148323 9.112203170058725 25.679568671499798 3.2146961704024912 0.6024266959403966 5.554146769569117 13.271981971338816 32.15559675938055 0.509184803430781 0.033525804087563435 0.42658033063578754
21 7.242222239611589 5.809894828510737 10.779565774826166 2.2764138268404333 9.442150706014433 25.52956551235295 3.0118541962496637 0.8339818272734739 5.566859428843037 12.855813196612738 31.546544574550207 0.5068190266725289 0.05453812695409077 0.4257857939999707
22 7.612068709257451 5.308101598201194 10.70406592815586 2.2841000267752123 9.266998828123372 24.978789752873958 3.3883832819654316 0.8817414161161379 5.441087095516082 15.14879868018509 30.78085896334487 0.5074755740197978 0.057615956044963564 0.42451009740506657
46 7.956731813172438 5.608927196692844 10.95628149724718 1.893314473863539 8.243995155668916 26.567103976321665 2.931709158734021 1.0636188951164893 4.94130615492696 15.357971943170202 34.61320340438448 0.509119933464255 0.030631235057620217 0.4277084285775506
47 7.749481776018155 5.926618264938296 10.692478567329212 2.303375215912156 9.609009633984709 25.7497249639527 2.5837980249623307 0.6279944825252458 5.405183784929083 12.828076184179666 31.963416833501206 0.508846077772593 0.03578472351006733 0.42681151148832075
14 7.709925850678545 5.901491408842511 10.704981178308826 2.1915404975698336 9.060625002482126 26.124367284083664 2.6919764252819167 0.6528278955385736 5.604537568219845 13.055500623793444 33.48011050660405 0.5093332293226108 0.029642565042753647 0.4275423135191485
27 7.352479870821678 5.9125983444936265 10.696222927908519 2.1652502126773445 9.048484441273997 25.92402448857371 2.936195147109928 0.599501493232785 5.764698594061801 13.293629974634126 32.620975595515425 0.5090566199598254 0.03482569265141013 0.42700759819611894
51 7.316254364683557 5.557229351536309 10.22646368588632 2.4596318877928773 9.306019035235142 24.80084941885289 3.489871494171612 0.8320580481197035 4.970151866464382 14.682676616300867 30.30940012424798 0.5065479871039199 0.06489448035940835 0.42326478867600265
52 7.995949538127836 5.625334464551464 11.041613826144708 1.9817203531158796 9.447706689201437 25.531486531255986 2.9422067625859705 0.780811821774757 4.322756874513895 13.886151948213916 32.0778394404712 0.5088853393722501 0.03777116406165562 0.425809882709308
56 7.482706988774203 5.754855876064987 11.02756190268845 1.9350530953456915 8.574650469400765 26.146313724309337 2.9919506115364336 0.7586327713968253 5.674254880382761 14.113592491921873 34.27523768519098 0.5084960377323049 0.04109287578147325 0.42688427848966076
57 7.858193233552759 5.470370442783034 10.824304321234896 2.0181060792202703 8.356140264905855 26.573559865101455 2.8114368209690968 0.5814670217487192 6.293632769201827 16.01981750658001 34.01659610160758 0.5090552867221753 0.03726912548695124 0.4272077003169693
29 7.5992983085511545 5.877807753993917 10.379880943928004 2.445399108751541 9.703756708490957 24.774124168237794 3.259010019258351 0.5476044218481226 5.73064515573018 13.55010228103823 30.096806441609804 0.5079986184639486 0.04844548205618545 0.4257035213019368
37 7.585309184047333 5.904077361312227 10.14271296868405 2.718144039072996 9.619987552023964 24.771448652271047 3.2718248759310495 0.725869815583236 5.430084545365977 12.580343676267736 31.221053505852847 0.5084154926400404 0.04469902375255815 0.4266382576741127
61 8.09681810733766 5.322252884786767 11.07978127409386 1.9269922874685157 8.70285693833252 25.694909359014932 3.1692094179397743 0.7529537713648378 5.420518105416474 16.411793087148965 32.895855834878994 0.5091099649386213 0.033804346088071036 0.42766002579149365
62 7.52713956998302 5.800810426791555 11.296410595504852 1.7721875237074776 8.679789165918447 26.19105678010071 2.9143091590236985 0.6256595167204526 5.584144284762065 14.817587336677027 33.5787947665377 0.5096333067355644 0.02007340825893729 0.4282864446190544
39 7.935912817378149 5.6584398223250165 10.853863445020679 2.1763486693563263 9.428191991087202 25.217402898456037 3.194635826522469 1.213486824087972 5.012972202166431 13.739853595224707 31.709837089683997 0.5099209372140036 0.02033178563682247 0.4279071947228499
126 7.394453429438113 5.701395198126508 10.842321224288227 2.2518486711952344 9.755129652996045 25.10187287600524 3.095802603331818 0.949683034531034 4.676961099898854 12.943067908368564 30.807093534740993 0.5072370743145908 0.050361232815865756 0.4261196609644839
127 7.730717876692077 5.584103138648048 11.013584034815173 2.0143420941440953 9.206057087859485 25.370094051106047 3.133348953787136 0.638602840927393 5.268933733926845 15.123781067423238 31.81842214969875 0.5084366242283237 0.03459272372433825 0.4273546617828116
151 7.488757221857573 5.658272464246898 11.010024883209828 2.035227227973542 9.828922760329151 25.10793678493543 2.9698153458581085 0.5345907365277563 5.278132962433141 13.699238079582983 30.843001160530342 0.5098087785177601 0.015399374777674073 0.42796106371732623
152 7.55711390866413 5.353094035485305 10.892271163150484 2.0622542764985052 9.011316822416195 25.89042019848389 3.1529976482473407 1.1401572683534063 4.5651131144893125 13.961060100773985 32.69281363173577 0.5073888527191627 0.05456593098339486 0.4258721293272529
66 7.518210440447454 5.795946325919267 11.039192185089135 2.1208783100997026 9.424201873942925 25.030169868162847 3.2753012840148354 0.4536195357848469 5.456518018276327 14.576929126164766 31.331336091306753 0.508816003483682 0.0379916651656075 0.42691154474837895
67 7.221943173827071 5.820552273077393 10.660027998786346 2.332296463115705 9.493888907509856 25.811809113479722 2.661602049001978 0.969491041058412 5.052751442517444 12.61874974502195 32.23713872074971 0.5082131171995479 0.04912166260830385 0.42601512625254045
71 7.340681308538289 5.752307017828457 10.336714371388105 2.3928398424751514 8.937163542305013 25.87938882400788 3.1776902789413977 0.5459981679320393 5.640679608870627 13.917438350518605 31.801984582011464 0.5069903638942796 0.06033625153142797 0.42532119929480233
72 7.401518170540983 5.56858941126519 10.724538142174774 2.169752208903251 9.149766164722113 25.495352285079186 3.281232752164067 0.503298319936702 5.523004255480191 14.826556465710217 31.235951112613403 0.5078258734874301 0.05253433911903352 0.42444964461278784
187 7.627591696713818 5.834302570426144 10.279251088552307 2.6599694890793675 9.580098724256626 25.042242127014447 3.407185381892643 0.879846540869617 5.331937963254109 13.490970036550838 29.46893669521495 0.506553976755901 0.06360584748985068 0.42323704671403384
186 7.244505569989498 6.033514062896598 10.793110125650538 2.1231797559550367 9.60965753261523 26.08891164214315 2.4739135863905117 0.5074457372078837 5.97591908375719 12.252234085802735 31.876292992323844 0.5075985750500475 0.05514878610810949 0.4258812999725814
5 7.6491828244255915 5.642511536972295 10.799730899664619 2.1536355691609486 9.244368652970985 25.684562304148212 2.909888099941349 0.6952601704266158 5.155322782008275 14.152804329894765 32.494712290053165 0.5095953827786719 0.030235333090403615 0.4275233015240532
15 7.556734583348534 5.878974912361644 10.904448027114393 2.305220328029563 9.938657376354726 24.50546213509336 3.359340936995891 0.5717377611903671 5.075105764648002 13.31869464586534 29.975950250604537 0.5075861548269129 0.0461002922726736 0.4263315703518262
30 7.344331189410359 5.7617337943785625 11.20298097321048 1.850041498658565 8.952472528527853 25.821456532549586 3.0337162380009985 0.7012938187268132 4.930814662139135 14.2056064006301 33.344790842901055 0.5092266247211279 0.02367650527239087 0.428170837694342
40 7.504859955022424 5.829348774324432 10.412938597177263 2.638698075471393 9.70051095279517 25.69257164057845 2.65098166797102 0.6343676769192673 5.709480640732582 12.665829571229064 30.852801357696436 0.5087505466341483 0.037549932026308415 0.42701733384197516
6 7.321524066264694 5.693635394244147 10.77289600948421 2.1334828799758445 9.22134014311109 25.610608851932096 3.085270521979354 0.6938089957023045 5.388420150066803 14.09808402124179 31.304043821146262 0.5070191947086747 0.06341909798581624 0.423176552798372
7 7.4840654738373145 5.554186281602879 10.994082374732775 2.2013460976311467 9.659452334120969 25.30346494066141 2.9106722947877923 1.1284370769669088 3.89084557109501 12.651681591870426 32.60243755567217 0.5078760054545038 0.04907218357291816 0.4260250778611505
17 7.218036161778138 5.881999814068671 10.674577218776559 2.362304576473893 9.98140817152162 25.275958378757856 2.7725967094515753 0.5133096521328397 5.332880054966118 12.407736577129729 30.533077092675228 0.5085741152044636 0.03674655931842146 0.4275842643347061
32 7.533660464934148 5.655954723156145 10.818463770911427 2.331466053395531 10.152689664733137 25.17480567815697 2.8549851352976887 0.6259042145210792 4.9005023191656685 12.87175671121434 29.94025950221853 0.5069118943677895 0.0551852674925037 0.4254375301921575
42 7.302794661276375 5.701391493056516 11.09786172993265 1.9867305660505743 9.136074930155011 25.286181539002516 3.2960173187857698 0.6955447109901229 5.063864641157596 14.640989069005677 32.12538795688836 0.5080199736703996 0.033747130110659676 0.42769685323660933
23 7.903924639449315 5.307141914952169 10.381601320947874 2.4524985288074035 9.278327294025893 25.431850550200224 3.159833105769771 0.5109200574524472 5.453191877906092 14.577599611642816 31.292080074279692 0.5075657764336007 0.049000126495634955 0.4264272784066808
48 7.0592309942352705 5.952014097601715 11.257781434713513 1.9243977329306905 9.16602847467129 25.233616355304562 3.271915700314663 0.7755339672041427 5.489966556113018 13.879883214280651 32.477676298348555 0.5091069489168734 0.029510214985076888 0.4272855945603599
16 7.565104372561743 5.695739982643842 10.727737584035319 2.154603295991799 9.134725727455175 25.60492553072984 3.002813101862411 0.577632682094953 5.954009380637358 14.805445182139934 31.383780521196204 0.5059579754352779 0.06917581962584907 0.42197320834757546
24 7.455528554173475 5.901291044029604 11.087740071912634 2.0800665745298352 9.648016900348411 25.172498696005743 3.022845667433022 0.8803726726458759 5.151899904649986 13.237886821213412 31.645837976873036 0.5075918616803697 0.058727531269654826 0.42418366280496184
49 7.546061449825077 5.464190443010373 10.553507744975319 2.5535499539841005 10.08038058289123 25.475015118417783 2.5375175863166626 0.756527311787046 4.509343293062441 12.119172618162205 31.69434355618054 0.5061913461830048 0.06481435745188274 0.4249592813079447
53 7.250182554659238 5.744333320841359 10.947056704768132 2.1323546642938025 9.385047960424938 25.581933253777024 2.9186098286949282 0.6116454156073483 5.477161440602115 13.832377669397758 31.73463333885655 0.508404582518737 0.04717451802198717 0.42615855713837636
58 7.618223651935029 5.709392249638218 11.37747166254557 1.9276229879230709 9.471853769119539 25.518281426075134 2.8076142201939276 1.1776438402222964 4.197836316545861 13.226099381982603 32.79825798357158 0.5089706480673374 0.028527111262350274 0.42769214786914667
31 7.427194597794655 5.666445014037923 10.459529717795956 2.616194256171645 9.869543140055987 25.209225837729583 3.121912734856403 0.8261618702265229 4.986352073777782 13.33213770670326 29.096595518712732 0.5064781691797293 0.0673686301603018 0.4222944602288878
54 7.500267282496143 5.650545081155814 11.313040887753896 1.925201428596685 9.517212200869889 25.747794850713262 2.6161766342162833 0.8943647369327969 4.566434604353553 13.301555318231843 33.15740328897744 0.5088588249387981 0.03128122815637208 0.4271005344438504
59 7.644332377545596 5.488985911220371 11.03293806150289 2.1827101432402793 9.995206056896995 25.01069678505938 2.8711866365310708 0.5404761553309471 4.7144628542738225 13.666415196900278 30.57714913875277 0.5093730292042004 0.02285896108408613 0.4283190821585521
63 7.555161409224878 5.479325575791814 10.78193141910366 2.382161189902585 9.677317510983702 24.966483747376067 3.164933227273818 0.4449637371555556 5.137260562185998 14.613850453227649 30.521623546582237 0.5078720544051429 0.04769629375225195 0.42629992483709894
41 7.424700334997994 5.483454661615692 11.18126649600047 1.9351815873996738 9.249059887001343 25.852647872735794 2.8866445405536765 0.7351818268472303 5.077473866303222 14.476036388958704 32.15423173227338 0.5078921666955092 0.05131081853478467 0.4246951163583535
64 7.270814547802794 5.673115335896092 11.152997878632855 2.054302352225143 9.797808243085246 25.095824593144304 3.1872002699324513 0.7899778526673519 4.715824363401117 13.358539205838145 30.636439938102814 0.5086193736376754 0.040645809066466455 0.4267061299983314
128 8.076571834717006 5.551134173202223 10.778724047932545 2.176135622352878 9.462158626589057 25.965751918899503 2.687330619763259 0.6891727906552514 5.016017913353079 13.960115157628312 31.749047241830553 0.5094223699161 0.033769395628816964 0.42793430139179417
153 7.534384132552606 5.5292304573975475 11.14752328072682 1.7090644114872904 8.58177454056753 26.423517504819497 2.806247762979309 0.6136490258126349 5.762410958909994 15.561014826443762 33.451555758182124 0.5087961163664305 0.04038130241919211 0.4273774959437458
68 7.72256690516186 5.695470263201621 10.930954634744454 2.1373212346393284 10.357970879640998 25.162821735245256 2.6526673357462136 0.6845111222996709 5.039559515186922 12.44201232970369 30.189316888886314 0.5089734158674178 0.04125672440255007 0.4263832914044987
73 7.127939477886113 5.7714116293747715 10.507348501137669 2.4622442986691677 9.89054398564742 25.441590578516696 2.756233561605431 0.900015773327431 4.850097998875636 11.9505456546324 31.124048461358438 0.5062721349381195 0.06926045511729596 0.4226460281932594
188 7.928699610909239 5.504015447135395 10.778661065897703 2.108867518611945 9.25001527107505 25.996044174116165 2.8354374474304813 0.5524021769609099 5.391713115305939 14.397484295582917 31.97687930103983 0.5084828197639514 0.0461156776548937 0.42608545386373853
8 7.782285598879292 5.455772062669617 10.683819365978197 2.3842146934696196 9.821089416107487 25.061871421439047 2.9359791260562145 0.7540076206247972 4.972109852268666 13.945631680449962 30.835837161008296 0.5065680913332702 0.0664179472004229 0.4226353508919441
9 7.442504202544919 5.6514158475370415 10.888907185696423 2.237336530859885 9.830131399895906 25.37697816173836 2.7825106238280934 0.6306778870704635 4.959666683296337 13.230571346279588 31.0223528461677 0.5088625968102404 0.03144450575508121 0.4277895231991278
10 7.663790733871281 5.724419048757055 11.146646785021087 1.8407001470692153 8.909715168015898 25.839522255789007 3.2473963070990104 1.2071977036418122 4.966444071108556 14.46894244442734 32.45230098038814 0.5085035865416838 0.04859979371214165 0.425502757588793
19 7.533145379289597 5.8515280400757685 11.162907553063468 2.012329814608256 9.70030057050863 25.060680503728484 3.0140135451305676 0.6116785304751317 4.972162978750113 13.498496681824719 31.59485607527269 0.5093827073143952 0.02996959376001161 0.4281419806263322
34 7.678809537694849 5.807822670309553 11.009050320963174 2.1559842475577167 9.686731737660278 25.137652366752178 3.048576504485571 0.9572985813082342 4.613098322999346 13.305865800227588 31.591005251523423 0.5092267894848915 0.029923757367522796 0.42740128782727727
44 7.551981463284574 5.898744809205124 11.016223403839327 2.0469102937160635 9.345963375476417 25.869512803656473 2.7589726550316183 0.6378409816836077 5.420915989786132 13.377691535545782 32.30161543993788 0.5084968269470539 0.03855624907107687 0.42745013017510625
18 7.838388773705762 5.602169405183648 10.864991639537035 2.154425097277933 9.428387535570213 25.580758767127403 3.0241235374968127 0.9244219785847082 4.0167996079878465 13.234432633496027 32.465867929746295 0.5086332127646888 0.04714222458091202 0.42516754519638134
20 7.511277820462231 5.577255826946585 10.162723563453817 2.4818541467904134 8.923449075847738 26.221001993749073 2.770113341452287 0.6640538474516654 6.184425778904163 13.870393136320146 32.367343100300076 0.5086328952101773 0.046032541905199904 0.4262358674061939
25 7.265900041097012 5.771820669514529 11.10802289021758 2.0046582484943474 9.074142516087823 25.587538349896796 3.124312356140764 0.5256949698949828 5.657942526526689 14.804146643432505 31.98702215099443 0.5092979417788096 0.02798438350620518 0.42839597088402986
50 7.755473108245158 5.750787200280143 11.31102505540924 1.7815964115525023 9.093173107282057 25.63373388796146 3.0120564103697944 0.8969429645754395 5.160025713029527 15.08129361752009 32.03905277259001 0.5098075622679857 0.01312029779083224 0.42897779186069845
33 7.589364873538443 5.7006571255466785 10.958986916531808 1.9903270213609359 9.237213252863423 25.96104463864264 2.849033597100992 0.8584637429924703 4.5826216255005185 12.855990630693263 33.34411283142002 0.5094870681259439 0.02753343014531439 0.4266853746494784
35 7.8288427993036525 5.648807024500558 10.132432196477541 2.6381003045666653 9.5724287631661 25.557967259484627 2.8898383030908477 0.5975633592132504 5.54866836605548 13.033184404212976 31.016652497756567 0.5092217786468423 0.03279352519506571 0.42717974232691747
55 7.872571919868714 5.598258086115609 11.018650999934612 2.062315058659018 9.622696681242518 25.413287160010732 2.789916966257955 0.5552821881464475 5.433852560789449 14.691806844626008 30.964469623468993 0.509168280854656 0.028356565111566517 0.42675383244627335
60 7.6148386785093125 5.670401598890768 10.562654824329138 2.3341024638061363 8.99693827948796 26.294814219929027 2.689069960117529 0.803948733049905 5.725633689171886 13.460903374347899 33.31640800082885 0.5078118863340212 0.04430695414525854 0.4259698650117445
43 7.2716468142995625 5.484071244878383 10.159569395695188 3.1334637310874913 10.1852924681422 23.9380445612835 3.6080415304871165 0.971219282296939 4.600834799030105 13.66908379227525 27.73946304763362 0.5041403520365464 0.07891757184412065 0.4222146451662639
45 7.14915683452233 5.9508259848776035 10.60806601814069 2.576476204095569 10.226548990910011 23.98346926352001 3.6584046958120973 1.071895507570725 5.334838843868214 12.186136929140885 28.75752262724106 0.5063133033794558 0.06721740211243185 0.42350410467785643
65 7.576701183153426 5.682722379309495 11.111318343296267 1.9960387372653323 9.259306915769173 25.99462992343117 2.6200806737372986 0.5153333129809596 5.858712018785358 14.541608586854252 32.49270060222322 0.5083874061135593 0.03859844152110897 0.42715667922953215
129 7.41241006559107 5.849905314637527 10.70909292127321 2.187281941342851 9.499277277409057 25.28252690903478 3.260500763320774 0.7345876760237183 5.267211054070685 13.278041635580097 31.060341658215613 0.5091129814312806 0.03418418328473474 0.427330866126658
130 7.188456810583233 6.008060424919008 10.960205815919688 2.1932255924098047 10.015516751978083 25.190523682507795 3.000138714510698 0.5046391993567633 6.17505469031227 13.057680398308213 29.31761075652391 0.5081547068772057 0.04362417367928301 0.4273519599901329
154 7.465786525611717 5.818733373449637 10.67497481197086 2.2247599236180187 9.844445062253113 25.379577737333808 2.871355649110612 1.105776009198653 4.360628645496493 12.148541622759742 31.159304873138993 0.508270606257295 0.046918082212544565 0.42594912119006806
155 7.15636655449199 5.621754099722891 10.732894774832214 2.439674121434875 10.12554315249377 25.33295111943127 2.612857134468876 0.702194883104469 5.173583247704051 12.564979004629723 31.156039794466132 0.509315618667756 0.03575121474517402 0.4269912640093464
69 7.4765590428683275 5.6998900804428105 10.761024890368406 2.260505483514772 9.732887687639689 25.02828315601818 3.1778614741087554 0.6146127510096486 5.224637178950865 14.024708897021865 30.07289745704715 0.5079078666681579 0.051381915353598505 0.42591131149978784
70 7.692108159670358 5.793277282489698 10.758803543942689 2.1193835565560826 9.044145235338048 25.919392133513718 2.943993837502233 0.6241247110140965 5.5097139978881335 13.930501237948384 32.4262666208951 0.5091243817530309 0.029613694855274684 0.4280803456852664
190 7.445247319232457 5.49938626291859 11.13866001213904 1.7746484997466065 8.854091371892723 26.103322583893203 2.91485398407047 0.8894261355025534 5.363164779935986 15.077470825956887 33.047672643420405 0.5092071476244434 0.026899527843576184 0.4284157839749494
74 7.519085546773344 5.604207332569885 10.669101085215004 2.190334019676896 9.448991015557448 25.432877828036407 3.0606447372811063 0.9326532903735939 5.054481575701924 13.51238153669703 31.673827916706383 0.5076705826907312 0.05169356296558028 0.4262837835616692
189 8.068809241357634 5.371870901189911 10.849758426351466 2.2898913631154536 10.16105586327914 25.008048252388924 2.960065049300282 0.6255700730428151 4.329834563358469 13.945982618889774 29.57097043095869 0.5076463639570499 0.0574158756872281 0.42523726758842845
75 7.798101570341966 5.8577769961952075 10.784756375917887 2.25584064354134 9.44213486119614 25.243289160508816 3.1686165006470177 0.5855213536734987 5.433850179215648 13.492484690108647 31.770784235674753 0.5079484265522505 0.04265464891714293 0.42651961498502156
76 7.872628028491772 5.545422101938237 10.878495880411684 2.0947624913499108 9.151156325025692 25.9617724875301 2.8976560052963274 0.666705091964151 4.680397458019844 13.904187162442474 32.99981682580579 0.5081877804464081 0.049944502889687006 0.4261252382790483
77 7.643450005652119 5.844260037122337 10.801702296307393 2.127784013290084 9.078597117394223 25.579577018496707 3.2629714288215235 0.7771254425252393 5.666253359301098 13.946122738645096 32.14073421391019 0.5090066752761601 0.04557537930058464 0.42607451735843443
78 7.496263146501235 5.787229011195177 11.011275226217668 2.0344767159148787 9.094831371391372 26.010320284303305 2.7054129231939217 0.9251021551981155 4.992860175672367 13.687810171130463 33.07905185422694 0.5080931599890377 0.041510602158312364 0.4278651212999343
86 7.6487093561038835 5.9493299447430985 10.835528186670336 2.0091085785837923 8.560615293694065 26.14288687243258 3.001890898514445 0.5348742776194151 6.1784171126705125 14.501574289450529 33.50353686086455 0.50959662545161 0.026169888445241592 0.42849951910146084
88 7.445482657157679 5.620838392681291 11.13725199132107 1.970086505852337 9.01563726812447 25.434698429099544 3.2112254571154946 0.5373022566554326 5.631493549472252 15.561947752481647 32.16162426318633 0.5082457281114146 0.041174872920149645 0.42678207086003456
79 7.274720688590899 5.6668028784375615 9.866890382888016 2.8375959375977606 10.001888640042191 24.320050407996494 3.5761338260039217 1.2116332642646048 4.622347729650841 12.527933786707836 28.253760196179314 0.5027750985865618 0.09125298066789767 0.4191205691485892
227 6.943397128685942 5.788248478908247 11.175725662411287 1.9896219821868033 9.261150364701306 25.299423172193304 3.171364607420096 0.6537679027256983 5.590896688280856 14.141641083376616 31.852918347775095 0.5094589116462753 0.03523957446856803 0.42730829521069974
226 8.027385915917815 5.409344555173636 10.755270730258223 2.3008643939641424 9.339541428933089 25.807049001573542 2.7260567562506073 0.5786233607012229 4.7011194970901915 14.203477080447875 32.59611650024256 0.5096553190712519 0.029034031225719337 0.42740958525039247
87 7.925711631871174 5.7062873638543765 10.855027182608064 2.0655906038273657 8.79407327836977 26.22502210785558 2.913471806693106 0.558329318803272 5.523368322339964 14.609454611585612 33.09106038898361 0.5096474575494697 0.02787533773839535 0.42795316208766515
96 7.472515910523525 5.678155356283546 10.279184064015766 2.579446752039528 9.673487185285678 24.731382675724436 3.4236154727178416 0.9837759314644454 4.900315514502491 12.973795412763927 29.89046792052959 0.5059820874396155 0.06490078340984214 0.42455315477023187
97 7.446287211224239 5.709851983617721 10.938585499362091 2.121740580304376 9.061156211011234 26.04794129270271 2.765960737706162 0.7693069281378426 5.586062464145278 13.75030065439872 33.22761294354036 0.5082651319139059 0.04408826163599502 0.4266587417945264
89 7.681254871168343 5.560065292108568 10.657553965289827 2.3167055262671545 9.646839626038483 24.811779601946746 3.4404159605581874 0.9052812743313473 4.659992174083538 14.369634723500665 29.9750988161487 0.5067587904300545 0.0681679902155839 0.4219388392725076
202 7.666513669395004 5.763652829473705 10.771818248559951 2.2587492721795512 9.640131791633902 25.489786070762165 2.9755979842892795 0.8780197866910593 5.172620446500354 12.926132665398601 31.14250150625855 0.5073273918919786 0.05919022261247308 0.4242634785501825
201 7.513359176040617 5.788846916102592 10.52247394500979 2.219296760580032 9.118372956925246 25.639359944997132 3.0767069673258924 0.8813468717652324 5.331755836490954 13.904832378387054 31.658794748020867 0.5055499822774809 0.06707149845018266 0.42385501940421494
101 8.07023719126114 5.656135477780714 11.015346825795623 2.006378934289942 9.160822993411186 25.575732455071066 3.0897699955379454 0.7844841088119675 4.82274733389302 14.22056227581928 32.54495458289459 0.5095587202531954 0.02973357862319661 0.4283550226851069
102 7.999101553419921 5.41456894085328 10.897053004053783 2.018802137473377 8.649718204658207 26.1059058583604 3.0390465408755882 0.49407584030629137 5.806880534591763 15.675228175813107 33.30920536192652 0.508320382812347 0.04723735242401535 0.42627068726432005
103 7.7246535988481 6.018067424537672 11.03524162139213 2.11413878549846 9.43588348024666 25.391327832573612 2.9953747469011773 0.6088916426986817 5.431483547794453 13.34809845936085 31.84532435813421 0.5085710418756776 0.04362244409145674 0.4276165743246315
111 7.6367812705946925 5.795445693284694 10.520616991529574 2.3099309542465694 8.96392627792791 25.50091995501928 3.12945852685586 0.7233483042970613 5.718482210812147 13.772002461983998 32.977022928465544 0.5092347150604896 0.030571806766666793 0.4284149511771968
113 7.460009095025521 5.652840413210629 10.872749220450059 2.1299449340707293 9.401324710609595 25.435011464273362 3.125970186562535 0.5550449738497015 5.2332019950776925 13.769877826767436 31.500718399308816 0.5094349829239228 0.028725918704080155 0.4278214440829642
104 8.011565920664683 5.594794447935731 10.818883396179604 2.2186221994221667 9.406764728298661 25.040003740334065 3.300126587124331 0.9110389905723325 4.730082520086106 14.4137333747986 31.4054984493956 0.5074258830778758 0.05088283843352293 0.425014386769907
112 7.565653770196324 5.848216217930102 11.168725765613111 1.7304453410315024 8.402922755913124 26.18124861463325 3.145594655957124 0.7429876843651302 5.76023587558665 15.614030164265252 33.18392286216895 0.5091688180730272 0.030431757296469682 0.4277573182821715
121 7.314267574011672 5.995403739273938 10.769634680695889 2.3260421316642916 10.029984929862687 25.23790894185395 2.7720449935809066 0.6545544908490905 5.8810352357857 11.2905007028117 31.34092226722546 0.5091291749853901 0.02762194111770699 0.42737730579963235
122 7.60797047508505 5.602062262081312 10.651920839716224 2.2470627462556396 9.402883696778085 25.544823725983374 2.975065308750934 0.6684985421686371 5.234733968335198 13.900054137829864 31.68644844674617 0.509119125985512 0.030932890162121415 0.4277313009155488
114 7.053742617933048 5.8143062315384135 10.139682561103802 2.2863877485290027 8.880771902768496 25.938194150167288 3.100632519295091 0.7641775355177441 5.605000313612235 13.729568619365677 32.23538323684238 0.5058668853971215 0.06695920825623784 0.4237950352626299
80 7.7143921702734675 5.743997601339017 11.308579663357092 1.9971956110334401 9.759649566040208 25.087969717793005 3.0272766762401355 0.5378629791667158 5.046730567758678 13.995885822270786 31.198296816572373 0.5091269789612254 0.027100876500493136 0.42795148417022233
90 7.758937018856105 5.6109965181034 10.958717555010997 2.216735927845846 9.985804815366892 25.24001597249227 2.804249223138418 0.7868461032946259 4.223257055828506 12.991090724837203 31.058827186220054 0.5063140450933498 0.04975466944844305 0.4261973392390147
228 7.5337127860532975 5.884101614351451 10.923731466473399 2.1765503783240128 9.854183982111184 25.505426103211427 2.7149774569422678 0.73886176156104 5.1931880304975095 12.367245970255931 31.610363741345306 0.507975839314152 0.04502460648950612 0.4272740938724645
81 7.683078693280249 5.657017615064252 11.045194947875247 1.940863155497565 8.955698532143575 26.091194918759065 2.9121097995846794 0.8412401849682745 5.188165931798044 14.56653232762883 32.81187990863076 0.5087787609803537 0.03360646533513511 0.4260622109125192
82 7.133972187455486 5.801625610747387 11.142653391839545 1.8642981554192066 8.93325363418182 26.67084771161708 2.47116823721119 0.8428343495895415 5.19693590025291 13.330509326403913 34.085975437424175 0.509816023242543 0.018621001689285124 0.42872592998103953
92 7.780911781118629 5.593555558297653 11.19886308322116 2.015479521094243 9.609650292904206 25.021975810478757 3.0791125149450385 0.6922726504482506 4.325576316527107 14.246098932032117 31.80901097985182 0.5099087053825492 0.014279468653669178 0.42885878142897266
98 7.312147296692487 5.820933814834069 11.043742423878534 1.9573237905625602 8.972083954157469 26.01293570554562 2.8476273224423627 0.8349879273065002 5.233171630018458 13.676441039311257 33.1828931658912 0.5099078592972113 0.01313542271110323 0.42855867917350005
203 7.6219281048208325 5.805006955234451 10.868042835696968 2.1339439246018923 9.569864191631046 25.80860718748037 2.705288082308265 0.8812415611344295 5.079045629873386 12.7982085579983 32.32091625368691 0.5091098472859144 0.033822309219645845 0.4277026666603262
91 7.728464443238412 5.576434610260333 10.274313209818272 2.6975685324667213 10.399275725682221 24.74380342894573 2.982920391750658 0.6285038265709093 5.131026875508606 12.977818772073682 28.244438918136446 0.5055409907134977 0.07321572929258396 0.42248745136065546
99 7.5992197811177675 5.753586021294629 11.072030862829145 2.0686996075688464 9.759791008027493 25.720113057685875 2.5344729240583073 0.5666566968874451 5.336558342589377 13.405486123673862 31.67475834633337 0.5087732148482147 0.03408202959132437 0.42820200526482977
105 7.72793839075184 5.713969795097247 10.739346695644656 2.323911725756713 9.962893991078868 25.21490721445347 2.8311960437419827 0.6863684919582114 4.964284815979977 12.32604771178524 31.49359823901204 0.5083381536814531 0.040941319394881985 0.4262659242813621
115 6.921732866575121 5.7839622401096795 10.774365338996779 2.3139500509665187 9.395924967591766 25.161744598681786 3.117468998941196 1.1190579988749614 4.672409404228981 12.604278666149948 32.206201276671415 0.5062362012407625 0.06418166751384181 0.4239858618127686
106 7.899226096156944 5.544399200883014 10.799129021645609 2.1882739576923607 9.20694331889187 26.15862695369138 2.727376665866294 0.6807408475215111 5.038012531245898 14.355872515893992 32.109018247402005 0.5099109626183254 0.016811463265183218 0.42849211175105334
107 7.635448440737899 5.75537430362009 11.000281416828074 2.1548393233667116 10.19787705502552 24.915935736737893 2.9042658236969814 0.44780567413587347 5.467937066521991 13.44398799640607 29.842122326265315 0.5090783760102912 0.04016824287252574 0.4271259931013224
117 7.405151217862708 5.557576768457765 10.957470475094386 2.2113996459612277 9.525705541919281 24.9481252765396 3.0743640177171647 0.4540353907876329 5.480018372265153 14.50913020855574 31.833191078091915 0.5082361246563654 0.03991580328655052 0.42734524275331487
123 8.020489451744051 5.485026423847496 10.815579339225476 2.316934019579639 9.924255101011118 24.929950201089497 2.9962184805609753 0.8247922401427943 4.436121352469972 13.56568477743241 30.94208231004264 0.5080917918832794 0.04414145403049092 0.4267379281517262
116 7.951600521695277 5.427203561652644 10.880170586054977 2.099184975827364 9.536041797034656 25.475166078632235 3.047385187554711 0.7991812769730121 4.93457336938092 13.659966155358875 31.548091382942687 0.5082850266716803 0.043286576627339014 0.42660580542603505
124 7.777029055528437 5.342335328305794 11.148966119078302 2.0435145533670513 9.486689586840512 25.618906446861402 2.7881556637757514 1.0662450095012974 4.965072644193136 13.821441951004282 32.75993685675589 0.50702418167113 0.051551254721316796 0.42678673649323345
229 7.272880638957237 5.695322639382316 10.787337283060394 2.1381493653940122 9.398386983548667 25.63696677468312 2.9635342423513653 0.4734763252693468 5.614158491628289 14.140258697995735 31.10153189118038 0.5079024098591602 0.05582018921911277 0.42399259223015506
230 7.879686728434684 5.877865649120103 10.55996923660174 2.287379207490207 9.489374888610019 25.305255771255407 3.176809759311655 1.1892956717366558 4.603570132267818 13.455731940251717 30.633113812550288 0.5041221217504271 0.077106528323055 0.4225568734174933
83 7.732673617044343 5.352059681076889 10.620010124402318 2.2940182425264313 9.234279293195577 25.90205377872524 2.851076128198633 0.9467039086563563 5.222173227133031 14.181178688776244 32.49905730180784 0.5082014926584341 0.047579429775874434 0.4266528495545669
84 7.435489831736506 5.598918280426687 10.961691045964056 2.1560174249883626 9.31108702831704 25.33414985429303 2.983533342060694 0.7925508934793456 5.423957324545578 14.51973435264558 31.87483418081881 0.5046234626943967 0.07828320101448404 0.42199284395545544
85 7.716597701732471 5.832837728297155 10.906642646312132 2.1077585864525585 9.190794544757692 25.891100090257126 2.8301317560745813 0.7883268470306822 5.732860251103765 13.385377057167904 33.076454364480426 0.5090123780858021 0.039741535002259375 0.42799274050717
94 7.816474968085479 5.735037766483367 10.915233896463503 2.0323229046439173 8.768849112898595 25.878854903216915 3.0723196097613115 0.5660290230980626 5.7219295564604025 15.037517411900136 33.141039707825364 0.5092027987987218 0.042771025607620486 0.4266625002935198
205 7.513917094464498 5.491079110253306 10.878593683345489 2.279151949738382 9.628576753994176 25.49747043487354 2.7300631958905988 0.852168172261616 4.630180783715511 13.498228000236592 31.549499495462168 0.5059422332083151 0.06875294024577912 0.422879739526732
204 7.354658895617479 5.588746777554348 10.916097789492573 2.10630452281602 9.542342208711688 25.63142466950108 2.7763166177353367 0.7008702831126284 5.045721634327531 14.083404671056966 31.54372319052842 0.5082747029629443 0.045681248360592674 0.4252476669950635
93 7.306477431576711 5.749212628224842 11.127223851713788 1.952044961961203 9.027930356369371 25.948611568259423 2.895348282948163 0.645188488554733 5.687176854231666 14.136671138423397 33.068761410320235 0.5079134218656199 0.05632728166668906 0.42613407480507304
95 7.785626252835531 5.847346326078503 10.790375977732536 2.2477699358459584 9.154015666322053 25.280244235158502 3.2160499834833107 0.9736610025291189 5.527662506013533 14.032106680733667 32.041198323937714 0.5076324735730432 0.048620401000635305 0.4263151853852882
100 7.504518737192766 5.724484435686168 11.04142004658666 2.1071004265315127 9.66654242899655 25.50358668279673 2.789244596221286 0.8854404873152005 4.714412073351178 12.72797717628268 31.94080783487219 0.5078223964788727 0.049623265792776136 0.4256050852951091
108 7.475001820158296 5.789017839148076 11.352059378599773 1.6962324165745701 8.972704470010065 25.955159791885954 2.9595461440064685 0.88525655890803 5.2047631176708995 14.204007092545805 33.37488108393787 0.5097982567272997 0.023729281845617286 0.4279630048856892
109 7.905938370546002 5.495066692626452 10.923580039145323 2.1407997906370406 9.399080572036581 25.729969383975007 2.747051169494373 0.839285277827975 4.872224514838889 13.9767063501488 32.56631820418907 0.5075451732386949 0.05778773758621675 0.42509742065402484
110 7.560649098525257 5.809484095038371 10.602083715151405 2.2391929531043187 9.312261675276702 26.08289752542761 2.668413520385064 0.6260614428535104 6.093246239060957 13.787175975912254 31.614644699475363 0.506901835723241 0.06076880735192649 0.42479201126596305
119 7.983567871552916 5.412509387089826 10.727164020557225 2.4164612372665975 9.619718985582846 25.127427417099906 3.042887084101923 0.8830090425037008 4.9445413721361255 13.836573550818374 31.74261777003375 0.5084115368406512 0.04593047531123677 0.4269169642845491
118 7.734674920203375 5.526108734171147 10.609769278449132 2.3030814962903348 9.406938882883274 25.168231630685977 3.2743275418251137 0.7254630635295957 4.99214961696917 14.421997009094195 30.994106368115748 0.5060663544301096 0.06617259808739015 0.4241023064133901
120 7.93687950026872 5.428722790646777 10.73972940324259 2.0780176950193248 8.537614046155792 25.89941744243245 3.2482736608853013 0.7649788692664176 5.273429022852255 15.455870406394263 33.311680278369586 0.5091174830830852 0.03952247851884547 0.4265709566527915
125 7.6155372963105235 5.563029623515842 10.526590696532292 2.3899524594276236 9.56056411895545 25.34003525070868 3.002895305963868 0.6532306741681135 5.5529793733168376 13.671075016860893 31.116743161245438 0.5081811843649112 0.03745936586599091 0.42729645769238944
131 7.634877907759773 5.765196394511001 10.833238617313093 2.1816820170490354 9.75153883936101 25.36931264836395 2.8713532959925647 0.7930395143591406 5.117855991404879 12.923241471356556 31.296638008785244 0.5067033511025981 0.05516796152222381 0.42587768894077827
132 7.431930932261294 5.452498370393362 10.442720581132214 2.756370493748133 10.396332241438007 24.629003752816583 2.8743910885456017 0.8100957577545594 4.713061567308455 12.513715111885475 29.493995145752812 0.5058990885149823 0.0709127676977335 0.42349981116676516
133 7.753235890039452 5.593574403856501 11.007816560073712 2.018871844919689 9.372880942934936 25.99701143461393 2.604799136503921 0.7967295443576524 5.093687316933216 13.845120867225397 32.59853236346946 0.5096175221981772 0.02390014403876536 0.42810135043188186
156 7.510530617153184 5.3789020713749816 11.220227943918472 1.82884890518825 9.145500022837625 25.74257081897235 2.864505524660791 0.7601260369537528 5.2182223367997445 15.738096628871984 32.148218712169324 0.5064984562877985 0.05763824730319024 0.42524345717412154
158 7.189588108423925 5.670119362964165 11.113796082457151 1.9605331938039372 9.370772788548948 25.70083315099931 2.8364453670628897 0.609440458323327 5.406518264160608 14.19895584018585 31.677415025575225 0.5077645028354453 0.05043811531345382 0.42631023262192475
134 7.378089513350282 5.886464703382377 11.103203366356263 2.090697398514548 9.844367343852328 25.27063888076882 2.849019006672811 1.0121338789967345 4.3646503474885 12.22197344255364 32.051653932611224 0.508343998182034 0.04547055241264961 0.42589785836052607
141 7.508712419305589 5.721708697300409 10.853869162174659 2.2981128781017612 9.80440207702784 25.53830750200878 2.696708911103359 0.7306446276522396 4.796056480654989 12.874082190141229 31.412803052067126 0.5076072937086601 0.05427618595747481 0.42615799332778004
142 7.818304238004228 5.751785598260676 11.166562240234308 1.8886597182680966 9.538796823346283 25.372819723959342 3.0444899116110524 0.7163233793452252 5.015998803473387 14.175167446418177 31.27317807370027 0.5092721510758297 0.02725443155718304 0.4268444175039265
143 8.180106218951236 5.7487590565933555 11.143106228467591 2.0711150840626384 9.934923789323534 25.016536977441426 2.9070126513493117 0.800563666154541 4.420200205550207 13.548869311732497 30.879919313665905 0.5094725762118179 0.029924073339556198 0.42768937588899053
166 7.2230038043658595 5.698326083975409 11.168964716150795 1.9667514819296816 9.798773928707858 25.683880685925754 2.5694521143028575 0.6919855604185725 4.815023833622247 13.337639317001505 31.77579252499301 0.5092148710819426 0.03252834407577998 0.42739994829184175
168 7.833178888982919 5.613210422517328 11.134030076171122 1.9824738224700995 9.659207206802911 25.679138758178837 2.652363039064781 0.7856743798175165 4.428154145826774 13.641137558883488 32.125326396488944 0.5084757153826077 0.03962714872703154 0.42736873464111397
144 7.337974967856401 5.615154561514969 10.689031204684278 2.153383171285033 9.115367958885164 25.9419673741678 2.988928996351204 0.5053943361693667 5.644427608853736 14.101648811569444 32.23673847554984 0.5097512750773402 0.029923088800785713 0.4278610638925992
157 7.970078291180142 5.057640179026278 11.132953641263338 2.076832843280599 10.139572682025213 24.99651252949569 2.8603602205782885 0.58949805151886 4.23961319016711 14.318032046432952 30.861679574697185 0.5093615749773514 0.029758677298197974 0.427498995693024
176 7.475385017321041 5.441210847860049 11.005975296702772 2.0564697200586988 9.867418987359233 25.55588803299241 2.6560156187841892 0.8684841507119978 4.00316645314478 13.060820231771194 31.971749214247573 0.5082905587978523 0.04450218539255993 0.42689931716901086
177 7.386564977146894 5.919973098742235 10.798489731936408 2.560778602548187 10.011001555517069 24.739465173392222 2.978580131468653 0.8905827620314737 5.05665597618607 13.009948345799273 30.136259876012005 0.5082840270706036 0.044270724455126385 0.42616902513599464
169 7.694486784345803 5.604208373727836 11.125881979502042 2.0145588020821497 9.775672044255515 25.71993213371483 2.6508094901959014 0.8808581888928727 4.422132128152039 12.144141501068935 32.8291507400367 0.5098841211792563 0.022277804336417004 0.4284846358677903
159 7.640076991858692 5.578364431650735 10.824876630776668 2.125620514391863 9.487626928735082 25.377524361119637 2.9954244319596857 0.9622166903178445 5.31001797044738 14.092683577525682 31.4133932501407 0.5074716380529589 0.05530737706579862 0.42466192431661304
182 7.945683461199869 5.601408546616817 10.622005173381117 2.508333893581936 10.258976557676894 24.85177757898791 2.836669803969333 0.8744229234767955 4.856448231906777 12.992237217119055 30.097516421001618 0.5076624365530362 0.04731327298822673 0.42642888047774796
181 7.180372676765917 5.334621621434911 11.181861398031312 2.1691331026827094 10.307019500796223 25.279587388635193 2.4653380475238182 0.6757691112707046 4.348236258870202 12.433508821263322 31.42361357419972 0.5079272061417609 0.04675636801017316 0.4269811621445565
167 7.045597253340491 5.666177463876035 10.954961794336253 2.0793739126468997 9.655783450562055 25.76936137240109 2.6540732602576216 0.8105141979571541 4.96508996143707 12.74232475171974 31.731457397440572 0.5080556071162788 0.045851068567558086 0.4268505417854755
191 7.637381874448513 5.6370526733309285 10.78748943195833 2.321944436707652 10.000656971171557 25.024807087791217 2.875743651183011 1.2653603948462693 4.7694492655845995 13.332443737930426 30.452793702366456 0.5072927617690928 0.054721777103563525 0.4262890963224629
192 7.6564796325586375 5.802491764159557 10.938270840757855 2.1419409427512894 9.25605688857145 25.95083625071994 2.8016579345237664 0.79256631619698 5.756060202397344 13.350944344207436 32.337135205439694 0.5083867172096821 0.04017783446010401 0.42640262784878136
196 7.573268565366571 5.532069653872725 10.737176648214701 2.465080852035447 10.179494577917247 24.97991058059029 2.9866328481450424 0.5155318041031108 4.713336556935753 13.272030182688214 29.785975702645484 0.5070911302939332 0.0515612800234978 0.4263516248636055
197 7.5314404858273996 5.601851878476575 10.825896714611774 2.2102667215304947 9.321522445222719 25.243323837935318 3.238382550616944 0.947903341608557 4.850790192225865 13.742415152688956 31.871183189814847 0.5068889690283637 0.05906658624838851 0.4253125053835509
135 7.601159253211263 5.890543882334079 11.113727020675762 1.9258451028440615 9.257154938707798 26.162034012921907 2.4986585283625486 1.109807885650783 4.621201915597602 12.723901004005544 33.97327078212367 0.5097319591261465 0.019510233634215255 0.4273740482623632
160 7.575241127700517 5.473659810954096 10.486438437867928 2.464243424605144 9.83040645908178 25.23570988354873 2.7665682279860055 0.42121160926679585 5.726240001383154 13.645934387996196 30.87487799838264 0.5077678330951153 0.057214633406654725 0.4246320903384622
184 7.527358762763838 5.591027484160094 10.958020570337192 2.0114022206748166 9.1802371176559 25.712680271638284 2.9348005640561814 0.37695676455921695 6.053488562337662 15.388458197035694 31.36778517974524 0.5089248869975308 0.034869804236875 0.4279535859450841
136 7.702601324977452 5.708996286350478 10.907150974436089 2.193921662510188 9.729403598517786 25.384971151832126 2.945929981949612 0.7862927048782009 4.517123319197333 12.857465297153633 31.61452916367588 0.506783893461918 0.06140971792460064 0.4249709535128573
137 7.461744870653883 5.722460160804712 10.848580192517286 2.053388847354363 9.209280211039735 25.79567415939697 2.8189869233264493 0.8150113235564894 5.574075525753518 14.131297112742303 32.074121725404005 0.5077982208470985 0.05640300784816572 0.42512158637789743
162 7.677837323620894 5.683520602854938 10.942079100771448 2.117216116097053 9.356846592896161 25.359760149035374 3.143643649418015 0.9215050130543588 5.733368236313996 14.334031447366332 31.519056807831454 0.5079515371961121 0.05188667941702165 0.42552736439352834
171 7.723641219769179 5.430322122534915 10.677871209047485 2.3326317173545057 9.80714870780552 25.057334396083892 3.151918044595224 0.7340385356452845 4.357553874500358 13.872238243791479 30.1991662541213 0.5068595608738664 0.06036228977849454 0.4241778284496776
145 7.58068774803904 5.612877740743186 10.926969870921253 2.095115835536839 9.294136341917357 25.284941626721302 3.5122967822566102 0.6240609392203332 4.942047216216154 14.782365212239059 30.21043527522416 0.5068895563469534 0.06181906327737206 0.425291332207592
170 7.644122189434914 5.554538124716795 10.88440300587147 2.1490885145067375 9.47256680680975 25.903357671594854 2.619795737277991 0.819512065996776 4.5539755228118155 13.189977317187296 32.882408069210875 0.5086692210088344 0.03933655748882897 0.4267776584253927
146 7.591306725648994 5.741549350499445 11.216586004979863 1.8891080615506306 9.56438602711768 25.577228585659487 2.7640295972850017 0.5799655312544096 5.377039336912793 14.369202161967886 31.56090563968421 0.5094277804348206 0.030677639403456265 0.4268838105602406
147 7.533933586043511 5.724248559874018 10.617055177001737 2.3916483919601834 9.863999032371929 25.47728703507434 2.6679099919486053 0.5657418012504785 4.963147315499642 13.180211283714044 30.940478448889316 0.506274871709087 0.06560299586860784 0.4235025876789319
172 7.3420073695519426 5.9757597573209 11.434173368670217 1.6996178396736161 8.939104812303103 26.479335833255654 2.555462190449455 0.6876186668856051 5.863348560234322 13.815406903486112 33.54562086817273 0.508949855744248 0.03846701337381038 0.4274509023267491
183 7.448049112164085 5.800387900866393 11.116017122626065 2.0501086288270822 9.64960875699461 25.1835944413028 2.891710824299623 0.6647926978986882 5.192719980726292 13.455298651570198 31.964942914227628 0.5085296200863021 0.04109311479724694 0.4275669805228788
178 7.519759945270092 5.467685631595958 10.53669278758356 2.4550860295238413 9.768870245987342 24.887304599987605 3.0461896871785608 0.8070105954785624 4.9712401704982865 12.83289433583288 31.38312165029189 0.508021994369858 0.048838983566158595 0.42598095575214345
161 7.585843671818407 5.728801461698513 11.07366461587888 1.9543918319589846 9.09285254046992 25.701555332587873 3.0780935729179375 0.6120225511337506 6.210063070619733 15.456199602571463 31.34671019139562 0.5073531787438768 0.05622379321567452 0.4249247988766604
179 7.5031325554505885 5.861851078931779 10.910649942277747 2.2835616722283554 10.06775208432216 25.47884198243512 2.520664604155424 0.9383779506660355 4.847738646490557 11.889666700584085 31.861906498977138 0.5091040412928136 0.03754192874201709 0.426853820748268
193 7.5038985353409515 5.814573579326315 10.841412539582574 2.077473550688483 9.152414169614831 26.350256488518593 2.4375279837467767 0.9520064549674891 5.147799577294067 13.23202460156096 33.394181911591346 0.5094527283951084 0.035003177760356954 0.4276326472642811
198 7.776457636439465 5.3762482251290065 11.045647081133696 1.9476323377924039 9.046774493442797 25.881751818046897 3.088142454362111 0.5505688480897943 5.253489836044789 15.487914247808586 32.101987713642195 0.5092669703139593 0.036906898433526736 0.4266280160224547
185 7.880804300119114 5.615970643213371 11.209728308591943 2.0421531839022506 10.129904894641356 25.456802543847225 2.5565879007803365 0.927385284116773 3.770327728155321 12.55343881060219 31.593076119561335 0.5084683283824046 0.03946959655701433 0.4269410970545601
175 7.595936807967265 5.380086612050022 11.036993869802169 2.179841560137004 9.890357926653842 25.213068685692427 3.0275717782043867 0.9163854444958428 4.478770461089263 13.490738928425221 31.183094245893184 0.5092252225723537 0.03127846000408644 0.42748349279588505
173 7.163273574871208 5.752621930245582 10.59019028496548 2.320060810982567 9.709579020902295 25.747684367441128 2.6036160478308257 0.8920305953459832 5.2739525143180375 11.744316056451801 32.20969741889892 0.5063822777133966 0.06595872631484317 0.4235822149422176
138 7.544311242988651 5.863611948167616 10.589286235379515 2.484313037537186 9.939782244477593 25.28023629473529 2.9021376447298537 0.6174822222922944 5.375942299199287 12.595883589647219 30.690622277671274 0.5088528263453741 0.040149491210584635 0.42676196621160317
139 7.839821506739981 5.655197422544684 10.925173764924942 2.1832170915023155 9.486942758144767 25.966642276277202 2.5833917777012934 0.9841758436027287 4.414055534141866 13.238151682631722 32.52958389857332 0.5093449303689807 0.03230137255723843 0.4268746576815962
140 7.232030388967435 5.7101617775430205 10.6687637482339 2.3052176933783497 9.841724618143793 25.519656062336665 2.7726910934590876 0.7993313063150285 5.583889087512991 12.890312750684524 30.669496527533333 0.5064126632667174 0.06333231236802489 0.42386409571101735
164 8.193473323180811 5.328121290676484 11.152220953419961 1.9332065907932745 9.3130697445288 25.620054396886427 3.0519170279695578 0.9643609878295855 4.406949084775983 14.840760352554966 31.979565823192395 0.5085426560681776 0.04209459156737658 0.4266660954190337
148 7.524877037008002 5.665579290990868 10.52738417454555 2.347369487756487 9.71870107135127 25.05975130310714 3.082672456263094 0.8658553811860781 5.013794413565373 13.34097556887211 30.499999772891538 0.5066995329295443 0.06327326724345578 0.4235203166675709
149 7.218677432607774 5.8374893186867975 11.218067065648865 1.9374841115674197 9.448840586512551 25.061099088270012 3.2240751504987633 0.5019746275990291 5.584413541417278 14.972807705538298 30.486463846362167 0.5074242614118779 0.051732474598385356 0.42640146980179183
150 7.961018732022126 5.337898080819136 10.900687758944834 2.3113202848117145 9.960675990127129 24.983144745399564 2.9764132090098054 0.729412301550056 4.0600720710923355 13.974410888755003 30.773058487173913 0.5080265514595239 0.04873463069755892 0.4257637224928619
174 7.920390942503139 5.5460441275925065 10.922268249567983 2.1778518639779967 9.724104843870496 25.705277784198667 2.5397603525878654 0.8058648988467795 5.2043594210363135 13.935171717012642 31.49958854855989 0.5080321572311886 0.04665237357747558 0.42660725450617293
163 7.740113371720282 5.728673859677202 10.74814276471195 2.2381406475694035 9.743412272023113 25.817026211492603 2.498702681491348 0.507445092297743 5.701438191050517 13.040245160095575 31.797690414410816 0.5095280069052722 0.024348968268400564 0.4276561888409044
165 7.464888248946875 5.381683903458136 10.624852835840368 2.5459130567009756 10.793316278114155 23.92583515459941 3.2605936114710703 1.5046536054990123 3.558835555300735 12.408228518322122 28.407216244296325 0.5056776836405406 0.07063751685220825 0.4241524519547856
180 7.430305616675502 5.684892721584622 11.15469819439596 2.1641430882395123 10.257024061022333 25.343457315406894 2.4668076849397416 0.7805887486306 4.697262223225953 12.524254131810682 31.395824242887507 0.5088050149849407 0.03387124768025173 0.42811044533785314
194 7.754098817154778 5.333054244660517 11.25654336209933 1.8762042137556882 9.55143054202251 25.992590771206064 2.595652442939321 1.3729199545312254 5.125608940539713 14.027998233616469 32.09915756583953 0.5080080854020105 0.05037404885950006 0.4259230283585815
195 8.094244383553475 5.227635972875301 11.071535685503607 2.219286486497696 10.802067056449658 24.945775515774617 2.4544886286482015 0.8568675493319468 3.769461760630205 12.998768835587885 29.50202700268801 0.5095030292252598 0.022358953651042603 0.42856542245921536
199 7.172049857363694 5.610614785918569 10.655990834612346 2.445057915901988 10.228732029692265 24.89086033195631 2.9399760605142746 0.6037686957292082 5.114586471123258 12.645370055962312 29.765417032566877 0.5057740089751179 0.07061438878818405 0.4225128184016672
200 7.159544753280944 5.824786864988908 11.449167644909148 1.8353969295198143 9.771996064992239 25.305241879373988 2.942203869026933 0.7352256411246428 4.701310857291493 13.21083388138882 31.234262950498827 0.509172031400644 0.03511354431484153 0.42723143608274544
206 7.754320264380755 5.445013186802928 11.037965232825224 2.3123419547346824 10.523077596686388 24.4771541729517 2.9070503409232993 0.6182413477863622 3.8066764071302073 12.79006132230738 30.477209241524335 0.5083286141047056 0.041470395479166706 0.42626707854495166
207 7.426091103143388 5.429577389704078 11.101095500687803 1.9128980563497433 9.020705425663094 25.94016874177125 2.9137155873003913 0.45947988342740104 5.803181394463259 15.523770958470053 32.17746177179869 0.5085252481120238 0.04056960257108044 0.42643975724378635
208 7.9581485191642045 5.614968809331099 10.705171733655446 2.5350625916994884 9.986738781660765 24.691927815065917 3.0672498034437505 0.9395924854281403 5.196321516035131 13.62190545568382 30.118588972907496 0.5058340670776467 0.06654416159974896 0.4236528859050945
209 7.483329808681583 5.609284458260873 10.682185687870252 2.4325611761870114 9.285823582788682 24.573804405931394 3.5046395032756728 0.9779277340049031 5.360014509789473 15.095287948357143 30.878581004537384 0.5058315903503818 0.06704354118216115 0.42416464617243665
244 7.520833898065617 5.82763864409053 10.860676393727594 2.0570080384855918 8.876978233491524 26.13783043671964 2.8406098797521646 0.7383589520451693 5.699792310343001 13.745726697911484 33.49185803625474 0.5097787212767362 0.027710726280868358 0.42800055476957627
243 7.5385485010906494 5.776516450468327 10.703686616011291 2.0986686364865785 9.149258491969979 25.67899157266761 2.998921997649537 0.7549830230784097 5.713008025631878 14.402662513393755 31.53141943917344 0.5083190087616367 0.0481326689698736 0.42587397841184055
242 7.675058159927109 5.615645567177117 10.605342175096418 2.36598337088774 9.65907978104109 25.595899997909875 2.824273287960785 0.9591454377165273 5.32809021296734 12.484042825107355 31.770959072224272 0.5082307596229573 0.046332770682856655 0.4262400999870749
234 7.642719509589538 5.665135242279094 10.415761388038872 2.771817417003554 10.443492812446205 24.89191420101641 2.723463391939402 0.7163091090123739 4.4544140091206845 11.677213519559544 30.401663340446724 0.5079229204945244 0.04848082433067494 0.4259765093343546
241 7.695345384612848 5.507127829470072 11.008808661567057 2.0760091103064067 9.432025412242202 25.793144684445682 2.6682763216912067 0.7709883937946905 4.5748726693829855 13.909708240569314 32.8466331510107 0.5078571207878618 0.04722178990762913 0.4258599057396239
216 7.141131719206612 5.7715199526926675 10.978912493271077 2.0519902909085994 9.890494666377272 25.284925309079178 2.809190360054206 0.9460723221937046 5.052926473630793 13.16074412164404 30.828816449739612 0.5086027060729793 0.046277963684489734 0.42614581178235417
217 7.693498728756764 5.625609540734945 10.370436903858709 2.5784984481562883 9.831177164062971 25.382702892880058 2.862292550480869 0.8018625911266392 4.758963429365064 12.496133707614923 31.15954962624732 0.5080421191890758 0.053474208842123415 0.4252723784678691
218 7.418254470131625 5.701423723825234 11.153394990792165 1.8783288529577604 8.926692468074808 26.405064651420975 2.6889319148647806 0.37484580371253085 6.302899176007411 14.485086231553897 33.01936519966067 0.5083624377772019 0.040794810730234 0.4274187545748457
233 7.4252354229225475 5.551740545669994 10.885365070053219 1.965206396883249 8.700266191100114 26.0381577655678 3.071198966083285 0.5208552870767109 5.702053228093183 15.364497392487017 32.77300046875432 0.5082810000305422 0.04619323135220124 0.4266132179803393
219 7.716668236552648 5.647769598569844 11.028682833291159 1.9659710096168719 8.997956679112292 25.9281659071845 2.906351277311247 0.485685728236176 5.973706167987072 14.706651449274995 32.512336654082375 0.5084456298607105 0.045999099422224486 0.42648961043329847
232 7.539020862777491 5.441660961121693 10.881832771018544 2.0382899873636977 9.351667136546487 25.372948832670662 3.140166270545568 0.6072553150860988 5.640258947279718 14.128518350179709 31.642850669962005 0.5078855104896091 0.05037974527044106 0.42649331100091536
231 6.858524749469607 5.706998415851955 10.286595222945538 2.6386727505904415 9.836281284590191 25.042329305888416 3.073583106842258 0.645987642318671 5.545606673539163 12.530761996588387 29.65564168903 0.5074833428189464 0.05662782365587015 0.4254527297546078
236 7.516909711980552 5.570887903177757 11.066870933062365 2.0859803947764117 9.776390369419152 25.366004258522448 2.804216158723904 0.520601829386278 5.235122998188045 13.727812291218688 31.16563269976209 0.5096745933448786 0.019122105864995357 0.4286146779083126
237 7.81495993014418 5.223205089474211 10.641907697417004 2.4313585533898454 9.879873190201343 25.107078208633943 2.9824638422931358 0.7313119489033861 4.5966555560122195 14.585377464003434 30.063588996887162 0.5071049266475837 0.06108351644308134 0.4249487458397223
247 7.3661619386654555 5.733355047607482 10.413318597818453 2.4405447519999623 10.098433287793284 25.061959005548452 2.9424798794075167 1.132977982010447 4.479072540274153 12.532160451465106 29.50014766435381 0.50701457201581 0.06442851272186993 0.42280858641275865
210 7.715399167784364 5.679462534920326 10.78512509254132 2.2739507864913913 9.461491678881483 25.494546297917307 2.9631222059103024 0.7800955874967795 5.320280262292349 13.092702650602673 32.15025191949047 0.5077150037958741 0.05384921327740329 0.42504910161700543
246 7.457899232420086 5.886239290747298 11.411761676670181 1.8121295665499884 9.303569609909527 25.82840711128285 2.8005844476602992 0.7996595918812268 5.229566898484581 14.00625326003908 32.538247633387066 0.5096323917462424 0.027638652597615644 0.4283357010734834
245 7.527831699872165 5.751115603656242 11.05707257079659 1.8831798271786153 8.688880601803683 26.336867827086518 2.789471699071186 0.6171083981067925 5.852936576989643 14.784580534475031 33.84903660308726 0.5088278207381652 0.04046726568791912 0.42658551550584567
235 7.747621660589873 5.746233337548619 11.10095527616195 1.9282824363747484 9.144026955454535 26.029127312211706 2.9056956222318635 0.8697156866455736 4.895910695263521 13.969769901833125 32.583217525671174 0.5088252391565855 0.03979215235271811 0.426713594310819
211 7.71959304269296 5.5641298682576235 11.122985162078788 2.0018017307175557 9.691317627916023 25.46717198278718 2.847964170742598 0.5733296491888211 5.1976652649854165 14.014037042380176 31.499075776881735 0.5089783872326835 0.031417714058026486 0.42830300777477964
212 7.530310094334964 5.608954425336378 10.988805330192669 2.182323557960764 9.957384302717369 24.974125000863292 2.8758375752483114 0.7442674135621206 4.813685210595482 13.521908570230657 31.202370486920927 0.509613801035237 0.027806936183066996 0.427850004621405
220 7.272088218126748 5.75403687517448 10.909851883744183 2.1264328842662175 9.231899452929701 25.737058108462403 2.8515657753282353 0.7453694692962736 5.547108080220023 13.741304814539683 32.33888971863725 0.5079064869998011 0.04631420971023677 0.42726183842658827
221 7.6722750031004745 5.747498756123173 10.907795266672876 2.126905029075873 9.64570745194235 25.753067343082233 2.568131139881567 0.7799863671671374 5.277753484601775 13.449704053801263 31.808856095689954 0.5082577359502359 0.05098727317965686 0.425443147725209
222 7.833032920250849 5.518732215056266 11.111736317273255 2.156907196318404 10.34457964447159 24.80763079611666 2.8647352793047935 0.7255577445021137 3.755350166172292 12.804045302720779 30.737414428859516 0.5094266690814198 0.029805841681420274 0.4276571386215047
250 7.374649174276837 5.598144457737115 10.568541320947737 2.0977360834440093 9.136015898349942 25.6768984037198 3.035037189982983 0.7076377739680755 5.397028311391876 14.287229387832399 31.799223708779582 0.5077303129468986 0.05403297761826236 0.42536159477799274
249 7.458263055382564 5.669923262701216 10.910562858190636 2.185506214930155 10.166109488892518 25.272278271692958 2.5649347226383368 0.7588997921263448 5.018051023258096 13.380431175166212 30.209374377112432 0.5074590398804556 0.057677685417240526 0.4241939628863229
248 7.672617757882274 5.376869818983057 10.875793349256798 2.2820059840513967 9.97762460034652 25.54101851880499 2.5371760446767073 0.8058208933721602 4.69456726184706 13.16072273730982 31.467388656475045 0.5081348324961432 0.03760590771975074 0.4269842300878105
238 7.197827136363706 5.688807237527606 10.733501962849397 2.3695951126269392 10.035200837450626 24.967318902257713 2.9682528599985236 1.0534481920377343 4.2301316025263045 12.47772408334011 30.673583903295913 0.5082908062004137 0.049669578774709455 0.42481092216989313
213 7.396588645680614 5.553598272492926 11.138172633653431 2.0261932208129174 9.940601401946196 25.64860356551461 2.518153822046784 0.969092945155328 4.253975200349989 13.153249523876461 31.654729534342692 0.5084801221637053 0.041365497424427015 0.4266302491626269
214 6.938203237511453 5.6208180474068286 10.929783657433912 2.447139686649345 10.264543334295876 24.79831446029782 2.8201504549770107 0.9958110801400629 4.615270468457738 12.971392053922168 30.324195664987293 0.5067386443702362 0.060754331224344586 0.4247906337647168
215 7.577607776764615 5.433004973879877 11.409336444197857 1.7613857602746659 9.668948193016853 25.67893367016174 2.818348632177801 0.9883474745722057 4.2919863382235715 14.24377511907035 31.08815533693072 0.5091822655028831 0.028558037980272268 0.4275572977321407
239 7.448632773191175 5.6005621460107085 11.329753991119901 1.9007546762258376 10.285213915668361 25.012506296395788 2.818592698678214 0.6795737750221067 4.754516610775012 13.018862179091427 30.24253553075224 0.508411591863415 0.03926755922469005 0.42680902073808463
223 7.750292718877494 5.681529911904063 11.186552238891249 2.08307638321384 10.362462405954359 25.132508138403953 2.6137126561067983 0.9373404129847756 3.7787223831698404 11.929224599673535 31.22428322340101 0.5092072951956799 0.03329910431758615 0.4270975452162935
240 7.683757249736985 5.712401827645269 10.707441462083468 2.486008811669955 10.165606447034953 25.3233981162705 2.632233091508845 0.75880429460465 5.405304375724516 13.362742385878088 29.654685385516366 0.5077589896313854 0.053487638214763135 0.4253144729216464
224 7.677464745293327 5.66444897299614 10.659032048618828 2.4671081661947474 11.024881177362548 24.83871834710466 2.5169576339738886 0.8747615829799994 3.874369353012987 11.273906809058213 28.90375622577072 0.5070679914797913 0.05979601156669723 0.4243707412200494
225 7.390837278944471 5.811022304012098 10.80544744829519 2.2317314240779154 9.914750664721204 25.331978328458074 2.715609068136221 0.5144740441662905 5.299147810562978 13.158199758586292 30.611333832832965 0.5087069111022664 0.03976390497491954 0.4271994250946354
