# timestep 9150
# phase bcc
# id f1 f2 f3 f4 f5 f6 f7 f8 f9 f10 f11 f12 f13 f14
1 7.780675750020734 5.458588129992887 11.048320195762658 2.1461085796806563 9.737537482826305 25.704572738078124 2.689979260592486 1.0044568215640488 4.1840707107302535 12.958939000590615 32.2316663542562 0.5092637948967448 0.027810980296681907 0.4284879934254109
2 7.456518510205871 5.4957947834281295 11.244177569030896 2.081907645749566 9.847845646759401 25.130632274912706 2.778043261907338 1.0902933135608481 4.020768465028965 13.659777551132102 32.191672619518535 0.5084444329969066 0.043354000673725884 0.4260445639621599
3 7.596736072245874 5.407731776647595 10.772026360873756 2.3353780613877024 10.042150630800725 24.848623530762335 2.990963326968219 1.304417454425626 3.3728924266943663 12.63631559837318 31.258614327359787 0.5071897440344618 0.05458412244765987 0.42610128214683574
11 7.419222426102706 5.5922109349647595 11.234951758185728 1.8414339039128036 9.219216987661557 25.883202401263908 2.754101667132902 0.8275026041452213 5.032426720319363 14.07331218270003 32.91362126855704 0.5093574044424244 0.028903156126161355 0.4277775802820373
13 7.5569726171613745 5.356804651121315 11.077702051095846 2.0592803410383036 9.69940709969145 25.93852487117769 2.4929220467366924 0.7128807821706243 4.595815127294965 14.110229279293451 31.606611052010685 0.5070712824266083 0.058391136311726474 0.4254403887379898
26 8.021444321512485 5.607115821792618 10.846984465556673 2.2811568602445242 10.25483821592734 24.92910439774543 3.0242576620558257 1.2315037489847087 3.4306564161662987 11.833290000470734 30.68544800968056 0.5087081830515358 0.03547661118985336 0.427820346890675
28 7.535959687334989 5.324563523519156 10.653517032994666 2.4624761842954097 10.593128268210668 24.831769230306875 2.7510022885706302 0.5902189787681464 4.31263458369064 12.195171663294015 29.844861812535076 0.5079447048836178 0.04824357150566007 0.4261927169050633
36 7.281012132906046 5.603196504433719 10.966416026831077 2.178623734145255 10.004685770550207 25.376470989394914 2.8257389653897396 0.38482717422451085 6.111283885664805 13.933903560519624 29.452448524063712 0.5072416345697975 0.04528276987026802 0.4273563838093845
38 6.985874971012281 5.663399317031541 10.598870881521455 2.2849478988972125 10.416118174296054 25.078087915932834 2.5836196893541 0.5812064774573851 5.730145663983049 12.75591609261133 29.13483446323551 0.5081940054241292 0.04944669741529487 0.42502048918206065
4 7.352539995080627 5.2143554048579315 10.881725631737233 2.2637577967874325 10.037129828423204 25.604862748858704 2.680862904035477 0.8980102126567542 4.057782873311888 12.928417388620176 30.645537639647845 0.5053388675598366 0.06982579339428228 0.42503626303780023
12 7.511086251750767 5.622852090096639 10.949157119097316 2.1525707572220956 9.553943066310186 25.769725227959338 2.6991222792425518 0.5442571860806442 5.629313136979501 14.660486627746618 30.841072254043066 0.5087247791240339 0.04791288326147733 0.4250203737969033
21 7.800269748696852 5.647272686134548 11.023541947182173 2.0980977618910446 9.46180506781253 25.644735742283117 2.7775941665096315 0.7804229536198389 4.9801362083658205 13.967987933480462 32.22104334423257 0.5088240250676554 0.03295713166074913 0.42720899667552426
22 7.533893475981998 5.412265627005822 11.023954689115131 1.9381016969988298 9.223709142135972 26.12282020182454 2.6568522452482095 1.0016579240360302 4.971733325964704 14.192218329289723 32.81998003318448 0.5078713217148775 0.04921762701830329 0.4262486542919156
46 7.157720600335915 5.847984417232136 10.757788223280526 2.5726884572015165 10.437305421036072 24.411108927782596 3.0149393341013306 0.780024596083873 4.820862016151366 11.418460220380135 29.980561032685387 0.5085109544362849 0.04084351786045534 0.42728834137776855
47 7.682361170093415 5.843664636172044 11.076016367076228 2.0442215360116296 10.080045285669904 25.53789217494509 2.4770534448309944 0.8753813466512287 4.9955462382137155 12.139971650834052 31.499227810043024 0.5092220897144711 0.031085709447335515 0.42790167070107005
14 7.28518185500376 5.720235444235258 10.85571359179737 2.537513072745133 11.271172648768758 24.45868229579888 2.5673143500448874 1.1860183735610375 3.770724645914879 10.296153379356987 29.131507328079323 0.5063980351631465 0.06011457930542249 0.42502477979594355
27 7.638161520249266 5.29913745802546 10.737776573839925 2.1803958385637663 9.186114096140566 26.277853563753553 2.5523616445088178 1.087053853132516 4.883717908912445 14.551765670254639 32.55289157199233 0.506216803916296 0.059348503248106144 0.4254772475444307
51 7.575636899325547 5.8014350678822915 10.900493983666605 2.2831907034177843 10.3250401970441 24.695270468932055 3.017713298511753 0.5054180236059405 4.84345897816977 12.342214243134437 29.798830309983646 0.5081106730730128 0.04896603822720902 0.42682114984046005
52 7.509833175777172 5.4325012722073245 10.487445127828687 2.5229629196851664 10.186260475587941 24.599057889273062 2.9366938083577434 0.5526178663079407 5.473000527550775 13.742537068848932 29.40372197018026 0.5048807497096379 0.07963549801315872 0.4200161479247404
56 6.8727977888071194 5.887063834024854 10.83191095956357 2.281124507919372 10.083796071491998 25.08978313344461 2.7667771469984914 0.9654381478175175 4.292579979846194 11.29400393239194 31.879763792281178 0.5081042056591194 0.039722944524673766 0.4272243543378448
57 7.163137466060192 5.68640575324341 10.501912328867874 2.498784192462232 10.36726671272925 25.378159432639666 2.4902344497215783 0.7178953491664298 4.502588371050306 11.368281472624174 30.930244660033914 0.5062124536113289 0.06474697675173922 0.4236355211153187
29 7.433582259394368 5.548228784681944 11.415323680742354 1.867564971231061 9.679579791690172 25.370905663590143 2.8505797847214307 0.861173730719242 4.862012080078725 14.5048426741665 30.80294680481376 0.5077713209971088 0.05302904758163647 0.4259412233974482
37 8.324900169189846 5.4680712722538525 11.238814128886359 1.7428780889094233 9.209791849594378 26.49478625605215 2.335447906326987 0.638649011370342 5.45603546107831 15.451142987220962 32.26308396037919 0.5099570880039962 0.009634349976981926 0.42885884603427293
61 7.416105080741383 5.747517940814802 10.72701567216418 2.3507694188362582 10.117527600534894 24.61942154684206 3.2043399665108665 0.5438698718247849 4.681194272720404 12.231533355007137 30.75603261519099 0.5095632417510004 0.019212047758110386 0.428309311184122
62 7.51817821115691 5.772516401497256 10.774784880718698 2.3569618560600873 10.063589481463385 25.037079654089528 3.0544681640698537 0.5993630212765669 5.115665899694098 13.039039616836114 29.604239190452223 0.509095577611054 0.036776418989262434 0.427624144683117
39 7.685618095308991 5.612437656902447 11.285776476913352 2.033008735734715 10.143514964892908 25.02538799773488 2.912566579122749 0.7680611802768128 4.911465563628443 13.901069921814267 29.914691220126965 0.5087391490197725 0.037120040342754915 0.42685256647942377
126 7.820494367541155 5.648483201888222 10.940926202362911 2.13947229714806 9.420124563594186 25.165231626025324 3.12817749310126 0.7055424222222026 4.661048353571774 13.998020475630526 31.986293094824344 0.5082921478454338 0.044563089348675734 0.4266233080147244
127 7.248081405850354 5.540519589188644 10.547310696323503 2.363908998619049 10.026723493780882 24.7145242366948 3.200158798005912 0.7351218579019482 5.32248634760392 13.102944655441549 30.02350296601646 0.5073244965235906 0.05849889570110184 0.4246747605178719
151 7.58979428741777 5.872908589509894 10.625960385689165 2.2120714704381412 8.98313761408322 25.79867308942045 3.0691832454659207 1.0195178804464213 5.169682112226939 14.061689296717836 32.158698165814066 0.5079053764895609 0.05479832011353994 0.4253813721195702
152 7.46308419463367 5.503873808907654 10.515968259593551 2.3535526061758967 9.621865181769332 25.558408210718977 2.8429288503812273 1.074302592805548 4.559127718508751 12.218762790322122 32.64676218902683 0.5068743529720683 0.058671849628578694 0.4254353864155517
66 7.549502409248325 5.683042431984124 11.493012751548358 1.70674044214951 9.43481822808666 25.937735183103708 2.635375482591439 0.3827078510185994 5.967484248381035 15.429725703116777 30.9454328026456 0.508664260165446 0.03601010515585581 0.42805648822396475
67 7.687040599732627 5.546150701113264 10.938667818353283 2.4212320200827633 10.034234341947377 25.10609297043069 2.7911883122993184 0.9522096251133471 4.113947306874606 13.02776761310255 31.492025544568744 0.5058762422585535 0.06232123944290061 0.42441212588080346
71 7.564873666519334 5.680108326198592 11.134220623733137 1.9381309468459893 9.42223906057456 26.32638023261336 2.373756408951843 0.8939471655593316 4.381187144050514 12.957619590527376 33.38663680246262 0.508402410797404 0.037115789444162765 0.42734194052826097
72 7.357594022886385 5.560533597039251 11.036880050400509 1.9653869402492992 9.14930401839351 25.90818392084036 2.893037875227109 0.8697455552646399 4.496902442870924 13.67656485179504 33.362846487749486 0.5090007644858019 0.036227262387669205 0.42647269053911574
187 7.592546227390736 5.646727119820708 11.045899988276899 2.0103043419752638 9.462079035289397 25.216087958798738 3.1266523627712335 0.347996372995902 6.077203892568311 15.335963194216431 30.35211306038155 0.5082863284181653 0.04903819792560674 0.4259811526499139
186 7.782553927202002 5.7531971849075045 10.758910714597059 2.2580911647115975 9.518347427415856 25.506125844662176 2.900669007917417 0.6239731992448099 4.93022090621606 13.255024347062793 32.093630804581196 0.5082676439036115 0.053560545008532426 0.42496946947451014
5 7.457436388260991 5.232824034089259 10.272603238810117 2.6778575275287464 9.691158438541507 25.174552607168202 3.0925989491506973 0.7875585898774025 5.220345797663029 13.919425806278149 30.56962616222709 0.5037130724049595 0.07514719887488873 0.42364753409099815
15 8.200090026775399 5.480296977467579 11.498687791782796 2.006148916007094 10.563970996241862 24.418064008837522 2.95408443799696 0.7981519119091215 3.8266112616832264 14.445772389448923 28.79143748967127 0.5067942832468322 0.055817563362047025 0.42661713708435284
30 6.912433857208585 5.6993958163394955 9.844960887585945 3.0583830826326777 10.442298134229894 24.224733662429806 3.197586369028207 0.9672493107228537 4.860594552603898 11.229762869822201 29.090993509931717 0.5048824274773124 0.08046379250750775 0.4206241301369345
40 7.3887594049646985 5.515212435455915 11.011288966357649 2.159459822300548 9.987399322579117 24.869065890481853 2.9962912967097113 1.2742353296234432 4.438596365876812 13.586226355510378 30.272326867943136 0.5060038244451831 0.06619529827688113 0.42422217296224474
6 8.262705367274366 5.004268641236087 10.408590557193376 2.5832624019873722 9.967012230715028 24.717301463032125 3.1934618335746787 1.1678759155458915 3.819834266576218 13.693584649122696 30.52131687008101 0.5017218653450045 0.08430973872486501 0.4213265223476445
7 7.05835503310371 5.686356842487086 10.763131866652499 2.037513331154149 8.821428198514925 27.11699375258521 2.248555483460533 0.9526964914963871 6.192634992137148 11.771878803702633 35.25866477979744 0.5075644429154353 0.046419465242454085 0.42641792794954003
17 7.849768294741462 5.623555866682815 10.88829740330739 2.1680563855671497 9.474350705550037 25.906278034687254 2.6226953712712757 0.8665661909224757 5.074320071090449 13.797745633593738 31.859760820162496 0.5078833885978401 0.048552710225851475 0.42718501109721896
32 6.948971945193507 5.494987008073145 9.503399963263295 3.357299696510799 10.134817262730763 24.564494868713624 3.2756529493228057 0.8181337573633385 6.243804126326398 11.800889763660285 28.29182788258394 0.49967515011401037 0.10570040295867345 0.41679186692688336
42 7.637496523159453 5.381054944690621 10.78459554581627 2.2563802592034006 9.142455686532912 25.721003317707666 3.0430509947013396 0.723872271643849 4.68106294689033 14.405304424844406 32.416094253629744 0.5085803816348181 0.0443859258178011 0.42640126934602823
23 7.790299501814365 5.563907182292194 10.937911584363977 1.9584325095394806 9.287666164332077 25.797663127972413 2.885495563065006 0.905556196494423 4.7335107097085825 14.722239794239197 31.564509358392094 0.5083871360626429 0.04757860225026619 0.426345343909311
48 8.205136797936882 5.249946124510908 11.061107699060418 2.085152879766047 9.572831231832119 26.104107012037513 2.381625005141136 0.8508736500931366 3.6610457202132216 13.551673775589858 33.44567321333447 0.5086078993283325 0.0463713230855372 0.42669537601703983
16 7.334191029426679 5.339090863968079 10.655395212434062 2.5487937104391234 10.378960017293782 24.433722039002504 3.073274203025773 1.0234595855430615 4.0031819234081105 11.490833937305876 31.215058846251562 0.5077626406598836 0.05653990198322282 0.42443955989499843
24 7.562188417191547 5.674813900579402 10.905063619706379 2.2749265726488646 9.552257391258177 25.330483026007087 2.8571072681454637 0.8975342170716423 5.206060081487571 13.813352737051956 31.971089880078758 0.5057383669333403 0.07046101019761115 0.4236444209889832
49 7.484050447883911 5.735046329573554 11.351330115743592 1.643077297256746 8.239746869329114 26.972767905899826 2.591351910798335 0.8023796046279025 5.785817901129431 15.16725279103996 35.29278093425425 0.509725890712602 0.023589837525855344 0.428741234601336
53 7.866797997769755 5.675146433695502 10.165458316575126 2.6559425673932813 10.224675133563974 24.746567120080492 2.888053847644966 0.7834688743684409 5.032233700104063 12.636715638078723 29.751777523280612 0.5065248349290357 0.07037682299676304 0.42265771780858497
58 7.79810608580002 5.581207919213383 11.11138292066471 2.024550732436617 9.80914387473738 25.86417105296709 2.518496937181281 0.6582402593511868 4.664339139346399 12.5064678450228 32.45132905424898 0.5091415372233405 0.03306038179529831 0.4275293975029202
31 7.712375389022719 5.77500339487178 11.196199159993578 1.8467083241933895 9.100872977256348 26.12757556756569 2.71652655760456 0.8115798612437188 5.244170475092204 14.145291592050238 32.676840879362544 0.5084172278852884 0.03587485437631383 0.4284616285501621
54 7.800263302618511 5.395804497546059 10.460216017644244 2.816162915474985 9.837069084723996 24.348567011191683 3.3217469909075104 0.7814635179066386 5.133691130185701 14.541675602896161 29.94293220356406 0.5061391971706688 0.06897245771615748 0.4237190470861423
59 7.7701298570862845 5.83475769675504 11.085844505992185 1.9463467408870303 9.562967112939424 25.32985834682469 2.8383180042351492 0.5093533697920157 6.104550190801361 14.496078224493566 31.041175994017703 0.5086753315514525 0.0419587668869988 0.426799021655775
63 7.435891303228025 5.4762576051474445 11.230963976498975 1.8565463794695547 8.824822315740004 25.665392027729897 3.0897933723204623 0.5145248622950507 5.772940118617332 16.317021413799008 32.438595302838785 0.5069801647834979 0.06268106056234961 0.4244392427788852
41 7.448662697816101 5.410187021818695 10.667881302499591 2.4827534861910783 9.90482152332385 24.64525321811184 3.3338183500755676 0.6036315644712812 4.515656947865403 13.573851468124742 30.560734272974607 0.5080257431878569 0.05334911482009985 0.4253779030740478
64 7.788693782187329 5.736467516705819 11.044621407706376 1.9918810488262009 8.999294564242286 25.917458667160638 2.869504264265934 1.0533842483679399 5.204553484434112 14.31300208340226 33.09759243582893 0.5091167419850334 0.03479298184591196 0.4274621487631336
128 7.751925958580548 5.491027324121418 10.494420811296843 2.5018555012830017 9.980182280960802 24.73937803664767 3.1957103776806415 0.9138699970050188 5.37511317879625 13.595557156751836 29.8146041943399 0.5058998920875252 0.06472703993583329 0.42458985411932215
153 7.659559142802158 5.61938278697372 11.011545745257761 2.0003506448947754 9.525446282522363 25.477793095175535 2.9341818698693283 0.48782703769901825 5.713000876042391 13.967886318799687 31.65648852673063 0.5095854322491308 0.024679721097720358 0.4287002592616656
68 7.917487043784995 5.704705376842133 11.147263381823668 2.113091803929143 9.748383851916852 25.93541883003869 2.415917407555038 0.6594847312057202 5.442230461252917 12.635636590162822 32.621755905132915 0.5094892257840099 0.03265008914230467 0.4284004014313048
73 7.346418747458049 5.749325763675685 10.269575999550092 2.706705237555464 10.01715745679812 25.016733959900616 2.769630350867095 0.9080033843658856 4.930941315253456 11.657495962991195 31.222177849691313 0.5070591199970296 0.05765726695955789 0.4249547051641962
188 7.454335006777817 5.3963732310192425 10.831080606633801 2.3024362892110446 10.044931494086951 25.091303315314452 2.7614064311585698 0.32693594241857443 6.109115248396343 13.752297752398336 30.428786964502777 0.5068881592224392 0.058292145976567615 0.4254968688408366
8 7.634975034912901 5.981424548134461 10.468752172273232 2.3577192021816598 9.835828264660757 25.498954518142266 2.793501160054693 0.6313249170752437 6.252258637859842 13.406231756797965 29.310342441498126 0.5072239410896963 0.054425834837979956 0.4252382321704448
9 7.394707624763679 5.630205028692707 10.31480564097726 2.4873537943084965 9.142349015169232 25.904559688561644 2.9572267234986085 0.7233701489782091 5.976359736471383 14.720120058035361 30.257857265593568 0.5072478648669773 0.05806183180782994 0.42547891275929045
10 7.230235868300846 5.93548310530037 10.796717013731085 2.2220037862964324 9.801611573463203 25.653767456628778 2.5813680190607147 0.43836659802262234 6.229329659006428 13.075699749832976 31.066319337373717 0.5083992085275748 0.048082880017035846 0.42573090730803287
19 7.804188159201637 5.762640108913284 11.300022270668649 1.8831912522732865 9.312523683146193 25.961626824957683 2.7082718428197667 0.9327690968090283 4.757012769519456 13.745531635679532 32.8384662027441 0.5097200371806517 0.0229188056295719 0.42777781808827164
34 7.647941503663979 5.8218169314151895 11.079059596307586 1.9360186845074152 8.96598202504733 25.87333737829244 2.9775124632300347 0.6219781635969732 5.693612728702367 14.935342826025705 32.29651040005052 0.5088406870798837 0.03904128330336272 0.4259214371079412
44 7.80411740319188 5.55362905138402 11.055067711064277 2.033717710286464 9.214286417510127 25.16182123269605 3.3483022369401496 1.023822622240924 4.605178524513165 14.83299597390639 31.692266991867005 0.5070113354140015 0.05136442590331424 0.4266131495732093
18 7.424096442553932 5.667821411303891 10.8264589472566 2.1481462667094906 9.399180518991802 26.24731192257397 2.4556358574248067 0.4399193577515193 6.207149899788938 13.3501496249545 32.56915628837244 0.5093419386794364 0.03147904718578586 0.42758088253339394
20 7.234470601412894 5.561655543673047 10.282169870003344 2.5316615665969344 9.344609438915127 25.742517364608233 2.875067492269714 1.2867545820395108 5.271652937885194 13.271412641074965 30.901659221234112 0.5038442736854544 0.08367100064356017 0.4212654109993499
25 7.695077403961132 5.721202157688642 11.220497932364605 1.847232904294852 8.987262314746724 26.021257289022994 2.831144684381971 0.557607724692047 5.631867340115721 14.973067229990681 32.86424448082106 0.5090400177783568 0.028072261717899494 0.4284371317149646
50 7.630541830557396 5.767217956697898 10.863712662505312 2.267939595458871 9.698014570958408 25.54444775568141 2.7009036206734267 0.5855599480577296 5.433285389626634 13.22961892698004 31.836219248699393 0.508434459763944 0.036456573939543234 0.42805863003945743
33 7.0981078490993 5.80811774988723 11.102857088838098 1.8350481860321355 8.614160227014738 26.69196731328975 2.8213708315954107 0.6611892298855151 6.2490761143477025 14.64084101395697 32.932821055652724 0.5079981718529735 0.05176609859432683 0.4257558780832783
35 7.477946866066182 5.47220798298755 10.768373334796665 2.446978977619824 10.105456242647167 24.899916791479015 2.840282132331094 1.123868559846655 4.725354653703895 12.899602047547646 30.425214268184103 0.5048653774373121 0.07612724549392026 0.4232415548661636
55 7.499860406652977 5.640439556728597 10.762267376985713 2.195874230525926 9.864616110553905 24.968971888551533 3.134640344190589 0.6106194524748617 4.93750441336862 13.090310338002078 30.673871047122656 0.5091707622159418 0.03925931332167918 0.42697966972704915
60 7.555947066006576 5.636635019247881 10.690053624375803 2.3561581964826077 10.15982342707261 25.734963637066926 2.4322646639980046 0.6758142042160872 4.650487097249471 11.67375191075941 31.56871174316358 0.508468469058817 0.044237244678976634 0.4270415798488911
43 7.544627884340231 5.825533435537061 10.992259743857907 2.0307761120991947 9.31595273079812 25.871950979937655 2.7268793463505965 0.7598136185734181 5.312323510371319 13.487634740392926 32.79463244305102 0.5102553927185323 0.019157618328773322 0.4282294292198519
45 8.283603501108898 5.222588800282878 11.361151266733403 1.7408709269717797 8.947298801021947 25.8417083953011 3.044029284204671 0.5198031488955329 5.011008726419276 16.102512664316905 32.824203136134386 0.5093861252212161 0.02686970902385318 0.42765666964202725
65 7.609295486559057 5.800794165709595 11.082649865762102 2.100052091659554 9.778622342382915 24.7445630318567 3.2372055760995573 0.6044237236965806 4.7350723453485815 13.04595052734837 31.434380680716224 0.5102438402262676 0.02207749864604366 0.42849067715786965
129 7.7045470438130454 5.77215409807962 11.245197005904668 1.8016318423758713 8.836864353889226 25.76974205086834 3.1000644360416976 0.570286711986819 6.009248904193377 15.872062506395416 31.833397718045582 0.509479727767098 0.031381778885646944 0.4279991612853932
130 7.930496587451923 5.345480405133307 10.878934754798767 2.023420935178553 8.596272352625906 26.21087973314905 3.017600299395633 1.0273489841010623 4.340841251925418 14.669788779900925 34.33956034960018 0.508774954475816 0.03864650931043475 0.42763077223223855
154 7.788730920035281 5.978923838774616 11.073448064103559 1.9040250942968737 8.822481713672255 26.853648713453836 2.347335997596218 0.4932704152455957 6.333098881302402 13.946434366194175 34.01655217729947 0.5098732003847212 0.02428667834914734 0.42864660572020863
155 7.868801274178148 5.762977055639949 10.924950446470543 1.8997729075924605 8.31711692055914 26.524336919093997 2.8436556389690733 1.3151028535039102 4.912982404323331 14.80799565220536 34.85249563831561 0.5086426135565894 0.03940384812928983 0.42735583668363925
69 7.712422554498578 5.532835218401798 10.962560645579439 2.036117658363801 8.903586088052064 25.744821577705153 3.0843173918841966 0.6056049272151606 5.048016856580151 15.354785364527114 32.81502422001315 0.5087499105625658 0.03945656963890366 0.4279331838471612
70 7.78152733250486 5.610648166514568 11.347803337417165 1.8027288638189674 9.262841428827173 26.0874524207308 2.582253574031648 0.9251875384683974 4.323913139189802 14.110280084695523 33.16525833924915 0.5094924665020538 0.028486010912581558 0.42789305280920126
190 7.2699884630628 5.680202644865904 10.712277747678124 2.15201713011918 8.930431892945453 26.089910249213514 2.9920161303696915 0.7827336074992253 5.672812324626582 14.153065091157114 31.926475666802816 0.5078386630400561 0.05160093122151389 0.4258818090801688
74 7.90320823662964 5.6526779635835 11.054440172842263 1.956495080138348 9.242951208664918 25.680997487049947 3.159962416867897 0.9502815700151892 4.396558105874238 13.338064945168142 32.8114372492267 0.5097512032505631 0.031492166225671435 0.42791379749320335
189 7.897473448066953 5.727411796506498 10.739976294605155 2.3825011284032342 10.094746781514955 24.306626633194885 3.425673808647646 0.6893839796662483 4.671985032636142 13.22780026094616 29.850976373897687 0.5087431005653914 0.04208476526814992 0.425790240983539
75 7.697112895936493 5.521702545001408 11.227900885295051 1.8651508624207223 9.422672871878573 25.408519250502472 3.1912116150482195 1.0757469728246274 4.7983505088150284 15.010631232215424 30.887670633434823 0.5072702514692506 0.05462660949929131 0.42612373480671023
76 7.500421466063407 5.793126598633763 10.735376992258352 2.3869894359318744 9.842000332781108 25.151119225440944 2.995159165492467 0.7329793650138446 4.6281645720662565 12.355668228511078 31.473733583022312 0.5080010259392675 0.04227561701118733 0.4268510748862893
77 7.506395851813044 5.891650462903292 11.09249232639892 1.9135977804194106 9.20047391200137 26.69419576165783 2.2722818107807545 0.7229356907311736 5.439824903100632 13.075028900310208 33.613073645055124 0.5092514854412995 0.03032154665084212 0.4275398439399325
78 6.98872280724781 5.679204029647671 11.261181061126592 1.8849447489933928 9.367224907284028 25.892898379347447 2.626235325687949 0.7514559638160546 5.761641838949153 13.837768848830374 32.09906301008034 0.5082143380957685 0.04352757575044891 0.42658119825076335
86 7.7697992875477535 5.491324003222351 10.877552603023686 2.2601388054323595 10.135930831073248 24.891805560098742 2.9029156598006693 0.7586459570418095 4.363005636716467 13.267696531114277 30.501313155421013 0.5079829805839413 0.04471456380805381 0.42747818981756247
88 7.583398008907873 5.500705055130048 11.06441902040162 2.1420673083594166 9.916181383588192 24.799209669799556 3.0865157393764076 0.6296050471401841 4.602086493759814 14.166670172421474 30.437288962063484 0.5080290446425159 0.04682915380856124 0.42722157508553693
79 7.301401795921919 5.72974596076911 10.874704781513712 2.2978251511162844 10.304184483079045 24.629398512333353 3.0694943051000836 0.5917928383549309 4.993315931073968 13.282974225653767 29.018696403343753 0.5078277640992762 0.053748386121512386 0.42486271735870723
227 7.588631055751812 5.434952217568146 10.772354944606882 2.3717391722353436 9.863734878413133 24.941270905882824 2.9936843586507202 0.5862932476815853 5.033604199002038 14.597413942072006 30.22980013751164 0.5071182328316874 0.06114984244162745 0.42460697226085403
226 7.277062879507421 5.7886540821610515 9.895929489931632 2.87557545161888 10.312447657848933 24.893759241701858 2.8827416448625 0.9513568104714293 4.944981261172137 11.672943872517486 29.217558384452673 0.5038345817248279 0.0805643172738256 0.422695694163742
87 7.542899131217215 5.877938492439596 10.806403553855228 2.329527292974637 10.498554475097372 24.770447465375945 2.7496039382776023 0.6665335408646392 4.663091033271691 11.514043011991296 30.27673908148351 0.5097340704156451 0.021509412714833136 0.4278664688468298
96 7.768955671511517 5.6780950929832965 11.38141213703921 1.7705130790665806 8.96618174466188 26.159968420513405 2.9250877407352713 0.6272691233428616 5.193493530400005 15.181461810606516 32.365204840990586 0.5085062946002924 0.04561913109773243 0.4260513007566644
97 7.803287663925576 5.720738953533701 11.158102254053611 1.962059658631362 9.56731165901463 26.028923587032153 2.5242249326326527 0.932358935887956 4.521499673312864 13.088726525619169 32.6323718838056 0.5086600980252395 0.04076895419432482 0.4265265111268665
89 7.387854855424923 5.606496234548405 10.916314142645891 2.383815738924801 10.317401796760489 23.845706583878716 3.624050093930077 0.9677826729843689 3.7800202771755416 12.920115446521306 29.413284050256483 0.5069540937593507 0.06057320255337568 0.4255579499039322
202 7.59902030733564 5.63594121653099 11.047993955999617 1.950226554868611 9.316860849082579 25.727308026095013 2.9117429966640462 1.104885434272076 4.196061099142923 13.133520801549018 32.95342603257057 0.508443416299856 0.04312514821123143 0.4263938451936257
201 7.166667688156581 5.954713523653879 10.574078300657332 2.4705745773148204 10.35794535816252 24.834957532951048 2.9637990783244934 0.6202681527516811 5.223898325303428 11.577343046921953 29.685930690589736 0.5075802205536342 0.05619896389550656 0.42503857712388676
101 7.639312646889478 5.842590336380437 11.297175646478609 1.910874729636133 9.795840353017677 25.27568522364224 2.8323354948141524 0.48803636670213474 5.97755424298159 14.378116628821545 30.497800350323367 0.5092561981473768 0.028972098732124252 0.42788683253237036
102 7.573547580299318 5.604705114800097 10.590930059073866 2.5014227164481153 10.535343999446322 24.66016315481577 2.8282255224367407 0.8478931691853235 4.84583730936742 12.6091373778974 28.915555043379104 0.5072897612781877 0.06083615413479129 0.42498452686922716
103 7.655355247623647 5.69013267758357 10.829476677685857 2.216651797929754 10.09633026368232 25.366892199088312 2.5165198725270077 0.7087387449697004 5.590566581355682 13.729607468916681 29.75188258807335 0.5084574954597272 0.04232009033733715 0.4267983288033681
111 7.465121170533589 5.665342430090826 10.666419463122741 2.2089065752898964 9.268830538013344 26.462148286242545 2.4204111715862475 1.1040281415696307 5.641848359286513 13.188441113888937 32.518876491157165 0.5062299221891639 0.06843770764858337 0.423417189350048
113 7.354577513395116 5.821033609240988 11.362293446874633 1.771775715239272 9.16413571528669 26.44714006319867 2.5299078092712115 0.9103268321871109 5.038063896956435 13.688047299479816 33.04833566292107 0.5089881278950992 0.04118554655581481 0.4267039143531351
104 6.860599339772854 5.863121180942126 11.194646995715571 2.03676978725077 10.534885943473888 25.161944443653553 2.5744159317160524 0.5451098947901781 5.450700062455162 11.941881893579945 29.70504252405351 0.5098914171143206 0.023344953910526017 0.4281801260007583
112 7.759244119308715 5.569925003548006 10.9754840888349 2.329305291365459 10.600057888671428 24.516925046244356 2.9038904098331964 0.48219783360097535 4.764880698938102 12.821783421154848 29.457100433884573 0.5074241442593844 0.052040049828491204 0.4257099818901735
121 8.161364649874848 5.465058715729015 10.7579551854037 1.937731567975881 8.855776531036247 25.815322456660706 3.1372869451668977 0.8853075550798888 4.738041192294606 15.21694863868646 32.13952911581724 0.5058260578822806 0.06757339036454776 0.42480215484804845
122 7.7735452799022715 5.537258418619991 11.24243168549985 1.9142072956777618 9.362595032990136 26.494128126186048 2.256196091794717 0.721709542020694 4.941585434485245 13.669607563505176 33.49274247662692 0.5085069686882865 0.04021171588388533 0.4269107309764499
114 7.253203029643791 5.599567492371544 10.684223192854796 2.391676390462984 10.34322663815426 25.394160614955947 2.4032376018874566 0.7220623570636024 4.437795418592391 11.422450889586157 31.56876197770938 0.5095180337389562 0.030194796924795868 0.42750393540408693
80 7.3389316716004664 5.701016768580699 11.159959584685838 1.8995710844961193 9.1384820891494 25.984577958610554 2.8398505996342864 0.8354123024021883 5.050748259643723 13.4215008551127 33.56943680002377 0.5081350185966428 0.0467404348659398 0.42666492929755
90 7.806547001110331 5.492325412682799 11.112159574881918 2.0140935670864564 9.5339187428074 25.432375574710203 2.8054367775118996 1.0048550090504007 4.632780292391354 13.887687494305776 32.33030787008515 0.5089679216013352 0.0328471934366442 0.42774775710125834
228 8.164537674877398 5.404437391298671 11.062899618888366 2.0767606309104836 9.728516541938738 25.08526264503732 3.18668236483049 0.9564361595466675 4.559361075107246 14.492920257774218 30.299533771928402 0.5087528764846245 0.040956648031249286 0.42702189928268985
81 7.4232136083375675 5.6716303736842235 10.734630856456418 2.500491972072536 10.301989674804652 24.615055745576008 2.939616521127976 0.7557459610668077 4.858465977454061 12.685434137914982 30.04846357396515 0.506896768280803 0.06008599992494015 0.42368248671252756
82 7.393101436165274 5.312829742471242 10.317573153851642 2.456175877554886 8.97570485615711 25.80410948019243 2.9372426183279163 1.4241066058142653 4.496104231885763 12.929539939731276 33.954641809052546 0.5062036440856695 0.06632632045103291 0.42448772791887823
92 7.663710358503653 5.703519025591381 11.083067701641797 2.038076828483574 9.635640950718246 25.563760535607493 2.717749332210123 0.5222635246035698 5.920023239858807 14.233907240653508 31.026065948446135 0.5092769452317379 0.03346456565969884 0.4272485449223986
98 7.76622510397068 5.549231279278601 11.274701631070299 1.8818936592575222 9.354824029339305 26.088842324623165 2.5399051945833255 0.6370422758073749 5.414801267844797 14.186475172963785 32.83129831864178 0.5085284772624558 0.04518837840075803 0.4256076167178168
203 7.501474074723185 5.355288699304411 10.684297022464284 2.444428853168774 9.607591244632921 25.22244245468932 3.0347467905450247 1.1850889922167722 5.184953148176815 13.51045515397269 31.179560240314185 0.5029842131198735 0.08474051988403049 0.4219002705398753
91 7.367780200950938 5.828025768801357 10.913068281487659 2.191440693174075 9.861133520656749 25.356065062724106 2.8568540320660283 0.5002716798430455 5.630320713869309 13.122821312822323 30.54155183751756 0.5082755255336467 0.044983619106122696 0.42583607606211027
99 7.4741752931427365 5.668578292016017 11.180648352087088 2.0361869993768513 9.277912417542918 25.177249954166747 3.2755685307086297 1.2370197929151439 4.271015323076352 13.501106655341909 32.43220416726311 0.5069244643918732 0.058876233339315846 0.4256897188695119
105 7.806409526558611 5.335456085869948 10.901822007898836 2.093445264891291 9.290085610267285 25.65701554755982 2.88395485145126 1.0428054334939945 4.290857155410867 14.148282360909995 32.83047548125745 0.5077955610710397 0.05511311034788071 0.4244846471577009
115 7.7339663723054946 5.57447218410544 11.451895445791962 1.6527965587843034 8.659297162459925 27.405570360965534 2.110509653643815 0.6235590211194194 5.388459093772298 15.168598808438414 34.58628582417793 0.5094364014423992 0.020492203984921516 0.42808232834477505
106 7.164988651359151 5.775184124671231 10.42393095663213 2.3830761187270393 9.938258239682705 24.79861581635589 3.221139890921339 0.9780074733886438 5.137982741504498 12.827577019447768 29.7442787324637 0.5042982999474399 0.08077497549222457 0.4217858540179133
107 7.930748828036178 5.513844117341133 10.829206333499926 2.1749536277917416 9.425359354486 25.02143215441265 3.3170739858903584 0.9588712833070876 4.459805217265513 14.218489718520951 31.216506788479435 0.5095090811559528 0.025523498634078705 0.4271052449417932
117 7.591720840914251 5.597258795188648 10.975532455948384 1.940104505640217 8.79972467694861 26.330690185954946 2.7376639871234554 0.7697408507610471 5.364434994728029 15.261856136538423 32.63377335296338 0.5068726024360746 0.055380817747075796 0.42579292523488643
123 7.3828785133201515 5.735506899373928 11.243845292296617 1.931970060377383 9.632873785266689 25.640698360025546 2.6608456824839486 0.4871598098506703 6.2841779218136 14.5447752864314 30.948061400628355 0.5075295970269225 0.052195750848975014 0.4260668944355125
116 7.127785565012126 5.898947122665925 10.75485504611098 2.1736028255291737 9.75700853146782 25.79883589282514 2.639160795047938 0.6460335053737768 5.481268185208108 11.962882978583664 31.602151442745154 0.5093772653076793 0.027635913165867585 0.42791518839952436
124 7.462673964015459 5.620092871291276 10.543948953039168 2.403103440355337 9.522317508958757 25.863752898139207 2.66935062828348 1.1138663850613095 4.6197280644710785 12.516081470756934 32.318667340861424 0.5073849352177265 0.04929162900311345 0.42534763849792917
229 7.86426969163931 5.619389655979144 11.191993704773571 1.939580834884145 9.21806644501063 25.713023159643228 2.990648096150431 0.7281540135413613 4.7551175679165665 14.404724688777822 32.562064247198926 0.5093396306001267 0.02690184611096125 0.42756956279612346
230 7.184041644465205 5.750516252577643 10.824496641281085 2.174065246791037 9.59546049749412 25.22236672208384 3.0619114421080798 0.7648144389428903 5.917588560845968 13.167377764030547 31.410373175414545 0.5074065210387418 0.0504065342804662 0.426341212337488
83 7.158016769814567 5.690796171622112 11.162249825506988 1.9496439739220677 9.271403078164042 25.82071022072519 2.8641563737641724 0.7695954807442003 4.81986960493716 13.57419448952209 32.63310295430293 0.5091161346118157 0.031037109407312562 0.42739502962432646
84 7.464846238253779 5.404368353722522 10.68371373653828 2.245907855094959 9.605303254249968 25.38558034579648 2.8800549095147976 0.8740347184672517 5.003126971924775 12.99390295510118 32.28224878742036 0.5091011515727788 0.03535975352430078 0.4275847351022893
85 7.471016627870263 5.731328789162265 11.113369190176988 2.0244207064567155 9.362199899790568 26.11557664463596 2.513665619062308 0.6457921173504114 4.913785051046391 13.618422760172779 33.14358996529672 0.5084338681117391 0.03985650591248856 0.4276886664763613
94 7.28274811577909 5.7413299057103 11.16709056349457 2.12097170372277 10.118271846613212 25.12402976156565 2.637891900317705 0.41470380679526975 5.851031261266217 14.066754563008192 30.117248993382248 0.5079779238879986 0.05497508454622323 0.42491302943509623
205 6.608989205692686 5.801937480614663 10.328245758475768 2.701669391041387 10.201645532253542 25.110204992739575 2.663706118040828 0.5439071589511184 6.111420047232295 11.31770011541935 30.747922442920174 0.5048683729178485 0.07217097628136401 0.4232968770633099
204 7.2502073352178105 5.672759074712369 10.3788237284466 2.508198848725917 9.83376472616212 25.17260467838755 3.0119609388532407 0.9359863064062891 4.369344892437356 11.759257683926082 31.132830606631774 0.5070279501494696 0.052287077876846486 0.42600518773550655
93 7.6037106960625955 5.565723691850594 10.782031517736609 2.309546929138075 10.165869892849637 24.609577103256083 3.191599290958499 0.6793780708261997 4.3262180914721995 13.270539497882433 29.75146777779318 0.5078409753049422 0.04821353702185849 0.42651115234375686
95 7.255229478316369 5.770629618561968 10.94983144662234 2.1688548563880965 9.943487812735981 25.512432886035107 2.769709776693558 0.5033311900035642 5.557590909434635 13.084295943937555 30.2391188683943 0.509171746514907 0.034044504049368464 0.4279523009708002
100 7.332768580284036 5.690269239506844 11.031808810846027 1.9867321019210011 9.01856510614687 26.25494268630633 2.6771971984708385 0.9250080686100295 5.051675327147149 14.02802717365495 33.23995265442333 0.5075725228546807 0.04961833420973795 0.4265196127012471
108 7.634064349932369 5.645372605996165 10.506635389374058 2.5668946545158966 10.367011265224393 24.147142379424153 3.1988949460313965 0.8392359442181319 4.327536910935224 12.462102937168563 29.878087950474978 0.5090886685513126 0.04128730369446876 0.426150485933361
109 8.030302125137313 5.461683100020294 11.082014004945316 1.989259139703511 9.483526602599175 24.99950122585602 3.3095965469703326 0.7875632154919978 4.642532945552775 15.129167911294928 31.11698491630621 0.507895179242978 0.0513725332086503 0.4256678250472261
110 7.629477682654282 5.500009624605174 10.629781826637046 2.281257208158398 9.671835619019859 24.80545821764623 3.3864699835708083 0.9222379430622756 3.828437026838289 13.08287149273665 31.407144540065566 0.5096093642616956 0.02505130174857109 0.42820820279033583
119 7.349998999370585 5.7354348619383435 11.188754427540493 1.873378481066736 9.288448434295901 26.482942043134308 2.4486068640807535 0.7908056875108623 5.341353844266091 13.642463127068849 32.755239053285436 0.5086484893111731 0.046806616128828714 0.4258388068428043
118 7.5340727833592975 5.733610252281756 10.796585523411055 2.2492000904378218 9.7934531073102 25.441068956542637 2.93897110179233 0.8884213926077734 4.661818524847254 12.492522008174292 31.407617046616554 0.50848621501791 0.039816211565223844 0.42732653209676114
120 7.807761616432396 5.760733561424842 10.837497415752594 2.2769758455486837 10.392546078933162 24.572598180680735 3.0064931953099774 0.6469069053836991 4.696696778732699 12.493407887688072 29.915185675015863 0.5094512184634572 0.03232212890126199 0.4269554659935027
125 7.932256915064195 5.59730650147563 11.35437621949719 1.675555919909584 8.782111700662679 26.41296594731981 2.666470281991978 0.6889194575966551 5.355736880669072 15.67284360184437 33.33435877014673 0.5097731169406663 0.02023084278713783 0.427995671487352
131 7.458122009799539 5.846642942804205 10.769977227742075 2.458613794614766 10.2999448401826 24.951018265314755 2.6914721615955304 0.9339508761614815 4.642886706145842 11.462876450341565 30.81527496058958 0.5081144833859815 0.045918748746522374 0.4271741775051924
132 7.853446433878351 5.537803562945841 11.164868554521911 1.8929469698510542 8.585868525934034 26.37918498050344 2.7912519405006813 0.9108981740022116 5.058654074261037 14.848652246563919 34.5208088897905 0.5084499166040689 0.042817566712024906 0.4270438676078242
133 7.240953338625122 5.779606029187931 10.97210827368762 1.835021353597064 8.955438084900356 26.075481129549072 2.9103137464493187 0.6025173763173427 6.153076909849009 14.909904297720741 31.871597860462394 0.5087701035958565 0.04210803694724586 0.42665961541586167
156 7.51976121713145 5.677918745135346 10.72022795634082 2.398939761371831 9.942730093290658 24.150223504750308 3.5832287097851983 0.6125128615388212 5.014162254307137 13.587782898148232 29.967475236222946 0.5087367967086713 0.04288089348914407 0.42673376719159195
158 7.901986673413679 5.475186846732146 10.661856392144138 2.3301654402494316 9.090166531296845 25.70041020317639 3.0133927251076056 0.5238691511069578 4.89202399906736 14.518205359724961 32.64732676788378 0.5084231918393735 0.04525884536789628 0.42586544876209115
134 7.155349357386717 5.850615556081195 11.05958080295711 2.0045564604438657 8.958197718570371 26.663401866003863 2.431746121620236 0.36477003729510293 6.767061277297363 14.092845508123732 33.412937211499894 0.5083700847359707 0.04293548597487899 0.42704918657614066
141 7.4085235598923 5.672567895756791 10.610435505115161 2.656627661387672 10.345472051183181 24.606699030772226 2.8893195824866345 0.8852354203617765 4.475849229446371 11.51483450822357 30.92354137714313 0.5077837462452943 0.05118039650734706 0.426054352084
142 8.111000139826526 5.564225724101797 10.883615928729403 2.3618307032499257 10.575449649278486 24.581081042761134 2.9253032730010307 0.7312892136408021 3.931937193575396 12.430799804257497 29.465462939527516 0.5075393677363094 0.053835522315723305 0.4254109908145905
143 7.712986337394116 5.652378809081641 10.960856101767632 2.0305342739153263 9.286728106808603 26.118138790893546 2.6270625228626 0.39363063427176026 6.062362731396202 14.205246267647931 32.42290083830905 0.5094057611400317 0.027458311948280995 0.4272612555603088
166 7.537066587175881 5.754552217722918 10.764496444804891 2.180075782357438 8.994778401918483 25.40837206830633 3.261709743737638 0.7127294952197514 5.215075392942627 13.99256894432019 33.07394439565311 0.5095082785167684 0.02872916734905107 0.42821297636034933
168 7.180938436095341 5.883053097227941 10.514716310452705 2.2709407196001026 8.967009025999563 25.72116360054357 3.1680618609302513 0.831406207541571 5.461373795373391 13.206595976643202 32.41176294189348 0.5063200827766822 0.06571444047180906 0.42330229780854345
144 7.660294315049287 5.54598737982703 10.935021800164838 1.9864859730553264 9.093144523651679 25.772458719627103 2.918863660710851 0.7476151477621351 6.039135916205264 15.686931346857799 31.472401147630883 0.5080919555063839 0.043917522045423436 0.427340410593987
157 7.4199210296501725 5.823305914602868 10.800181187284183 2.0037302515081454 8.562578975122355 26.21245011722634 3.1409015624142786 0.581495279432501 6.619666866927659 15.179687739771461 32.05150750490778 0.5091421915505329 0.04017892849049902 0.42629097484451633
176 7.616651976383914 5.766479271511756 10.625774768013885 2.2114040918896274 8.829742738333824 26.06430516699041 2.885084748075933 0.5645954866423788 5.7241551286601045 13.629917882054555 33.79547818538776 0.5092803243342665 0.026210413924642368 0.42784657434291246
177 7.698119251984025 5.811684347040209 10.793808191391118 2.1564691213890566 9.151069556584392 25.948446094990448 2.8559335765035594 0.7647975335109359 4.94383084117452 12.965010346396902 33.32255594205417 0.5093014929955585 0.029146453845893875 0.42788738273668336
169 7.775222687113343 5.491340177041961 10.96156791754973 2.073815254619519 9.053435635712932 26.35956497537331 2.542318932915531 0.7750363333910453 5.414517917598659 14.066589227424497 33.62762170565813 0.5058777720580228 0.06458377205007239 0.423682373374722
159 7.8439859991596945 5.661069701141131 10.761456434701131 2.1952927715552524 9.552889220449112 25.301008138179153 3.066007889813902 0.6309486227713172 5.168772631677173 13.584231163404812 31.31490327057918 0.5078810270608926 0.03700805863942217 0.42759912978876324
182 7.521479656311628 5.821607026132318 10.23305214558506 2.7211145523740536 9.999774176418931 24.189725285567285 3.6832184396429977 0.7175052947862995 5.25811918573428 13.541132507792122 27.864805052645185 0.5050372175535204 0.0795560882832372 0.42089462122339544
181 7.665557182783203 5.921245790978429 10.827371271607479 2.0944332776077923 8.952121244563225 25.718418878657463 3.140783047544952 0.4926939367906232 5.832987475730305 13.972871993177169 32.708997476372886 0.5096391255421381 0.029250276359144144 0.4280208276977676
167 7.620184611026342 5.81604533023891 10.913353171959983 2.0369893457829873 8.807565283774698 25.873839050318292 3.1553711912012448 1.1016385999550025 4.596995854611259 13.621502224667436 33.663468883207734 0.5087510705821673 0.03507241678516883 0.4265321887017358
191 7.7381630847350715 5.834898120648113 10.967879088987685 2.0494848902592318 9.199149491535762 26.21334640750604 2.5589350340598713 0.7092611787571024 5.774712040512989 13.137585388569784 33.3500556356978 0.5078049471186009 0.04740178382898338 0.4270045132286196
192 7.628670579427439 5.631224302964128 10.755484032142993 2.2316690286899585 9.573499938860781 25.502308534981935 2.742802737832242 0.8002432982962414 5.451504758078407 13.883189222890019 31.719945685400212 0.5086747406537016 0.04050138764251439 0.42644752029438127
196 7.544867772790573 5.799487923570977 10.924663662835956 1.9408870511782834 8.58299572777815 26.596572908327325 2.789828529671663 0.9018730038501633 5.399966302635495 14.16036006907688 34.00913460951485 0.5076611780574007 0.048778924676526954 0.42631255091778153
197 7.181648220000644 5.496561702006141 10.700793009635326 2.2882452116519145 9.587639377956894 24.965712990370648 3.19305194630368 0.8266945020562964 5.500470019871104 14.371300607271818 30.42429442093702 0.5057321398290748 0.06643115706581314 0.424505360975857
135 7.695881035329372 5.555746089593458 10.974560418010295 2.065472148775776 8.837356372693057 26.348251174096 2.660579663589148 0.8703749409014648 4.787382254567196 14.100738643840561 34.391904778766644 0.5094261121821559 0.02815948481145323 0.4270214214582441
160 7.624786661091578 5.547524773092221 10.103961357864133 2.759099983745555 9.913092812029815 24.093159145195614 3.4896521450130757 1.2050321093066483 5.2045365442660225 14.527679283796477 28.25349224088299 0.5018126995268483 0.09512707347833378 0.4196118935287327
184 7.912606355492153 5.514274842670086 11.047973944359724 2.1244533938665104 9.852101270360555 24.202648354626263 3.7883198649110783 0.9301498816059807 3.7839713242017234 13.970015255757419 29.895631772024654 0.5095308779486731 0.02597872207914156 0.4282817766033751
136 7.401865945716193 5.846649123906787 10.907433738803558 2.061594417952502 8.781948049209369 25.792838258290633 3.0289492691214766 1.2372498964875491 4.888111735249059 12.868986573611007 34.737800711155465 0.5085613292585798 0.040448675846850635 0.4272601790026134
137 7.426588599320872 5.649412722433333 10.521248709212491 2.314721007910016 9.142547971292764 25.947446639313043 2.8520385337025846 0.8790705412274749 4.538650940713239 12.021672606323806 34.39071955427129 0.5099319109001905 0.01911506867498147 0.4282865048909127
162 7.821527084306634 5.892028297306417 11.044675573023483 2.0526921393426214 9.374212951515657 25.377736608968583 3.059769642021938 0.5381671294628592 5.852832273955954 14.368592370137042 31.290819513681793 0.5089780664308972 0.03725514204981206 0.4273685100375454
171 7.650545936802587 5.614067801690783 10.887852035658552 1.9964196336206224 8.774652729358133 26.163214019359575 2.962453358790697 0.9560653629168977 5.480320544927911 14.162530513861453 33.353914477998245 0.5058870239685367 0.06707457908082624 0.4249731265568297
145 7.866278236566388 5.568819990101301 11.048387060188226 2.3064255136105785 9.965900830549634 23.981180448554095 3.738362171346041 0.4710639555383464 5.447479195909803 15.021802894972122 28.675148127609845 0.5060212778511184 0.06832238388408932 0.42426538048905965
170 7.738480196058891 5.697208682321681 10.744795563168658 2.2157123517898105 9.35900508030336 25.481130148180295 2.876030469821496 0.6295016056388225 5.8558696617356985 13.561446279696858 32.6686589001584 0.5069015477036013 0.05807585544200406 0.4245559298425295
146 8.539488200577965 5.214224209466743 10.546350376872942 2.2256076430191003 9.105227710129643 25.016547854751714 3.4760844540918203 0.6102401511000709 5.446708068301838 16.056934916791047 30.923732431347993 0.5055172373602022 0.0689982978333618 0.4240989618017286
147 7.7179091858740385 5.630858092952366 9.83467732302522 2.9354013362472586 9.694337319361553 24.348752174373427 3.6119064871977233 0.8280007734135506 4.9386593511634125 13.235502344227928 30.012471694669905 0.5059683770158946 0.06652765548972711 0.424109740978749
172 7.882588984182374 5.679844899572429 10.567299041997314 2.3856724307192168 9.7423854757058 25.051852503540285 3.3156974208170023 0.9330501529084408 4.156567319564313 12.15574480758761 31.249456875983636 0.5092143328917516 0.03612192158767716 0.4273372635686785
183 7.530280466321357 5.52826339055343 10.643374381914038 2.222238480433417 8.92909045292423 26.057956688567078 2.951057133771173 0.6286581652501996 5.264317543842768 14.198240139866591 32.725009949566704 0.5092444093589397 0.03192306197454827 0.4278284627602813
178 7.1876562436893 5.80620093519774 11.460867198902253 1.6545422552303 8.505842980546666 26.873404629168526 2.5681909561612413 0.7014108626949371 6.042749012728999 14.760908093311588 34.701242086071744 0.5095663001395898 0.028875564325684618 0.42782780407300225
161 7.524134574831642 5.693714485314301 10.66545516125499 2.3299013670537523 9.547791904660778 24.673506333553174 3.571509433132631 0.7450256876204846 4.982894647383381 13.874668908145246 30.30236919992424 0.5096481860585579 0.029218858058526687 0.4282487926408021
179 7.77567650527158 5.598701746095176 10.677868138038223 2.0986119033210615 8.545131561957836 25.983887773320536 3.1757320456180116 1.3620274256599865 4.343353545416876 14.111376218159268 34.35074573850695 0.5094775000812046 0.029785443779747997 0.4284821819822222
193 7.375524045540129 5.56148883628114 10.579882524377787 2.4566151108788805 9.549922872771495 25.79140405080655 2.57081352509114 0.8524192413514967 4.390316929339395 12.338132642178834 33.25886776171101 0.5084174776979076 0.046434345853796105 0.426078866890578
198 7.5445918927140765 5.585951700345339 10.808975080519843 2.0427187999015404 9.234746915811312 25.565044320779652 2.9600100087430388 0.583706670028411 6.351404925731016 14.942717601538309 31.52241403061638 0.5055885389553484 0.06657339821571603 0.4238214927614216
185 7.4059053247794795 5.900593152652878 10.965807161497978 2.036341491187743 9.128955393092685 25.660325324733087 2.970619691661241 0.630437920072089 5.63688346262782 13.757408334610828 33.00162511001686 0.5099191052579672 0.02056507116359682 0.428528520897853
175 7.906216298825778 5.546751615157933 11.055464971859072 1.9676893186418645 9.207062790907 25.99833064327335 2.738716987374993 0.4755062998965057 5.689458501849317 14.414612198043592 32.582150867054445 0.5093782350130429 0.0369778726432027 0.42748224942877766
173 7.703051997551518 5.492433476950912 10.837731432328788 2.0942911831941498 8.851855685966276 26.23198841915568 2.6658278701145384 1.03720790331013 4.537131452578974 13.755948972716004 34.824853840077665 0.5080315298725698 0.03922028201677239 0.42743772895460536
138 7.586447974551361 5.536770256995209 10.832001626703688 2.3404253788290417 8.989664213451318 25.53952806142556 2.9735796875328355 0.6775333189374738 5.0491422502961125 14.79523292332027 33.29457146472597 0.5062014999863566 0.06464093701805661 0.42511620578324955
139 7.103409851869021 5.656396787546433 11.066534639769412 2.120704372993882 9.318459777763122 25.874776561543854 2.597771153232776 0.9749670547643777 5.518932969178799 13.266634272631226 33.27680178760737 0.5078893965857445 0.05217890061286005 0.42560514971657304
140 7.915657516951349 5.563584843404923 11.397214977830586 1.6962665930466614 8.698591725720812 26.719262025809275 2.634236533109371 1.067302874511278 5.2854862100936515 14.949130759082555 34.23827924689532 0.5092241451716806 0.03254542977525441 0.42789821339904643
164 7.507002918679587 5.920203329932771 11.055254968916438 2.035934979026088 9.590654856290278 25.520591610250978 2.957557189160041 0.4047112914484754 6.146293294880285 13.701456802203957 31.089770678756626 0.5090950790236404 0.037577711319879824 0.42749559519391955
148 7.698074101883516 5.682511053053862 10.999967221358046 2.052317513931391 9.115218913839488 25.948388223639913 2.739801759421436 0.5211922361250548 5.5871038161238324 14.796837856471026 32.29985199931942 0.5092591278735112 0.036957250982809546 0.42662961714511005
149 7.6714915614431405 5.273448409749751 10.828468707659969 2.173547326248096 9.483443110711185 24.87437860351109 3.5355614804137625 0.6038923444384029 5.177148973668172 14.997555227331244 30.344842594924756 0.5069547516726115 0.05699007582958552 0.4245248639355199
150 7.260358399514354 5.871608375872805 11.029937683838577 1.9936005307099638 9.24980765017289 25.776281857371718 2.778953053095085 0.6251803342056558 5.847585162825984 14.115926945981933 32.18714944143327 0.5073967909708453 0.05176238941016234 0.42604125638538526
174 7.450939837240957 5.63412052092855 10.825733371985027 2.0831626307259548 8.95599394879594 26.079395555972585 2.8365221951616384 0.8360370599078255 5.246567760510225 14.030115344486566 33.29291000051687 0.509930659076074 0.027925387347705416 0.42844019381663323
163 7.7579327212424944 5.782736174923212 11.144865577872055 1.9368931602584136 9.178342482451257 25.567421494717692 3.091783067442542 0.8207953417173357 4.4639688859759366 13.501292473638506 33.27685336223583 0.5102439444843644 0.013026542660634117 0.42865764535538997
165 7.711578141359029 5.772992958283676 11.285172155430551 1.6460161529831558 7.9307112528840245 27.293774439475534 2.590837687416216 0.2838845948153433 7.288720387229605 17.071762959541328 34.451958984553315 0.5100182483596924 0.024097383347631462 0.4282697034443162
180 7.596604712045932 5.779335378731976 10.847008815815412 2.214168005993215 9.125973434629945 25.679585779708148 2.968050652870387 0.5568178771782542 5.886137202804678 14.158826753239483 32.49732020507843 0.5081879160029579 0.047922281602766514 0.4266845233883874
194 7.6227458858469666 5.686181876545206 10.861703950530117 2.1337394691336615 8.954497523781935 25.40346651220937 3.314063035096386 0.7986097546907484 4.722751734667911 13.998490195052641 33.29816292151293 0.5088800770358395 0.03280517580496644 0.4280871281104034
195 7.754218649939544 5.814618802576254 11.237313078531447 1.7494013068371417 8.438611611925623 26.309273902722172 3.084813239624216 0.46019834093205797 6.636762007890729 15.889371283866097 33.01338967750126 0.5093685203943163 0.03266870755382691 0.4270766265423844
199 7.781207116383461 5.457411415740133 10.966289249698248 2.034031721886541 8.98734452335783 25.551247427385963 3.2635752798867523 0.837936405225582 5.039952055135418 15.023933867180615 32.12985144804473 0.5085190400946044 0.04301263397446432 0.4273124738274944
200 8.142852361614349 5.522394295723369 10.749634405144194 2.3263507337905054 9.119529272428391 25.47658628957774 3.110061574747896 1.1367394954985877 4.4240694861596594 14.397623220505345 32.70586426155616 0.5073211941939169 0.05773711164413094 0.42540471593940216
206 7.64450523940663 5.659675491277437 10.993599551052139 1.8930959847717395 8.636058825287103 25.86181447662491 3.15657485692099 0.5931214168323606 6.135259853137141 16.10869803797411 32.30966337551042 0.5078535870753552 0.0520999691005601 0.4262287292734928
207 7.944175874054692 5.297714218697538 10.87507176857625 2.164164298188168 9.693598656397425 24.815264312235975 3.447413858894801 0.970153605824622 3.900197803457626 14.115016678365214 31.081683552239497 0.508156403721249 0.052109887946406586 0.42590738798075845
208 7.622549200470938 5.771279840000031 11.443122319300677 1.817452648972795 9.326747074905041 25.44762917018986 3.0387713709622637 0.6811014698269287 5.328674516294738 14.556624002759028 32.04487848011754 0.5086811353276558 0.04322127751214093 0.42630782801774
209 7.566965216905477 5.421932752990951 10.729171763564503 2.258395824278997 9.619553432279764 25.122892323362567 3.1075323473430365 1.1965025862410572 4.547605313026624 13.935910277225124 31.147716280666003 0.5080509321711603 0.05267612099936667 0.42487341386317357
244 7.077846106769427 5.812287994971645 10.94084256119167 2.046344655068167 9.196829377202 27.029130847376628 2.153201865709639 0.9516836563258676 5.605012368314409 12.299977612258532 34.0659461972784 0.5089293785902932 0.036092223544330386 0.4283324225733677
243 7.584093128390957 5.716755937224261 11.147470572649755 2.1288279232904523 10.075935579641172 24.838213701975953 2.9262349184996994 0.7508993107559053 4.443230790437525 13.24720974154984 31.041907643436748 0.5093956579587217 0.028026289443765846 0.4279806892608914
242 7.8039777079153225 5.678767043879113 11.180037932010759 1.8932945041560543 9.465040803767721 25.511469384084023 2.9887191180280235 1.090646793082868 4.521636524098015 13.527583328285806 32.15231405365734 0.508539609455235 0.0347735761400888 0.42815269709081777
234 7.2191861702985465 5.8250684349998245 11.004278544675513 1.8885410356428882 9.002758335253425 26.61633859537394 2.5515936940056867 0.7280061375309348 5.986243513156969 13.56019761917479 33.087926551837946 0.5088522887193229 0.038019148516148134 0.427674362931628
241 6.97215519069643 5.667263654589724 10.962577865161316 1.9832864785190243 8.929853902021966 26.051946507636146 2.9497095788341734 0.8329310500363977 4.963328760873992 12.819883367100543 34.12973621876485 0.5090263975384266 0.0353650239876013 0.42764828209203065
216 7.548475347195717 5.85972073291915 10.693330161487824 2.2747898651647893 9.48694928702902 25.266324787864203 3.0870902032161336 0.7878509313994468 4.699947009475458 12.584090794545029 32.44632322841782 0.5095417630128479 0.027172208699513242 0.42798096445562933
217 7.648685194125414 5.602434879235843 10.758767334793035 2.15344000290877 9.401093698072062 25.659985733480596 2.845195727189754 0.8056347368573905 5.105303106278789 14.162232022527396 31.4282538531072 0.5078784622031565 0.054687869281916095 0.4246182458962761
218 7.733054713467739 5.4591289115102555 10.762448478861101 2.3205731767595097 9.879438580165282 25.120632096421954 2.9429306865218723 0.7688029284517277 3.7027185997442453 12.627706387584373 32.017110207309706 0.5089327723135035 0.03179075504153172 0.4278304461609861
233 7.433703927957915 5.613657299401594 11.298251223192906 1.8790739073348424 9.414614997510029 25.838816864803782 2.676335869365224 0.7849643836589791 5.062933218136601 14.211446729371792 32.27008609219658 0.5097879408809534 0.023045497799174693 0.4284864330943022
219 7.723425449958152 5.409623499140055 11.21501638151247 2.024331821133701 9.784111719374446 24.439773572616808 3.385269824404177 0.8213696144905449 3.9223933589541335 14.06546583584921 31.351416462910162 0.5090695062532505 0.031680811578357865 0.4279223477532425
232 8.17088811857662 5.52904190531613 11.05184747624706 2.0169296029727213 9.621109428596252 25.339700823883575 2.95567225966438 0.6259386675728323 4.909540184409007 14.884344432947348 30.807679670073213 0.5097326423385304 0.031799462795537504 0.4276972227616651
231 8.305060385191831 4.928351684530377 10.611907925844074 2.2196766042985283 9.053783400178087 26.05051422242252 2.93570645555269 1.1956407655512615 4.133374147642262 14.234199564149646 33.41628101253084 0.5054841562993603 0.0630975357908514 0.4250106902138984
236 7.762661155686609 5.645810301948361 10.643506296546906 2.4048695835666956 9.260101470178942 25.28646662845953 3.242510188577884 0.7017838823173874 5.640673474607688 14.270888035616561 30.96810586162186 0.505946450120772 0.06957777541941457 0.42253678892596686
237 7.175649918796632 5.73246790765984 10.176032562383506 2.345158498728365 8.946911237090763 25.26925900776039 3.774370804498315 0.9370974257572958 6.239380557468057 14.102814569151644 29.950382609344807 0.50510789090867 0.07289946762359899 0.4227205927152028
247 7.450296269845502 5.860164422682273 10.50973772112369 2.3164854097188456 9.02153070680814 25.53103985402501 3.1641724582154165 0.7671480276104806 6.052059371801095 13.555516785473632 31.70745485112822 0.5068126040713383 0.06294197374742735 0.4236259906875471
210 7.610456261251124 5.5119626429668696 11.056316693283915 2.3042085858373365 9.922082058092313 25.214905679041117 2.8160290879742536 0.6642236049890645 5.102288040137658 13.514006903011701 31.2711014347294 0.5039313595604985 0.08055486073469464 0.4221384604646986
246 7.846160433015097 5.622226555018707 10.840287743545444 2.203841524168457 9.09171339345979 25.358856928813495 3.298788903836976 1.0745932458408276 4.67431707706021 13.755086761881595 33.051293434151816 0.5066541940274069 0.058716661626669664 0.42461875438076646
245 7.898197831072862 5.7461212070183185 10.630241851718115 2.3654833072902592 9.848900895638732 25.509386333654824 2.6521772401246064 0.7383772025724903 4.795870880639464 12.428222856133289 31.88038978628448 0.5084900232594117 0.03906992047117696 0.4265087930513762
235 7.461362355819221 5.624131099656976 10.852617722214537 2.2478470453266537 9.806515659827172 25.53898192702579 2.721167230843124 0.9129226537592 5.125633428494637 12.441031269742538 32.07870889902381 0.5071240214086392 0.05694304072985436 0.4245734093208827
211 7.434012288807409 5.8460376586856855 10.556760541591798 2.3077746481176717 9.216525810156254 24.401409184813705 3.863701103706402 1.026883826510138 5.258964580784426 14.681653593296414 30.206517379716786 0.504955964571258 0.07354022871765308 0.4226959314051126
212 8.164791075025883 5.385164797890141 10.844573502538934 2.0948166668141806 9.24316540250991 25.38088308390016 3.1711654643515472 0.5922694965874382 4.769135643494104 14.590313209515081 32.065214423211515 0.50920235881954 0.03451573566358864 0.42754777088239215
220 7.347325307244566 5.674364046563549 10.526476459164702 2.220083297573613 9.334703320086867 25.913122215743908 2.729198262602982 0.6019367595265925 5.736949667419772 13.682905956954915 31.67894654771207 0.5089651937734406 0.03347218491744013 0.42796454046964083
221 8.073910802827614 5.53879359841524 10.414107264461519 2.6200242816099433 10.068067315686969 24.850307796133137 3.0433613366942915 0.9338207982526555 4.179397337638456 12.675070594883982 30.328806122407865 0.5080159868416684 0.04530766674263148 0.42655765836546244
222 7.470996310705564 5.678588804044501 10.63063121779031 2.3634644957833943 9.306821527439684 25.048021840840363 3.292016404391818 0.5417166851550308 6.346560978088763 14.67028875670165 30.82759301240243 0.5049245858429933 0.07111683981414087 0.42350849685682634
250 7.231783855194548 5.5684096604992375 10.75732791791099 2.0718765948309334 8.64098340759033 26.593691056022006 2.7483180886247878 0.7107934560168179 5.224659850591839 13.948887742286209 34.27486022164322 0.5087977860990481 0.03765354768070497 0.42734563241722273
249 7.64343757474402 5.630220329077157 10.292318634095503 2.6936277946911034 9.507670173037546 25.075472384786238 3.1782860702089177 0.9738223669658429 5.44367197110177 14.013948482706883 30.293791751663072 0.5025383055506601 0.09157922780755569 0.42007450980495303
248 6.9942565397280765 5.694988307262295 10.85913405697604 2.3952735335597555 9.446709388092527 24.868261767424546 3.2921646326859726 1.008531886969909 5.7458607804068205 13.54160395599445 31.31450675250008 0.506701988181736 0.06460875570730963 0.4237815422159922
238 7.700750463307671 5.603835315487712 10.787290145067303 2.167081836098926 9.03155381570296 25.668170870409217 3.1695126616117544 0.588834417773422 5.594441610279006 14.700219294783874 31.95021241828457 0.5077622091374747 0.04588838116709076 0.4260613681983268
213 7.259062452333946 5.868340640194182 10.896248954938672 1.9600994565254446 8.515133653074654 25.949706184873364 3.316625848780245 0.628370122357645 6.0876107813728835 14.137806881619637 33.45194806633354 0.5072291972596197 0.05330170287113561 0.4266970756742012
214 7.784310095279376 5.56360054082761 10.348810935320055 2.328460624794809 9.089101308543945 25.850350146194565 2.8737047664543875 0.786342959424334 5.564618396900752 14.80832333972914 31.656775213232986 0.5050328360271223 0.06970874694318736 0.4231764400023323
215 7.513604394083899 5.454127240994066 10.143168487422143 2.7757058401571624 9.665453641703076 25.337281850332058 2.866269007204554 1.1475146011925121 5.176103474286096 12.944937951002116 31.158430870072927 0.5066777312657209 0.06133530951129289 0.42463221420244507
239 8.093094387471975 5.391778776613744 10.422395958219978 2.281395941939179 9.62992493250728 24.885018890736937 3.2962171146549064 0.9185732429701987 5.303153330316106 14.979751465136657 29.574483903874235 0.5049776778069887 0.07790973978601021 0.4206068814658809
223 7.661595880364788 5.556175136304029 10.366196520776175 2.568990878693627 9.682446715218013 25.435357723718454 2.7451995498820327 0.6051915968924736 6.152041062218934 13.136762823409327 31.03444087130164 0.5035696800059039 0.08089810053401682 0.4223919468300268
240 7.754445083299992 5.646843499585588 10.939043298244638 2.1399778304276778 9.896056158283194 24.885927938649726 3.1403951385997493 0.8364377308283616 4.280124845889668 13.228147192091773 30.54706628289406 0.5083803522380015 0.030032803572268504 0.4290283287684831
224 7.44364760183386 5.917586268405905 10.819744095073448 2.1294228145060017 9.072871159357184 26.183749679153088 2.7948464922165552 0.4160918409903895 6.674905061279475 13.717385376300946 32.20585285474742 0.5072640607141571 0.05567242872226442 0.42657658335345777
225 7.7567787234689485 5.788547263258863 11.2529711639387 1.908408776759043 9.367528696118397 25.637547101287083 2.798514171291653 0.6148384479870208 5.863334316359332 14.677096257326978 31.539922054593283 0.5082187412477377 0.048383566371737616 0.42537097857870476
