# timestep 6250
# phase bcc
# id f1 f2 f3 f4 f5 f6 f7 f8 f9 f10 f11 f12 f13 f14
1 7.928045577107856 5.5348796823904935 10.797438612663251 2.1861695248831583 9.310210251649087 25.253595762262414 3.3283209401691667 0.9777647331430115 4.911394227357248 13.995073414648921 31.4181311601277 0.506900330664449 0.06323164628629574 0.42489350597191816
2 7.7551213065580145 5.538561600136664 10.77652148402894 2.1345105715772434 8.9992868980789 25.41165910478223 3.367931767814146 0.6378458958552934 5.503254992301065 14.225962019833682 32.593083230859406 0.5084583095348869 0.04868085216991115 0.4270260800621864
3 7.277688050173299 5.763687658361316 11.100395248898954 1.9042247650410966 8.66096620805813 25.915526130328008 3.1348611606867576 0.3373584413203733 6.607005133599399 15.587605269635851 32.68014933478452 0.5083852852323776 0.04909877198811447 0.42604569848162016
11 8.118522424025333 5.775795649576006 11.17656715108905 1.8815590860679399 8.812528685022354 25.454690482484306 3.369718917427808 0.9704233046348311 5.271819440398296 15.309748280294407 32.36125304713045 0.5093034736095609 0.02863112322990737 0.42775935381073743
13 7.517739151862102 5.909126682961082 11.101623915300786 1.960346080783183 8.923461893076219 26.148630413309963 2.7431303599589607 0.6074693647774572 6.334933936951289 14.292472820839565 33.117948291298134 0.5093329021959846 0.03331547319976554 0.42696631598743545
26 7.448059409724757 5.621602168664377 10.731689935150529 2.359724634900058 9.660830423893605 24.777080219842553 3.276096848512264 0.9651913727065734 5.197272716987181 13.548892520600798 31.24809702895018 0.5045613126078631 0.07772522360768633 0.4227064439886888
28 7.936897588129847 5.498203174076837 10.691865631160512 2.2937718890334775 9.222049180025683 25.703148612619355 2.8683281555923403 1.1181515258568278 4.833997806004653 13.800952703563572 32.894373031505886 0.5070193287170569 0.06025541135675798 0.4250487498951814
36 8.121592642161282 5.396779307779385 10.53764786727683 2.229255710437174 8.612286235399532 26.479485639753268 2.7516886240238425 0.5560325910923742 5.962312840305249 15.112769025018144 33.68253633339436 0.5072739208918503 0.05643186288871242 0.426451443503768
38 7.704419575278513 5.7399675204485945 10.92961793910557 1.8511099057283076 7.992363043748494 26.616677203959473 3.1561533977648444 0.7134732216385515 6.025516763980212 15.932006593691177 34.36722786565907 0.508229935552708 0.04580201337745576 0.4271624993675995
4 7.693306547281488 5.794452196686614 10.990222842751749 2.023216918480842 9.493986980616778 25.33251444977005 3.1106325182268506 0.5707672122448739 5.768747935698681 14.046289137159638 31.23821342772629 0.5094688379088508 0.02663728536484749 0.4275528357457054
12 7.607672521932447 5.786643891255442 10.371237024915906 2.4119265065987983 9.081820742672624 25.808412083956068 2.9805449634204413 0.6351082338379979 6.218943625001101 13.508885086247306 32.49945963960393 0.5073301790499357 0.055943697725967384 0.4252278724932032
21 7.666928966679397 5.584165205344355 10.690966318639267 2.252009882504195 9.201314149317763 25.56862860597717 3.0593153627790177 1.3941146446468045 5.178963573098622 13.238931464903121 32.42538569538215 0.5065316140870139 0.06415163737062972 0.4256920165474885
22 7.602164153342073 5.709766110390872 10.507516386118612 2.5440430005898738 9.936296911955475 24.660375422420543 3.2534776883586525 0.7124196942397572 4.829189941234253 12.657540864315527 30.697860442874997 0.5090079080871537 0.039358004329553845 0.4264965757645952
46 8.214782787656034 5.442379715969431 11.164714040424915 1.8806044463657074 8.810516384720486 25.927228698688193 3.041667221350249 0.6970646182860226 5.164633895844623 15.344208074807508 33.25678515832995 0.509035412677345 0.03146001427223827 0.42789755050176714
47 7.388021392668662 5.844205291555936 10.96921945086125 1.9805587162156397 8.851183515915153 26.24361775158795 2.7821630515017723 0.5127058316903014 6.222981786240237 14.49053240860718 32.86964537702415 0.5089560758455194 0.03433695690067531 0.42785733401314685
14 7.8799903256926225 5.62219091173497 10.920973108998648 2.012101673214647 8.962948316898236 25.86181562392153 3.1384913422880745 0.7799096958839103 5.22447187078518 14.841596442567488 32.134593342148 0.5088373998548135 0.03873953031475842 0.42645500140531784
27 7.82367602328788 5.415435467250904 10.171264758872457 2.6626999167244594 9.517798361337501 25.373018421475443 3.027010614934128 0.6492552762864268 5.424102624527414 12.956028979665223 31.658972389045136 0.5071779797796833 0.05934736239796045 0.42479200983968923
51 7.364783600144594 5.5668639856123745 10.400657981347635 2.4415667227125333 9.51672783066003 25.133759817713877 3.140206750550568 0.7795227041452386 5.764390735016848 13.751592190921308 30.271764641332823 0.5067001777983839 0.057522105330736234 0.42483499557602566
52 7.278141932820309 5.7834365041655165 10.550923381852568 2.5205493574211317 9.59387066385364 25.262498687570556 3.0655966732561724 0.9741419904825876 4.54955646811455 12.229897476478202 31.64195007664947 0.504963562414188 0.07336521999693978 0.42332483712459956
56 7.74207720438037 5.749231563233285 10.568582116502773 2.4969132727614536 9.480529056657995 24.735327771530525 3.4269869319903608 0.8493742785614602 6.318030259915023 14.569721582622272 29.68027499796506 0.5054724084973037 0.06875795256621489 0.42408254922878497
57 7.743889992050313 5.781241166355343 10.914178089820581 2.05162627108134 8.924797421423708 25.706485670493592 3.1993720228481477 0.5645282438841722 5.864043488619462 14.868523585511987 31.948869883198242 0.5097746281392734 0.025444431833717463 0.42712093036972665
29 7.172857023748445 5.84260316641607 10.495400051159523 2.527378341486711 9.893499680568237 24.947274075143454 3.232907756271602 0.6225404439045721 5.340306411444174 12.511550875710267 30.011005361607385 0.5066900968862683 0.06120396303689018 0.4245672255598826
37 7.116964864508287 5.8350338707307365 10.540756998200834 2.2244440372240093 8.75324439712404 25.12693130417426 3.589394898557953 0.6786665197996486 6.724843752478845 14.611599903741713 32.07852273216096 0.5057175905721805 0.06400648689234922 0.4244666834009084
61 7.680231318786547 5.5696467493547575 10.649841619167972 2.3221137199989474 9.000311878483231 25.64127249068508 3.089492940038635 1.1735400650968035 5.519090906507696 15.120333648604799 31.407048144251323 0.5056104604840435 0.06485674879206232 0.42416603610895753
62 7.669855287934616 5.762224616468961 10.934356205755494 2.091303226288275 9.058231866346315 26.219079080530506 2.63638766136808 0.716695370602528 5.2925853025948095 13.624019179145444 33.59434329537382 0.5089400982680847 0.034865671454113095 0.4268531924923689
39 7.640570292614001 5.752755553160028 10.801235711006028 2.1533724306331683 9.176325938897799 25.98011155238815 2.738508444187464 0.6912211215525569 5.343989166757733 13.777907315638977 32.847926535437146 0.5099325923150635 0.02126921682876242 0.4280329885865535
126 7.725620899171066 5.799624611538263 11.192506240589383 1.9395630827193469 9.624019931834288 25.131671522423776 3.071812496971531 0.8770187115569084 5.135648255694116 14.124654752944666 31.07735141126105 0.5094141131062218 0.03261689811872298 0.42804302946448025
127 7.957334458095193 5.435102034781113 11.304954211080869 1.7865313094915445 8.896759308545152 26.128377159787707 2.944332874499446 0.8236264526545669 4.142379050641948 14.883161739500952 33.51668229678129 0.5090187434937125 0.03617210206281937 0.42753215963852914
151 7.502087734260948 5.72797013782415 10.452892962591875 2.66501904716604 10.613321605288125 24.76579425986081 2.716512823346868 0.8153817979344821 4.649855391326674 11.561946299532341 29.698775883306304 0.5084890762852319 0.04683313145161282 0.42591357210214537
152 7.4709095298526185 5.752649710672755 10.503624430701747 2.29677565393273 9.642063169447333 25.949241117190137 2.5603836839470646 0.5407805223460901 5.634045244478778 13.274194036876985 30.591474141652 0.5082937304451527 0.04925791452763741 0.4264501554467907
66 7.682533545989325 5.938977552223865 10.810896074705482 1.9583003478426138 8.61285088588782 25.883940718006794 3.142633051016512 0.8697149960747599 5.534999338326268 14.125935005608437 33.412232320011945 0.5092999352281681 0.026700368813033525 0.4273269003900034
67 7.433416877148336 5.644933154421442 10.92288947023101 2.249347188017216 9.502020051935418 25.47311638415582 2.974980812070723 0.836061947512385 4.9510827462245794 13.802423754628593 31.703081420155854 0.5080700118022351 0.05005996511084279 0.42584904851384203
71 7.851134352679343 5.699514671599344 10.14854480840215 2.647094526728517 9.583263886401172 24.928139892030416 3.4466171303997215 0.5538311788151802 5.087402214246332 13.626860797719468 29.579444715195454 0.5077206156441079 0.05096224481018186 0.4262990652117054
72 7.928942085351729 5.630483710953121 11.369522196627553 1.79659184139514 9.242138109584012 25.54934544916721 3.1346575327186295 0.9371991197205432 4.0435424780162075 13.971851286432168 33.05470305941315 0.5101619831733092 0.02036058514327357 0.42880301708031227
187 7.497340445642636 5.861377049530985 10.974736927888657 2.1662968132720817 9.510049701374983 25.47154319451995 2.8865271092823406 0.4444011456234202 6.005796251325981 14.484266635700076 30.95609478601865 0.507167823494604 0.05877964909473035 0.42498888070373025
186 7.133865975804625 5.937012882223637 10.873177253121943 2.1559943618423945 9.610066012121614 25.294858662312297 2.9594226950480613 0.8315660158267519 5.427677518572084 13.097379830123977 30.893619746648046 0.5056514771191042 0.06685998174071922 0.42348829319955744
5 7.734421626023186 5.781204844120535 11.108067960668052 1.9515619502031598 9.307829622834127 25.583822267435732 3.0095799906600282 0.6148100972244682 5.248906557004321 14.306614051056826 31.961760805706895 0.5086411523839545 0.034105190258743014 0.42661092491400876
15 7.269107955708566 5.913574221615163 10.35964534866062 2.4109404969224655 9.387256390630466 26.273552396627192 2.4547654063125277 0.862056364876335 5.039045693744958 11.44057092610103 33.36544704287391 0.5084275497337832 0.03669373199203749 0.42709902036993813
30 8.019250804296082 5.481469907320515 11.153623752998687 1.8792397738584894 8.964309684750802 25.48505630397785 3.124607767333022 0.769264146534096 4.582148799063922 15.986208994274996 32.07174901288788 0.5068293243288129 0.06375181257750755 0.42438830452921344
40 7.682753072961825 5.646243467674946 10.414879253104331 2.349041555118225 9.491249312016484 24.956346518678515 3.4478264932135625 0.9162642859207586 4.760077785131589 14.158112833478862 29.739047158168137 0.505298811158262 0.06944088796443626 0.4242323460537249
6 6.977119794169751 5.971291338720296 10.47283814538025 2.45421673365709 10.003239571805274 25.197323708605175 2.9210524441783954 0.7936315088498984 5.112295931458493 11.270421046844122 30.665645255460653 0.5053011915787154 0.05792987463346243 0.4256875360123869
7 7.475996011456365 5.457775334041345 10.289664352218091 2.701279395915427 10.289410585353277 23.713204063209346 3.614780496295245 1.0752924034211617 4.341623531217817 13.947860725643563 27.695422809908067 0.5019179811171763 0.09017890790076549 0.4212222144995723
17 7.046683537797294 5.612434520274626 10.357248610598432 2.653685068916623 10.039604156207762 24.363804396741948 3.417237011127403 1.0687428695592895 5.002612708011458 12.63533977498869 28.862817167132093 0.5039791555767847 0.07483389814034404 0.42298075175902944
32 7.989440961337324 5.453893258775162 10.703318558633843 2.196045795336471 9.246965729278534 26.043414071700646 2.9398832068210123 1.1694346731450105 4.739918405123315 14.501752574100927 30.860120944172873 0.5065491965683775 0.06184430404034485 0.42493458836459036
42 7.618787051850601 5.605787924102598 10.578635301937773 2.3274693065554946 9.582919563987476 25.624127786005584 2.9528069178162886 0.7559505379051533 5.4437969560921875 13.672944794457814 30.49323103343719 0.5064042467273382 0.06461153159958101 0.42377063148530775
23 7.267778947651431 5.731076056381637 10.551817194132624 2.538392086377383 9.817790737520637 24.775652204063185 3.4588626558310516 0.659957013471452 4.929468975413488 13.140745325321383 29.94292255265179 0.5081134557476271 0.0504691432165661 0.4255850219446337
48 7.277607271238283 5.867892634110231 10.774308648241158 2.251461864951776 9.745932684204828 24.96864647274608 3.2318604907330917 0.6676895826336366 4.852137166352771 12.66558291043485 31.061401389849678 0.5077601547208097 0.04946058673973206 0.4254950470951455
16 7.51689601579633 5.875446915574101 11.01862454699834 1.9799256165557686 9.210872600139359 25.274442285895415 3.3615041242733006 1.1034058835341265 5.10108077701908 14.355347443094729 30.720171340779682 0.5057931370532069 0.06356826306314463 0.42541869515716724
24 7.64094591584024 5.641788571902172 10.780574554330068 2.2985397501540334 9.858646122064913 25.20374110116055 3.108422892186802 0.746034984197334 5.041792647044858 12.752260234722453 30.588786232422617 0.5084875933049023 0.043457627978170744 0.4268002097337942
49 7.7770114169759 5.7392474318730065 10.88715407950922 2.199824552000932 9.719611957784037 25.180521726545088 2.9208459504896647 0.714693642697236 5.096431539867402 13.203294809502536 31.72540692709381 0.5091443037427027 0.031019131943749417 0.42786247813971673
53 7.168589300542518 5.7200597742481865 10.997025851288727 1.7338399876862851 8.26912344386814 26.993616448216947 2.609854070034557 0.5348769403082456 6.6291890898728605 15.929040370404568 33.808058329277564 0.5073501381227052 0.053325287379656305 0.4254018144168224
58 7.865521698134434 5.55598218562361 10.967989692086544 2.0843137145379935 9.811491837877409 25.877087763921143 2.482015150482943 0.7356153355200272 4.9532948665343195 13.627717838002608 31.468297756514062 0.5091369105362193 0.03490660307659512 0.4276315445115151
31 7.011851465604613 5.832157383346122 10.955193174860279 2.1411400126099953 9.79924146779333 25.16063224737223 3.129663767090382 0.6449246001180498 4.854600247066188 12.295064772369255 31.30265341461804 0.5093348323196346 0.025932260608232147 0.4279775961643945
54 7.573622115987363 5.783703810648759 11.185571909517584 1.988956917875533 9.487007384980616 25.780620123395742 2.7320704965242815 0.7777747700248482 5.344249189691142 13.943054467347027 31.859093297856983 0.5088875875244814 0.03768519652420919 0.42628977108498445
59 7.538147156118895 5.642450197763528 11.210391349813674 1.8654950746430659 9.113316673774335 25.67182539687268 3.1187603317767545 0.9696502856125273 4.26072753438054 13.706915426911536 33.28582241296304 0.5097555799646506 0.021353265760076963 0.4285239970968832
63 7.439526113346336 5.804260315698347 11.223576244036202 1.8697439815534336 9.199257970412383 25.653913537944746 2.9315579983516766 0.6929979695824172 5.233574170910817 14.21158710491787 32.60854153694811 0.5094048565080594 0.033674114232182466 0.4280253512093933
41 7.5905579422672025 5.662188031148776 10.920266190328235 2.2613237457861235 9.657225560210819 25.225898951938454 3.046341489825731 0.9210920925186915 4.766344543634131 13.514514021249676 31.448743612153184 0.5074017254167531 0.05436123428002326 0.42564299907718756
64 7.532776893783239 5.633044646711506 11.004294317425712 2.1154271639941613 9.553133428444877 25.991553470155857 2.528512792845603 0.5201855958826485 5.3550305672907115 13.51002393341749 32.34364755911925 0.508790777234205 0.04018913430943898 0.42759317868400615
128 8.041850085583423 5.4659315065710095 10.479681911826717 2.397475244271024 9.528275574524319 25.500958889070372 2.7633414446505444 0.8142582574072034 4.644502500992579 14.070990219644058 31.6593811505461 0.507758565582784 0.04839863733240961 0.4268788478051896
153 7.511214897299559 5.830686423818168 10.987103282313367 2.033387373437789 9.168482713182 25.90898321989794 2.850766576244899 0.6390620599613343 5.329212324335527 13.64849352659927 32.96515578110115 0.5084129174817552 0.04926344449525427 0.42454451593965575
68 7.578304271432043 5.612403756114762 11.129468202747432 1.9878256002762058 9.44234623867443 25.696885809893566 2.7395053233709046 0.7686237992452232 4.510744942702349 13.631515293558053 32.80722823253392 0.5089138857503563 0.040598259128684186 0.42669034061204625
73 7.745008988020491 5.4884855164556505 11.370734275931394 1.734443571250885 9.246991015704369 25.630509781100884 2.996970253618518 0.7162811071611058 5.122995719458949 15.014387991506393 32.08753397023091 0.5102040444795594 0.015985799466567432 0.4284048895406486
188 7.444255661085589 5.631973121269798 10.72986833938869 2.2074600609788266 8.995398213886457 25.739748659910127 3.2336551097608583 0.8791017979611563 4.922253215731269 13.918638587360553 32.20041369456384 0.5078481377570283 0.051996583202093424 0.42569061991941126
8 7.372477058981869 5.491844356168566 10.924152593014737 2.023479867588455 9.062694304658107 26.233987608902606 2.681953113877144 0.5527597737520644 5.251259841617738 14.131327359576714 33.24630266630385 0.5084555080972154 0.04261085196836469 0.42713829658789304
9 7.5407449169250516 5.210694283688626 10.506534050225422 2.289416708031387 9.212003838488853 25.579599784304737 2.962677095692235 0.7590818603300331 4.907421001570135 14.107788724381198 32.813956776718584 0.507718596853649 0.049806556051774184 0.42568789336029944
10 7.891459227343871 5.234832295992757 10.425040178001197 2.663009877830991 9.672141464934013 24.630967757796984 3.292544990146333 0.8160879404854315 5.080660042646426 14.645479865535858 30.76811643831308 0.5060008486624468 0.06413222966103845 0.42461631303703407
19 7.677408218721336 5.403622833941652 10.71147456737692 2.31723107628528 9.651084207449774 25.429278554343785 2.9555888979110403 0.6642760544847597 4.808172535862417 13.41743720899528 31.68767688607588 0.5066715502353348 0.06058997737642449 0.42420796984211834
34 7.323435458308662 5.700181918883231 10.96516410148941 1.9372728177587164 9.452688129131118 26.532551115775068 2.461087459715941 0.3099888674828313 6.713113263129268 14.060526056193924 31.35947140521908 0.5082398447255876 0.051672959895620506 0.42646990161348947
44 7.107840145981834 5.874608780533535 10.833549261375232 2.298200802624134 9.575709112263192 25.488612588593835 2.7884949195170643 0.8024977329578599 5.612743154714425 13.061981806312735 31.926919743585444 0.505633710802487 0.07414904112188564 0.42229106521361937
18 7.856924233262133 5.687216375976214 10.850133357528371 2.062357162598772 9.270371250056565 26.03266775098416 2.709449122209476 0.6659859090318204 5.243038443941427 14.090108116631804 32.074101878854336 0.5081062984926402 0.04691293019450935 0.4264578868682411
20 7.600607745312669 5.610397703020521 10.792260002906932 2.23604494819723 9.494284453339915 24.82997215848596 3.3862824559227556 0.8499630478229644 4.7093655936553915 13.582865351410298 31.43681799529533 0.5083546928124731 0.04773476703577279 0.4261335113686374
25 7.33848659226406 5.729763234240482 11.158654619881444 1.8483823862093942 8.740042312865333 25.98418273087417 3.101389875522603 0.6216213121945809 5.648699909033772 14.86512577427204 33.16494537766044 0.5094973989060745 0.023806760244550727 0.42816458065656177
50 7.621074662238552 5.654553017192263 10.550077986955197 2.4343565176244164 9.474896644114025 26.138140046214705 2.3836676639811625 0.9470902358116645 5.0189188045813395 12.850540090468865 32.851657545426335 0.5076784606010188 0.05182594505018096 0.42663420612787223
33 7.742870148357053 5.725362349948596 11.137162681321263 2.09520793327225 9.924914042322117 24.77369580388241 3.101692210773957 0.5828951998767037 4.837471460798542 13.847870342938844 30.683117947523165 0.5084531133007099 0.044040514058655354 0.4260986271429897
35 7.981983591270164 5.232551007571865 10.687404781591095 2.300904583907982 9.061096244350233 25.203669745243825 3.470521433442729 0.9602020232617456 5.1089386272444095 15.247097143098872 31.866582385409348 0.506308071097087 0.06512713783817578 0.42486057959374646
55 7.5969027796160224 5.473802386790546 10.958073540189273 1.9695692868124708 8.975704373101244 26.414215016468376 2.5631430479247856 1.17156908419375 4.460082435813936 13.456044069001056 34.15649804006073 0.5095467045156189 0.027420774100265593 0.4273050917702063
60 7.8071380628441185 5.582545630832409 10.6655005190351 2.5106113530742937 9.882648323793214 24.60856913114991 3.1322320910853403 0.79541250423238 4.912056241322143 13.78284500637942 30.667731510427565 0.506394530352349 0.06622341460530666 0.42417563334036046
43 7.94732416693661 5.446026930486265 11.053425396159401 2.0999366409324676 9.54286809155165 25.715080184350143 2.739446909503878 0.726767014764614 4.562443334177155 13.647090164315543 32.56270038201799 0.5093935976576172 0.025330114907369142 0.42842523369371865
45 7.544183401572343 5.7565242179576 10.530205574963855 2.2872159874779863 9.184642490906503 25.52612814567079 3.1481533681029275 0.9511178925244739 4.983102444697711 13.089125264300543 32.45605010745358 0.5085991018128693 0.047959122377177865 0.4268848857827913
65 7.474927844605154 5.640160012155756 11.308132189820501 1.7147996828811758 8.869912037815565 25.77832408562155 3.2530927831209175 0.73598800409234 5.308998478005393 15.041344543736116 32.5760600866706 0.5080681461476084 0.051380844675418154 0.4265695825925321
129 7.23285704261513 5.984462626764569 11.254035380647315 1.8035528083097845 8.902973245836849 26.601457116281974 2.425990742580421 0.730019942084582 6.337193084868093 13.961238534393594 33.62859363927203 0.5086555979701373 0.041819365550715734 0.42714869426000446
130 7.466838438040615 5.738997401763229 10.948318561394709 2.196396542632859 9.94387446581127 25.736463188419464 2.4621135555443807 0.7724265425341396 5.105427559873271 12.286228394278904 31.928372147520044 0.5087566909148511 0.04106039248414078 0.4273816259013674
154 7.472187705571909 5.616434685226959 11.021175025287228 2.086420425376339 9.360782154031792 25.721154254841572 2.749177828441995 0.536677660766334 5.830564249510531 14.35217985769508 32.055323761491806 0.507675510591174 0.053986242674879066 0.42615957230465407
155 7.5648381236377915 5.502348830861393 10.811423989789361 2.453212036399901 10.73049385312156 24.14739178843598 3.1826157455036217 0.37284017044234463 5.0221853326971875 12.925794320097193 28.443517606495078 0.5078188096590666 0.05042794897413986 0.42550870639642213
69 7.486105654659521 5.739954232460028 10.499374864814355 2.5170698634043056 10.172787120472181 25.664553586995073 2.473804298885578 0.6956580834579522 5.278834076350529 12.049101287265593 29.948694663934685 0.5070996627378275 0.06258352591654084 0.42361620055103927
70 7.614383656561107 5.538743047279028 10.725561786532177 2.335858970209583 9.329331371178567 25.38859607982975 3.06759767948374 0.5296454384930592 5.686007531950031 13.658618974910766 32.5135895126988 0.5071139091132785 0.05950403125283415 0.4233538448016703
190 6.900992957453054 5.42249967559742 10.829691522236914 2.209223099057231 9.644279118533918 25.21799066561794 2.9364996976137916 1.0032406281821624 5.63886027008249 13.953319450397926 30.502881965100855 0.5039644878596379 0.0816072776126657 0.4201255952837319
74 7.586167385732029 5.6701651149336145 11.142430569644482 1.80821738537678 8.873480491332915 26.30319308128791 2.724033595503404 0.42206798171285714 6.226784579559616 15.136466570546563 32.903899243163096 0.5093674978138786 0.03688010040031318 0.4274869674118118
189 7.833462363812796 5.36729273432536 10.664150973173452 2.514439407880098 9.99446627245868 25.094044156107593 2.795238001522849 1.3238312002466956 3.9071456334919112 12.927664919412003 31.236663163331915 0.5053756031673884 0.06915279137593125 0.4242112306962467
75 7.468974457666027 5.626351363281941 10.137574524070812 2.7700813901412684 9.617796557457154 24.69305316942313 3.4764458750293663 0.8756784072533144 4.936746297189514 12.817386816118594 30.7949760200905 0.502457047883299 0.09505760188877024 0.416915046930498
76 7.668013808603679 5.594793635506667 10.794381304654232 2.16503120837647 8.934987046199373 26.61642952418486 2.4237416281048336 0.5837385363014043 6.366294670409511 14.650349792280803 32.82065693204173 0.5073705191746126 0.04387207488078296 0.42723035207124976
77 7.552530279594048 5.638287146742591 10.741752201379775 2.1161250412757613 8.76973638093237 25.557979545278933 3.4438328333113275 0.48163528066553735 5.992835359433013 15.335722918490204 31.717427003891697 0.5086767834633966 0.04179927489531947 0.4272460888281356
78 7.490321140408217 5.682860035365216 10.917967519737488 2.1524727028765795 9.285415678101442 25.03818539694032 3.339846579371651 0.6552876106380129 5.186367973639573 14.154333457720197 31.61710394051656 0.5091402846708108 0.03720854609092663 0.42705625518282114
86 7.589458632087019 5.926665858445195 10.894636578306235 1.9171630627736245 8.326715264155357 27.058638745544698 2.607313471727581 0.5362318899637447 6.756874898021264 14.314664229182442 34.63350272367691 0.5088637726166058 0.02661405300763389 0.42867101329571555
88 7.526699343782309 5.645747004662437 10.306638825352692 2.6013843850177105 9.556311656628276 25.04255277683452 3.3116897900103432 0.7575531378829488 4.756280641482095 12.918094840339151 31.44762013128767 0.5087787157411964 0.03405699784838136 0.42679663213294744
79 7.3899435168997805 5.732379149660427 11.031298054600526 1.7916394134253881 8.53411220780524 26.598478980354706 2.9212908283783525 0.6978664292173675 5.839470410777068 15.309805375004963 32.86164290757759 0.507535785486529 0.05037770571049009 0.42608933956668116
227 7.265891837740039 5.782081475442552 11.314602099664445 1.705343835910984 8.45429276418294 26.860198711154727 2.647114280593782 0.6664440167203411 6.062148273905927 15.164080575145096 33.91686500324396 0.5092322610504846 0.029937533009874142 0.427365618241484
226 8.23697310184439 5.348808344383893 10.868422955595491 2.164433654121299 9.182904288708947 25.913697088817496 2.8533363474395195 0.8666302290916051 4.55784235428917 14.12113877914063 33.055321465550904 0.5089143682603133 0.0407395572979393 0.42740439488761933
87 7.8519076287542475 5.744501815925735 10.762032276993116 2.177033760105479 8.85362893516689 25.5731339556133 3.2606664474432034 0.8168102329866505 4.89192998314793 14.523624866594984 32.76804931875932 0.5079072064994554 0.048652090053907276 0.4266549672955388
96 7.385862736672971 5.78836233630242 10.259278430451316 2.553099895958393 9.608198739973092 25.539705922255823 2.89621362095007 0.8408110883924147 5.548214760950452 12.494392371335111 30.848124765075376 0.5066313323741458 0.05977440257990556 0.4258498329981001
97 7.396594607653738 5.808335237671377 10.840358758885339 2.0766891580708853 9.14678749150118 24.89799718895005 3.853822633469591 1.022769786134573 3.9123455849600193 12.89438039579553 32.354357168541576 0.5097303392822778 0.028643567382220354 0.4273148042270511
89 7.430095637182371 5.706536127164994 11.128620168079573 1.982853583457823 9.317210801073712 26.346083783203028 2.4775753203364164 0.8047916343936787 5.3060678893825415 13.937569279361004 32.296638080187776 0.5078902196963376 0.04779635467970437 0.42610511663797523
202 7.350431441973351 5.867181363216023 10.877164828077834 2.0429080784447042 9.324984544711741 26.038132939787264 2.684282269595495 0.5179204586046599 5.806387119945028 13.811644141255648 31.75340891579541 0.509223837567009 0.0366159022728529 0.426745319908484
201 8.009818642716276 5.671538939364449 10.746504952610945 2.0901592082109928 8.87788727653513 26.107003745420613 2.903873587180101 0.6977638668246224 5.485664577506446 14.90179298089706 32.416425209769535 0.5067969492363804 0.060756783301315405 0.4251054744481333
101 8.071554187786631 5.688464172704671 11.072440362735872 1.8947014127376125 8.456799536161846 25.974632455104636 3.1841667373526397 1.4317576744861837 4.129902041380258 14.505631003656253 34.63939304009092 0.5085599774876874 0.03505835809709298 0.428038346628266
102 7.548205237047681 5.573007730635097 10.336763134208251 2.426836971800201 9.054865977472161 25.78170286080152 3.1850913039270385 0.66650749950079 5.882426361246196 13.619743446241616 31.978316193677323 0.5087343647733372 0.038023031738627436 0.42712880269919096
103 7.304850616617246 5.556890270331473 10.72260539200571 2.1383513969304873 8.554402399703056 26.13253294011551 3.0289113396548295 0.6235712465901492 5.597686318871073 14.24774001896648 34.38042005370614 0.5093152189433777 0.03356910563841971 0.4275038852071934
111 8.135535904029611 5.542426234776796 10.837956571754244 2.0750731858825113 8.681592142354269 25.86305409097959 3.156605620902853 0.5360690919808145 5.796514650743504 15.713557869225662 32.65637049679078 0.5096438788856793 0.02346427259779766 0.4285450774869853
113 7.081349683999097 5.373416126486592 10.57628192794122 2.5912515569458083 9.731393543481191 24.276762383265947 3.6958666202885864 0.7953579915494343 4.987176892299707 13.575860524639157 29.636716841964077 0.5046348211589767 0.08127707367312072 0.42108173317763387
104 7.963285775040959 5.541214578974752 11.065104507950027 1.7713944691515522 8.153548537407502 26.93257699949613 2.778547852688455 0.9737539748098039 4.963561760007014 15.540951544323354 35.17940339602795 0.5096789158533351 0.01949966879993288 0.42743013133226687
112 7.716310503401303 5.940189888944783 10.915716374081857 2.0137147330616036 8.698427696891363 26.241176667853043 3.0085343121652595 1.1725602623338065 4.727782490347656 12.668542645582304 34.74197662077515 0.5089912188321714 0.03879705317160008 0.427639291570165
121 7.326100356355581 5.758080008752324 10.864380055169573 2.199981052116424 9.630352922580084 25.54804228938089 2.7530768470125473 0.5614600317309549 6.685864341717455 12.832218732579884 31.795710986868762 0.5071667948917684 0.05712615087070588 0.4256952588273017
122 7.788808940368463 5.381218376490395 10.31967675724608 2.660343310334257 9.920915475380797 24.59941235973805 3.38302810975459 1.0664349839602827 4.472140196645344 12.463214829608773 30.742319252943663 0.5083030897425503 0.04915147227940761 0.4251723175694011
114 7.506187275847357 5.7622542147503015 10.926545482779431 1.8063019742054758 8.5994428198001 26.31283192486589 2.9201445172008325 0.47021006510291163 6.685138040090868 15.979898496634407 32.04620256769967 0.5083347740162721 0.041461747613772526 0.4272041340320795
80 7.6936290979477135 5.573407299441294 10.781322897164548 2.3074830026598887 9.970060943257227 25.325501040951462 2.724928153782827 0.521846213654024 5.42588422644476 13.568052375565221 30.34646492908943 0.5094788161727388 0.031091314928396032 0.427977341575606
90 7.529645483022941 5.736385268035379 11.16061707251092 2.114911128650381 10.320235724734232 25.144203175154527 2.655038835567347 0.9630062529940355 4.434470815418755 12.004708714245034 31.184533543121123 0.5093907164216328 0.029804130192008216 0.427650105090667
228 7.279981273372519 5.8070074586417135 11.29113008708584 1.8072741488121786 8.749505349951036 26.487790902808428 2.6180483248096396 1.0597935698241963 5.144196801966111 13.782775548504436 34.85078592464239 0.5089698138584728 0.03481808090039673 0.4277826518924019
81 7.99597081016841 5.527012419308576 11.269702669531396 1.7503906227952584 8.661955339472334 26.391597200752322 2.772191396757259 0.9219655740598941 5.013207039326146 15.411175357453653 33.914541578062845 0.509817692213244 0.030718915070428343 0.4272290029930494
82 7.499440065671384 5.80572424781542 11.073289825594356 2.070830615739829 10.012242639886635 25.237179589194824 2.7847282026579796 0.8598370563691304 4.594791711497658 12.116459545880812 31.700971801890205 0.5095357712787014 0.018257332745924015 0.4277846387765224
92 7.401074253609013 5.738147018667127 10.838727452964584 2.255298619542651 9.739004078481779 25.23321138751091 2.919341724327135 0.6563239012984904 4.680425588524486 12.750666503248523 31.882700059163078 0.5099534119486372 0.019472133104691505 0.42831918602507923
98 7.563407663322018 5.553094341240636 11.003215309506764 2.1310882720133115 9.667357916259322 25.137973985769786 3.0688250369586845 0.48008136848708327 5.2314022467031345 14.13830055285063 31.23117387198183 0.5083656508855583 0.04279824859692639 0.4266965492651491
203 7.729066301103861 5.641835820025878 11.11096563518974 1.9335797984151761 9.388993009429377 25.707925197020955 2.7595076342109537 0.611350004047371 5.2697853789843485 13.987774679047506 32.387642239030406 0.5095904004310492 0.020244806479913748 0.4281264989920497
91 7.676723652186904 5.508091723690208 10.775636394736441 2.1513711889638576 9.135510754496067 25.853647291722517 2.8416450773394804 1.0007140127897824 4.462020124424191 13.924139792791328 32.95064917977363 0.5070000373955119 0.05912835051614035 0.42528527829647256
99 7.387130842773554 5.764799163940814 10.839846152137035 2.4275151121359118 10.323463479365879 24.294420684638762 3.2594327917662373 0.8293165540060393 4.25837859961212 12.187220430213925 29.894987431122438 0.5079987562408317 0.04987237910706303 0.4258791041528727
105 7.710338939929518 5.88078358063895 10.90203895008435 2.4019200561094323 10.868507446647843 24.271074077050255 2.85468219466993 0.7398996065090022 4.9440359730176535 11.667505955121987 29.056808700354964 0.5090862875341116 0.03341298693006607 0.42779300595896924
115 6.975299343988355 5.972836681209901 10.941234849085324 2.1535938453141528 9.803545885359659 25.053571151412427 3.23115776774061 0.3364537252021737 6.589466415552415 13.666221351617317 29.4292909228536 0.507782577158237 0.04936365948192667 0.42566473995242016
106 7.442833734914706 5.49137950854629 10.36212432299847 2.353769586403453 9.307490311187875 25.713546698404418 2.9209721948378355 1.0305609509830975 5.063684854598268 13.677675304604634 31.30079220846655 0.5031186519770213 0.08359159871998692 0.4216872070271043
107 7.057384874797717 5.82451907731038 10.469478085279409 2.6706967712270444 10.666190394649389 24.167181501502103 3.219603950983059 0.903458301239212 4.439897737477418 11.06313896918119 28.826665448906127 0.5044467986477672 0.07894631938172646 0.4216100446889142
117 7.364645928483403 5.783732794577662 10.760238906584492 2.2956878141182626 9.920468139602987 25.023534401973215 3.062916945267644 0.5234571794411467 5.119944323187735 12.477651487695784 30.986735266031328 0.5094092665024323 0.029587144296743733 0.426908079956834
123 7.7111701101849235 5.541284222354591 10.50767736698112 2.4320584959710003 9.836844887114408 24.98504529218082 3.1899870931433707 0.8986303029379501 4.339718703614955 13.182668815435827 30.432935423322554 0.5081030322416997 0.045151557509805436 0.427045408412855
116 7.832099636234086 5.494261931419288 11.22070081537053 1.9135719033718048 9.076566156295286 25.818599792028216 2.8322542288378147 0.6468468272486276 5.3242759417684 15.32774387507888 32.50951162487666 0.5095646441545892 0.0315110038280773 0.4274672099198146
124 7.7411001554844034 5.840196406644352 10.564719902676803 2.563881916828583 10.319580237858078 24.781681485309733 2.9038797693368434 0.9706655021942395 4.451352224061486 11.929330619824928 30.203823782661466 0.50803049116174 0.04892520808169061 0.4266722177509293
229 7.637225817195441 5.505274632272386 10.690049435884792 2.073537114136413 8.980750906925817 26.42388384495116 2.650827793356175 0.9374603790958965 6.209125634345693 15.042830234355296 32.120126372476875 0.5084521090486178 0.04814124598987394 0.42618078351510547
230 8.064236350305151 5.501818676175984 11.076669668571414 1.8405491503758575 9.054716622838969 25.693613729078617 3.078196156425673 0.8309974305901581 5.10539107301132 15.637351631775308 31.827196656714765 0.5076792093731916 0.04818023007720491 0.42665667743778296
83 7.81513748695074 5.570487366630739 11.066463249941785 1.912364049732548 9.229420057123617 25.485438229934875 3.2653848740526015 0.6419960099723161 5.19779901334995 15.40274027295618 30.579774783766673 0.5086824184872848 0.03854123191316785 0.4264975712644684
84 7.60122726286216 5.328604893260853 10.524009011314437 2.231517687648332 9.577140574094788 25.349296115605572 2.987384984246871 0.5588699460481265 5.643263206056935 14.734764911749064 30.30456461114219 0.5059856746355286 0.06534206646313866 0.42463820721328793
85 7.645937555726118 5.483286497053963 10.245287983871153 2.6496461722538727 9.844291953714388 25.155955693538377 3.067241401985625 0.5830598827129142 6.188418282811336 13.472850327267606 30.07829721196492 0.5072063741801979 0.056497145964722204 0.4259886611592447
94 7.621182508046398 5.548712935172363 11.300920429196601 1.7657226550276746 8.448985722833052 26.13172433231722 3.073102949117715 0.7758277151444781 5.60054996145406 15.22638441939987 34.40705356203902 0.5088951939709696 0.03529377942141417 0.42732266414127945
205 8.110883617671398 5.344962179212605 11.054361621309761 1.9046197822917859 9.164617453473964 25.64669479898947 2.9762712511029474 0.7805891281336566 4.649739806451396 15.487826292468398 32.01083575193888 0.5086349366434528 0.03533733123701126 0.4277893249715333
204 7.874706040894349 5.450388793502691 11.207668896653356 1.9343351744310238 9.648018007016944 25.87726790616311 2.645096774716917 0.9431632835914106 4.314986829623364 13.65393881025283 31.718112820762894 0.5097009546661542 0.025593401293083077 0.4282128538312483
93 7.606072573262805 5.927672820325811 11.028782655371046 1.926478397276929 8.995551266255442 26.72730781456695 2.3801708517635825 0.6449306420468869 6.179744729360299 14.135509985205175 32.89158255911362 0.5091419585914603 0.03300054129406375 0.4276171449331008
95 7.423019779067925 5.752322826226946 11.154300325653443 1.7475959961546659 7.931700358088789 27.118991822263276 2.6953462185220336 0.63111606396746 6.433065505086352 15.21248534293267 35.991134459434946 0.5092381687534289 0.034983313976757205 0.42677188704800584
100 7.67544342658763 5.401171785616544 10.57708529719531 2.639402284598186 10.573510962156716 24.065036509988026 3.3285071672873974 0.519572559227001 4.73205794627058 12.884195072711002 28.391751419347163 0.504425834027446 0.07393416540622197 0.42313493410847797
108 7.348509282843575 5.60540409614228 11.292065015064408 1.8472748756239992 9.100180606467307 25.914438106803583 2.8210207539762022 0.8121421650447124 5.334742866226631 14.60890040549067 32.4714758209703 0.5060972156454546 0.06231241237599528 0.4243110208403617
109 7.2927969754815996 5.495603648379472 11.035968746497637 2.184096062850865 9.6061619462245 25.54371733003946 2.742247187506278 0.7326985644007509 4.965397220704091 13.393542645726226 32.36986335726818 0.5064339638533033 0.06112320937305993 0.4231730566726908
110 7.261293589659367 5.844089974531048 10.754729309559576 2.3804191817894496 10.065715176469794 25.152626564891726 2.975029592676789 1.0801534133903716 5.050136080689163 11.371160631413025 30.71649325314469 0.5078303810194111 0.05149358026286927 0.4261653529391973
119 7.776044071757664 5.640141901286521 11.076486482656655 2.023516269156713 9.391431457289844 25.39208747409805 3.1350706228944203 0.7066254151885853 4.96231595307805 14.16583375659294 31.712501640532032 0.5081809509915177 0.041782081900299764 0.4274052555130584
118 7.709746990375953 5.5653391905757355 10.97936810353359 1.9912095157242653 9.179664476538054 26.070002762156108 2.651597395140261 0.6555479815778867 5.144829467858113 14.125137018911564 32.874863485019716 0.5077810413381273 0.05324582467428903 0.4246557024964526
120 7.618126324550257 5.421362398628763 10.425557488185255 2.262088826216882 8.653525216682594 26.015453693114022 3.213437997957166 0.5555408642297683 6.080253522669425 15.06282407408139 32.393070530084124 0.5071486315812662 0.057400801481336965 0.4258330138074601
125 7.126928228348865 5.859086423710986 10.928865068836691 2.111443092998132 9.368115928582109 25.818272522809874 2.724469778945989 0.50908044017119 5.818359921238428 13.186128113576542 32.574258634588524 0.5097175706934856 0.025254988393338614 0.42823300933400815
131 7.921235214352532 5.349112816060439 10.741957190333801 2.245918446272693 9.406726004538529 25.32658271125765 3.0668821142122344 1.0381193922302192 4.6100879049032555 14.606193492213004 31.765324737243233 0.5080681460451781 0.049187097970182836 0.4263764421668819
132 7.479160059139003 5.528766506719234 11.084804540293419 2.0840554924985244 9.81519678738686 25.034609118487392 2.9975338550084287 0.6649199671409753 4.5440219125837915 13.720110234126924 31.563650403581686 0.5101216632024309 0.023887161543390913 0.4282372704489866
133 7.167110035252108 5.716522956988815 10.917345072766357 2.2196767811912372 9.916365294031387 24.93267324448071 3.0204318942293606 0.8036182725974341 5.073151675204608 13.128571866806853 30.6658362777204 0.508398614718849 0.048101094198790384 0.4259232231846875
156 7.694146865644087 5.504803105586918 11.392705089301652 1.7630847229548663 9.183461253263705 25.958644716945123 2.7699257207019037 1.0550134167134164 4.30536045590486 14.464477362497515 33.354814400563384 0.5093578637786189 0.02980453965415163 0.42840378554504926
158 7.543036621978413 5.531597991284148 11.15737304542812 2.027894448947585 9.862335236378016 25.863373870411277 2.4693012390575526 0.8674009026720344 4.822449555188029 13.037036959648264 32.1281936379705 0.5091971173160029 0.02638311746028183 0.4284085338761196
134 7.745603146404451 5.595307732032881 11.069833202376943 1.9530978221330477 9.508998485704888 25.635561863138047 2.914668930185419 0.991087779251486 4.745978420500403 14.264012566651317 31.49414317091746 0.5061694683447406 0.06485733098087215 0.4237834941865257
141 7.933542422264947 5.4084010137556495 10.91830954105154 2.0214083459130125 9.287951532802916 25.28064102118478 3.217947152287464 0.8213019250001856 5.008523391951648 15.006476521111178 31.291904241087668 0.5058220099406949 0.06877531350695398 0.42386534520905045
142 7.634436278162832 5.719849195369603 10.463562186799917 2.600219991824546 9.680122726995622 25.60591087909505 2.658276252200276 0.8213381008385957 4.4507285878551475 12.294289251228312 32.476960888608964 0.5083876013985722 0.049690202864361814 0.42571967527016646
143 7.261924521444976 5.766590336202589 10.612316654198581 2.328216043983851 9.475650582127914 26.494540680422475 2.268101897580489 0.8648215418278398 5.697871117124243 12.640704366350278 32.34394662296549 0.5082928503372902 0.03721826350841856 0.4282297426860008
166 7.707633225222047 5.544928597132874 11.24419911375263 1.9892554533930822 9.976708459872112 25.700720824714672 2.352503909875751 0.3673813833935596 5.419609944447508 14.418466770925017 30.686403160931523 0.5091558400731566 0.040669684830676595 0.42690980474059564
168 7.834032649057982 5.6808660847555235 11.319267793432505 1.9249949289071122 9.992734477461116 25.23565237184438 2.86029338257717 0.7281191826023063 4.534429959697917 13.705757493377265 30.479280667299143 0.5089006680628856 0.03178870943196374 0.4282488017849817
144 7.16996925965064 5.396933493193904 10.274696962722818 2.4203933186252407 9.413609676124963 25.541564133476225 3.091258840269804 0.9236680313112845 6.3224949556855625 13.911396715335828 30.157403183679474 0.5047296944706096 0.07547724804293353 0.4229967594543819
157 7.494889735310622 5.362511536663038 10.906204701226143 2.3662843366599215 10.56078610656988 24.390756171521726 3.0076051657233376 1.192750771356708 2.952870719222081 11.883870164350641 30.703255758865186 0.5093106627149562 0.029938908250236904 0.4279009802236702
176 7.446057541395854 5.439769795944866 11.321250953091054 1.9692801477929203 10.226650220322018 25.310438925888356 2.669095822781578 1.148342673685552 4.429429215304091 13.651970198277834 29.57235797843618 0.5073569455227653 0.054228115852992705 0.4255331366273908
177 7.48600471414315 5.683394187598483 11.291957762303324 1.858963454522369 9.1214096794292 25.694847190825836 2.924660280581602 0.8909096639791931 5.2747286813372165 15.134228145445096 32.16172170967025 0.5079903217816144 0.04495516946985294 0.42653877704750703
169 7.4407658352223 5.433693699947036 10.79874786625603 2.4508923772554363 10.667804950113208 24.578859977258066 2.7096161617580146 0.4548597133356159 5.3732644946056425 12.016998866567395 29.690959622129142 0.5080540281999255 0.05130960388620508 0.4253093863862857
159 7.245501981249745 5.619120651965037 10.98668876157256 2.261361451195759 10.056380099207974 25.167592703281887 2.8172307709821673 0.7076735253273327 5.180135009214933 12.537227936801036 31.296032338219582 0.5075019597001731 0.05326449814040999 0.4250130890738284
182 7.268783261493717 5.743988307910171 11.089429429935958 2.118173246687794 9.458299441319753 25.835548925985087 2.7080727337367154 1.0125332560601377 4.43427163163599 12.992514738281535 32.725395959738904 0.5072938172572464 0.05720500805632425 0.4249767839869352
181 7.7209783988098915 5.362419268077989 11.307542671569069 1.8944796626137452 9.793788838213457 25.494564699615637 2.7264052899187123 0.9228364617723255 4.13173843957213 14.136345434114233 31.776001758299746 0.5080459041322843 0.0411566744240808 0.4247137807172729
167 7.780216931646532 5.586780022374383 11.001262148853414 2.3005029414146474 10.24536250608383 24.15096198151141 3.3971397834060335 1.1780144083779125 4.237013953001755 13.371288982543625 29.378026772329193 0.5075354238695724 0.05350635859824424 0.4248048983832209
191 7.540218970504373 5.436820222189058 10.617538987610368 2.4884365414998872 10.584365285464882 24.353906815281483 2.9857202259585427 0.7280578890720601 3.9694292939369307 12.433371732974528 29.535170759630088 0.5079722279755801 0.04275826223153214 0.425746190769151
192 7.353430615480206 5.8200394109643385 10.738222367247298 2.165732175332586 9.255723354681832 25.90350406827514 2.7903191372997878 0.8779260625481414 5.589635779900642 13.392858397996784 32.35770194968878 0.5097680481406299 0.031247240429626708 0.42796575573627105
196 7.432804754768215 5.741712391102235 10.66987331617613 2.469939037218801 10.314087745421608 24.313824411830527 3.53334726928504 0.6352329004508402 4.475270877131218 12.933309199534314 27.725099950514725 0.5062094061610587 0.06232888621755198 0.4238615099389115
197 7.640965987327153 5.588015128244193 10.787504886446749 2.1397599279752035 9.325782806393525 25.36018019687798 3.038339869232087 0.4989938356982376 5.693265810219428 14.864066244814309 31.287458871996883 0.5086537251964365 0.03882454447011578 0.4271212331135359
135 7.3342455525446155 5.737539897187334 11.182610341634911 2.092295090668093 10.509618354277796 24.83182021923896 2.79749241462646 0.39186552738509606 5.574678969453564 12.474975980235046 29.716540397067703 0.5088632792418226 0.04423393074300385 0.42671093027906537
160 7.513100066691193 5.4548514073348855 10.674533183553569 2.463010189927959 9.757953399022842 25.223132722421532 3.062269096206801 1.034351798480785 4.365656552323684 12.76809521950131 31.405527151551578 0.5053082962385449 0.07053915462263734 0.42371629143978196
184 7.558839544151708 5.718751713363417 10.860593550828705 2.0592327342956587 8.775795103680661 26.334777500792793 2.780939850804288 0.8481496809191595 5.04394346737802 13.992924976100388 33.815306582648304 0.508021576894168 0.05166484194405076 0.4258333505571296
136 8.030034541705142 5.3403158587270765 11.124273024299272 2.1546408865142057 10.069522794269595 24.377762173933476 3.365707842575223 0.8864989515924047 4.111566207017538 14.247349518100695 29.978294005923924 0.508300667701471 0.05077734933237457 0.42544954486491315
137 7.739307786969525 5.678139359159857 10.678238757966335 2.524740570245502 10.168208299078302 25.097787668537755 2.8135847023165894 1.0684183847211426 4.515426717256104 12.454746513320028 30.542128046453875 0.5072365273594126 0.0522977960519809 0.42656018549219527
162 7.3854498505167365 5.797627669139518 10.985245206245866 1.9429007800719087 8.854763439319333 25.93209165663838 3.1380542782117398 0.6934999547054788 5.574711975790592 14.599690981330761 32.38639845895765 0.5096904769911541 0.02645933013863405 0.42754001609126496
171 7.506029368741541 5.608706116145709 10.378072376213849 2.6333431132173115 10.292730565719813 24.589121315898957 2.9669935326591133 0.5927771315240621 4.381557983778576 11.968827312740741 30.761260957198214 0.509092159217886 0.02940056212388738 0.42773142898997385
145 7.1696688672166635 5.721615720188617 10.428634223521046 2.360650160615413 9.568413341529835 26.00810323596204 2.696349353766248 0.9120579881710469 5.509571103700328 12.428370926731544 31.580383242301764 0.5065228981829669 0.06243554075750733 0.4249329176648082
170 7.866732693107869 5.47832366703481 11.107887255045 1.9760705376127496 9.311393644990911 25.39868778425614 3.135283699649639 0.5324459997021992 4.956276429098332 15.5742548679364 31.068364710586785 0.5078972546878111 0.054871189892150736 0.4250530761289898
146 6.97198113065595 5.996722001993785 10.809999751972 2.222977049344733 9.933631028968206 25.551621990322328 2.574204240384155 0.6839758756640267 5.509091553164017 11.63174990870136 31.75540328818481 0.5089003160567143 0.02175775594562259 0.42755860917314326
147 7.439820371724407 5.809856216487137 11.14020538301953 2.1682447601631094 10.12831439136604 25.23512082540026 2.6985489938534015 0.8802954029767608 4.585719396425356 12.02482126567391 31.61896708580802 0.509797931256295 0.020396066636974037 0.4283122348520981
172 7.828247954830629 5.634600230737728 10.880754468448906 1.998623777669991 8.920268139585836 26.012148436775274 2.891555193035658 0.9136240756532131 4.7611916353806 14.426213091121115 33.14897716885204 0.5089735916257352 0.03551220263963905 0.42640087038412644
183 7.724184073083139 5.63774417238606 11.147641941624157 1.8475769712128542 8.814285540185114 26.528353348197747 2.5956110825064123 0.8685326324255951 6.198702181895633 15.043864809899999 33.19507427327761 0.5078520030986664 0.05279598139280211 0.42586182099394937
178 8.228819115779968 5.538025491336053 10.92179408655489 2.112444169102728 9.535779764203868 26.163622679708826 2.367567697980497 0.3033737725882382 6.015700075337945 14.685447469411105 31.451327014711044 0.5087371184266919 0.03866775014352319 0.4268116770207189
161 7.336122649955674 5.358608660128975 10.65497845967233 2.4274359371731786 9.50805731720315 24.869971497124947 3.2865385975561248 0.9631981597742293 5.335904654130942 13.51554089367933 31.813213936659796 0.5062394628377187 0.06595151259311484 0.42402958579954714
179 7.758103618611316 5.84293652584327 11.255898596809427 1.9206902986256416 9.598894258911217 25.79210323042534 2.6946307722201 0.4857066146150717 5.711162708282665 13.88598541393387 31.369511475734722 0.5080929869058719 0.03892705752779021 0.42774416746868776
193 7.667731826294416 5.910793507044545 10.80785711153021 2.257542641410287 9.903804340064125 25.286785231085787 2.7894837172390763 0.7306585197680698 5.313006715327617 12.269181820546802 31.1379526981216 0.5077358603951251 0.048200494611798386 0.42716237426899856
198 7.769106515224511 5.67162666958156 10.963013874099998 2.08072832773765 9.345614508923155 25.296966463366708 3.1341598540780615 0.5041674333783255 5.257125503996944 14.674904310473412 31.56065049396927 0.5088400313557782 0.03840326678740804 0.42737286449186
185 7.919541462015967 5.374167637161642 10.52038172836702 2.19062721941913 9.874576327386071 25.020906410686894 3.1558016253110672 1.2125431732698517 4.0438128396440725 14.319224013178085 29.613812204154524 0.5072503671237041 0.05863480617875047 0.42456291917030947
175 7.5113689295429635 5.318097685862577 10.76354681863408 2.33381253755772 9.951627970702491 24.93274571881321 2.9234352666612566 0.6849413665403852 4.280886049154353 13.45673675985263 31.151275918041662 0.5068958206390068 0.05258975281420803 0.426466685007351
173 7.594211054809503 5.626061442491427 11.06808915089406 2.3073239938777785 10.54181982500098 24.23940669001215 3.159339720478272 0.8068471046215001 4.764192316339929 12.676341180060495 29.247861439363046 0.5085804032947919 0.04002727544335854 0.42711530079911136
138 7.775494511748785 5.765049397070442 10.820184116256714 2.2559427011413327 9.945037248681675 25.261727829252166 2.7388292138505794 0.8366993700529685 4.8277617954579215 13.119049484302113 30.937478143751452 0.5089725209059258 0.03159434160220799 0.4277750583047794
139 7.957750674861463 5.572600258467534 11.230671576933469 2.080329549592724 10.332950410253284 24.229637364469262 3.1957066380416714 0.6097818495310977 4.653013782510964 14.393452666106205 29.16121527878819 0.509083725921854 0.0340205285427291 0.4278744086822611
140 7.194778603127978 5.840258150231747 11.195873471310843 2.045713006785697 10.045299079930876 25.05190950342808 2.9272161337196048 0.5355938672721299 5.4063743477742605 13.299590167518103 30.336929295204285 0.5087068794095313 0.030870055972126133 0.4283996023299129
164 7.590367071256363 5.676752784600526 11.248589812997244 1.844560970929066 8.915436636334839 26.85954619521304 2.3214844705694575 0.7340911319631261 5.328357308689942 14.385492612189884 33.818847473513735 0.5094273165739995 0.03621777002842577 0.42677632283123595
148 7.273316968669453 5.6629535038475876 10.893222542992074 2.1391320670882843 9.878034939267447 25.792098578132133 2.578678338483942 0.8851026733441157 5.417172055870474 12.52315021168394 31.059017539690693 0.5070797068708625 0.0568250107860694 0.425959168481802
149 6.867351287091411 5.825717890358575 10.915822325185419 2.200142572228177 9.688016403984326 25.846372784036507 2.773108362636331 0.8634580072846637 5.821957890165267 12.681998473966809 30.52260771944266 0.5048131195042451 0.0729443129213406 0.4238012231451566
150 7.323701871961421 5.637407685736062 11.05652454806319 2.152857493668688 9.62283381046841 25.423884355632755 2.897861866978238 0.7858674234587494 4.884916151210071 13.50480009101765 31.39606795474961 0.5074188498830731 0.05447079225426393 0.42662220718303706
174 7.4842731357619385 5.783210192871737 10.712195047387887 2.400180246755916 10.100695472093646 25.581608182924967 2.482224514025751 1.1673651381710268 5.003072264905497 12.72847647381208 30.27891498079334 0.5063645801592508 0.06656775858160735 0.4245837024182312
163 7.533759999481426 5.63932571740134 10.69621590969732 2.392554156443497 10.181716480646243 25.0858877308478 2.7463956457481613 0.6055574528102465 4.845192713709248 12.445418852829775 30.598776543001687 0.5088466739821865 0.03747448720915126 0.42747886422697595
165 7.0694728554009085 5.666331433101141 11.359479820395268 2.0713940500920103 10.58795663951919 24.437464040267265 2.8696167697717634 1.0030503729500388 3.993272328242086 11.852854974059555 30.666324924105137 0.5087539469128809 0.03752364495300201 0.4274464899235055
180 7.660638121512321 5.606566167366244 11.219822240102973 1.8616380904936158 9.545560705610479 26.06805110207116 2.4808033546807122 0.6776405312622259 5.476013921971626 14.678232042245023 31.508459228903348 0.5075297952407424 0.04621232673628845 0.4261429990128153
194 7.45420228984591 5.764634165538384 11.168865019854689 2.142381853236063 10.17798388106388 25.3957861541046 2.5553731856064523 0.5184450357388601 5.484853952357555 13.184086951120584 30.562393178169067 0.5096739137736606 0.019109451035145976 0.4279937651127113
195 7.000364054409395 5.678848703481948 10.793961890596856 2.6814533916945016 11.419387502152956 24.240207453395286 2.4680977272905715 1.1496174687962049 3.797070827981857 10.309764101367016 28.562138729142887 0.5043136517645737 0.08033300737793367 0.4212014920901197
199 7.265930487486048 5.781502867013876 11.176491223204678 2.2823250494272256 10.445607441694667 24.550214388512238 2.879031848177211 0.9503309536004226 4.6905315069284175 12.457876033014712 30.220474773847094 0.5085817607727123 0.03816937478519235 0.42712900509370066
200 6.808053269409356 5.599648304220361 10.46941947812187 2.5774756181593252 10.276451224097592 24.9919469456729 2.8289859180740184 0.6397611984806814 5.399553116842386 12.15195705697249 29.280407137122868 0.5040300245902526 0.0772632626896458 0.42230565034448403
206 7.421347889321494 5.684796738981522 11.005511485081529 2.1144140671688807 9.928252782092583 25.961334861259285 2.352894908178665 0.6690255919018884 4.94997714881049 12.599034739675076 31.550722359021204 0.5084767097755998 0.03060294955012666 0.4275039014967787
207 7.335213693640785 5.899763888244185 11.131623545057654 1.8674685057099953 9.126751927714826 25.151902400130513 3.399079224744587 0.6788432085626103 5.478198810928272 14.17931162867849 32.12698551074104 0.5091746961791349 0.04226103571707222 0.42502933477712984
208 7.744876552179841 5.5254148102490195 10.848796806972368 2.3325933051837384 9.504072605264538 25.428006488401735 2.8849927541353253 0.5690506131860341 5.181763465350365 14.486062173458636 31.291917625691333 0.5080769424939289 0.04978258793680279 0.42624686069968293
209 7.629580253176968 5.682706890113978 10.759865108808622 2.2059438791243737 9.241607345604537 26.116580191269506 2.6552313401030045 0.7119231234662432 5.365446749628737 13.611744739905578 32.74615371417929 0.5079995739144773 0.04489246744498197 0.4269563790609728
244 8.144670133378241 5.2779994831962975 10.913944601392462 2.115386289374217 9.181285817272505 25.466953137098425 3.0791626353653254 0.45272351863627647 5.364895170950853 15.961553805726416 31.335439919819336 0.5090937980764063 0.04148889428522661 0.42626758069152443
243 7.483255185347121 5.7121482992307815 10.823030462123251 2.116550051908136 9.236068872912265 25.40216864528173 3.195570062403453 1.1712136285266443 5.187031645436372 13.210929035826037 32.005933777291446 0.5055555706991172 0.059398310980538896 0.4263355451055077
242 7.6185468564443415 5.615583527363518 10.679141372300778 2.3518169165627616 9.654058409526362 24.658363331329014 3.5680219337219907 0.718744518788027 5.484285239329253 13.20625920256517 30.4691179995112 0.5066713650414155 0.061200588919362045 0.42422811850227576
234 7.8523947117122095 5.621948870638818 10.9683814309953 1.9286995116193468 9.341498758351348 25.903494743318547 2.7767008486932268 0.793167002833294 5.248591859760023 14.586849122081563 31.345804662241225 0.5079811374168075 0.0501891026538973 0.42617810672363704
241 8.266834645622525 5.464991788029282 11.00178176089224 2.1004171945358854 9.531714926765074 25.615459227508108 2.893651197739383 0.5595296636170422 5.09903228353712 14.861510652564807 30.60735982311694 0.5083687121875501 0.05023013062954898 0.4255215812024142
216 7.327299603120479 5.667000968328492 10.940665563618117 2.058189156144683 9.44848649174831 25.888162669314394 2.603566791053479 1.2435067148895875 5.173103136436274 14.085735733879687 31.02554121320749 0.5038596965347523 0.0722362746641212 0.4244337174734871
217 7.65728594933164 5.747852540821967 9.499111378570504 3.6796303156352157 10.868723505642059 24.311592026895454 3.0593664310605644 0.5952819635941209 5.149170661344231 11.098128082421638 27.128165944586037 0.502062146638692 0.09218353613091648 0.41983010623699224
218 7.719142144313558 5.554910324816131 11.038784995200126 1.9727518813707074 8.941220386564227 25.88995562729399 2.8880221057362614 0.5664274874334363 5.326325794770621 14.768892149865993 33.42352058112859 0.5096175073896347 0.020077672624289784 0.4280027206286902
233 7.511142247068256 5.724908297071026 11.07921022876739 1.9881530769422116 9.178483474080341 25.702414500593747 3.0849578612037316 0.6791692399372858 5.622724418361243 14.239999565866635 32.06128460914136 0.5090021818271059 0.0362174357356282 0.42661507705488394
219 7.593075130960522 5.698496579224076 10.891527964110093 2.019781125226822 8.913692766460864 25.83475644363008 2.9880167679483294 1.0883030376323277 5.847523589074685 14.692381975065194 32.60202800507377 0.5060459241992561 0.06671167495811746 0.4236669035570997
232 7.3233803376059585 5.341605452747578 10.244496706117546 2.7360359132758783 9.716487074348338 25.491390238190366 2.7918615574544 0.8637354289746706 6.051083331988371 12.906007395324911 31.017079930593805 0.5044336933250437 0.07907563863206506 0.4220619828446224
231 7.325594965833467 5.691758160082521 10.403523575488972 2.307540386697833 9.726594091686225 25.35661244314163 3.015858555882539 0.8807506876782214 5.798468678361213 13.041209601670227 30.387232060584022 0.5064361283977532 0.06161319073160058 0.4260204151602843
236 7.825482766092871 5.4907432149597275 10.961838746689297 1.975309681830514 8.844014810020397 26.68149278550376 2.5872244968555105 0.8686922949890029 4.893518701341884 14.322237998026907 34.04551283312115 0.5079095036971585 0.05655182895974074 0.42512050174193144
237 7.801854010228651 5.547926409482871 10.973347753521091 2.201349330556063 10.162085503266313 24.559947079210247 3.2271522129883192 0.5580836309347154 4.500446380493469 13.60663662869484 30.011426893901376 0.5092155678468853 0.031376779379034415 0.42843383624128145
247 7.194927333170104 5.806812702239486 10.996299138210631 2.3019500764989904 10.521853979748503 24.427551013875906 2.9786194255803755 0.5231644697825644 4.977496235009224 12.55225084225352 29.451605890337515 0.5090287931166357 0.03604184873382026 0.42725502573066576
210 7.43643618890885 5.854594167363654 10.938807918116629 1.971922269377859 8.739739650260818 26.330381859503536 2.803425132441227 0.934179823342132 5.678956265125989 14.103396948639718 33.64640549313786 0.5070167645354569 0.057865857700286016 0.42514019702187733
246 7.865330059069725 5.488708022059179 11.300052718271138 1.7719083404451277 8.92869449400132 26.424094217427875 2.587005251489968 0.8122784646240875 5.416550544075921 14.623116443291421 33.794240825417766 0.5081895657620129 0.038887648278395796 0.4270169894461341
245 7.609778126988194 5.514821385813862 10.765777774627864 2.2273230498173087 9.460195132118884 25.395287474581647 3.130450564034356 0.7597000028041084 5.042354215272057 13.195329434905393 32.339838415863504 0.5085627895118388 0.040269778681751266 0.42659739913815325
235 7.595801135805964 5.459202209154236 10.9272407335361 2.401975740494123 10.07609513739832 24.717386857047085 2.9318272785942003 0.6932062856576516 5.174472912757907 13.821795127146736 30.28258383973793 0.5068074540266808 0.06480511755998263 0.42392098454835964
211 7.51207087989158 5.675681816336634 11.132175825624156 2.050982767842559 9.27528599123741 25.726316357757955 2.783460015886371 0.3878709285997097 6.119356423986848 15.023192017266796 31.567499375467538 0.5068290976430964 0.06484789662581533 0.424040870554021
212 7.424905157054382 5.776493760190879 10.808022519522849 2.209269840885496 9.627964342111978 25.8662082611305 2.555955097566855 0.8580999112749237 5.26979262422271 12.438089239753943 32.480925237979356 0.5092736337746993 0.0300544615192389 0.42725464206746877
220 7.904351764597762 5.610322166568596 10.949211573448004 2.2527933954821973 9.689561735990377 24.85253037303852 3.1624360470858264 0.6129113519030343 5.536262884298886 14.48305151924187 30.708002768023608 0.5072877851849834 0.060404630600062376 0.4249166356472726
221 7.542865883929263 5.8274797159586935 10.850750464480749 2.096218485863623 9.040904302694841 26.253198736898458 2.5924692664673357 1.078791754532726 4.7200415305810495 13.129364102619748 33.896608875281984 0.5079353840684766 0.051110546469933835 0.42571419672118865
222 7.5670857191593734 5.712082490323216 10.929692518378078 2.1524542601743257 9.444590451030535 25.759427467146033 2.750976087603136 0.945799668148126 4.82442811507289 13.325432084601179 32.253350230689236 0.5089620143184901 0.03378437800915377 0.4272814216374806
250 7.81724409377519 5.564110930052056 10.038285259578782 3.0562953174649903 10.614402497967122 24.587386250470644 2.8744518536630674 0.6218647519706407 5.4095175841443295 12.527946065948528 28.09747369879785 0.5055899970099683 0.06392872701991277 0.4248191038615208
249 7.081079508427731 5.722370866058647 11.068511376730736 2.070468868403371 9.967520574221709 25.6424841027261 2.480783656928187 1.0227592295814676 4.8266059705610855 12.777649353102394 31.26928791415398 0.5084319826387167 0.03812046598186342 0.4271216973492495
248 8.09200899256555 5.23258562362356 10.987099601121548 2.144713890459344 9.892318264278925 24.760569177671545 3.2330754888762767 0.7470853864879359 4.466248850489206 15.304548091004394 29.648924305308768 0.5065463084723689 0.05946222049755235 0.4240785300540936
238 7.813949654790888 5.574253798754491 11.248954095618283 1.7983572965693575 9.398549744715679 26.242148250089645 2.472690242247895 0.9161497427321218 4.444316060319637 13.683314260378435 32.979646706512135 0.5090844177754108 0.03742255381159097 0.4276211276447419
213 7.608555394400329 5.440691689364592 11.538794759456005 1.8602689161254888 9.923464103293261 24.884396522958735 2.9554497892540557 0.9251259785116569 4.74383665329541 15.171250994629093 30.532707496837457 0.5078049288074163 0.04757707568697299 0.426323593807658
214 6.95974224966809 5.695583029568979 11.339735638048541 1.9242532904304068 9.827952267351733 25.248142872787525 2.9193446611314546 0.9558732351541763 3.9330548071132947 12.496231425307561 31.93030972368548 0.508289124319503 0.044417770413745214 0.4256983482295479
215 7.629998220677039 5.343098537861806 10.355898644246796 2.5861690933271277 10.557519382668856 25.48767411273141 2.491726495242545 0.5294682532469132 4.3987511638688535 12.018617724478167 29.530723737734906 0.5085118607121629 0.044567220848944294 0.4257687741019986
239 7.0806338485230835 5.6908944782708675 10.812545047012291 2.3456595080685383 10.475853345623861 25.101601162388828 2.7148852653653157 0.738606120132881 3.875946606710254 10.978801813916341 30.993635345977243 0.509213384990107 0.03500382104550569 0.42760192591811136
223 7.579786523164572 5.31515281735292 10.72375126265174 2.25127755850632 9.641572438734412 25.854008283936505 2.6346745579770516 1.0313237188394295 4.000405505223698 13.192381346621401 31.77096955421527 0.5081635392219794 0.04253196066213773 0.42708666614712837
240 7.144282940488778 5.789688530847701 11.099637400109753 1.9353671522068578 9.27595086315252 26.27608400710449 2.6720060849673644 1.0817056976723647 4.620255433861191 12.549573391470291 33.36579426615281 0.508998689070676 0.03292958644881554 0.4270111400621339
224 7.93184406077356 5.160034214964265 11.383478371897702 1.9907008337088163 10.246908742828333 25.026987900053648 2.7829251558088983 0.6871346228076733 4.601777148503403 15.273667495081748 29.274030989477744 0.5075475961881298 0.05092778073276145 0.4264295427669025
225 6.8740062968629765 5.90121055226271 11.139819393928981 2.02727234140442 9.62494900652132 24.96012153506617 3.29511762497298 0.9480306694595566 4.799238100202586 12.439793520549184 31.925790158262622 0.5091450805394084 0.040579266213360464 0.42605911475122854
