# timestep 150
# phase bcc
# id f1 f2 f3 f4 f5 f6 f7 f8 f9 f10 f11 f12 f13 f14
1 7.513058703017717 5.420341885541943 10.82028562223247 2.1621356745701306 9.140815047882064 25.043865266203582 3.5219332169029878 0.8348357104070153 4.7577852608193805 15.08715174481746 31.44760272060144 0.5088327667839845 0.043672150524243565 0.42625521862163984
2 7.641374996014727 5.522651990833735 11.042785354770414 2.078666264857352 9.35968154505512 25.666632376566955 2.894558866246452 0.631852634418873 4.808126302727132 13.374162191691038 33.281891007181585 0.5093041714911086 0.03131131080896327 0.42695606889244087
3 7.958491683162941 5.646123766521943 10.813107588257154 2.3148639561779993 10.009778119636191 24.194545465251167 3.6610521391293007 1.2190015263743728 3.1456727238149518 12.10776310157868 31.081413841188617 0.5092992341880336 0.0236742151926598 0.4279586387544055
11 7.144937994072032 5.647840848337871 10.980124042806258 2.048784380621397 9.498720690986204 25.342283715037308 2.9176166831182297 0.8853767033312927 5.0977693092101175 14.180595831482082 31.424941222597035 0.5086654187455306 0.04532527676697575 0.42658439606072884
13 7.592811719174418 5.6826768695300425 10.521947835900626 2.3901584650280685 9.062765580072556 26.086363907887094 2.853630320055879 0.39959760435806335 6.0509571443170085 14.280947383753047 32.23955409894869 0.5083811738709464 0.04678502876784262 0.42679747101370763
26 7.8310334790376075 5.456690057767354 10.760182825657488 2.0946169879460905 8.824045203580564 26.176999055245798 2.8670871849622928 1.0265762516695394 4.223977058332421 13.986037846165232 33.7193575014141 0.5086019628850679 0.033678019615262005 0.42737735879934696
28 7.688007886726796 5.577994906654724 10.654155188191782 2.335216130026007 9.41975904444575 24.962393341709163 3.347260857010076 0.9563884364821094 4.883371189081889 13.818207219371757 31.46410012184684 0.5079458803161815 0.050449227240582144 0.42585474249936756
36 7.399351025212972 5.8599952398069695 11.468011545264138 1.6915750089620862 9.203071880381906 26.639182592948035 2.3244287388551066 0.7190696518021035 6.406916071248204 14.028485694976785 32.743926715322026 0.5088488408157595 0.02908605751448346 0.42871666931375974
38 7.675022300481919 6.0282266644031495 10.681730330488854 2.284335147441718 9.51056386744358 26.00231664200393 2.6082692725011727 0.4105390791426654 6.712374010940813 13.425938638882199 30.44035688939683 0.5064313482589973 0.06474577575776345 0.42437119433122117
4 7.610306315617193 5.507412613286657 10.503989560550263 2.1896268709699958 8.149259089043323 26.042001507591436 3.3936257231339018 0.8044461252036897 5.503154899640994 15.108444698173102 33.9684518423926 0.5080553196638796 0.05284416336175476 0.4256517943568664
12 7.142982890106843 5.596602106850706 10.134802793410653 2.6324885611517415 9.215489022267656 24.78837451200952 3.381613744800517 0.7550200278920556 6.024755341870128 14.995724190551833 29.825514016305206 0.5069958669691994 0.06265713233419788 0.42387464491271315
21 7.8145679055840525 5.370218783650368 10.992093419720746 2.1175281309368983 9.366242970498313 25.8302663459119 2.7802818024851215 0.6081660506119423 4.950271890350252 14.325206917669817 32.33725892436264 0.5093304648676236 0.030137873223924805 0.42827561930852376
22 7.0825287099369705 5.603338063470317 10.322673205271848 2.5678308062959445 9.619337271973414 25.086887817416883 3.076672732836046 0.9545377928409405 5.258009558324611 12.768477022273022 30.5021274284224 0.5053308212157389 0.07526329741626098 0.4210832208481723
46 7.2238817954757515 5.730359618807841 10.677721172251779 2.2373325508692865 9.765280875415089 25.238709401455402 2.958069447042612 0.7808934629577624 5.302543974916676 12.737517619676487 31.24761429832553 0.5090657566733197 0.03497922282817325 0.42701747097820264
47 7.634501233223411 5.837197327502611 11.30873945703384 1.7113542522557075 8.344634626629814 25.507349443759598 3.684718768286146 0.529788599003951 6.058873708421143 16.606150818060005 32.386336654536024 0.5092167349157646 0.025926482190014134 0.4268333901718889
14 7.891244029030007 5.672921168635833 10.635171378631055 2.2054031214930276 8.781714163279874 25.67099480781162 3.3459635660989964 0.8457181375473815 6.006059706530679 14.506049425637245 32.190955648096654 0.5045615581297328 0.06988661880513009 0.4235649898522164
27 7.651731724897311 5.552056290846368 10.43007673287805 2.5811826800818376 9.839333160267156 25.10700410231713 2.9655305637131595 0.8280005710817152 4.822046670624156 12.724014408109543 30.815379542329072 0.5084780673455196 0.04738620100100453 0.42610962418436255
51 7.324650038056349 5.775423742254762 10.832092780947486 2.1817856197085135 9.107770785793305 25.75881640114757 2.863984707328593 1.3171041091834883 4.554372810607052 13.379652618237014 33.28851440360149 0.5071365686756576 0.05825391231461842 0.4256258794267192
52 7.050702155319082 5.818410689942916 11.143109075311376 1.833435258133456 8.571216415807854 26.16201037865524 3.0502183711244077 0.7697844679950704 5.667814126162651 14.457410705407282 33.93339663247533 0.5081832810446977 0.0445751830954973 0.4264664953893915
56 8.075091333927062 5.155109177211384 10.91029043102968 2.085276385684047 9.051847781739603 25.393001236547473 3.151148954177868 0.8578033167432998 5.353562876589031 16.246996190545815 31.976278401129967 0.507994340731006 0.047196664729885665 0.4267637145423174
57 7.868833713647533 5.634505598198775 10.942403030623584 2.0335768068313644 9.198603180284229 25.639740339951718 3.0017360382649754 0.8766346868004807 4.4856911514587425 14.01061241350357 32.601496124756785 0.5097239802387753 0.01929466201821314 0.4282067610877997
29 7.500488549663795 5.751756217900434 10.332782596142154 2.622130442012504 9.377212402612438 24.93231574899556 3.3790243016016253 0.9859056278414003 5.104537700053515 13.410045008407119 30.9802035026082 0.5048572311361517 0.07522314852465127 0.4222231194516106
37 7.658188272892254 5.787806222889252 10.930243113123703 2.122022180013084 9.491480301729503 25.85519578884977 2.731124257019074 0.6232738148939949 5.6080083859573415 13.102504583317964 32.11874732028907 0.5080694567298286 0.046413118652275515 0.42700516478929956
61 7.510635305356861 5.131740705853981 10.46892124701765 2.4889333072345625 9.869480172719532 25.541591884986083 2.6329328556998077 0.8879803407950635 5.1574585998066595 12.36738258712139 32.1128986992822 0.5051131136057779 0.07475667061490117 0.4231429677423789
62 7.6845296221864094 5.714633209899695 11.162438145521962 1.84024590852801 8.606400740650201 26.150786991685052 2.9867680573302833 0.8415350510024978 5.06582969323071 14.804727741723074 34.13705544423502 0.5095868328308047 0.027482096422480368 0.42777156208535727
39 7.309685752561498 5.8507035702824135 10.826066159764824 2.092086445663664 8.672642688403764 26.278407877393725 2.8872618225034166 0.5416413468261313 6.437343503465447 13.866487583293832 33.868647381662264 0.5094964861473198 0.01827125095120764 0.42838896302721724
126 7.580848890996272 5.7976916186955005 10.623586145625405 2.2596155034925816 9.362688318115511 25.919259191562425 2.770603892089699 0.7273735134243934 5.432604586869083 13.290869725503368 31.99628416261654 0.5078752920745652 0.04971235902904722 0.4253728488256878
127 7.357434331451091 5.55196734924787 10.6988666872706 2.4884374726150087 10.146849115840991 25.1063471797581 2.663850823155312 0.7299534700896136 5.181048095263935 12.017938114917 31.312610300391583 0.5079717741830282 0.04928652510146446 0.4261525483557772
151 8.023879024251054 5.558766912658105 10.963547864484909 2.0611951909170463 9.459762026408315 25.157972889609823 3.1957836365927976 0.49268863187033757 5.319463897269811 15.040186648484292 30.815495457282143 0.5090278534348953 0.031721631774124626 0.42850058372671485
152 7.331670428732757 5.484596828612193 10.658736964931215 2.4995894670820444 9.901368386670558 24.961088939775763 3.018776770970037 0.5317203359998832 5.2435848644629 12.849897799423635 31.072093057263253 0.5083335496728296 0.049372070674294215 0.4247990765967878
66 7.667509084111476 5.620828834610966 11.306498954918755 1.908687557604849 9.822131203388446 24.979456529841464 3.078423319463818 0.31894912900338074 5.768653481276441 15.325158602373525 29.719323551601406 0.509981810109739 0.01908685517155701 0.4282989787702008
67 7.400152926364881 5.716042844709764 10.836731932219438 2.1707755430390363 9.410268382960046 25.523578331452743 2.9803409420451015 1.0478403910437821 4.1389898732604316 12.432200148023329 32.80666303025024 0.509043679853609 0.040769649489361216 0.4264520519857765
71 7.298965478179903 5.791841842478867 11.05294420864251 2.091111747130824 9.677964593019572 25.13901231835181 3.0560109119912484 1.0535538973472043 5.026108907954824 13.42394598610544 31.352838689658363 0.5078885811339454 0.05050132765828843 0.4264350389588508
72 7.55392392918132 5.537215410443473 10.597012008925377 2.273118815782362 9.44580797806839 25.90053658742581 2.6927455904657003 0.4411659756260588 5.775744770403597 13.835334467675242 31.726414172549035 0.5094375014837099 0.030308739107619338 0.4278996953943079
187 7.36084501133699 5.956575893432521 11.323792518994987 1.7878745023223426 8.934139138997384 26.18470787874304 2.7257621861973043 0.9001927668485096 5.193139879246601 13.330783163912203 34.08404377949964 0.5088231985384022 0.03334024720161051 0.42753513810494925
186 8.147024711609417 5.414322397526817 10.804614485260574 2.076521784603582 8.792610556786762 26.04722992681535 2.9505459566447922 0.7118277256766633 4.534209526183539 14.662973354376668 33.84043811790216 0.5087417815234804 0.041576028028021454 0.42699525724181536
5 7.611269468543834 5.397361857846168 10.581066511731448 2.40732953009174 9.263611538643104 26.103368488042683 2.5875143404710754 0.4226180190152806 6.067509589389627 13.955945032939924 32.31404815002538 0.5080268001816609 0.05155253607846784 0.4255827113621572
15 7.38099275452736 5.380220193351995 10.196573275268793 2.4809816010242174 8.758134892318465 25.6734826539933 3.3759497667793577 0.7303842123108683 6.839325546104071 14.073305835750128 32.4329829925268 0.5047307258925005 0.07486792391362947 0.42245227820228953
30 7.364550830610063 5.72813319095932 11.066957382513554 2.091214538783831 9.557961010826524 25.35247482759574 2.8943415961307286 0.3290459505832794 6.2919437431299645 14.241093964389536 31.015589151227537 0.508298429319435 0.04734193692002785 0.425982513693637
40 7.431313026124112 5.865609490921359 10.04396328202415 2.7157315077486337 9.334918194194344 25.02080741135701 3.0928449667911977 0.7706511094068242 6.280513997960005 13.648067422864003 31.211097748383978 0.5040191461267469 0.07906287157336199 0.42213609123939927
6 7.710693140349979 5.656639579236733 10.817282705098094 2.081303710258916 8.705465573563828 26.365819135372977 2.6114236100267454 0.6087933012606963 6.038576788729783 15.005137570661265 33.533771882864144 0.5072419423853559 0.05240278943804268 0.42587892756684953
7 7.659888553343166 5.804238393703645 11.182323245965062 1.9704309084187621 9.66632140923663 25.134162810240085 3.0765929775576817 0.494811170595252 5.859591223203473 14.68572056948886 30.086162248491046 0.5083632496610409 0.047292826301233895 0.4259666510734631
17 7.572899993329245 5.633139230687634 10.542415923958915 2.3230611393668026 9.165954892442407 25.600174074561597 3.1577478730938924 0.860250550595052 5.245686039713279 13.297503460785208 32.23534819471854 0.5094637780824256 0.035149756673312486 0.426562779979224
32 7.415712906180832 5.728996746832436 10.944348094668099 2.1001735700175237 9.568291265172741 25.271039556948182 3.159966129975349 0.4802318630240285 5.380251929092125 13.943392967594553 31.015878147282663 0.5089740570645717 0.03213079832963775 0.42744949289032225
42 7.456086263892325 5.723499308680086 10.221676206135117 2.4490880654716527 9.223673527534242 25.814333330389946 2.923537031796129 1.3927601233888653 3.547709078905967 11.526898346213322 33.773263162610064 0.5091933386356996 0.03610339394444414 0.42710878097193333
23 7.271741473764525 5.463048236308135 9.7909757030926 3.219725194840599 9.953627565336731 24.583406033587732 3.1365332804106347 1.3872424370259329 5.578223496133017 11.834629979786609 30.2234878643424 0.5033666076991975 0.08442701930711059 0.4205827681874764
48 7.824173856956705 5.3120874703497485 10.269915000244579 2.49754947618087 9.015639741115 25.8715154969364 3.0403538630692086 0.877450230243854 4.703496241289503 13.922905552028 32.16497093393427 0.5086184844971584 0.039271399186183414 0.42686550705726356
16 7.905542755368907 5.8407910904771745 10.67663698343826 2.460979665219607 10.15767938023852 24.758569101081413 2.9260394727766923 0.492264787192517 5.688119708950118 13.787212609063149 28.964903278359948 0.5080145595188443 0.04673641133145198 0.42570413408424357
24 7.961441537178019 5.420079929683811 10.618333089028283 2.2883736440416764 9.590765277408346 24.650537038912436 3.53854566441703 0.7007872996616026 5.208068427050149 14.947111957954782 29.93636477719498 0.5068278366697967 0.05790611608767102 0.4243677050673044
49 7.2291149087356 5.601592516680943 10.892512724241595 1.9234461001711542 9.007108922266015 25.135889861192066 3.529401064132604 0.5343265115231084 5.7655160871124815 15.965135068257325 30.356824711550573 0.5061298502317293 0.06851416910089263 0.4229555117029422
53 8.060657440968209 5.721739669671055 10.56791320099877 2.5508736211914624 10.523517288383175 24.975952974465645 2.5930495648547907 0.8211304091414264 4.185138122569158 11.704568909335421 30.39942320043301 0.5085812432446394 0.03924725580109184 0.42633272994845683
58 7.498290177889368 5.796656855760872 10.814094359065882 2.2364524790352047 9.297859833062668 25.180947136137913 3.2110083838992747 0.7351952512843467 5.8262907559242825 14.494786307126411 30.99119454173876 0.5086448649368637 0.04864507284068439 0.4249399353247084
31 7.771527922564304 5.865688486118481 11.080940563383432 1.9014451403388561 9.01584909548131 26.04284028945467 2.7418787804290807 0.5805005204652727 5.821648962186176 14.844916276628883 32.6555038972372 0.5088175258862986 0.03903553682960861 0.4267211612945202
54 6.983699202021453 5.7761021055357045 11.218832273781333 1.8899068978232656 9.094610485010408 25.43905522360095 3.262195378513414 0.569094296427998 5.345297645496154 14.149355037752024 32.27485726723427 0.5089873144784914 0.03965687906049364 0.4274713647098832
59 7.457695391897204 5.781201192280832 10.844519465675145 2.1824968135854235 9.704396603172265 25.491088732300895 2.7828292248429083 0.5068155062263842 5.787882927118409 13.615085182254335 30.841157020103957 0.5085526731622989 0.03573824341543749 0.42769137554005243
63 7.421660512071892 5.659276503016609 10.400432460676495 2.3344242286982593 9.418994708221353 25.5627601978037 2.891169401409659 0.6874900675420904 5.742595680675307 14.036988662901868 30.72755346629214 0.5059072680099996 0.06692836527636503 0.4234067311233504
41 7.42646592658887 5.684368230350914 10.78329693385074 2.237072791175732 9.109426734939225 25.790848987734385 2.9433455971076907 1.0726907092470594 4.829481804999722 13.491937754028326 32.805391211904286 0.5088033870932993 0.04079416774395681 0.42589646255686053
64 7.614656722196929 5.679081090892909 11.03216806128621 2.0498673788883415 9.562777970870753 26.085188367806452 2.5645481619513384 0.910799440092374 5.145797721009825 13.425189879951414 31.745634558962106 0.5081112050307287 0.05014156835230432 0.42611255583547064
128 7.009502070907141 5.970896121755254 11.29172863077439 1.9342333763614503 9.372565833717607 26.214200023219814 2.421163660763961 0.46524958995086596 6.113053709594341 13.312412110824603 33.00534830356406 0.5081387937954696 0.03873954290240262 0.42718555061769437
153 7.154613419162655 5.545975667845575 10.465970074277047 2.6490630427063517 10.263684862159051 24.17457797922524 3.4269986822945606 0.6995050674149101 4.660382198797713 13.314612324794238 28.47069088677305 0.5037948903705068 0.0803190429002335 0.42164117812228735
68 8.010857952608857 5.403040200291801 10.761797032287344 2.184848488962649 9.07296352470432 25.34487668972616 3.2898166978335674 0.6402069401584439 4.796754160076625 14.400906297097094 32.72759735584462 0.5077860626516851 0.04454656966043574 0.42706114913809173
73 8.20541521998718 5.487539809385134 10.819141266327607 2.1889452352932732 9.392569968811802 24.924415033279868 3.3586492536363473 0.6940274807905358 5.192847212529301 15.491032376499748 30.4891683562359 0.5075615080087637 0.04801601323741974 0.42582030523088427
188 7.540145804825981 5.711671736015849 11.022091574944152 2.096800125805122 9.74453343770719 24.97767032355115 3.1671306838401874 1.0318839086856308 4.366080800716102 13.415432697274632 30.875420037247626 0.507971377175097 0.04707991706625341 0.4257975972705067
8 7.675072535120196 5.893835003360411 11.323520990583882 1.9000076783478181 9.797998744870595 25.252548052087107 2.84886776162814 1.1120590962044712 4.452969248650333 12.65676300078238 32.08005695130924 0.5096802446982471 0.025244875654396984 0.4280379499344964
9 7.700916442445229 5.733597840740115 11.117710372927915 1.9383599921410206 9.741808053289809 25.67898283124517 2.671234985164486 0.6387935050708629 5.664688863551518 13.931555547369454 30.7443137245375 0.5077046186660421 0.04723082015294177 0.426179609556199
10 7.33508577520974 5.220181545552029 10.082660605312256 2.822334818713756 10.289895732695939 24.597508294646694 2.9534554103057826 0.6912648421845703 5.725838207384103 13.411764904852719 28.623860938138115 0.5060648433017011 0.07173783597669826 0.42293784295826803
19 7.523126458473046 5.481780982817054 10.88395873755594 2.208831836935118 9.578066122562223 25.611203482244186 2.6579024411772036 0.6691816704991599 4.7590785318971625 13.635342755552786 32.76115007944027 0.508487111024412 0.045650183920021264 0.4268132604006829
34 7.551637230524083 5.887598235101068 10.978395709644625 1.9731574195025052 9.37297397499895 25.85905514888546 2.7535790830105333 0.8861304175721391 5.405240649028863 13.758124482431143 31.353385425082624 0.5084718003704172 0.042416742256334024 0.4271276528219409
44 7.922711845690762 5.301255273701648 11.112060030655382 2.153610483303684 10.03284675793913 25.214902302947113 2.74339368373703 0.9473436916462636 4.074149881411513 13.232796803486655 31.76182780603739 0.5093196942050764 0.030212556829137798 0.42782647199328616
18 7.520262134030541 5.369841442265405 11.129483044683191 1.9436814340978639 9.203784115118948 25.40892966322979 3.1874842590505486 0.6534698163288455 4.866422587981085 14.536235323391029 32.44409717560987 0.5095758587322986 0.02623199760494958 0.4283494045335534
20 7.669842734356597 5.417241813420895 11.125439495552175 2.076219537643288 9.545144233392595 25.521315832659045 2.8410485114751314 1.141973627787408 3.8675955915340454 13.763059531041105 32.593416950498316 0.5081870907317568 0.04746716705258506 0.4258101704441651
25 7.827036311604544 5.736929023628577 11.082043951242252 2.18234928265398 10.355147737524314 25.303422562335577 2.5345309532456755 0.729467500415423 4.7887445754674145 12.62216058796375 30.45420971730151 0.5084019070010429 0.042504924079153766 0.4264699740935828
50 7.205277663846819 5.6055670720775055 10.455193364751594 2.5343176534428884 10.459837152789639 24.852520323652065 3.0245071876623064 0.6245959580883614 4.604106589861894 12.114193215281889 28.290657215217553 0.5064912050490388 0.0628768528938768 0.42442929434699045
33 7.826472969095328 5.468810824449995 10.91339387445841 2.14501257245808 9.6605945949149 25.632629349067873 2.745062452302341 0.46742565561498484 5.3371921015026595 13.99850696798456 31.280965239515556 0.5091153947895027 0.03427681094655538 0.4268254407951035
35 7.479056680787204 5.4828248561421855 11.087744775017507 2.314410353018645 10.364342363210662 24.484862383248007 2.9556069823790496 0.7332765375237384 4.822761062131499 12.490748346606818 30.7490642626056 0.5077876719946345 0.051496469409551146 0.4249748879672411
55 7.528451445643858 5.650085019500729 10.715629428284918 2.212273165345011 9.220861189598535 26.221336916745006 2.762094621443022 0.734317221758088 5.15182401859283 13.358564049820263 32.494999264635666 0.5066966035935524 0.05613396400520335 0.42604172286615005
60 7.7644800081313985 5.556261867562979 11.295274204703318 1.7621123988403107 9.229461841902737 25.726828457845414 2.873717089085948 0.6439068009913692 5.249653960008377 15.370133308651004 31.394008821910806 0.5080706927502131 0.042452134620729914 0.42736599242737433
43 7.2505256334160215 5.306841401621995 10.783122608583627 2.4742389446074977 10.414649000186227 24.374055562681264 3.194520692710675 1.1495267065058188 3.9681975584460467 11.74536695645744 30.044237282116576 0.5063633295844195 0.06385072124569621 0.4246057726559191
45 7.675059990535116 5.4616040377842365 10.769857752294314 2.2929163510512747 9.735415256712937 25.3403954754473 2.888144108749174 0.9549766056140914 4.051420546294242 12.807026335792655 32.29314904442771 0.5071342951644784 0.05016966535083281 0.4260033072286569
65 7.907990329462566 5.662066419327292 11.233449242905316 1.9745836401627048 9.722824540918566 25.658306321637685 2.5399255672097505 0.8762955402724264 4.103827464896181 13.326700445320846 32.61156059229703 0.509185029129209 0.030028370028050536 0.4266429423791341
129 7.303145752173194 5.722157366717227 10.925793832596668 1.9846332957558965 9.231527490176441 26.212974871819362 2.580424447414982 1.004941532926127 5.027177024830721 13.220505156636984 32.89036390320669 0.5072222535561591 0.04462492153860657 0.4272608811901061
130 7.792724503821167 5.50643160069673 10.756694207851028 2.185276882485161 9.63022364941476 25.65151475624292 2.852577849781883 0.7383205762505498 4.837218136796041 13.815389045499243 30.48445026584615 0.5075673569540239 0.04936200697148409 0.42687831847479757
154 7.566930220990839 5.688968289354306 11.091408159086853 2.003213849365759 9.613290377705152 25.590944989426024 2.772856347600829 0.3729069898001295 5.833451945648002 14.551949013141867 30.962936691492217 0.5081792642450776 0.045425603441968096 0.4255914682745468
155 7.907468499326391 5.4670278980393805 11.396919981371584 1.906320864271623 9.788935364217684 24.419291213034473 3.405399930177964 0.9943618690221625 3.5297296106610108 14.21938104500566 31.25842215967508 0.507192359525982 0.05805656100216991 0.425784569328848
69 7.0652549550577906 5.447611293844824 10.491466452721047 2.362652496113914 9.183942279885844 25.77030036701376 2.875965460377775 1.1312260597596935 5.572984355001237 13.161773229092812 32.651450975731784 0.5039047356476906 0.08065011438355767 0.42128890322383367
70 7.281875314332268 5.664258307586134 10.799927059064073 2.176923789146154 9.611987370005497 25.845944845715596 2.6188701000437087 0.6914419110185773 5.146197472164057 12.742622919602326 32.39117424529537 0.5086759328000361 0.04184721522329028 0.4272439376453957
190 7.629366349114818 5.583162230606733 10.830893188572249 2.379507041629439 9.917387966160835 25.144190130980103 2.87706940736624 0.7893233246559316 4.807553814413456 13.32955041923497 30.66071305198724 0.5061535772172296 0.07010974023701537 0.4238139019428695
74 7.407273098486593 5.541907148215656 10.882410857350617 2.073593568474111 9.503702609513791 26.15798853735887 2.4680064333144403 0.4548174610753654 6.643476184884404 13.869674574700532 31.505310170414045 0.5071039698113977 0.05364896971497527 0.42505480164316245
189 7.0081530953853575 5.898386705875097 10.953689139966537 2.0501008981973268 9.601636819438305 26.380672081131838 2.2389524734052344 0.7513035724421804 5.293852071349913 11.91942838126617 33.026205750320074 0.5097932735193029 0.025767948055255223 0.4272867310591391
75 7.109104443192805 5.760126572817239 10.89931756749074 2.1757730412682474 9.747045654878516 25.666085845567647 2.5190564617228124 0.40652177665688377 5.839085138721242 13.221706527038162 31.53146770044913 0.5095765789177331 0.026841842264902428 0.42811912547287706
76 7.253846516988854 5.667414442808572 10.770753556530208 2.331904545181925 9.77782413187287 24.786118514787585 3.209905491842357 0.7268400917371876 5.1400851595627906 13.451319520412934 30.859880868248435 0.5060978345432262 0.06299193820791928 0.4248450657613711
77 8.10261317971335 5.547492605209263 10.989334367945053 2.16131841833304 10.063771875513076 25.301283655762763 2.6559354229389176 1.0075236506805556 4.120119289659251 13.141010259225894 31.276051430453638 0.509577666504742 0.027163176435507135 0.42806291530214263
78 7.68880623922726 5.544393677441438 11.172858107591678 1.8948416247471982 9.354394421300505 26.203717613001693 2.5449778340660476 0.3128124213303685 6.31477044092489 15.015285260962239 31.561963715449256 0.5089160285681278 0.04580373392838871 0.4269143078169219
86 7.840632832708147 5.475781446816742 10.74926352007034 2.5162244263655267 10.206198020923848 24.903155133516616 2.7515280575225844 1.0729139800377392 3.536552603751022 12.45374766310406 31.45312801776367 0.5085244178255908 0.04992571849299195 0.4251463389936696
88 7.85082745798482 5.448501687156416 11.219002175932124 1.7867765041038606 8.856287355002136 26.089276220897833 2.946708147133253 0.9431107696548301 4.30830840563429 14.722890284763624 33.88272637660661 0.509631315239022 0.024856079308237366 0.42815930119557694
79 7.2930411933253465 5.7462068592008695 10.626900054675863 2.4777687777997177 9.737810328182373 25.115088873581982 2.8839255733987557 0.5876051882717999 5.716032764690315 13.243218831881496 31.30841478126313 0.5078625182506201 0.055148203472748666 0.42507889565928736
227 7.740469301892627 5.444401769660824 10.73865454750006 2.1756882029187374 9.58354635107474 24.72047615473016 3.432564950417023 0.8532971812375353 4.2430510243085156 13.927911182788757 30.865695690837338 0.5076213094649606 0.048478875936647965 0.42555466999912583
226 7.013374359605524 5.697664640856645 10.071086439422501 2.8012201239717407 9.784657737492902 24.792160451588558 3.0366135102828746 1.0226417321020354 5.582587279697046 12.471965487650793 30.981519716612777 0.5040842905675725 0.0788643396064083 0.4220776807905043
87 7.456338799124451 5.7134691225868375 10.777224409201727 2.3826917282712996 10.14636298520957 24.932946329354948 2.958705326989126 1.1642653957283766 3.6176411231046086 11.376371844059332 31.66450821115684 0.5075455943260824 0.05070156296742491 0.4270311996851037
96 7.344476088925075 5.894348516318003 11.000907603038232 1.9970686467850107 9.485425810632455 26.175554858812315 2.405965043432785 0.5602001791811733 6.148736172664135 13.380892378050481 31.93539048833442 0.5090391376358534 0.04275285943880741 0.42646227382422935
97 7.9874558292957 5.488838860506736 10.546169162411987 2.265064895149903 9.608579721029475 25.64319842804854 2.82705512779512 0.3601424716126962 5.798553804587406 14.712113442931535 30.477257092781475 0.5085842371055045 0.04740028522563468 0.42607804142437294
89 7.168489503812308 5.940047704796035 11.214657247650795 1.8559172246950415 8.784247886622024 26.356198571383505 2.689184068909269 0.6315220062512776 6.411904951142382 14.567157768719841 33.46334764980518 0.5077603013633386 0.052090254002578835 0.4257471977061257
202 7.651602792712545 5.64880367521117 10.84612887799447 2.1677196221080406 9.165184811166364 26.74830312057842 2.2221058207700146 0.5771455933574998 6.461550205217429 14.471129668233774 32.45363524832585 0.5073817531118003 0.051727539381689065 0.4267274386077461
201 7.568209732787161 5.847590336774646 11.193152628345551 1.859817592900215 9.329399342346537 25.26812678039066 3.1640881035808395 0.6359167276546035 6.010736675045375 15.031219516766708 30.799484853926817 0.5077352377043286 0.051086394590228894 0.42639515722432747
101 7.0840562964909575 5.7520819282771205 10.838891795744875 2.3046058857448943 10.117856303687342 25.515723544450946 2.4916238191851483 0.6403944646905451 5.798351967097684 11.864518881447092 31.48404085513066 0.5077134653590545 0.05552031824366507 0.42558103800779
102 7.584999829268259 5.857256860261075 11.122381138926617 1.8817137117621596 9.57868993612046 25.85706752818958 2.589950905572185 1.0010009055765967 5.285127743394064 13.7336981281256 31.465674304318604 0.5098766079410464 0.02427298213956466 0.42810243423988475
103 7.496407533327387 5.851000865192544 10.521532599657844 2.1988277617179413 9.223847299834073 26.657150313239793 2.362090485804892 0.5818251659322135 5.989632230447252 13.183689133207489 32.373383267516516 0.5079898214313928 0.04685083628089451 0.42659658244732473
111 7.687705505568553 5.391796125809374 10.316781228612214 2.851772967357278 11.073986082340916 23.751163965156234 3.085957728268408 1.1384738738347004 3.8884228984245386 11.66748951550548 28.085286744960438 0.5047706832800911 0.08158730123447967 0.42053100860252435
113 7.635173745003964 5.784035273830812 11.146159010670393 1.9811444830400686 9.438540372614643 24.921319714017095 3.418378486575993 1.0412889720561742 4.407056360174902 14.065507809282977 31.355006815296264 0.508774698698465 0.04014246808662069 0.4267136131492984
104 7.330588496896071 5.929409775833868 11.001089325768364 1.9804959404390743 8.691077108690617 25.67758168720668 3.263896119188358 0.45787112970571536 6.327307049266554 15.288799914834552 32.51070259533634 0.5085866255631601 0.04447252358909029 0.42587793471192376
112 7.671647170227813 5.232628946291589 10.763275541482061 2.2479560294165966 9.714548533394149 24.989402739725865 3.194165610580057 0.8173870216033015 4.1887455294337546 13.54281111713485 31.58291364138539 0.508443161738708 0.043626819909018295 0.426535866511936
121 8.027511277254513 5.46265217369711 10.663840607900609 2.268755969386356 9.186469917440895 25.50284696506429 3.0722039161744883 0.9354207519481108 4.931448125829817 14.858052610085913 31.524925882974937 0.5077354579693927 0.053539721733271525 0.42476121068039047
122 7.684326349637724 5.521569369150724 10.833920705801606 2.1449126072042826 9.283745088566272 25.465320809509397 3.033543552583247 0.7182925734262191 4.648575444566545 14.05901618797837 32.30576018128693 0.5071347465425475 0.058888280622450925 0.42433744718558164
114 8.138859366585017 5.426785660378311 10.061956134503838 2.5174893054658467 9.187045561339122 25.165033506520366 3.3730188863208994 0.75609572952279 4.837673399225905 14.39118348925061 31.049159559194365 0.5061822490977763 0.06298251967174144 0.42441516142635916
80 7.992913991811673 5.6319193884486385 11.028859957315035 2.2224330322554966 9.798324489327372 24.8947681646918 3.115010839413831 1.016651159645979 5.1321220059089026 14.736488572087513 29.88026215540269 0.5063685719459832 0.06113800656992525 0.42517081949365204
90 7.575415752800405 5.392208871484672 10.489279867200112 2.222218781562502 8.498139161321774 26.465893007068598 2.8572065805653297 1.001602550664545 5.61225302361892 14.133600350083697 34.59553312376707 0.5076391765659268 0.053043116814026715 0.42583028241685417
228 7.8006745181726425 5.4344328821982515 10.752965625089429 2.245195717002007 9.32953109635161 25.572229470267587 2.8940185651909625 0.9298560724031291 4.596808486688076 13.889995596609142 32.628944351258255 0.5093181789042098 0.031842426748177784 0.42824566145195914
81 7.7101467764873535 5.783358566227988 10.593106094592825 2.5204226229038427 10.16806793417872 24.558581259169262 3.4029136191814895 0.7927422474963607 4.807752324085346 12.176022909465672 29.57334343749997 0.5057430079576365 0.06751309893653176 0.42473494858608585
82 7.972896857639918 5.399181142843323 10.422105081089013 2.8403375875835555 10.215242330986909 24.616713175532695 3.0298834727682165 0.6968232605029488 4.074639302953234 13.013954554121556 30.108043759025303 0.5061103333823899 0.06340712900514003 0.42445250898757264
92 7.155386801161426 5.608315710381176 10.559239443700967 2.230112564202209 8.844012465993305 25.76622872466606 3.0832048256888065 0.8558410718254805 5.895372571995086 13.29873819841742 33.597143702500745 0.5059053143460897 0.0670374360702158 0.42437382454900086
98 7.407315221347804 5.892353979888528 10.687723980595981 2.291368762192036 9.386630624656743 25.594097407753136 2.976146565582127 0.9658100330262633 5.117257908656037 12.792334002656926 32.07078673406879 0.5076739781764392 0.050744278556723296 0.4257150137712929
203 7.904880348791924 5.688707737826292 10.825540410749623 2.169678354564133 9.564786419798967 24.932533765404774 3.1133678412223245 0.9948731321081604 4.35982934642188 13.976092554578067 31.529872107092135 0.507906240831389 0.05215547520283172 0.4253699049536248
91 7.875246233707408 5.750517249193053 10.52371111011885 2.1872450908932612 8.64115838336624 26.37097687499516 2.7261290742457764 0.7299787744160635 6.584821663040872 15.078710750551865 32.758093797364914 0.5067893215901459 0.06499503182291877 0.42411760087590333
99 7.427482919603001 5.782716930141088 10.686110007610997 2.396308626417077 9.973974991480281 24.542303260741708 3.2278809818780894 0.6324155553729774 4.908451795640632 12.99629646405055 30.273295462244285 0.5082582520948558 0.05339959547186784 0.4250732465839068
105 7.629111461601891 5.673564252653422 10.821867558652222 1.9372504086753755 8.556177547112565 25.87503946964665 3.33178060490842 1.2626799472481687 5.076353115876604 15.078588300460128 32.67295064925439 0.5079441537600486 0.04901456039849818 0.42576363400331696
115 7.802613518648478 5.585415546060686 9.767076353334243 2.8926004281491875 9.500216157596027 25.119604917387086 3.3323861100109977 0.6473002417100044 6.097372474869416 14.461855213456133 28.646418635321137 0.5058979877893168 0.07282800908056666 0.42361654688805483
106 7.261829807074948 5.949152785088035 10.874928268226853 2.002456639786563 8.407471605627176 26.340419071566792 2.882484989728966 0.5703163169168979 6.610483798580561 14.628512219756743 34.34011300311565 0.5080240753325093 0.044740199759351645 0.4264356553922591
107 7.708570041735095 5.709557617894618 10.757695059398005 2.1292676997859243 8.917446849506923 26.00312948889253 2.9387289676709485 0.9266385006243821 5.149097169383522 14.37498579224359 32.72226377757645 0.5066565067021299 0.06236651862377121 0.4237438405810084
117 7.797878058089639 5.2838917255158195 10.238156789121769 2.49703195792144 9.292122951765254 24.942096791553183 3.5196352100618813 1.0478884051979507 4.892314138562732 13.015972066352234 31.984598193962885 0.5042447202636577 0.08047040089977918 0.4211332466325657
123 7.222868200483932 5.991550136619991 10.915186219986877 2.038390589836245 8.983227669231468 25.473968100648317 3.2982179041600364 0.6750431367003598 6.476066098349805 14.282211148438769 31.88730134287474 0.5081057051266771 0.0458719231272941 0.4262883339489437
116 7.599398735686767 5.75056145453473 10.440271357736423 2.1366142275085616 8.299164083312805 25.952386335126437 3.3423261972846183 0.9788623354669731 6.627216798663565 15.190780580765287 32.85468474747194 0.5047757556309768 0.07328467377150648 0.4237360089499285
124 7.945724183558051 5.639328619054067 10.079363943373366 2.771555398927549 10.087190678087717 25.17514235807502 2.759691260509505 0.6085254417627586 5.480535237769934 12.917480310287536 29.993738156988904 0.5064502541858075 0.06417324956251262 0.42441313556104643
229 7.240741053671941 5.723649283027897 10.988924428133714 2.0674580215911598 9.236240189823347 25.782203202783023 2.7931293353963063 0.8835940605637078 4.725092906974113 13.119574370073428 33.44087207619498 0.5089408506714113 0.03529803265230231 0.4281675265464733
230 7.387293771638275 5.940878008501391 10.946295569176307 2.022846203659146 9.545809982518541 26.060258460738954 2.5528461893683536 0.34199196853454356 6.9235546211345085 13.643789906238759 31.010656250397492 0.5081839303737854 0.04728394376393783 0.42674409906013117
83 7.624595922365195 5.544262989659316 10.488870673914588 2.4712652367896752 9.59082511591165 24.918097352369422 3.4924967522742567 1.126044388319511 5.346471696745138 14.080249971890948 29.46640924781867 0.5038162490117358 0.07817675788661901 0.42257302152688386
84 8.042395472345124 5.49356562097445 10.485874202785574 2.5011642464920665 10.205421291233822 24.671027473802067 3.091781626027346 0.6993348598212493 5.050870635751607 13.626671101196317 29.172234966326283 0.5068493594528497 0.05586278301322063 0.42554070519868026
85 8.295395677722485 5.220910496882136 11.095327586668159 1.975507563663866 9.203408740905369 25.012315136854177 3.4731302605258825 1.2136833004532375 3.694608272054802 14.932938080506318 32.53848317366225 0.5074141712871504 0.05250802642704264 0.4264322995276615
94 7.578041855632376 5.732739699691951 10.940843845514719 2.132198138464461 9.666774213354266 25.496746156747314 2.820936087894304 0.5024896140197245 5.732061759007093 14.283205784190013 30.433731275193225 0.5089749992388997 0.03679644823769636 0.42715287426339293
205 7.779349685407334 5.678166446312484 10.933773558147255 2.238099339889026 10.086788944461684 24.79476918344543 3.0077956864305646 0.5416731664748341 5.638931684173466 14.252416747423204 29.37169278402516 0.5088362363941182 0.04213305258691081 0.4264450991232961
204 7.645218082442824 5.443168269804801 10.980635478521878 2.1952822173587974 9.329756863173499 25.167453910870126 3.1940239492268763 1.157158452693381 3.8538715418153897 13.86817988545244 32.94853724462533 0.5078493405586927 0.04912808244254119 0.4262613243551828
93 7.938292072911291 5.366759989127698 10.840798395938869 2.2119298701261925 9.096629731287678 25.681049363849045 3.022261200657826 0.6743758998451754 5.145726229990294 15.079561357822811 32.138282837841025 0.5086539294016511 0.045720619867467185 0.42712699967941864
95 7.559584191687163 5.766466461030451 11.007333905710633 2.004103236146998 9.411874039443504 25.76801859388698 2.745360788061159 0.9021297446619645 5.177647029326476 13.612989956830793 32.07739869332836 0.5095956576292735 0.02676341691659398 0.4282316733153728
100 7.46938004216719 5.490111216501629 10.45965080116325 2.311024263384092 9.109214885617591 25.52346215411884 3.099278131593715 0.4967848666445154 5.763804783011944 15.088522748272368 31.52039104265875 0.5057129844664406 0.07004736979834503 0.4236874967850909
108 8.037463686450389 5.307744269188542 10.479623023746562 2.404028620434877 9.387197002948634 25.995229695338658 2.580084658595731 0.7748141819326951 5.163958907883809 13.869387961877358 32.436286101200146 0.5080278822130846 0.05047006344868564 0.42600569128115295
109 7.182286947869214 5.886728456002426 10.666168307554733 2.2652364599914425 9.54223056651354 26.2718956204705 2.3589996275796894 0.8444201615774939 5.298795228181644 11.853869130923695 33.02125613842271 0.5080091100990249 0.048017687905193084 0.42692462784747615
110 7.8441883015660085 5.284847374740738 10.866422840967557 1.9848193257289846 9.016928322352877 26.487407296359194 2.431104115813444 0.6426692680708529 5.399148865068471 15.612166021797922 32.75607133674216 0.5076908061459081 0.055385841620027965 0.42521730434956123
119 7.278262079692643 5.488428071516163 10.897039938084658 2.257980181052609 9.782246558285115 24.60790880363258 3.306906558672238 0.697127571425774 5.237443057378177 13.476257490263542 31.47363456108739 0.5078839249370816 0.0484756926076447 0.42600277783051266
118 7.6466057754726915 5.59435065969503 10.950114465968927 2.0464903438168585 9.155698503924961 25.473753180884824 3.1056012711196197 0.9339100551972163 5.302834774979132 14.336406837943596 32.44377775611228 0.5083548209806705 0.0480638022171301 0.4267490485974638
120 7.396450815884792 5.854551454551854 11.091092734313328 1.9343296714428324 9.816848954469414 25.897708920411446 2.4718438695592773 0.7146911161560541 5.717498770745148 13.194625133128376 31.114187890261064 0.5085342941408749 0.039070745342768616 0.42736523055414766
125 7.5272983445715695 5.899309578069989 11.144741989675355 1.9186859351566177 9.342716474192299 25.947521255723508 2.6654111640821867 0.7241521035598784 5.264126700010967 13.48469217413417 32.70661654342687 0.5092843092958027 0.0404684021994687 0.42675591408896446
131 8.037106123104405 5.377146494031394 10.491612676159543 2.2733248872951872 9.253416804615428 25.41182845889092 3.155553934375917 0.6265232402438923 5.80336375048241 14.243666167688014 31.885167081029422 0.505942852809198 0.0666056682467675 0.4238573239459876
132 7.717407302472099 5.841495903187984 10.766990836025483 2.221953766449204 9.344903705955673 25.794395956459773 2.819135134886628 0.5259734026761463 5.762117339878469 13.626620577734267 31.981516991574193 0.5089560003135385 0.037938830301023255 0.4274314768097246
133 7.942715667186424 5.646232531632433 11.14230544384583 1.97038783365309 9.68721453181848 25.369593545674775 2.9384104268109295 0.4357087472261808 5.829546999255669 14.900300555463337 30.100814716312808 0.5093990528449768 0.03350450689140545 0.4266585188280942
156 7.372583944099314 5.66197846016381 10.20622305343574 2.5111558579960227 8.860961057356027 26.404388297836903 2.8060091711235247 0.9966085600752255 4.960572802455716 12.611908969545603 33.81317020354702 0.5082784381162474 0.049994727885202934 0.425957626515349
158 7.891066884268328 5.452780109006594 10.54449406970875 2.2534616703180834 9.207540519874563 25.554322975157937 3.0958287034767924 1.158841613934158 3.9760144635167087 13.5264290847731 32.868851459603114 0.5076652240239198 0.05495283118510238 0.4257948862217293
134 7.766375596596044 5.336760726621483 11.044803712523015 2.188878216568691 9.798950884062279 24.488493114150554 3.3117970217544888 0.6167582986558381 4.616837083857372 14.919343208458269 30.707927820587123 0.508445820546408 0.041461776732651084 0.4270589948682008
141 7.6361806811987325 5.905776406319546 10.414285928912392 2.388846130872803 9.390232742234588 25.327765400826966 3.070775249506096 0.9474894691435329 5.505270924857805 13.431618384074286 31.26648950497421 0.5060177073074864 0.07297629872702571 0.4235641170793813
142 7.530774492955861 5.827579664122053 10.776407523345187 2.2598196693691963 9.533544640794007 25.525793115675896 2.864000982816896 0.7383597306682497 4.898822607482847 12.688987677555131 32.157005990736714 0.5097037022728075 0.028641175335756188 0.4277870832112116
143 7.197597340613702 5.916055863217344 10.526942828915624 2.2902570708272156 9.402101466120667 26.384689253516303 2.4725935542454405 0.6372325574305128 6.041735344564984 12.282035415271075 32.20263128135674 0.5075208696701107 0.05498122767942228 0.4256803964287226
166 7.825450379668984 5.648057760329861 10.891733647330788 2.1284358098828973 9.073011669929832 24.832669994511047 3.607107247377418 0.5768350165438317 5.773077486128881 16.079228244448124 30.653668204781535 0.5053206050187956 0.07254137958709873 0.42314360500236214
168 7.732327532608904 5.534135914043129 10.907595719613193 2.1170416770750955 9.49599138103752 25.821902209140383 2.7729437746276173 0.5748449327235509 5.314424201141228 13.487844175343032 32.20899816815972 0.5084898279313583 0.03940040513460642 0.4269306833389525
144 7.957166689800985 5.635010190023267 11.128993757196183 1.9213149337955784 9.315266766912147 25.534379986196008 2.9592604531614883 1.1689011970781253 3.810745616744481 13.542256261687605 33.11163796014103 0.5090861016157987 0.0272644624580398 0.42801582842302516
157 6.985713221120803 5.932770479850356 11.164697126912174 1.8606249678259321 8.873540658759286 26.40494140244686 2.7336897969146357 0.8128033833622058 5.647404815955377 12.698263875951401 34.09222971104008 0.5088607834664783 0.03404945563548048 0.427875207639196
176 7.573265588532262 5.146135157912214 10.769600281643145 2.294905587538284 9.621880236361209 24.91529027741917 3.3682729376576344 0.7381362304725718 5.718742536373036 14.323948833439816 30.562684189555956 0.503081981498313 0.0849740751872249 0.42153196133155585
177 7.94738189994028 5.699482276514877 10.462652755617446 2.6957358216726743 10.521953504354641 24.782359756670118 2.9430385993161186 0.6627656524854637 4.810315679668932 12.351884166160596 28.59658087126566 0.5071910002101212 0.05677865034332681 0.42460524614706746
169 7.624402659866004 5.552040392115804 11.275185416871073 1.8694865574453812 9.054460632432793 25.858185475755302 2.956115377012574 0.48599137046633833 5.75896670642786 15.662677100133193 31.98811246464471 0.5096428623690987 0.036162203139162005 0.4275189286377651
159 7.465971261398733 5.427580774915417 10.358049191544266 2.838145392837593 10.168845984683108 24.52255748938819 3.0620355401066743 1.2448100986693573 4.3090726095600695 12.685932972290882 30.150371650662496 0.5051490252201263 0.07008936733997992 0.4237308209562056
182 7.402497389051035 5.54379451846928 10.527550254581373 2.30733189177078 9.652136125546253 25.31131939746728 2.7526485869937045 0.880121188847254 5.7134154846318275 13.383013600682458 31.324081490964687 0.5057735564882629 0.07208671840107625 0.42336969759669923
181 8.011375455198044 5.506188572849167 10.856501455355504 2.043230448348252 9.13966549626815 26.107660484303214 2.6544328226734124 0.5130945844934165 6.4120180374457885 14.99585796752491 32.03775724425723 0.5087151921329287 0.04089221919197733 0.4260116209477468
167 7.685120397112072 5.595380472967255 10.403109749038686 2.412628296629308 9.682568933760116 25.130375884406902 3.11842192450783 0.3430560648474682 5.718244696041046 14.269129392293308 29.723009058382278 0.5076182506451689 0.043951492071101696 0.42684439575307803
191 7.425961047315664 5.456231323091815 10.274639755811572 2.455134690846558 9.372225259310486 25.083707269421954 3.361296898714702 1.2060023349014057 5.546515092964752 13.698257324550372 30.280177124555234 0.5034975095193969 0.08596499267948057 0.42180955747103
192 7.775481146444563 5.660521712246825 10.945822029828856 2.4248086516910035 10.349366943071248 24.205168381401677 3.0847536416310826 0.6582037006091015 4.633905604004089 13.57667522725347 29.503266392429115 0.5069491926380074 0.05600420097211304 0.4241579233357345
196 7.717155486822482 5.5052096033225375 11.154367610448237 1.9588193779624699 9.52473473339095 25.92764665034436 2.5727248216532193 0.5597844415124722 5.454042548930801 13.764432023930212 32.3002740946785 0.5087657962152369 0.03531464182355076 0.4282884346753056
197 7.520395106358902 5.5993606781454925 10.564581996796079 2.552325589987679 10.09073359295526 24.91484543653861 2.9089297976527813 0.7224360515885847 4.841915798571568 12.766372339587212 30.518699731039757 0.5047261595825043 0.07629346229660199 0.423312349791288
135 7.838362318143804 5.250703347842457 10.839331373668683 2.1752016485092702 9.52157834004916 25.64329599984881 2.7916487764453692 0.75564306389136 4.725858613769889 14.256729355292414 32.11378120336811 0.5096872282049506 0.020390427450509264 0.42867311640821426
160 7.323903799107386 5.480970104605463 11.078723794146173 1.8743797208890773 9.251217724311386 26.148509664164326 2.6182047496213245 0.8551127332911492 5.437426823234125 14.461436436245032 31.84028632025094 0.5062463943426129 0.06298529119332849 0.4250842792030425
184 6.968088128058481 5.641241089513783 10.193270909543253 2.925655301995745 10.609661592268367 24.687614010862813 2.712967513835939 1.2452622931437416 4.725178675273803 11.16026176679248 29.194028732683055 0.5054739171518201 0.07252605865774113 0.42281354383897124
136 7.620012548987492 5.546708506180144 11.118639971721297 2.1554256060633845 10.58910373662707 24.894836099747533 2.602972054958942 0.5974215752954094 4.914955161805125 13.033379367448772 29.673057342283762 0.5087212364592719 0.04194379383154429 0.4266824684696381
137 7.990862070760694 5.252593864295053 10.668507444769427 2.327850674565513 9.963450602280199 25.542596351898865 2.670481334868355 0.602941568159414 4.268014747673415 13.270953413628357 31.115122646237804 0.5086704879212618 0.04666408003738844 0.42581492209231325
162 7.682703082126398 5.809991586362566 11.244123949808495 1.960398461920328 10.05070036056841 25.832823013006426 2.335007763143378 0.7208340074425713 4.998828680098666 12.731865205092623 31.496780839362025 0.5085730558654283 0.03789705050719801 0.4268126614177881
171 7.231443313801411 5.912281977965062 10.998842638422131 1.8341929230000393 9.30878533488432 26.39613760533473 2.410970773095691 0.6390694018089259 6.067615036892646 14.243902598718915 31.465179376585148 0.5078730159024658 0.04277138134397108 0.4266279598043922
145 7.198221453603603 5.8603189891542735 11.29157113108843 1.9649958546624215 10.04498283811908 25.282483658872344 2.8070333490070642 1.2485114223452294 4.375887456988286 12.111358202847793 31.327693861434355 0.5098244479408808 0.027611078419906357 0.42738690288790115
170 7.267740621920389 5.684110948174804 10.656915281484208 2.3053044628354624 10.171955911441762 24.93815507606623 2.8593311219378004 0.4517936624045141 5.732558366123784 13.851061577684286 29.02441104970115 0.5068935747435183 0.06439480375131025 0.42378352206177156
146 7.431612441242106 5.547321670080864 11.276362889600998 1.8785838984434484 9.01614568197623 26.33244490074662 2.6421570962296417 0.5890814155340223 5.121927961662075 14.663687930232078 33.48926073853827 0.5092461880841527 0.026611150976825516 0.4280228811233977
147 7.554731872419513 5.473261669171482 11.235209686044474 1.8389776416737988 9.211728453192144 25.74614319248442 3.0112881021944498 1.1671841897646 3.7420612199480234 13.751089346371764 33.28335000486112 0.5094286794612156 0.0293192349124178 0.4277861673423343
172 7.580647287791606 5.509185356805801 10.679090083499576 2.611734069418284 10.750481473515825 24.40568275275159 2.9029706023745994 0.8817150973008917 3.4882134130625477 11.5346333377058 29.580881560957724 0.5086161120149217 0.04213953248872189 0.4264232694100529
183 7.374661670005929 5.441911616081147 10.590200609026097 2.3437489674167695 9.768409697526039 25.373357698761467 2.9083641248531795 0.6877402999177118 4.230869760590468 12.842187823195339 31.550405873144946 0.5080673409209745 0.05321050713139003 0.42544468843973215
178 7.317830601754987 5.705359444472841 11.180022237826375 1.9021833268679536 9.814989778815038 25.022875753005806 3.1829817191694714 0.7437084798565572 4.869372914968013 13.670032261401303 30.148265925634846 0.5089688594241047 0.03314096063965178 0.42567143910748567
161 7.6755641208142995 5.3631826158448925 10.91586594992238 2.308901322991961 10.291156499570565 25.437870547285186 2.4802497304861255 1.0194955741560436 4.206362520904438 12.570523317325025 30.769574999395566 0.5068067385604645 0.06427960016641854 0.4234058882521584
179 7.670057581315947 5.546217769061098 10.746620805028861 2.342441270091151 9.908524863336634 25.30678220359897 2.7684070057928456 0.5638064831980706 4.581608361479725 13.36537329021667 31.2202949798486 0.507442684165892 0.05399003234885331 0.42599081456769644
193 7.672327610155657 5.159850074705 10.915182697506296 2.175572173148535 9.65135289408412 24.875748038984938 3.231881101605672 0.6090178160644777 4.25008422887802 15.13047458305119 30.564282438761403 0.5078181142258168 0.04870642200493524 0.4262731598306189
198 7.519968043934476 5.524666609882444 10.820124740215224 2.1434735762846993 9.944440082792504 24.907450399632296 3.1499940382655858 0.9594761773923368 4.771342904182659 13.380339739205318 30.248169105609882 0.5088812488460825 0.04482015317998236 0.4265922371061683
185 7.476495604030477 5.791357421927406 10.922655119289725 1.9898251536070322 8.998503748011188 26.630716025962577 2.4856122367310793 0.5117655280226191 6.311749788060318 13.821686990311385 33.178131845506364 0.5082953886317131 0.041884037898827664 0.42698746719405306
175 7.52367450396705 5.75786907177025 10.97171604876564 2.1833932989904965 9.513757039742071 25.247397336805296 3.090063156135134 0.8623721074792827 5.3793680431000315 13.323561307608967 31.880313035597403 0.5081881748415398 0.045641995647781416 0.42595836140269033
173 8.002620606847984 5.228841220646059 10.757540167095877 2.368257420167045 9.87195142809216 24.42956573325068 3.3663183578053597 0.574028248911632 4.2762759993333965 14.621723537609482 30.115716420188924 0.5066810937080733 0.06720590354978634 0.42302363334443605
138 7.745345540183895 5.530040976235179 10.957861347227826 2.2780219342962735 10.142197004325643 24.967413638726384 2.8445296240350615 0.6761927030362966 4.0836690036179055 12.861749099289193 30.94294103611474 0.5092393888674291 0.03161544858957209 0.4278123765688282
139 7.083513144679252 5.365338336069977 10.08078419448974 2.5848534830857175 9.36561083017142 24.739672228668162 3.375141636634872 1.0695582581439915 5.858602049210335 14.154811591829546 30.569657144987346 0.5031426105657405 0.08581051526908312 0.41970816059622906
140 8.098956868244684 5.44438919068075 10.63277797698583 2.2748621273703007 9.640885235886861 24.733463997001703 3.4100277486527744 0.7671121634596513 5.934571916684204 15.11235375582687 29.57116797564022 0.505285268748341 0.06628915897907554 0.4240596582000334
164 6.974331893726824 5.768778004360205 10.634439127768589 2.513553620782295 9.819118528343006 25.22785684426997 2.81244735618002 0.9092653397717075 5.751262058627748 12.527502229520186 31.22227051727317 0.5061332570867307 0.06550196771077066 0.4233922370981803
148 7.320618458409134 5.598950545050382 10.46793643960274 2.4327543095528132 9.50562692192496 25.12328662533795 3.1577075721500973 1.2997019548433124 4.123161038581297 12.655137444674288 32.03011048136943 0.5088723492116805 0.0371324389248894 0.42646808680394593
149 7.964066495176287 5.394374347103138 10.445894090281206 2.5049556230119614 9.636651000950648 25.36174675982743 2.893190595009105 0.7464203523081376 4.18954477266424 13.355887586080598 31.76757599459064 0.507258689353065 0.05807869526739176 0.4249529576265196
150 6.925958256824469 5.686388448386211 10.67265004156247 2.33705136023698 9.410124688598334 25.419892579455365 2.8659499355670053 0.5401502122492573 6.00536030099049 12.848914268138332 32.68330810887603 0.5070891920699647 0.05305771493103483 0.4250258836996791
174 7.8042210303414485 5.638875713255701 11.122333265926203 2.04432455383453 9.568749407597636 25.475055816291214 2.8573592948617788 0.4767119148105544 5.55746323786459 14.279473881753454 31.474521025074278 0.5094301969957934 0.024477038283972994 0.4282072165213935
163 7.773201653217325 5.866628889673132 11.223702859130174 1.9886057404025266 9.676182281953407 25.390285667439326 2.809028594955186 1.0886566118956456 4.462817557911221 13.158743754584352 32.059830407639545 0.5068304455851926 0.0574782798720859 0.4249174629175048
165 7.272854707092715 5.679991862694927 10.361661244350561 2.2897446678554885 8.310615246593377 27.11830277553996 2.4957717452314347 0.5350924607558141 6.576192296126625 14.703398546894219 34.28501714004556 0.5082193056998688 0.04979682420495901 0.4266061087809846
180 7.8021998600774 5.644605619455811 10.930604462443803 2.060135639965394 9.651591098934261 25.02720176133936 3.203342530896062 0.6261187748017574 5.017158146106817 14.528706258518095 30.213472161392072 0.5094884507529415 0.03261115844887411 0.42716777575961534
194 7.664766271120673 5.501931945156916 10.355217297776834 2.6645336827468773 10.084246011271908 25.495682380899233 2.517768701218769 0.7628490257830314 5.364665604371924 12.880092171870897 30.23668097816833 0.5047755166614152 0.07655028848425385 0.42295062435882697
195 7.392069749347048 5.810623217607064 11.136126189559672 1.9767813242387127 9.034154497056909 25.64718762304222 2.998143169755113 0.5610703736778455 5.864038690307799 14.516418910174144 32.949044247588695 0.509148188276655 0.029771635431902605 0.42700396319933454
199 7.810030009902481 5.306729213495774 10.232543433627677 2.7543339511258083 10.096157944455038 24.6093636234356 3.1252427682361756 0.8794553561362739 5.364793300434071 14.143487452809227 28.96941168326709 0.5026107976073595 0.08773038714054025 0.4203100734927149
200 7.64101225460615 5.773921685180453 10.885338820131167 2.195345465397993 9.614753903189508 25.54432778637482 2.696244118424431 0.9269961571872326 4.6204438319292525 12.812456761513609 32.3831737758193 0.5090825390026018 0.04145915217901232 0.4271697101710937
206 7.142359917484384 5.832579512541023 10.852066542877212 2.008981086525979 8.758217020234902 26.315176726576478 2.7911857335691437 0.9287338392530158 5.702918040880915 13.415662628957742 34.125238288110914 0.509013613302215 0.036081643452494545 0.4273070653810212
207 7.9535588540677065 5.3892208721333805 10.831564690989254 2.25638357803905 9.597710384662026 25.5783425032984 2.6610344080910227 0.41254362075068585 5.2821245901032645 14.424636197778952 31.848821223079913 0.5081657323964546 0.04209617513263598 0.4273407973095827
208 7.146059105744845 5.835356374110348 11.263767295836788 1.7689779302207898 8.772578759527429 26.207488536861998 2.8797595339336866 0.7499746783219099 6.617255523371589 14.154864775606864 33.40566120593624 0.5083633473257418 0.043582351161677635 0.4270186139794727
209 7.455347286895444 5.612879170406944 10.905937033152298 2.201854551022632 10.005311927636534 25.609024201762555 2.384170721906896 0.7935520556567455 4.876366486896312 12.738262793167396 31.56371172806127 0.506730995787603 0.0634149917239299 0.4246127986052126
244 8.00828189682315 5.7156915507654995 10.988750365633118 2.2035914294604266 10.428327475738204 24.5356273324795 3.201529089366236 0.8538986169129218 4.031560181624566 12.608053709310886 29.243634107312467 0.5072659277472923 0.05465151603976773 0.42510042767634015
243 7.456013539430074 5.703804057018545 10.789203737420644 2.0276724097942656 9.240620607023574 25.608257990210436 2.9384036719277913 0.6853875621694732 6.054049009807031 15.059325180244874 31.14048426340625 0.5078521853630622 0.05384649653228476 0.42577850964052893
242 8.033361424338883 5.541155486176932 11.16638883369747 1.991298940811196 9.192600021301285 25.964074081197975 2.672966350639945 0.2952448542031164 6.355913167954793 15.755888006936807 31.94593094507151 0.5084510553106953 0.043902212832687706 0.4266230999067966
234 7.424990794957091 5.561802022574109 11.207232887754849 2.016745346771085 8.979529715524967 25.32558067877362 3.2731982671510047 0.831991510835933 4.594505043461756 15.152268208683381 32.89118136049812 0.5081875018318799 0.044163518702818746 0.426040627950415
241 7.601042478779324 5.727486433228511 10.898262651395779 2.125392617080373 9.694197145078865 24.914786924858983 3.1740721649018973 0.49393999896232277 6.1431996643881055 14.45172329830433 30.32243383687438 0.5078386490977768 0.05826396307387611 0.4250255410714636
216 8.040661291366368 5.221398238757944 9.88763749040583 3.180398658190703 10.60240427039849 23.794280162702808 3.3032767812783956 1.0561503653525655 3.5879930781574756 12.24400103766183 29.16215375862139 0.5044707224334954 0.08162587913116506 0.4216394016976925
217 7.385257127907621 5.5542911534514845 11.267677097963311 1.6964770887174807 8.265507964139603 26.36697746406767 2.9294615567560327 0.8761398435065468 5.904357747976862 16.04563333715176 34.75823813190234 0.5061598280465431 0.06131537955708045 0.42525556589643654
218 8.102713838004554 4.906299538632855 10.262068888438273 2.735734253862316 9.88803779169065 25.293714930252943 2.8445062104432957 1.146686699983386 4.484027815550104 12.957270335465267 31.842583121632515 0.504128191016556 0.08125799561829622 0.42079287685576516
233 7.558897319329974 5.550346102789555 10.518580686901183 2.264906392294815 9.531768116772996 26.020425073259364 2.5700782120147796 0.6147581576883708 5.380066592708838 13.484399429960733 31.570638144785455 0.5077689175110068 0.05560621771028883 0.4256742653256285
219 7.138311981918151 5.828446322507338 10.661096247449525 2.433034181533163 9.88678023638496 25.398911156211188 2.7154293136040675 0.7256197400085121 5.186998064105227 12.444480433054816 31.32254027424752 0.5079825361869318 0.05021391267416685 0.42579998580378386
232 7.443889423342439 5.580165766362654 10.783367175669579 2.1127644007059683 8.918624407588718 25.74454762375276 3.058984372459424 0.987243090183014 5.263317360750433 13.891805620267524 33.2138227123653 0.5087368606450077 0.04223950181825221 0.4270597931173917
231 8.042175584573355 5.308941468567726 10.52380015378462 2.376636313784567 9.447031101009092 25.336978453529284 3.0552639089632256 1.2314232773418599 4.344718129617325 13.198882168310014 32.58466502697848 0.5051814209243505 0.07307125918144078 0.42281278835902586
236 7.529264302087139 5.773583822393145 11.227822531493901 2.2785655958940954 10.85654814273317 24.851496523728706 2.421153710649587 0.9317089614749512 4.002486886425061 11.718454556738438 30.036372719830933 0.5087923729755598 0.04428516981687568 0.4270873156168314
237 7.2439264641128975 5.953214292781338 10.939559543278188 1.9231101234254468 9.962502010105885 25.50888265302279 2.7005135771777944 0.6941693016396128 5.740714726422716 13.06471670609675 30.093379368850528 0.5076468493003907 0.059877645420587905 0.4245884764621114
247 7.336617364744634 5.585140128658632 10.870871106290277 2.0872440180980845 9.43327132099726 25.906049440205905 2.7056784836600167 0.8044645384556527 5.572271451133032 14.461320675765904 31.066120653307454 0.5072849966307202 0.059221944135052496 0.42428061934947486
210 7.540953911173504 5.6361739241409685 10.33126914381767 2.8146074701827586 10.415100883273526 24.762603811349692 2.842669401814419 1.0225701321051652 4.806170969156035 12.345355426004708 29.309651061656304 0.5076339023508207 0.053606931201453815 0.4241722681260813
246 7.61385826908971 5.6453326990140935 10.84441143223271 2.326663929722471 10.429360972034107 24.86705700231484 2.779886086122838 0.6242060428508053 4.476068543809904 12.392239250764208 29.975307067304517 0.5096768929895423 0.023254248719402792 0.42813047344971944
245 8.144472283399859 5.100791155260281 10.766664759917527 2.542054902037372 10.577183003452095 24.216883769895993 3.046815005314771 1.1167872312008342 3.213019975134304 13.02767462006697 30.178804248046884 0.5072635906283551 0.058616001180221027 0.4247593868140428
235 7.481331949434891 5.409689266891713 10.532453186698605 2.4822945747545115 10.032358145766558 24.505882313111066 3.2676325877995906 1.2348555737675568 4.470639810315376 13.021994694441997 30.243400908171054 0.5053980815454446 0.07300566051663664 0.4223451759272722
211 7.31845719109601 5.64692743872987 11.089313120453173 2.2037785589723344 9.890410082857619 25.018074692410817 2.8723931454893252 0.7892515241514595 5.287533265348669 14.240905614289812 30.35341127925726 0.5058834241895018 0.0607806719631186 0.4244614539783767
212 7.468989584200394 5.654130715386004 10.70076975634127 2.379315810513563 10.485128724516517 24.917708888983675 2.7270537408326803 0.8017013658916466 4.438763455054137 12.1232936713619 29.821867675337796 0.5067850949773448 0.05466168474065346 0.4258904164489956
220 7.5691559717409005 5.513239644630303 10.668405891058534 2.0908289865116774 9.630157315053935 24.913087774530418 3.350535910226298 0.9994323442370042 4.572190803640687 14.37832041142082 30.04528016693334 0.5068401752855702 0.06254361785535456 0.42395700270525766
221 7.214608073421041 5.685612353128097 10.32669428358058 2.603686900820996 9.994845936519074 25.338278045900577 2.6992623550416828 0.6809261158483115 4.528625871166943 11.701001608655451 31.532758341209576 0.5079692052936413 0.0485856172458099 0.426763805258942
222 7.175936193239248 5.730418045679174 11.247019372095112 1.7207135535940805 9.008333697959252 26.684581081643277 2.4263705956884403 0.44403254483340926 6.9386784232618535 15.134956622614954 32.44460807525601 0.5080157409750333 0.04586965346465085 0.42574994476989925
250 7.6779276868356225 5.649470730283885 10.695499583310474 2.147732128487996 9.098185295533378 26.149721091764068 2.7134244509936614 0.9576158014300682 4.887187432686841 13.529947143721605 32.98853313350501 0.5071184600872448 0.05972966190099846 0.4252116932807426
249 7.486902286527089 5.656936727212635 10.459494482754929 2.5292043537184132 10.012162926960169 24.966941400014736 3.218128717862906 1.0199982391631428 4.693347758800782 12.818025647807893 29.289141014870296 0.5057553843140612 0.07272087745306478 0.4221289986811526
248 7.435402707937543 5.719683079199052 11.06980573529839 2.077541722207246 9.929585511299646 24.899826098459744 3.1255662747521313 0.6240745234185086 5.265688572221415 13.485677353667807 30.472911019578337 0.5085121700563081 0.04573158253952379 0.42591642864937207
238 7.337567482696264 5.675587493800881 11.39981673304737 1.902661827429475 9.715485677713437 25.498926647333693 2.7856183138050126 0.5106083719596205 5.478966760449907 14.187252776609107 31.20004514315766 0.5093456698814284 0.025253638383317453 0.42870225489041
213 7.371166285977419 5.770557969800819 10.997951896223 2.2513750149691614 10.078586778305121 25.456587975010205 2.513162794677402 0.44684694091313804 5.624084594628942 13.422008272075507 30.24259638877317 0.5081348425218174 0.04516812864599955 0.4262147872211247
214 8.071352797105614 5.261961712045656 10.677035438519214 2.2378663558196354 9.805200078967202 25.068595924255366 3.1938836577200282 1.2543973097899281 3.322269428495111 12.811410715609297 31.656886478392483 0.5090689288268133 0.04122718327283366 0.42697984857553334
215 7.726530928664942 5.4423983854933775 11.209339582294993 2.0145260101308633 9.641249078170098 24.990573016278667 3.168650301100685 1.0542269065267496 3.7250805061007255 12.64364764993337 33.04319842997812 0.5087569975559616 0.036910269544378205 0.4280718310563768
239 7.622496578521313 5.415182378341486 10.514641843779614 2.286916511503566 9.085465941337642 25.77745500801883 2.9227236664378267 0.8662980793862244 5.1834856637263425 14.649638772308055 32.37026522023326 0.5069352193871427 0.06753012473081388 0.42207885810837215
223 7.170122336712078 5.898784541684235 11.205449065422021 1.7904658833671443 8.89173009970784 26.470086457786564 2.615460110721266 0.5616922448332189 6.374080112810806 14.242972642427755 33.13372723943848 0.5078243157565926 0.0475211493261584 0.42505464799267423
240 7.770653922778302 5.7059150366637175 10.599093044063164 2.4078802380435507 9.464701229938347 25.860700857858333 2.7099364420974155 0.718593740985777 5.0740724405179805 12.988112844789322 32.40485393303788 0.5073553186225485 0.053068893259581335 0.42645861546986813
224 7.6131027023558 5.874297097927741 10.657788211462764 2.3059482287865305 9.618506333552517 24.759363464273235 3.215767541284787 0.8990796297970748 5.423173799058765 14.136700463660052 30.304923344472773 0.505213923825019 0.0774066217915148 0.42242030087290533
225 7.985471192749252 5.06098113849391 10.136907636938107 2.7133165701338378 9.859381532065898 24.507762172080522 3.278981550885645 0.9430652536605293 4.208360762645123 13.558494613862086 30.63992801307607 0.5040769240635161 0.08041881590570138 0.422863012943564
