# timestep 3400
# phase bcc
# id f1 f2 f3 f4 f5 f6 f7 f8 f9 f10 f11 f12 f13 f14
1 7.2963408599370485 5.848618561392808 10.837541609246193 2.147887419019533 9.425898536797424 25.385857263155735 3.0772738756067164 1.0160073585437197 4.848164810200971 12.69084319221192 32.37679994460813 0.5076824530865077 0.053073130404702455 0.42572192014585275
2 7.671526549403147 5.354666624814917 10.62841451103349 2.4627786677953267 9.765399861398071 24.882707487936436 3.283226241393453 0.7994849226872861 4.873564092950948 13.649104525164814 30.502130721139395 0.505719945360133 0.07182932133791607 0.4230640852539496
3 7.485440001349518 5.686794847214408 10.737034466831611 2.104533335297147 8.650626245456461 26.376406620741136 2.7948760522589033 0.7834751530451028 5.204409541679589 13.939165090462184 34.02427803031508 0.509086164156979 0.03474320377958934 0.4276752029031512
11 7.4605738873040615 5.404367715569177 11.023165143911887 1.8929777026592989 8.733777697821418 26.28579743345802 2.74848738550191 0.27960063914632716 6.366816077316583 16.292521491460665 32.667978347833184 0.5095293380735689 0.024094856940098247 0.4278654604525447
13 7.414932280005388 5.813981940109561 11.166206353013488 1.9490853472622065 9.511940463261892 25.26927764023429 3.2147742827548256 0.772427540738287 5.045444188279119 14.141565974627992 30.309654338722947 0.5069187698450914 0.05819493652840234 0.42460349149774224
26 7.460279352666435 5.721489772445519 10.741573293960807 2.2726447898276083 9.763249956281573 25.27537999451615 2.9623986884595834 0.5505773334868477 5.318221627816726 12.58750607158906 31.459134097885556 0.5090557884619289 0.03417682184243604 0.4280521596087755
28 7.5973183412700545 5.611166779133259 10.938474643933315 2.0999054760787628 9.297393503451064 25.46193480673229 3.0509777702832745 0.735134722273527 4.430971866576555 13.484762570648973 32.832660751335155 0.5093267603492098 0.028520377491232547 0.42872198135811057
36 7.651033459136456 5.517215770473725 10.255843494300896 2.7069457674661592 10.388632584460215 24.858890425762034 2.9740454151678155 0.9596237236373123 5.1649805070669705 12.042034091940977 29.033963163071583 0.5062581883930207 0.06602018715847022 0.4237258273220296
38 7.467593772092042 5.916437208207852 11.063874126078133 2.076762695248907 9.68569850289014 25.549101317368905 2.700259214830718 0.5457785174371443 5.418724908651584 13.217246258431503 31.474364556328002 0.5090796778068842 0.03506990452691383 0.4271235114720102
4 6.777497634005505 5.913993861653149 10.697160541138864 2.243608605100939 9.70482832327149 25.12747934261172 3.2264167618000066 0.6907165741596446 5.134123405771747 12.31027536760102 30.420179597911503 0.507775951331781 0.05153244296727517 0.42614654850564215
12 7.528299285594387 5.727856107982166 10.801458654091885 2.144882322119616 9.187158982053166 25.72822704159925 2.9011105976248674 0.6918842351683309 5.331777216043175 13.98101077578457 32.27709585914879 0.5090821774546475 0.025230727430264166 0.42769074658174394
21 7.161047235614064 5.796894965023951 10.876437360170657 2.3213449938657504 10.047641616411005 25.088639878234243 2.831337190776799 0.8683055349684353 5.016189393621051 12.85770173107659 29.951473412055883 0.5071910459227279 0.05954024402880953 0.4253258733839728
22 7.654145940702424 5.530019978878704 10.73253915374816 2.3238918345173043 9.794886019063293 24.953631802652882 3.15715231954631 0.7778305268235732 4.420539248204979 13.348760857450277 31.15372896608972 0.5053449480680294 0.0678991798267773 0.42446963756289346
46 7.701644500535161 5.701693228669311 10.931386897889672 1.9815614000832622 9.04569175618565 25.64301642149424 3.200786655506185 0.8374359422982415 4.824827759447179 14.335688580930107 32.26035047284175 0.5090942217396166 0.03169709337338955 0.42681508463938694
47 7.251087088443206 5.928280465688649 11.191601932009297 1.9537167066899073 9.38326843960872 25.525991709595896 2.916319932633909 0.6608595486582793 5.265191762645205 13.315122316039856 32.68049701001291 0.5095267839151917 0.025453779664145904 0.42793087413821734
14 7.4356600611120545 5.781149111885624 10.882722106772686 2.2052765038672537 9.897327505220936 25.886472663343106 2.393077266331484 0.7226734820676097 5.509980777097927 12.097141125412572 32.112329200861474 0.508077134350321 0.046642912600067914 0.4261402871782935
27 8.074035309201001 5.404554205717892 11.201686745042192 1.9100466879907025 9.350667930929868 26.05049610497701 2.6682039230097425 0.8451807484780116 4.652165680764324 13.496271036553113 33.27755398618416 0.5078501874999236 0.05359261859124345 0.42583392295031375
51 7.453220048210666 5.676295460805396 10.919036767352361 2.102901299427358 9.23885044109055 25.255108418630233 3.306970861504712 0.6624538772287955 4.908201477775767 13.638965067568511 32.46024783795206 0.5087063017617158 0.04617645937261553 0.42639928616590184
52 7.64809518515222 5.685519186869655 11.139417398857928 2.0366598693558102 9.675758395734908 24.721622281115714 3.454165968606292 0.8422760370039585 3.8968190308784014 13.247733701652347 31.64500539445561 0.5087709316552346 0.041835317962375974 0.42748134937737287
56 7.2513124784514345 5.694069811972189 10.757585762218005 2.4118607647152652 9.95249394622376 25.120681568324198 2.816915501398004 0.8385068851973341 5.228934864514972 12.092887045105254 31.584384781455437 0.5059230126042915 0.06654120407552418 0.4246504022473094
57 7.251757493113469 5.641931570415649 10.622287313033123 2.487232596262701 9.74637291872447 25.0618330278505 3.0471420475551803 0.5920116076733298 5.143431209777155 13.525100102376806 30.82343797504089 0.5086445270166958 0.038029491006734646 0.42818511235072926
29 7.518634450957056 5.67844975632006 10.718987972429073 2.1014142994493805 9.036098520898319 25.90636877095177 2.975375301987781 0.6359167321525011 5.103699714047021 13.930345261936147 32.87146811538118 0.5098588318954785 0.02208638594115402 0.4279650740801895
37 7.8311191335182 5.796386575770004 11.213576709961936 1.8390433709671652 9.18104390268751 25.93361574862709 2.9082457241305004 0.4834880905281708 5.808449468083618 14.70442190941848 31.61567737967979 0.5086516891749312 0.03939212094430118 0.42710213390536667
61 7.897785422491113 5.677182007229646 10.820767618111496 2.1994209643613036 9.882279491345876 25.52118080901456 2.733933325658734 0.540496660332087 4.7228326425297515 13.00260549008021 31.048353698864812 0.5092087255568059 0.030220401397524993 0.4272847549446845
62 7.4933432300292715 5.747526694547521 11.080091394530434 2.057911586715638 9.672855549633718 25.411859013994263 2.944897012355975 0.5717891083983969 4.9574196568302265 13.31634998175158 31.54683866903087 0.5090117329445222 0.03497751944933291 0.42732658291391107
39 7.751235969930246 5.69131194332875 10.938876707086141 2.167754582117086 9.605654293245587 25.200303623266073 3.1626758192504374 0.9253238813221192 4.5770242655647655 13.845275239981769 31.09607364706851 0.5079724386499219 0.05718943347709222 0.4239500238566691
126 7.937848192068351 5.63735696415299 11.328009210377111 1.9485547664890301 9.938810332534763 24.853763473275702 3.1170204455214936 0.5222104086030788 5.341537668874992 14.818957333176947 29.71797276021257 0.5088514958121433 0.03677978041770862 0.427313199635781
127 7.93180389845251 5.46005646038764 10.942557381112596 2.1184279869189404 9.624917722447698 25.690085582958176 2.666664686173454 0.6484661036168907 4.9524069275697915 14.273625688337097 31.678347391812235 0.5086696100700798 0.040557558107856224 0.4272503752358729
151 7.665398033965113 5.741567885784174 11.276463853328247 1.8424090957963524 9.312754123809924 25.947275986514587 2.724838505640721 0.9944611645421063 4.495059007046764 13.382188920501248 33.19908405928412 0.5097896651872644 0.019993835841108133 0.4283399341153761
152 7.857651185323759 5.474630005037105 10.974255772795175 2.0645315682473253 9.352886171210478 25.479767285749887 3.037643504231922 0.9294878133755725 4.484832821740396 14.289112581688947 32.2931585022139 0.5082920951840204 0.04565777084594511 0.42679570777685544
66 7.651637704906936 5.570135921651629 11.20000095673118 1.9614681362405577 9.357300924569454 25.484731109904512 2.9921102764837775 0.5624470282267481 5.414902576504637 14.917747251923892 31.576167169426377 0.5074361495297245 0.05599821590340426 0.42538635187234797
67 7.584383899292838 5.591119289226385 11.129928746641513 1.9299116532061293 9.189827456839376 25.59616440438034 3.107996731538556 0.6645266432512792 4.788528108755406 14.521964707143223 32.3082753309041 0.5095716629982325 0.031849435454498254 0.4277366087575876
71 7.546167523066531 5.508539143945393 10.96444704220257 2.046453966956206 8.944342542004021 26.151471758581735 2.7859535135182067 0.7596124643500852 4.793856368682141 14.164913657940577 33.67623587164114 0.5083302569904014 0.045367511370705375 0.4264844127332747
72 7.646117594378022 5.451729774403924 11.085093396804062 1.9269236262761789 9.155971532273275 26.593731442626243 2.339615607056767 0.7909925722406675 4.945669747818222 13.768171493390858 33.87577155619995 0.5099420175557 0.022921426754807375 0.42877755418036156
187 7.5715663496716 5.895411896838944 11.258537243264309 2.016533171724662 9.886841333078559 25.03159159531873 2.953494426627075 0.622318264083075 5.219919376336893 13.409646561010295 31.079888710281537 0.5095197810557881 0.028440042084499982 0.428316522760136
186 7.458724309842674 5.779997888094472 10.921826226335705 2.1663916150776994 9.82286219612997 25.73277039469232 2.5493547799262455 0.5820868992936802 5.415917512998035 12.787179109191284 31.4689828822085 0.5091976178053204 0.03665215662442729 0.42725824037382926
5 7.762574121143443 5.631017289031649 11.118419632896634 1.912754780503722 9.233003188056646 26.068518670678912 2.6544564491999787 0.7405688627518442 4.9889873945707555 14.191528351217087 32.96321321851895 0.5091426596385544 0.03326990410548753 0.4278680215028018
15 8.130185421899373 5.453000190071196 11.326810563547879 1.8069169957588875 9.212711388749968 25.767438924704873 2.8275259483956328 0.5542569869759335 5.091667332604662 15.737350818737914 32.01822346783153 0.5088417884123697 0.03280550633273008 0.4277542448412697
30 7.425213727744184 5.582500290379751 10.876182824908781 2.061029240524427 8.991081097910126 26.03466808011475 2.8591805042015093 0.818006758331368 5.967717120226233 14.86664618792188 32.32706482578594 0.5074616997398871 0.05471153386416187 0.4258308223484853
40 7.812428166536089 5.665978329903265 11.44526445199014 1.87579870264331 9.444334714033076 25.87787379672399 2.5918892149818338 0.5290648554042996 5.4454359598419595 14.822713504224513 32.137979268619176 0.5090220554169678 0.03597525335786341 0.42733564858291484
6 7.488788713954938 5.624252957646357 10.94690700080105 2.0546674267961578 9.30901264878272 25.945459941108492 2.7563168706532286 0.7599078658497928 4.865566207681431 13.254320712242873 33.09476882367384 0.508890712788624 0.030383924696489085 0.4278259904035017
7 7.207127283442937 5.917120589677765 10.998499016462516 1.9740059997613684 9.098520582163758 26.33352551143489 2.6005948198972755 0.8154686907113712 5.365242436107847 12.815359686604138 33.714308694456676 0.5093672445793358 0.02920499753884286 0.42821878445190725
17 7.752028542201748 5.577496363807378 11.132489288551264 2.0715893392953286 9.842733134610233 25.284718542969504 2.8639531055173704 0.6677719906207807 5.038304176253461 13.708530265013307 30.979675904981903 0.5084368650254368 0.04563507398459046 0.4267589644032672
32 7.66638620861656 5.645016858228923 10.7757916587526 2.2356944785503288 9.35338226542108 26.10053022894786 2.53606596512697 0.7732924884284735 5.001521183748112 12.952325773432678 33.19957551680703 0.5088903646779616 0.0365126513937764 0.4272194743310627
42 7.448395057622295 5.620214157275269 11.245441909711118 1.8400029294456637 8.927896751899874 25.88265362573569 2.9282614484338714 0.802378994855391 4.686445015886648 14.422663166706068 33.668227118291796 0.5097586174060984 0.024727695486750738 0.42849000116369507
23 8.069627009418769 5.336229957538324 10.873066798491626 2.1634489816017934 9.776595101170964 25.273208827984675 2.999794425729255 1.0053240374225105 4.849916594943168 13.77809563734642 31.056162456582257 0.5079588618726245 0.05562481010593589 0.4252443709819499
48 7.3646989906918545 5.682820675676838 10.97847155024 1.9799167948257015 8.921232466730492 26.32635963532898 2.721107142426792 1.1108824707915799 4.736456422411177 13.076034082644114 34.52871960715778 0.5091681592879698 0.035405424050880346 0.42770485156821725
16 7.455974166120437 5.8163864133162795 11.07289224384677 2.0808358718272055 9.683489997439112 26.006173877031134 2.4757014379291626 0.5842688076856852 5.580826511982098 13.04936808812142 31.904256823265904 0.5097320890852187 0.03081614831126906 0.4280339884583097
24 7.460204997700392 5.803173439497254 11.237958751808815 1.955849122963613 9.584830787183142 25.54507825635449 2.799668264135076 0.8204944308257441 4.9235072957687205 12.931776877879408 32.558546319086524 0.5085678364386663 0.035219705587018174 0.42670302538433963
49 7.46666981052186 5.714663043088383 10.855521924320739 2.1386841293376135 9.264128010869262 25.608417108911908 3.11020605216195 0.7852238216855393 5.042593521830611 13.838692550102229 32.26026138820383 0.5095544356165085 0.030934488900522025 0.4279483149175453
53 7.91984951591402 5.749941753798599 10.974390485701928 2.034045447616534 9.334843946381339 26.111464108731713 2.5737577103222637 0.4437866349888402 5.750651669923833 14.129316545910562 32.10061656415689 0.509721799712912 0.021308418696322193 0.4287112026891625
58 7.684377918945046 5.729023968240186 11.394545683082963 1.8147961602530458 9.33928265531527 25.855057316291035 2.761776733484124 0.8152272310892111 4.974790702001038 13.991919360126452 32.61147325655705 0.5091488328056113 0.03962053511161439 0.4266675097334879
31 7.519045680171885 5.796694682986854 11.071406363056209 2.025091462353401 9.520876506542294 25.39129589411639 3.0232044175354233 0.6294619088271544 5.229444120559853 13.473768045821013 31.851229605514423 0.5087174689886892 0.04497131617395685 0.42614126626963644
54 7.8264408552054725 5.717798247754999 11.31459433684714 1.7910318997590626 9.019613633345632 25.08098611514461 3.663401307324179 0.8146555380199318 4.58500219987388 14.701091067614037 32.39466573783076 0.5086385959278513 0.042286292859690024 0.4270730955501436
59 7.706728595834417 5.707326895966004 11.011758550879705 2.059913093723891 9.422799800196248 25.99301128500046 2.6823301858767357 0.6739707851350281 4.880917416402184 13.126202074684553 32.737582901844256 0.5082169595907284 0.04015309349684589 0.4272538854007797
63 7.832106480734132 5.593722526096842 11.258407654716 1.946601286334864 9.569613746612829 25.692432300024933 2.7629283507785165 0.41350469790379163 5.473988439309538 14.478614704093658 31.48092593148241 0.5091370940534411 0.04124197482749862 0.42686610632695166
41 7.559071026525946 5.695656867232582 10.529441538173774 2.402394667653407 9.898236216165511 25.17231066888627 2.92537217795476 0.5593902300900965 5.233893952781532 13.407142232275207 30.096366350964786 0.5084265992895444 0.04660989336449374 0.42631079330983407
64 7.833607214059731 5.837939135202636 11.105810872129188 1.9397736033754351 9.097084751345582 25.922187914077963 2.85132496562066 0.6235747104519871 5.371402079469638 14.10895569649209 32.870712146866424 0.5094329695385826 0.027875134315018913 0.4281957180215812
128 8.063443254620896 5.505118323532388 11.245521117780218 1.9905540617491244 9.460305127781881 25.438586229775606 2.8249572585404623 0.6629444661023529 4.8639315607975995 14.744856737137118 32.401170577552485 0.5088375480807574 0.04285023715834818 0.4263680756449848
153 7.647761430332088 5.606605874912389 10.744123435303248 2.125424676559628 8.974994521032698 25.654551790404447 3.160932357197849 0.8250296074443344 4.818955490480523 13.929316712787513 33.02071307554122 0.5088675127640475 0.037737478016952986 0.42759520808595086
68 7.515639907072657 5.827681186492189 10.709324183410025 2.2397112608178076 9.62735855582521 25.475435605535875 2.83830037275822 0.8860984695661708 4.790177423407222 12.604409355491693 31.86660010239921 0.5086113692136651 0.04393282399102017 0.426392626266003
73 7.1550256299989865 6.0384605138826855 11.221934144109152 1.911181412128307 9.320153380837565 26.088472928116698 2.684994555471636 0.7567441050375894 5.533968374448481 12.453348560100117 33.14078023128737 0.5083277556220174 0.04331245520237097 0.4274590144036467
188 7.328692434674468 5.6980288154424565 10.60208898752449 2.3336433313581697 9.466656062971104 25.563380998307963 2.967160064958903 0.6174086700157737 4.99086160709381 12.51453749942243 32.52493959149044 0.5096229675933677 0.030259456575990374 0.4279936809353805
8 7.681184449795714 5.524075460564063 10.79124627157998 2.267290705562743 9.840022073747953 25.482088987012602 2.8212004978214473 0.6365393947724548 5.070422728438413 13.299123430378037 30.741357811158082 0.5065921978701471 0.06747727587485179 0.42354881902401836
9 7.590506822964949 5.711143279573223 10.87221916359123 2.109802513377615 9.482636657883244 26.30968420967868 2.353004342143185 0.733976744878315 5.109796197604402 12.76908223631551 33.12117198980007 0.5087718219172113 0.03564392981443538 0.42770621765800204
10 7.389588495025704 5.802795907423137 11.406593006926297 1.7269532099978067 8.953779752103285 26.22706425404187 2.7873007438488693 0.9830127036715701 4.957728960638215 13.907356628508438 33.77816499765647 0.5090840725065088 0.037076199685665966 0.427738527295362
19 7.683361869393693 5.359145936164175 11.027039724075024 2.0793755975623687 9.575206505572694 25.339864580220713 2.9056010954401232 0.7668701484196625 4.568479863231858 14.142462041064404 32.124032367184675 0.5085527592234518 0.04673185995308976 0.42684210998957445
34 7.884623097139782 5.731002732939645 11.33727806856211 1.8813577608934822 9.726399983917176 24.876623581980013 3.2892824544063033 0.5857925060300521 5.410634559635091 14.595675686731465 30.3915044141367 0.509070393695497 0.0335999477615423 0.42796595310312935
44 7.783090898240113 5.511588431955981 11.18039050950943 2.0597523314282813 9.912311961950977 25.335934922711868 2.7314460707661397 0.49725372353570413 5.044539072616701 13.988407614935799 31.132202591464296 0.5089460410302413 0.03561971715002698 0.4275568075130944
18 7.60350646590724 5.6183612076456635 11.210088601232256 2.031967458585202 9.950971631016495 24.826405104395707 3.153452715769766 0.9142691738086619 4.25184475270396 13.376482328569638 31.032236826605622 0.5081749333246497 0.047141843730855 0.42592912949079975
20 7.097194812850351 5.484922888100907 10.617254537354112 2.220049788287615 9.185841668544734 26.44235787194472 2.562341617844162 0.690547800798097 5.142517764174067 12.985885079288057 33.054779778680356 0.5094989562495802 0.026719099321849595 0.42724694382852535
25 7.311308388780893 5.5737983022648745 10.63329167620341 2.635939642587419 10.242932560786501 24.34696561246184 3.2384503517357146 0.9743398211056528 4.338255041340961 13.014206283939012 29.356887443932802 0.5024036055004127 0.08525603196587375 0.42164035917811094
50 7.893347379400963 5.394605197005204 11.010707528411977 2.017965167831826 9.393200289278756 25.43242079830877 3.0487894753206493 1.112073360291556 4.24287831877098 14.052050143479576 32.400025779128974 0.5087732621049149 0.04533048455409483 0.4255064950106439
33 7.571870182821102 5.514306209117934 10.82740118160373 2.0967357225038277 9.377556277865356 25.71458880417529 2.8677582969444355 0.8960534213204938 5.010856972396219 13.508136765202714 32.49106185337885 0.5072621043723796 0.06273095832248367 0.42391497133791806
35 7.838071455268873 5.512887998198555 10.842337218138956 2.042961028246405 9.064530012055833 26.027042472507468 2.7852584807851697 0.7960468172936918 5.54978599095186 14.595296123778116 32.620125492133184 0.507089430911452 0.05864282080751874 0.4248719972398462
55 7.705054280638803 5.602394015915362 10.732264488712984 2.2294723586007907 9.603954430461355 25.710186954038956 2.6556846612972866 0.7979232580229405 4.886305568978237 13.093197550291222 32.26053247493763 0.5090904872852677 0.033941893738626945 0.4280044219313979
60 6.994979072286135 5.823222175478705 11.102154007892354 1.9801677080812619 9.163056471118558 26.253095474794804 2.5857978468736267 0.5333063895495134 6.211238670312479 13.585373846055338 32.989109379658466 0.5084484527789188 0.042900917441581816 0.4272537750418837
43 7.846167065957334 5.328228027504406 10.914526008891619 2.189568458089124 9.314637371182764 25.632325717695988 2.9103668328709493 0.8376611671250596 4.563861887592392 14.30017116789621 32.99697514411334 0.5086082576112015 0.04970379904156966 0.42628201299706575
45 7.562728581664389 5.794318611617083 11.163971275810717 2.204313265043373 9.801157723701166 24.518901841586715 3.258783432649962 0.9235067137884949 4.767232273885945 14.00362799078341 30.68525653882134 0.5078681787259511 0.0580891781500291 0.42373903752538455
65 7.652498116725558 5.69474785847775 10.807956338646115 2.310007543108742 10.225563029340893 25.109981845756273 2.819599620847695 0.5949694815930698 5.364068679585216 12.400257029410225 30.287789311078157 0.5079875819863775 0.053012290077755514 0.42543941623804715
129 7.559425321540905 5.709247706833233 11.018764624481683 2.0959704951947162 9.569401828225581 24.998728405215825 3.2320206288466586 0.5815500515679792 5.556977022058532 14.925996874436622 29.883139001106535 0.5071394111356862 0.053709930278181724 0.42597406675789745
130 7.137691693943408 5.9350719560335525 10.942085435800294 2.373409356875516 10.282820575038516 25.28480200474282 2.473293876452019 0.7169925638982059 5.226161779505052 11.833157741899276 30.698803875765048 0.5063963658739209 0.05782152126181925 0.42573008449250993
154 7.649842893633928 5.889713089408087 11.343811061955346 1.8478641308333479 9.357186566288663 25.40542153860151 3.0836047031735085 0.9659472360458365 4.6891338150617585 13.34376632188633 32.633011412472726 0.5092152117455545 0.03711231235829703 0.4272154263971318
155 7.339960039795767 5.755792012215255 10.711958970129652 2.2099183529312634 9.434807794140907 26.15372491638096 2.5049694142905556 0.4943220523758895 5.4471882185904095 13.04094365249595 32.51821473245658 0.5090211595436313 0.03324483508116413 0.42791434170014125
69 7.926117980791088 5.546330423635208 11.234507119923506 1.8461674309442084 9.157282123953786 25.907695077642085 2.8488442985891673 0.49108135560986677 5.335659261904538 15.300079320929425 32.19963591443568 0.5099239634693585 0.028825124381737767 0.4267365983366943
70 8.047930522189747 5.172001735176224 10.793920839332955 2.0592102877991247 9.052755794304792 25.57712102294447 3.172602154867338 0.6571928814147591 5.264615569313268 15.381724985363126 32.50298463727118 0.5072825933669417 0.05446628363652749 0.42589865275689076
190 7.616780225807963 5.437562559880997 11.174639554215167 1.8358456603171145 9.186696770963527 25.79976939565989 2.9949680723642156 0.7838951740917719 4.735598154975499 14.016391564344886 33.04869627599765 0.5090880427358658 0.030966388336682138 0.4278304623975683
74 7.67012656168711 5.775838609827214 10.643356677805041 2.227381963834756 9.390800125066953 25.677179426892074 2.9974976097325174 0.7259891019064307 5.573915807738075 13.931176847760966 30.798333445110032 0.5062891425393516 0.06402367084857903 0.4249006728524122
189 8.076992557030628 5.656288100886023 11.006828800367552 2.1233219651525217 9.914854707226777 25.196229717127235 2.9629471225053434 0.6208709762905026 4.752831984397287 13.625898271048467 30.564193705853203 0.5086329641130253 0.04048603334030513 0.42673805816587534
75 7.735711325684052 5.351470647036132 11.010699523641044 2.0033836181265605 9.076604392664393 25.983310376631543 2.8359018409909216 0.8190377367830686 4.888048533545775 13.910946001678907 33.52626048986159 0.5066241412980311 0.06417482984501344 0.4246077251493737
76 8.048888460849966 5.532552976671398 11.280127918645812 1.8751626343826762 9.386763118166481 25.26558485125986 3.168915562065945 0.7444760843568924 4.840377713841157 14.768750093970349 31.680092660526086 0.5085693784659809 0.04167140071374092 0.4273458840615295
77 7.657513871476624 5.814765131810255 10.923064817786589 2.1707278510931167 9.717953849546982 26.10543348295567 2.2995712840360127 0.9779683360039929 4.7228001175712775 11.689251925709362 33.250812015299935 0.5080703482973972 0.03742964815575652 0.42766345795588134
78 7.348418270141257 5.825350306700284 10.918626244426461 2.0314508625035668 9.171860299675613 26.43707402030259 2.5182561216526222 0.6812098944832542 5.543087271205909 13.19278397404806 33.26562725502015 0.5098070125100278 0.025318817990756335 0.4284825892537504
86 7.830287008142068 5.702276410138555 11.06132887484168 2.0985182859364615 9.994643010587035 25.06045071693243 2.834190058422929 0.4628993470890386 5.130064669650519 13.853697733084534 30.37086096481571 0.5090151557447321 0.03151144650585783 0.42836120069158184
88 7.294793863379612 5.73978855447407 11.235279870944998 1.976379344466528 9.815091621810085 25.2344913457828 2.965639559157872 0.6183477997647734 4.693707277049027 12.945456121631391 31.60140343257197 0.5090328947703575 0.03712671983681936 0.42742870086212026
79 7.751066410256136 5.633643253996044 11.310352343492845 1.8004438610834268 8.928789298384391 26.107452151570563 2.7817969190513985 0.762312623348665 4.876481078314762 14.683113262261335 33.66808881705707 0.5095951039408385 0.0255907541850577 0.4284407779481081
227 7.5126937076648455 5.618613804454275 11.079918663833455 2.0255201421226 9.183522671632126 25.562577072675737 2.960837213136496 0.8762420428016017 4.908918756696823 14.203356642766856 33.168150381975344 0.506925691651763 0.06438596887271124 0.42494388616011447
226 7.861318294757295 5.22516522912972 10.621736641935005 2.4219855552891447 9.63289956244271 25.034414005511312 3.1633793694322123 1.0071917532804828 4.367046366424853 13.621048912398068 31.90881183484297 0.5067194057224839 0.06285513736553738 0.42395858970515055
87 7.762917962384881 5.705278646569635 10.85829726550078 2.28645655300603 9.889968043118065 24.848604135074947 3.149340488157791 0.5917008073087051 4.606903772069941 13.588591276841466 30.374830021769764 0.5079379153228001 0.045539849354766196 0.42713689605249644
96 7.811907078870897 5.647789841031984 11.166885545166208 1.970930581597419 9.294320478177864 25.54490255976706 2.893907119349623 0.5487896267387733 5.2077110804333495 14.875615185909181 32.331939456557315 0.5089299042343546 0.032139306781358 0.42791174462815357
97 7.297513427461693 5.732160449642847 11.155110353322742 1.8877183969284663 8.970585824186031 26.609716588340437 2.5631938193841117 0.9371104064294777 5.265150849512814 13.215380651827102 34.19275138783978 0.5090980116513901 0.039591268845660325 0.42725115223353494
89 7.922565689001013 5.539686209510834 11.377948393004887 1.8700461211400237 9.654882318661585 25.219163151273534 2.943224364977174 0.4990242590004681 5.1894076053351625 15.373366109313508 30.783444873831204 0.5095631410230047 0.02892011322837918 0.4282246771308154
202 7.7570994684333545 5.819619213856694 11.087527598931727 2.135526876350444 10.050472570893092 25.733935206732244 2.3978552063939547 0.4634163074489525 5.691130954901386 13.059152145004912 30.95065954460346 0.5095570484491092 0.026344871565497415 0.4286828103287393
201 7.479036749333825 5.795371600769281 11.109526286475432 1.9354475876057986 9.146135919182262 26.030519805381246 2.6877440638243493 0.642314086463742 5.522356173440949 13.641877404351643 33.575075632869435 0.5094384544284793 0.026568474737405763 0.42826451355730766
101 8.006220683809184 5.355076836853706 10.345801704023414 2.418375235372956 9.215602903559871 25.508941021154634 3.3691232449872968 0.8398704426595782 4.517133927083005 14.399254584652796 30.84269974375224 0.5062499593616204 0.06962859141183501 0.4237019679031919
102 7.707230413853567 5.749239479593903 10.93490782984856 2.214665028157512 10.048108246375834 24.580703647094985 3.210201961048401 0.5266671466358658 5.536248528398689 14.0848519437032 29.30051890333942 0.5079973171728185 0.047459532221085246 0.426788529939536
103 7.611337787834124 5.838538946428304 11.05157646019712 1.978765976739409 9.229349102133616 25.734676428414115 2.9637074676728554 0.5331250832664068 5.745818350168078 14.023074726484177 32.14857395489576 0.50913740275108 0.040131746593971646 0.4272953242810388
111 7.535284679814147 5.791143380601093 11.14147681208358 2.0299427950112734 9.38010670067728 25.730748087990868 2.9059535645810977 1.280023489975721 4.209377401184509 12.946620213859209 32.61378675212499 0.5073616562578032 0.05430278097573149 0.42583754445598804
113 7.556097476867683 5.692797058412912 10.673241252167141 2.374609680466026 9.913099881443916 25.303455672322208 2.8374413608690823 0.9475154118151545 5.038512417257122 12.620003750241015 31.09244531037496 0.5068811132264681 0.06008367190753945 0.4234038826368178
104 7.49476092727572 5.765611267176242 11.004203950246604 2.0742026681785304 9.416433677987314 25.91273975071036 2.6039822493100706 0.5780846717155005 5.180497513098126 13.415829148957599 32.8698945839548 0.5093720111435562 0.02263624044955618 0.42780165313571117
112 7.304684004076458 5.580343255647878 10.835230261530402 2.460135984225964 10.003480889901748 24.46481730752653 3.2774616652641617 1.2510388859538863 4.081461949616835 12.729175106780836 30.392237545205944 0.505604482222101 0.07012185428399231 0.42284831728918126
121 7.615485982612056 5.92064400446678 11.167243889998149 1.8764745843524078 9.391807954436773 25.85848373321419 2.761819083192107 0.5201735060815352 5.6183007527916855 13.961779469114884 31.55612340599297 0.5096607447215538 0.02181712275639715 0.4281665440090356
122 7.762478532037502 5.499224745779706 10.697068960536908 2.1726447497149466 9.421622922494032 25.650873842651038 2.860496522890996 0.518467481139095 5.016832041481221 13.89786315473635 32.03102040547184 0.5086997540860279 0.042372348574431604 0.42793321303064036
114 7.146619370963601 5.555618047658669 10.942733774445088 2.2404695991163144 9.783576753487758 25.17793985214012 2.9765475973116944 0.811527324048724 4.763337034704849 12.678095193492704 31.76094382674869 0.5063892096125123 0.06401515381824023 0.4243769037794967
80 7.662565073458221 5.737883948930848 11.104873726592379 2.10088913505921 10.281496357003242 25.329084700197843 2.513944234356976 0.6482687237035185 5.1196700080978275 12.16855446385603 31.1386080197414 0.5100528280516236 0.02062328272025196 0.4284461214409655
90 7.7853722033686426 5.503763932558039 10.978395980283823 2.4375523182994825 10.34249315458546 24.568243804135562 2.9025724222228004 0.6673586487247863 4.321912579109458 13.285604333895563 30.64800059636825 0.5083879419617185 0.0509589290225845 0.42549534394638244
228 7.761561499784969 5.546680264619542 10.925062862805003 2.089687051125247 9.460899727374894 25.19015657146076 3.1907778498534594 0.9426874461787781 4.547024337788594 13.61866695689637 32.09812794010867 0.5068260191181567 0.06266856845338177 0.4254078248361791
81 7.654719066568914 5.58290849576606 11.20410468305998 1.8569814703602807 9.032822997480562 25.8437639325117 2.934224071900228 1.0336495242615897 4.130950774011915 13.96238349602364 33.89060137006751 0.5086549685389448 0.04578352643797048 0.4266094546533902
82 7.3145716023753184 5.673137527206461 10.825737781413965 2.2690269585125953 9.468894130023427 25.635890771868496 2.8182896367908703 0.6542306874194691 4.784519564184063 12.870191144317356 32.863331549194164 0.5085600883202122 0.04606137967404338 0.4265725296760126
92 7.505553196283859 5.801077277478201 11.150566104779491 1.948895647076425 9.49364870535725 24.913223533137444 3.382282868791637 0.6653228869013563 4.85390897910842 14.002759737140476 30.913960984090853 0.5084721607318029 0.041656987774880146 0.42705085048981245
98 7.715791624199837 5.545537846421719 11.08064613729826 2.086411003356865 9.298876791488627 25.460769989392126 3.003550160293188 0.8705281527397267 4.745019555819664 14.208189525514761 32.89119293096279 0.5073947799241284 0.05993291179267749 0.4246838998639772
203 7.339194635467939 5.697606004697437 10.975939330174576 2.0629163976020184 9.291652707996178 25.580327635871086 3.058262314039683 0.6944641200345392 5.2516277844408314 13.290422070613147 32.69504960745551 0.5091533024366782 0.039720044030231494 0.42735034518151366
91 7.767298842202278 5.565640770218269 10.854338983181183 2.256554353640955 9.94171464864458 25.42193658030912 2.688567461524091 0.5989868016076207 4.9705828477091725 13.35771679092827 31.13642325727024 0.5091384054103845 0.036862349603304964 0.4275594669712927
99 7.795946958938476 5.652662753712842 11.135487898143747 1.9322333669307872 9.016038626591591 26.07616749036535 2.7655079745056423 0.6830393987905026 5.175187498341845 14.436369481797303 33.25419581783674 0.5098113514384137 0.02387556094140106 0.42818155191312235
105 7.653616134001519 5.777879155377519 10.962290356638963 2.2964455907619383 10.400232667210185 24.78470012671097 2.9387614631368457 0.4402415175309517 5.337037176166967 13.067199243216974 29.3663059892347 0.507929576267043 0.053360404180106874 0.42626258988258925
115 7.217877663860187 5.64558224938934 11.306729829200675 1.7547998521802732 8.948184083476603 26.249904247336406 2.742406631094598 0.5756790498058325 5.482681690207438 14.427318666530828 33.37771586843267 0.5089038505253274 0.0385840840326581 0.4276747588970389
106 7.696787444331045 5.557087023808054 11.101921895271381 1.9800300611423005 9.227140792765345 25.67506287375615 2.925907017387231 0.6448599914293139 5.086298905229924 14.633513252975284 32.550038622545436 0.5091571768813258 0.03963784855991706 0.4270328918381323
107 7.4238352670731045 5.779993746693462 10.928678728885835 2.162799403023257 9.70770209794759 25.396288548704838 2.833928850797517 0.5159101300150181 5.422268436346894 13.295052958341085 31.432100815322734 0.5092123315392081 0.03530577182461526 0.42811171909606394
117 7.582502422876591 5.725704469381579 11.094025224273942 2.0070595230563475 9.39788908904736 25.95441399992748 2.5928393682654463 0.9582922971567744 4.184633167826492 12.630544705543395 33.774977824080416 0.5094587483677644 0.029251074875967877 0.42815054730794694
123 7.7856812916977844 5.4392027990441205 11.25549508150298 1.9634325566228865 9.341495809457623 25.725533641592065 2.9347553393214243 0.843604272267458 5.02929807036178 14.145953958762792 32.75940074643642 0.5066681733680286 0.06712625363841736 0.42329783490795475
116 7.733543868434394 5.610035633368042 10.81835548098157 2.2309669005229975 9.949573767297505 25.00684525194381 2.967534691509195 0.8470327791996864 4.4870989938559935 12.756820124504612 31.46270364365125 0.5085233267034005 0.040299473778034514 0.4273135068861075
124 7.779814827483287 5.654615529506899 10.891150691404382 2.166426252813519 9.595949712241673 25.57178684291454 2.747610818393455 0.6289441468591179 4.757603564916811 13.637032115458586 31.941365297642626 0.5088560106243887 0.04070903674379014 0.4272774868142759
229 7.534412691129572 5.638572866616743 10.953779816180587 2.0621479969228362 9.034178785843057 25.84516105387073 2.971118771163319 0.7018775982086906 4.94196904931571 14.298799097316524 32.74894160642688 0.5080309491784956 0.044840023653705624 0.42633740667150655
230 7.516280524724512 5.922271645788431 11.179035351042318 2.0160449060169574 9.79306426365688 25.4192975128413 2.7256317385343576 0.620688182192275 5.466428888231677 13.088119562115544 31.23958569858404 0.50742403618596 0.055353605228549894 0.4256552951013358
83 7.647983392644328 5.596485817126226 10.740617902345567 2.1856400859937084 9.58297262984295 25.888201812282514 2.680505464223047 0.5924701905293642 5.378363438488051 13.63520279222598 31.579278244977157 0.508146390247609 0.050805339332916144 0.42544068130041907
84 7.587904142011767 5.623969796323438 11.021843076908025 2.1450904935816513 9.46007834062747 25.79139699435951 2.5833719556992665 0.7471613165190201 5.026699472561514 13.585086069559292 32.978829285569304 0.5089092674948178 0.0431660103806318 0.4264837435503615
85 7.03521276974304 5.812122825603042 10.628958663829854 2.183224772149193 9.289084481558175 25.94435243175002 2.8163038274813736 1.061492371773908 4.741399431221701 11.82906445011929 33.40585260830102 0.5100140835724651 0.023579194019130712 0.42824665137777274
94 7.460242867469465 5.6180329581286585 11.06214901526905 1.9997820231448364 9.302522461098565 25.966014266757348 2.7051030864436973 0.41477947555675526 5.799124460154817 14.17340743409704 32.53246476094618 0.5082761543548756 0.03444405411353817 0.4284307581914127
205 7.42642659757645 5.593560026709004 10.639874544093884 2.369819387430751 9.65531243073655 25.92773391770663 2.6381191879649255 0.6455662898256139 5.061760210744031 12.740752298100709 31.87037116393947 0.5074194917411599 0.06022147394306854 0.4247550334258423
204 7.583618933597459 5.576254031453749 10.997745978454015 2.0113774159252245 9.105921998003705 25.974306735426477 2.827675000240351 0.6603537053476732 5.05178360143019 14.040443623572644 33.31245527531094 0.5095085115244988 0.029877132419110747 0.4283927905972864
93 7.491848560866549 5.828170715901461 11.057995834325883 2.130769838344935 9.87534837448921 24.926701934099697 3.100077594364242 0.6854330878974195 5.179028783753007 13.557942379686327 30.301144613755707 0.5079189625196874 0.052787717669831265 0.42476073059242236
95 7.5483577386203535 5.609842232186025 10.910292603634796 2.212779992417974 9.820873945305156 25.051177672728052 3.1890502004181407 0.5366087172120059 4.988835430197398 13.409824606070572 30.56451180072392 0.5075894309365474 0.053550045051236006 0.4252700157560725
100 7.2934461259596075 5.658988995741756 11.027373154246202 2.0890217756382454 9.427029016984168 26.015539087287173 2.496801058316109 0.905252248018281 4.825691384030138 12.441154726774936 33.63917785858653 0.5086728839950184 0.037077059652716085 0.4282432665197561
108 7.736417044943899 5.792149174082271 11.149302422577437 2.1574715269661415 10.204178793145296 24.910022110258346 2.9482371808347607 0.7248651177390338 4.979376130165087 13.099190082040757 30.069063958610737 0.5071859535060871 0.06127876641345196 0.42405482778681164
109 8.023061336005435 5.48505364838718 11.445634034441968 1.7233286974778095 9.111152260723314 25.488946904975194 3.1093427100589013 0.4917119422126456 5.347629640809625 16.06223346939555 31.96423848371777 0.5099341994227942 0.025484507211986644 0.4275250387514872
110 7.541133916285603 5.713449077909805 10.867932670685565 2.3214357245393478 10.250289416584872 25.264723308153165 2.6523020496724636 0.3097749057691568 5.560077852531691 13.251275611908428 30.00544473242502 0.5092495457854068 0.031937515928032345 0.4272227912348289
119 7.697325980751829 5.670205639261603 11.347586232125641 1.8021692092662567 9.156861541226746 26.13612422315026 2.6518816398852603 0.8028492495742569 4.7714755979240495 14.095383486359136 33.17023543390603 0.5094866134561522 0.029743065218731955 0.4279949814227282
118 7.528084225941797 5.712216650680158 10.584814540766649 2.3924613614538486 9.845605050471109 25.59686034872868 2.6815630834362056 1.015947674203367 4.523200548397243 12.077230464402382 31.561881336647446 0.5081478807393021 0.04922883306674125 0.4260223692743903
120 7.3907536090056745 5.454265277398304 10.739912430555663 2.2464385170946337 9.67768509396171 24.887401935758753 3.407163696570606 0.8400922974036834 5.06234061392318 13.710371096172052 30.481626961139213 0.5083764504238841 0.048873907067063065 0.4251083987707879
125 7.68679681004788 5.6629139577280485 11.179870602525188 1.9120301499286836 9.184308313181557 25.705334388438537 2.893664013552279 0.6357627433529823 5.427183901552653 14.99878898304825 32.21073502544028 0.5088826093059705 0.037823514396878644 0.4263081857902561
131 7.522225713510303 5.715789912368967 10.8108972927917 2.0431838333126113 8.954170131982037 26.552218841523132 2.5160054475838374 0.7184487912199876 5.896310285284072 13.45711006019763 33.69778856005303 0.5094595371429084 0.028037595375744115 0.4279978773303236
132 7.731200265743504 5.744926680193081 11.055079073686983 1.9927741190242334 9.201675077982769 26.30567329062207 2.46378822074825 0.8378137188501995 4.828077499120855 13.323506669441816 33.828458288437616 0.5091476283991478 0.029449699091830865 0.4283870427764729
133 7.461718314898604 5.664464574467006 10.94297730546282 2.174527672202761 9.685918734450466 25.500384944134396 2.8948656032625335 0.8045277510953757 5.256804163999326 13.548253700251175 31.226527533863834 0.5074465158272566 0.053473833776388084 0.4251079914277772
156 7.799213714462585 5.5279947461794245 10.792644014592867 2.278923827880346 9.752163603027764 24.98942273622533 3.2136328092323043 0.8049379508667608 4.3475727589348505 13.557927196993992 30.947511153979338 0.507293169875895 0.05570860567356027 0.4261974044848451
158 7.487430720030637 5.615803442128977 11.046751412373665 2.0831291230561604 9.641112902923707 25.46178838649751 2.9257965828506314 0.8018455918748087 4.44181236584655 13.13791304450545 32.12968055450315 0.5092359729245238 0.03672782216304687 0.42730532108866537
134 6.949683289094239 5.87361632107065 11.14551229507499 1.8378612537202312 8.7202053937842 26.66949670956089 2.6792590666576976 0.6912672358105011 5.4518426468928505 13.56867128324174 34.05188610074174 0.5095926773236715 0.03002923110571585 0.4276419889464275
141 7.660166798387547 5.77575232740772 10.881562837396611 2.1503306963177726 9.62526391047257 25.685884433176685 2.7081095611086714 0.39030269185055017 5.964935496532898 13.575350146565217 31.487297818372788 0.5088437340374756 0.03492302346071363 0.42736032472872093
142 7.998777474442553 5.643081575594617 11.001001208023206 2.0711592257576403 9.448995231787848 25.084136657287573 3.186459058235584 0.7170851199239809 4.643776281964096 14.269043938576807 31.625389189856456 0.5076811135870799 0.04985102850782676 0.4262324519434024
143 7.622793757320935 5.684813881413709 10.567793544471401 2.4998340736680777 10.348582774041791 24.11778059779358 3.4765566088775235 0.8235484890796978 4.503816486418055 13.01673726928996 28.015342101910615 0.5065459171501056 0.060487578943690674 0.42528509889064814
166 7.250143074409303 5.923104440284021 10.94273483909555 2.1790291674868767 9.562137036454693 25.832260059049727 2.590370250448312 0.8588237798577517 5.196303865371717 12.506801172011386 32.61473834338922 0.5072721385590875 0.05588224461559731 0.42603731686590157
168 7.7796607919511995 5.443242875462517 10.987199404745605 2.029630169039097 9.263909029474044 25.846360538404753 2.7867682655429578 0.6587747306121411 5.29001450955561 14.328835907094387 32.65112935619888 0.5095816453426084 0.03242454391275102 0.4272794131249289
144 7.4665397975248 5.656495776056169 10.939720449289041 2.078392403951808 9.236838625296954 25.707508612793507 2.998535842959733 0.3552762949084183 5.707977411962737 14.598599841020077 31.86869711764243 0.508893802332148 0.0333482625105499 0.4278610954783875
157 7.812878243184159 5.603301471957401 11.056200799957148 2.045831931767304 9.6186455770777 25.624795790827694 2.719393956664263 0.7217188407972953 4.577065679225495 13.570110290001196 32.22792469850273 0.509864321184039 0.02477188329936665 0.4284685738164633
176 7.681720434879499 5.630839127733445 11.401210931731091 1.7492506563667187 9.132820314396728 26.234813880979594 2.6322394645154703 0.7520785582503098 4.749965775988124 14.21394388687296 33.564322973028794 0.5096293663122143 0.02098293159200144 0.42796927345427316
177 7.651019132882694 5.59889722160854 11.238110171545117 1.9893137591951797 9.565833800157648 25.62459749260664 2.8252101266560805 1.0377723541477113 4.7808412029142975 13.621371842843741 32.00090188667859 0.5089612445267678 0.04495882053717284 0.4263346552149646
169 7.603593533743746 5.729517583980529 11.0926819820308 2.0059612216059106 9.53672714214641 25.771465219096545 2.692389399498631 0.7440852123122412 5.137010854285001 13.02181675335869 32.68045820100542 0.5090412704130767 0.036360346219443465 0.42804230075910754
159 7.388217051259829 5.694370942632412 11.011569357651236 2.03200359395706 9.40482328966072 25.552946139236667 2.9804743692372435 0.5593754472005564 5.293209275020187 13.830534064483448 31.833557091364927 0.5093850880831183 0.03739402108608353 0.4273044618800956
182 7.730861760340303 5.733258962288718 11.224534514861087 1.8733525572664211 9.317107065194095 25.529056334496598 3.025721966462961 0.6918663768008446 5.021442601678101 14.319204574928124 32.08607891889481 0.5098918225697466 0.023354224568639365 0.42865954803017037
181 7.497467184197083 5.850832967066739 11.112975767231534 1.9656139826125163 9.535706081270359 26.11139449664952 2.491091209850788 0.5821468114474062 5.7707022385068525 13.436262254124971 31.875542225838803 0.5096111418363155 0.03406455905381533 0.4275770781079265
167 7.849992572816006 5.71837158187474 11.24655824445165 1.8787034879171567 9.1199168757546 25.90032008793282 2.9567873493554173 0.5296979857552944 5.412278470915275 14.853991859261098 32.29836213940646 0.5087553731905099 0.03985397247137004 0.4275402697914407
191 7.522772060584809 5.7721626988671755 11.16409563443006 1.9813199802603518 9.65673701002502 25.371079554748633 2.9561297646654165 0.8487517118684339 4.490983163335368 12.719972602503912 32.45403771425613 0.5090343437424685 0.03767341986356679 0.4271697635880354
192 7.476064259793105 5.7137033185815005 10.965678730896263 2.128668029448417 9.626236950528295 25.426387851940085 2.8632730630303014 0.47879912341668807 5.350551955532986 13.635142206902106 31.606064702865694 0.508967288967244 0.03562119074813369 0.4275625545483781
196 7.656862540499141 5.729075919684071 11.094209518584908 1.96922863819987 9.29914634671569 26.52012472429877 2.3253849283350165 0.47474329079867345 5.91413561764822 13.958291460999721 32.66227247198942 0.5101772699039253 0.02353609013842772 0.4283017712359064
197 7.758233975698857 5.665828272307754 11.078336997459068 2.009971798135235 9.412773292042765 25.96980675437944 2.6173894710933383 0.8007940381063009 4.966780922399766 13.474672945045958 32.90334125211683 0.5087372161228362 0.04097756444868274 0.4275365550583827
135 7.388709882151428 5.838149646322017 11.230675829591824 1.9897116438186784 9.605944968312325 25.290201979655556 2.8846825771524705 0.4959212719370435 5.740719039264679 14.216737680417442 31.224143718448886 0.5086809289222946 0.04263805172712596 0.42727466511338547
160 7.622401836641196 5.7736129072827955 10.86348890226239 2.065284189801993 9.55989389552245 26.04915772308526 2.5318148051539655 0.49733216452489026 5.986903759355683 13.851854861329793 31.365713093088893 0.509935320701103 0.018095808613604415 0.42865784011364005
184 7.872985246091064 5.517523241258216 10.98980124457867 1.8932419026418552 8.344418883685412 26.194057804120582 3.2267566345531664 0.6640585332762143 5.076616820426889 15.53190397287454 34.04492868272513 0.5100290680716538 0.02722450110929417 0.4285218025837058
136 7.447296333776912 5.75660876662582 10.949992921187686 2.1223275519396863 9.009745133727298 26.077837736244167 2.6633056615836184 0.7619255073698863 5.670632426638148 14.233350615230739 33.062060654755484 0.5079113181827447 0.04855828690869617 0.42634514316409544
137 7.111340714608635 5.822392726840362 10.485253242756933 2.3964069410784856 9.28342998587664 26.58377976301149 2.3181213476002402 0.6727764549198546 5.371084171744076 12.076235123182663 33.39265112011457 0.5087913271300284 0.03731563087236481 0.427745611164096
162 7.6755994496703615 5.982808303330014 11.093189941445903 1.9668820599567356 9.45138581161189 25.65835266096268 3.0228384862423456 0.618696467865529 5.729513611074367 13.703578113856592 31.08101817429047 0.5086720493982541 0.041059363990642625 0.4277005718963372
171 7.677440170760287 5.877635113565128 10.83859537562527 2.178792832469902 9.55534411666776 25.6581940059791 2.821789538676826 0.3877721615525574 5.713632030016707 13.366549322726708 31.296394738821107 0.5090753279021225 0.03695942377317893 0.42753339880154567
145 7.685468556193133 5.571848310492971 11.06974717773365 2.1292819286646214 9.526695563021102 24.62125434235151 3.4528127701065663 0.6812000301607982 4.751887795372246 14.692332794251973 30.994061775415968 0.5083742274577626 0.04750076287758901 0.4257731316267361
170 7.620043266484189 5.508566268193851 10.722198139851514 2.0857618372462645 9.01166892400385 26.12257633873566 2.8473019603643075 0.7068449197539144 6.114541954943005 14.332824555289267 32.54580865081792 0.5070392874688845 0.05942995948094678 0.4240524676897215
146 7.8776093027097085 5.711937872224816 11.292863903715572 1.9022828642013252 9.515847635856359 25.256351233753307 3.119072826360996 0.5453417142419751 5.218024839937736 14.568130104774834 31.01656695032726 0.5096357427471865 0.0215641931812124 0.42855959150707834
147 7.43448961773407 5.698533022963157 10.814400165226782 2.226903687435366 9.709099176580013 24.73985849059182 3.398972478130867 0.7236924693831928 4.701622184409842 13.35257864490608 30.804727007681212 0.5090537813104589 0.03582101625056905 0.4281943843582734
172 7.854383755367303 5.6235180705314 10.939058759208656 2.0142616071294706 9.023268455944962 25.93704452914513 2.924159806550278 0.931291022933455 4.830211872533885 13.418965113487948 33.58474766680095 0.5091263687384877 0.03667722012920104 0.427589033154646
183 7.760973436439449 5.760978522840485 11.060356900167136 1.9608261101842568 9.057664068734322 26.162535650120454 2.7596790982000985 0.9040321693579458 5.027745351168577 13.82985009155566 33.211015212099 0.5086508717291844 0.049057434288110977 0.4253768532669027
178 7.921945353074459 5.589026158072009 11.410023722745848 1.712653364440734 8.744192269305126 26.280395091442404 2.7820166680823744 0.6237596734488379 5.169711328107511 15.425536761667896 33.785006601737535 0.5099567569712335 0.022217333084476407 0.42807182906231006
161 7.7468932494981635 5.797697922296448 11.09074045451247 2.0901351755305315 9.740627224688573 25.23863119793119 2.9610834054435284 0.6028810027348943 5.3694999489789925 12.929767127180805 31.86890043138186 0.5090253679730238 0.036707713766818334 0.42776122137080363
179 7.741447394775534 5.846869976961014 10.970057248025993 2.028613651512026 9.200121355243303 25.955789871409735 2.724024442958881 0.7829467638416988 5.039015495601512 13.637630245380194 32.822274510521815 0.5089187969835394 0.032449967690752896 0.42711323983194455
193 7.247217733937971 5.820956826272096 10.954171678277824 2.055431490598723 9.238956415790062 25.932118372738316 2.8214767442225996 0.7088870252465913 5.073428099535421 13.012859374493257 33.211141325260364 0.5090890875764889 0.028684801260868566 0.4279726392755951
198 7.572691465418205 5.693047336692692 10.93870314278888 2.034359582756247 9.071928564556718 25.743079336044687 3.0048250189381878 0.6572848239921014 4.9647842824252075 14.072821113596898 32.789596520829654 0.5098664667136561 0.025936471377889 0.4284617464034605
185 7.68984660913822 5.631994853111955 11.228538978351711 1.863215659352139 9.221871543371398 26.12351680438393 2.6229093120661684 0.5758950501728639 5.859759050558352 14.521016990284823 32.55751058201491 0.5087875308162663 0.03546703914283295 0.42746171114105064
175 7.405224557324423 5.670324495958405 10.88142877703329 2.006588999359049 8.629587879911021 26.704504479184738 2.664274988163339 0.7383146810185208 5.320576383949373 14.073917902783593 33.97866872635993 0.5085585541240288 0.04524674899931613 0.42697470816968197
173 7.4189510434864525 5.74832096527815 11.177325495259758 1.9718163003008198 9.235679192037072 25.937783079291666 2.673676210806478 0.678374669861822 5.345879319932107 13.117624554690597 33.889305908579104 0.5093389290417004 0.03546258337805673 0.42763472892523097
138 7.482933700261043 5.617988598862981 10.785765322579438 2.181775589606317 9.19032606011348 26.058960540170748 2.707652799117179 0.7515175502602888 4.728237406534577 13.296665165559933 33.26265002600352 0.5094088723776949 0.030346383497857062 0.4278505262699803
139 7.4750614180090365 5.753856419046147 11.147553792760553 1.985034581736011 9.284119399091438 25.78468572464602 2.761570678084168 0.7512807609861686 5.463593287234425 13.856342412167528 32.74400709570767 0.5083445772426936 0.04209593096856801 0.4268774131145974
140 7.470131898142674 5.759848988759202 11.36990682195677 1.7640548955036062 8.911584897495219 26.22339507144121 2.728637857993599 0.6501190298594492 5.617682960705613 14.559726683875711 33.68804235972733 0.5088831807386905 0.03318630569313234 0.42807233049303256
164 7.845813390514231 5.442197489697088 11.163974056837505 1.8900161801763316 9.195721360455865 25.66890729412492 2.948753830818254 0.6087465775147998 5.354163533602453 14.977755820490279 32.055582251596135 0.5091609758479652 0.03418566674377019 0.42748629341929184
148 7.8596636827936335 5.575025845171541 11.227503700281895 1.948460518601227 9.37746759971232 24.857980828815837 3.377188099501921 0.745428159641961 4.40606148733974 14.50347912345785 32.126512242149396 0.5090028088633973 0.035565287737957564 0.42764545838413465
149 7.653760086040493 5.570013379585181 11.166522780383213 1.9340422840361906 9.383961769254162 25.272142020389307 3.1792516719799035 0.7779447692131471 4.884364918251815 14.536427732699499 31.73769269286658 0.5101575223081105 0.026045661660780216 0.42785510715214276
150 7.941233566592441 5.59447575244401 11.1103550640291 1.9522152092814333 9.285287401750457 25.451078259264477 3.041733417331009 0.6898426834164583 4.754317387040704 14.590149340368077 32.21432851332716 0.5087424398798601 0.03778346621725694 0.42751624297252344
174 7.622452327302991 5.563898647426572 10.732242995533863 2.3093143266594467 9.612313292875921 25.236254679243 2.9354879628674206 0.9327943952584197 5.346253974417871 14.455095144768574 30.65195873750497 0.5061004335028958 0.06575231078629111 0.4250017622115931
163 7.398361225355707 5.684341421569569 10.669461202485603 2.393577150858547 9.612442958844433 25.601610646990807 2.8013477646492766 0.6790076049076247 5.345733013060805 12.779586340132596 31.941802471437672 0.5077326402443368 0.05240789483775428 0.42555032146760363
165 7.4938426085024465 5.645899723304986 11.092864703054973 2.035552151476051 9.630078209365315 25.036361920609647 3.1691606225207525 0.8471885487886167 4.86331036187804 14.128083441299534 31.096624117724073 0.507095981932177 0.05512614291508515 0.4253436135896483
180 6.976312469125086 5.6442902659923035 10.891815671276635 2.19303531394766 9.336384030461057 25.588414212603308 2.9159830567077583 0.9200287943961319 5.676481219093499 13.878389601416403 31.598558194635167 0.5066764495840806 0.06648372195146011 0.42347149881238233
194 7.581110478023914 5.699590498995629 11.163501611178868 1.8849374850738974 9.21647500625304 25.77173306967501 2.9075904568150253 0.41407418010648395 6.001831136937831 15.00383953218152 31.426218771926937 0.5087435164779882 0.03735342418385885 0.42779509295276497
195 7.49067405357519 5.355665664779508 10.832668750485002 2.2565356665613563 9.512755116986709 25.22712861245717 3.112026445656011 0.8225607083633724 4.951269273565935 14.245750874159262 31.092783073879602 0.5081749650047422 0.05258119773241705 0.42567100864594143
199 7.835230092562794 5.634586607369808 11.09034275059901 1.9867966769990306 9.36488565032123 25.91101474341488 2.6427854858270705 0.5816156312804298 5.603088194736255 14.295207610153664 32.454602409955136 0.5093456797078344 0.033911300789194146 0.42780030990688944
200 7.752532905382044 5.879384076594643 11.245920757764967 2.0029963112916667 9.67165436558443 25.335917578111737 2.853280405791562 0.9919709299516132 4.139265331808072 12.450989959717145 32.93133070460977 0.5094544744817585 0.030678835014837137 0.42789431487334967
206 7.9319460697768305 5.556900257584449 11.28216482047164 1.9215771027596118 9.674572075219686 24.709411328179186 3.3090902707278125 0.5472442150493765 4.832499571914812 15.231205485837606 30.283457321737515 0.5100747375858581 0.026814790672686578 0.42796182954296774
207 7.564592654191865 5.769919327153649 10.937446316917171 2.055530795060299 9.383943190996854 26.018667547123176 2.5758904668485307 0.5499034585532255 5.334924766067984 13.276259250659887 32.826800735071515 0.5096762015337498 0.025512156391722923 0.42830015899694307
208 7.8198167107937335 5.765463741727564 11.176165631626612 1.8433594839185925 9.117177401984884 26.225665389614765 2.6330409941163033 0.8977353076636806 5.188520489688656 13.753540403146864 33.365718369248306 0.5096221923505102 0.02884439875835982 0.4281550125447227
209 7.651291863541183 5.598698602580672 11.008336724374185 2.04690594038563 9.410804442368791 25.42572236355632 2.977805495046043 0.5511610227843468 4.993294195899114 14.189521433640461 31.772247393920118 0.5082836592526407 0.045052045165099 0.42713047290033257
244 7.47311798717572 5.942355499179684 11.008851892536578 1.9772655047655412 9.108751811070285 26.63496430846041 2.33401941449284 0.8807898332464487 5.038080172541772 12.424911662616452 34.33427297733282 0.509348806498174 0.025725313090326694 0.42856079796136953
243 7.516957256757478 5.7894528824836025 11.142521321307134 1.880558241649082 9.029009087259121 25.95078365510114 2.9427635065632884 0.6361507737279134 5.6460420344559505 14.213791880252547 32.83571203298357 0.5083415879305522 0.043655607880559034 0.42575779820715826
242 7.421192751817082 5.917477650745797 11.007113342691103 2.078523912237373 9.545152416499848 25.75053942829623 2.6295900492901243 0.6507356396806244 5.809447612562411 13.241856185036298 31.70948060182294 0.5097578072417597 0.028757163377840823 0.42800893910079835
234 7.730567057642598 5.649588024781072 10.985125989204304 2.0486300952507452 9.459610316722959 25.625545762980053 2.8262029818063645 0.5813713998672976 5.084392251716031 13.659611760596942 32.23819692080872 0.5088833493633735 0.03544161546556178 0.4267800224490942
241 7.679916854634576 5.724313965000021 10.804421062650691 2.0440744388809975 8.792612760606767 26.204089893118958 2.89147541900199 0.8948389240358325 5.22622686998555 14.537805292682027 33.23071883291917 0.508305076423986 0.0520944355249274 0.42535477354653023
216 7.9322783362627005 5.650076211848899 10.866638077876157 2.160019270860533 9.488083937190211 25.870683216936428 2.6327203536747374 0.737928139690002 4.578912486267163 13.377749383561913 32.69136405580973 0.5090214245565899 0.03767005937642172 0.42684859680171383
217 7.624294840474007 5.619236105763173 10.743021229878057 2.1912115647048007 9.273621695546273 25.637675764380198 2.9787591211263162 0.44468362896044894 5.646878813998505 14.508076951704721 31.879985358417503 0.5081707083885908 0.04537898303531814 0.42737198215537675
218 7.3821902837449 5.619902063720402 10.962892790433038 1.9787677710003535 8.812227105275149 26.58821115340511 2.632180285135528 0.6452883303543748 5.610129137275432 14.345576647173539 33.71618990044331 0.5090142292993541 0.038053188297952296 0.42770155250924535
233 7.676844886986811 5.471426399969512 10.693359491327698 2.386863458742742 9.566395322638545 25.41447402280639 3.0008666989322044 0.9469182519094389 5.311754366474459 13.905122719686059 31.116879643928577 0.5065806551854738 0.06661898106493208 0.42424899559647794
219 8.051619086725266 5.427452982541617 11.282943720643521 1.7920372922031058 8.907998089225453 25.885925456417038 3.0009352561466853 0.5544947051999666 5.341651280598688 15.846200487048561 32.844958151277815 0.5091918318187234 0.035594058430647044 0.4280794219216232
232 7.425095049475333 5.573908209548485 10.97590619754935 2.0264229728623264 8.955770204011483 25.296586697865948 3.3547803085877415 1.0023825022495498 5.532227523697924 14.989014802328223 31.77056336575989 0.5070344915908175 0.06123361303895616 0.4250095693383423
231 7.698849199664718 5.604564056564201 10.92942464869684 2.0690792014317316 9.192702815923028 25.956310117351745 2.8333122873402568 0.7234251831200927 5.46130280915346 14.072557011412053 32.435605974117315 0.5086221613948715 0.04259895024004498 0.426863070888891
236 8.001305743605439 5.3254866089491575 11.098516585803827 2.0512585968492747 9.143413649857445 25.82388761180265 2.825045241827346 0.5552901944602892 5.152588401444747 14.887505947345046 33.08903542061319 0.5085880602579919 0.04699722258550206 0.42639157444832
237 7.805137916862372 5.783513323639955 11.220481407974356 1.948749829932298 9.710243998555844 25.52864599447275 2.871410569797545 0.48642458838991154 5.860025905931883 14.179326062246261 30.715833130192113 0.5098423878564139 0.0224622115146753 0.42815195803014305
247 7.465287198137119 5.97235851103391 10.939204680722181 2.1262806154111544 9.613831426355311 25.356991280107927 2.9193085717024068 0.5823083049659101 5.38856656428673 12.831823594059166 31.85606918028304 0.5094555475264833 0.030710782093225975 0.427909064206184
210 8.012149729748103 5.382753164260822 11.005695486966545 1.954921260667041 8.988725065861772 26.18207386892324 2.800025728104226 0.6280851655478129 5.399291755635215 15.072945421321922 32.68349004926163 0.5097563073823019 0.02620112806669118 0.42807193615106004
246 7.900051745363145 5.6172500685543 11.334649785023473 1.8188671877390143 9.184088425720232 25.90522760548405 2.8802950152902236 0.7944835548509972 4.835675564284193 14.156181845741356 33.068883174186915 0.508154385042369 0.04850344799546793 0.42627707025529227
245 7.48159512776897 5.744021733207628 10.507467200005488 2.4679386406896917 9.702049711368188 25.31492279792606 2.849865434242335 1.1190264189034484 4.312206192011154 11.917969586692625 32.50649532625047 0.5069566591161923 0.062326277166420016 0.42463993669227723
235 7.835955290427148 5.616980175634747 10.73712327064837 2.2407361273378044 9.58048620764091 25.54557273213916 2.825825041190571 0.8281966763219935 4.990012306286501 13.239912068845172 32.190320073502456 0.5063569770945 0.06567503441820384 0.42445614477460775
211 7.64021799118463 5.619213156862563 10.806702860706997 2.18431014263798 9.327045499305362 25.460890800259655 2.995565386925163 0.8211574217215266 4.974566609058492 13.72367764046564 32.26501283639601 0.505527445767502 0.06710799810879219 0.4247303988451573
212 7.690051182380846 5.461801448420661 10.902432137814355 2.0706511977717925 9.228411759060132 25.48119847724314 3.334632743659777 0.6952088072321744 4.854284130730474 14.323932798287533 31.4482155468329 0.5069410331857842 0.06259261897492466 0.42485201351453783
220 7.318956925034503 5.5831177860636005 10.9607652362584 2.2104671457831593 9.745726181099183 24.72599839466378 3.236429207998716 0.7009028103698527 5.036930360444889 13.761430425490175 30.97280015260954 0.5056293222503061 0.06766245774966997 0.4249344529703681
221 8.006559473899138 5.475273847653626 11.346423358102253 1.7007815600530694 8.68965173368264 26.06861480032665 3.0053834114916618 0.7563736274034376 4.894258514587329 15.42587688190202 33.64316151821177 0.5097046916762186 0.025305558943941233 0.42831238771377833
222 7.57200339353126 5.771704316299313 10.791222388732947 2.1132003097875294 9.369469968148636 25.81696734253505 2.855259123078843 0.6424718688749954 5.405177264833973 13.429719621057355 32.1447397535287 0.5086800965889009 0.044140561088805715 0.4262196409462447
250 7.291936365092478 5.783103892512123 11.075132889039418 1.9417427353804837 9.028344331919676 26.15214521615862 2.7749867304976603 0.9134995920883389 4.407744598030821 12.73135234793625 34.29864585604438 0.5097607483125266 0.024624383030067445 0.4285827177039168
249 7.683817355517288 5.605837273200478 10.51446300187162 2.3904151725426463 9.755154427670648 25.28245063690062 3.003464796597063 0.8342832248214357 5.051927664302207 13.326533273084717 30.558011044877542 0.5075830471678735 0.05709030121584409 0.42534139305999197
248 7.625045996936003 5.677239662600504 11.026147479769369 1.9322121007027522 8.829666361590672 26.899737555442613 2.34793242660148 0.5648956966797005 5.715892209179035 14.226259217184332 34.07725332490934 0.5100601103867115 0.01920939907014276 0.4285280379699156
238 7.72719832863903 5.7458054802911285 11.3926918574277 1.7174479482879341 8.87026195913602 25.97344709812241 2.954455200262382 0.7750532457888781 5.221736103426669 14.879755538013882 33.46557503302961 0.5098790969877415 0.02394192187661732 0.42798462572347185
213 7.655468985879651 5.89835194226836 11.153441192993176 1.9928569151861086 9.420042530678879 26.188322175287862 2.4369085915050173 0.5386020073971619 5.5420628494834725 13.49826371579545 32.51715081992262 0.5092300280746599 0.040564962167593664 0.4271385982478546
214 7.406809116412049 5.305210804633092 10.801765189094239 2.132935170796072 9.054035264398012 25.971648352566238 2.90457705954062 0.8834882748984505 4.985474512795003 13.987863064922395 33.45581083445099 0.5087023217180169 0.03883526586239934 0.4273425975084064
215 7.6989270449790235 5.685878705018123 11.187651148844562 1.9876054252139337 9.706509208873621 25.136885809606657 3.0612421391301936 0.8567058393564747 4.204689826125906 12.915221478254924 32.05735156905992 0.5097709983025678 0.01498843309157018 0.42900022659839976
239 7.718639650469196 5.591260364456745 11.054339949109922 1.9911625005177132 9.366960945737565 25.66340836756458 2.9589062384039355 0.8237254459146367 4.569589389344235 13.142330255865895 33.084305404629184 0.5092740450990262 0.037794992459645536 0.4273646568287295
223 7.839395812710782 5.7171809025518465 11.045175212136044 1.9070597652097638 8.92231779017795 26.303627986201175 2.7305736015216473 0.7329333782978639 5.2352371291226065 14.275181824467927 33.46343836226271 0.5098037749700399 0.02050663291646161 0.4284736446161184
240 7.925156076763754 5.516151322751027 10.853828084348969 2.2655672508203493 9.548883237107207 25.267187786054098 2.9093232603849377 0.6764341821224471 5.352833745577135 14.726804648978844 31.53376787600748 0.5082101575991318 0.04953003754981054 0.42606166930921546
224 7.456402096853158 5.959160953191726 11.035836468140724 1.995414310833386 9.493027614359228 25.869545594698923 2.7499046908298004 0.7345957226385174 5.592146514345914 12.893593290820498 31.91970825775251 0.5087295548532296 0.04225047601909348 0.4269724222645447
225 7.3345960908925685 5.7808804376900005 11.050896081729114 2.045983325748429 9.533212961343603 25.0206665696709 3.3227468337473267 0.6235021942565052 5.294095230444562 13.490225750101317 31.467761341788105 0.5091723290240991 0.03247719478059296 0.4282807451742589
