# timestep 2900
# phase bcc
# id f1 f2 f3 f4 f5 f6 f7 f8 f9 f10 f11 f12 f13 f14
1 7.834331408230447 5.796965628254981 11.303062708748989 1.7981978289090177 9.076034939701731 26.194037177333225 2.7367887371549036 0.8301436162175642 4.932160135226614 13.900745061530218 33.38967538057748 0.5091194079563417 0.030866477036468172 0.4281324866633165
2 7.741226464346017 5.648397154060372 10.85025376503561 2.1616939361503626 9.400378655560923 25.878973832322743 2.7501334262397843 0.5443265624636153 5.887592783956558 14.36868452699562 31.580937294331683 0.5085305896342447 0.043249361625084096 0.42702726801492863
3 7.677624896905106 5.634454888861006 11.221560220134961 1.8469843358002571 9.173109530992463 26.2983550460379 2.5628114744148367 0.4353262515933669 6.042667335361429 14.909906197868251 32.03094428293251 0.5092282945335233 0.03862503144824114 0.4274646518270494
11 7.8390136394546435 5.814233271517625 11.043529180949228 1.9324414286614144 8.748922712015723 26.458283215377968 2.7033719879880254 0.417601554018658 6.0732591759883 15.119447804626404 33.00647966427266 0.5099644277948957 0.02292761428716536 0.4278431025060474
13 7.854992824398284 5.652961521229994 11.290206683016667 1.9556195631109674 9.625838690054174 25.462570576032096 2.781127463532573 0.7353961436764778 4.653877375455663 13.677690789999604 32.411921552045314 0.50914854349141 0.036541571582769244 0.4279006516505326
26 7.235824685390859 5.860922936122566 10.970032072626308 2.0681027456730576 9.690771698621987 25.241396479400134 3.052154894988371 0.36102777430308824 5.922465404484418 13.614844119316254 30.72567895586003 0.5095941255318241 0.02344972574033561 0.4285766471228454
28 7.499763721775421 5.849896920141009 11.222373340567662 1.872955796710217 9.389124030659866 25.99599776356064 2.6119329497235597 0.5339005114070022 5.809724874787852 13.991827078527564 31.9427138326307 0.5097217307174481 0.025434497229819303 0.4283498545696045
36 7.437026809090331 5.697061607343335 10.648280709968073 2.319628775609326 9.678030564261803 25.41186480349007 2.837345774119025 0.8055118975314504 4.07390713224482 11.69179188847947 33.0350943224704 0.5096578487306181 0.01672383227618603 0.4288780935236289
38 7.415300899430394 5.59821631785948 11.112407623753901 2.0233094532000373 9.465193584581467 24.999360548013343 3.301749944020295 1.0738506039211444 3.7538687884501556 13.444453501658254 32.48048142297129 0.5093397169806313 0.028328872020999884 0.4281725397049861
4 7.320453001030482 5.926417732174874 11.398655358422184 1.7769831638210738 9.793961786373856 25.531141496974865 2.7566610997689946 0.5331917530109416 5.626076451026117 13.4621914617294 31.113952427862277 0.5099159119796628 0.026932357958119543 0.428139047422714
12 7.940064761264112 5.365667992707687 10.799351263334271 2.219193634049647 9.762794003187446 25.191198494348008 3.001635634557242 1.2154007810849157 3.6419110426290264 12.30953079808888 32.53638836100473 0.5091919211852266 0.03746606846923957 0.42720540356407427
21 7.676571511531998 5.687490700027095 10.908634681111858 2.0047093303950776 9.318172582072638 25.822784501066074 2.844803638385616 0.9187600748506474 5.411495373524955 13.719366825939693 32.03799611379309 0.5081468863781946 0.051263992477224025 0.4259471193389853
22 7.507002321815589 5.467921886362094 10.41396177985346 2.5517491517462427 10.051167385483243 24.684998819916355 3.0218340022477377 1.008187933320437 5.0434483961076495 13.209954826682674 29.857715073622902 0.5050828649095709 0.07695427309633336 0.42209721139438283
46 7.442641917275813 5.854293461851505 10.960746000865067 2.082697224607143 9.496821000877594 25.330608072620628 3.0848777237183347 0.4038409133217195 5.7977566664699385 13.812013610945035 31.329323863462616 0.5091801857840158 0.03311826634756468 0.42858320403890876
47 7.832813850523719 5.40335669475113 10.75423961889535 2.392526066044451 10.391473741747436 24.663746127478465 2.972862736120673 0.7993890928587088 3.5905712943189685 12.323714831861203 30.365798274865142 0.5095335235048168 0.02035635517956589 0.4282917750114061
14 7.791377370132571 5.319696106878741 10.95834405187576 2.1646188825270474 9.903980646610531 25.379636765477443 2.78354525306564 0.5183350144740368 4.605528331240259 13.950168792330043 31.070158974351354 0.5094680417203011 0.030210102467852544 0.42796210722168976
27 8.02483317693522 5.648471757106665 11.323347958177047 1.790675235799458 9.004687166042286 25.763575739509985 3.1035111604014243 0.8001777510797384 5.129220280067105 15.498142215242778 31.90134224469329 0.508412561248683 0.046389144540693636 0.4260329821235098
51 7.231851974490638 5.934355719145206 10.483956722684903 2.4503137475268115 9.948228167968747 25.06303104545941 3.033230552699209 0.7048164028572071 5.445081268594551 12.037696373646765 30.602120133606363 0.5082668613727243 0.04351714106366015 0.4268250238883558
52 7.572475678307108 5.7422370984080215 10.915756238467974 2.222561838144009 9.951762721319 25.10334378464602 2.857984229816347 1.0932530009073984 4.74497458015226 12.269648650200121 31.683778484782845 0.5091370721130325 0.03902310692329323 0.42727922004513214
56 7.528046056859068 5.896975285979567 10.880728887374303 2.2682410855640063 10.108526104877436 24.679604684484985 3.0298172319733663 0.5411424101367645 5.165685758219304 12.46033867772299 30.78453664596398 0.5087426125700315 0.034862099774220646 0.4275424679155568
57 7.726341894760464 5.560425701379871 10.748172883640793 2.4288928601136592 10.21384822456956 24.805341330242317 2.9264072554641043 0.40109332040859985 5.302018695068706 13.341737072698683 29.964112153635547 0.5093375170014259 0.02746931802343312 0.4281922449930273
29 7.473486141786806 5.575678355107665 11.040077266919441 2.0681085907255032 9.37634963760053 26.298642831443832 2.5616128110814946 0.6031590124502435 4.873121480724272 13.470238374623548 33.02119400449378 0.5095913881728226 0.02932754822156586 0.4281519739797903
37 7.754418808094628 5.481012071394371 10.723662632708878 2.2541615569236995 9.357685474611877 25.48292212304166 3.038864373333803 1.1056357500131364 4.293086331469869 13.590823622275595 32.317561605684205 0.5076087210342732 0.05337062696721319 0.425599355399922
61 7.344521079095047 5.965241100140048 11.062450060152635 1.9818554475474994 9.315617002523071 26.000749201921938 2.6583953857102047 0.5435006874161922 5.951105333233709 13.232592053577873 32.66826174199336 0.5098139757487639 0.02113652121615515 0.42842440774866536
62 7.733988581442804 5.615284825484467 10.539353374019996 2.4834300885291887 9.818053004116205 25.010434122413212 3.0391461164071365 1.2470286518489748 4.594642984792838 13.059735538718785 30.873003621415556 0.5067819410451796 0.061394544998706106 0.4244304951189803
39 7.185154606267584 5.7247938047254605 10.606123693228968 2.288524900467333 9.493005151314257 25.850743969687077 2.7723058248220855 1.052370233871864 5.317080804393239 13.588980306342542 30.9827934990525 0.508739717235 0.042592123591057594 0.42626375726722765
126 7.3314994475398985 5.659509979946669 10.908976970900135 2.1891453907939677 9.525446960411859 25.184447784583504 2.9583370149482873 0.6191810199026421 5.6220160197359865 14.348820881930996 31.074052732997078 0.5041106312268807 0.07344731943836301 0.42376245795018713
127 7.248685117231981 5.730433044588624 11.263815552045815 1.8242028795020953 8.839543068102905 26.372804347304363 2.6767773457163475 0.6571704601429657 5.498558468535609 14.143817600752822 33.78966468022747 0.5093349346553924 0.03453525956233318 0.4268931922385342
151 7.635765677651494 5.760773712049926 11.111682903082258 1.8987399946643557 8.969562883198885 26.31768241087597 2.729313257018737 0.913665606007368 4.91963004928729 13.782284491452614 33.42291293131914 0.5085689823194626 0.04318790123928452 0.4268493075613242
152 7.708351139243052 5.813519769461212 11.116990584436904 2.0031257817999806 9.64039138225287 25.355392150568722 2.9509046659724354 0.44066419361427556 5.632371329320304 14.064314765105255 31.04266622806509 0.509559340592644 0.015080573384652107 0.42868996774292917
66 7.956458092435399 5.7494288423993245 11.027707403170906 1.9086759372054738 8.604025940787944 26.67045634858197 2.594984738884046 1.355292761967429 4.285157604180857 13.338149112750093 35.29417198109655 0.5087846601376148 0.04013383178427937 0.4272646593666216
67 7.798077256998797 5.498868651267055 11.145033938636812 1.8888238419929502 9.141950074485226 25.557868897998812 3.144794611341566 0.6449366739466615 5.1021034674845644 15.167058448296293 32.08971272788874 0.5094939327910931 0.03284474822286029 0.42737335813083055
71 7.840659451466196 5.774181929695644 11.216544239457857 1.870976946439126 8.913075613489964 26.192042040435354 2.8255602393588064 0.48077784207811186 6.237714272039561 15.47377837686079 32.30259542151056 0.5080247120821532 0.045958211412271875 0.4266740064924888
72 7.218421201847789 5.973717697377596 10.863236194117912 2.0153490732711563 9.49250162307182 25.805861765821156 2.748284428883878 0.5565074413536609 6.078878729617758 13.85227630279466 30.88091076312221 0.508205176751428 0.04847061901093418 0.42640069659605856
187 7.535786762513 5.637495525986851 10.757886672286581 2.204580607654963 9.648077113151716 25.569651383260375 2.792849453199549 0.7891700305270049 4.14586769582803 12.460611590898807 32.62556782309729 0.5098778349756697 0.022209243237250598 0.4283499609335396
186 7.837267923437674 5.541979874382046 10.964160571773409 2.255941105863531 9.981156192250982 24.82105305748663 3.090433665361118 0.7098390587465793 4.635263321134676 13.733633876790742 30.623291335216358 0.5060380621768749 0.06972075104578772 0.4233153079473736
5 7.785375176978889 5.765947482699395 11.220643171108453 1.959763354125079 9.591766618515045 25.48452419345464 2.777446846911234 0.5998159331973842 5.210935898495404 14.143604177872955 31.8217785757697 0.5078477424863576 0.046175902283333584 0.4267011255041975
15 7.335640020053758 5.675507309393934 11.181733245175993 1.9156230020431726 9.259681838300596 26.62666380965085 2.2795027646032984 1.0439042124761888 4.852457369459114 13.321072640591899 33.55030381055105 0.5081934119097411 0.04970029831205268 0.4257961080461502
30 7.9710412408018225 5.593213454368269 10.9063916397552 1.9955838047717795 9.141243647387906 25.724421629677344 2.933736742740702 0.965475990622721 4.243262893402723 14.408402297407306 32.751361600985895 0.5091189581187039 0.0346532361579067 0.4280502312996478
40 7.421124485631873 5.555401885342068 11.022143558127466 2.0618878247334824 9.668188487787742 26.445518194469717 2.182640719290869 0.5726301995556369 5.7145023593792565 13.89955292330386 31.740410251804843 0.5091478295890901 0.03793871823023973 0.42745430401601514
6 7.420132266967011 5.735978640450234 10.784504397957742 2.2700521753820535 10.09331423185568 25.401714786225096 2.559826444933684 0.5794073608951729 5.573159845528344 12.87683274672821 30.735683343363306 0.5087985695677467 0.04265371730666825 0.42566786974409143
7 7.692089121076752 5.638501865957054 11.037834079376506 1.9101762947602947 9.091501245936106 25.359244425170232 3.329147751419574 1.031118968926054 4.854701889413864 14.709400043808946 31.641117822695232 0.5091897048465921 0.038718957666836126 0.4271206934577019
17 7.792261605775573 5.513703882194825 11.116886326737816 1.8932164444484874 9.123653858771316 26.123641487538052 2.6547205892011636 0.5714102759358032 5.0190799835367965 14.9500317217362 32.83409235707283 0.5085083420312035 0.043473621468260115 0.4271281557874595
32 7.917756360518943 5.572458782836098 10.801433413773031 2.1907279078573145 9.491836203301776 25.565265919636907 3.0377246689334854 0.7785095683931165 4.200036930029892 13.301629201986362 31.78377268133102 0.5084360766787089 0.046593839924835546 0.42604681245452175
42 7.487431515077991 5.882782688877947 11.336680782528026 1.725117222446336 9.054520073593036 25.807878890309755 2.906023081091872 0.6620609245553418 5.671744534202455 14.686892845520003 32.595726678474236 0.5080140824332546 0.036204267559351286 0.4287595038437992
23 7.292693016724302 5.721392422079426 10.720838478848627 2.216036347841108 9.517876533592593 25.587962886568686 2.7590838980306147 0.5443447146448046 5.932203887654178 14.480431006104743 30.863124532341907 0.5051619248657334 0.07487515863045886 0.4224904814013986
48 7.299806187785847 5.632762032288147 11.291659243970308 1.7889988451419783 8.872969741179212 25.602160803991573 3.1333518217908463 0.7111991407921475 5.92846181747289 15.236741116950348 32.855155309179324 0.5086671414092813 0.04072948441979511 0.4270331527849043
16 7.4212269625125 5.483888251304236 10.86186833338266 2.2906051632699906 9.752887543400277 25.00222692651875 2.8745777459304307 0.5970522817983213 5.739030891272506 14.497472661154319 31.040416222244406 0.5061234165014323 0.06358633943757015 0.42521339992543783
24 7.822387213321705 5.504581253277151 10.760442576643209 2.202057688935301 9.43924748854029 25.16934783408541 3.2483083417100054 1.1426750022990706 4.180090086846377 13.72046054542577 31.71939600333451 0.5058601624645895 0.07469824429459074 0.4216139208320038
49 8.045388214752448 5.533441535279269 10.540460305771159 2.434027122786594 10.041776391181044 24.89878038209351 3.0388909064538545 0.9157083520960768 3.9642418631358343 12.170973795804871 30.903169052072574 0.5093993959344291 0.031319139778007175 0.42811249709279486
53 7.771824346393755 5.474548406262704 11.038369582997616 2.048744337135638 9.276832061975858 25.350667803227 3.126765194286768 0.6731202534532693 4.3134802538654675 14.360931240083602 32.720249357263896 0.509767572576745 0.030031579586316033 0.42736474150253095
58 7.174809122094379 5.755713606696369 11.308558609497279 1.7752316497339522 9.449016058271964 25.693366347618742 2.7893777999392997 0.48617151015335736 5.7227337854738956 14.362460603625665 31.4418263244534 0.5094001852132415 0.016312913910093728 0.4288875470408556
31 7.357064923385771 5.655817725016404 10.775479590607816 2.254027622733563 9.755580498013638 25.265407827225346 3.0328234177335722 0.9531405862807492 5.200547903756959 13.279624265080685 30.743600274366212 0.5082178636313368 0.04567967987003308 0.4256970053935195
54 7.485429386409592 5.65225899938746 9.708721840078827 3.2578211453253636 10.606217458811583 23.56036168544028 3.4953745430019842 1.1905665441906301 4.84058805960904 12.64904447275717 26.69476843317747 0.5016560570872772 0.09992895313361984 0.4172336612155553
59 7.6180355806062225 5.686846614554018 10.945152031447497 2.1086532598457617 9.554426238844647 25.82417203004571 2.667857815389759 0.8334676941621274 4.20490775198724 12.393778619262973 33.286642152524614 0.5086703450567929 0.03583673074151554 0.4271210682229193
63 7.691396678374052 5.5130120512163625 10.875689576556432 2.3044497595703644 9.817689023881545 25.5098828358243 2.5828017123480635 0.91550404332434 4.559331985613882 12.744317589550848 32.297158238734596 0.5085165514149959 0.04522621427667909 0.42644022161710576
41 7.811430142026534 5.532584444494936 10.589184862510473 2.5849853023102383 10.302527444957578 24.647412682935467 2.721523791973129 0.7850394172806769 5.130798564749654 13.3882431626687 29.994310986399757 0.5063594499740675 0.06678072766138396 0.4230819834269059
64 7.836865147719899 5.768894369351256 11.213521989833614 1.9128171965468288 9.341811156572708 25.503935686954726 3.1175154334112336 1.0062794506176342 4.344713357380245 13.612306401830901 32.66019844325514 0.5095515686752482 0.02893903273161446 0.4282369185278137
128 7.596822663185225 5.736479016263574 10.818971642067849 2.287947388972281 9.646514592308385 25.689893307116062 2.679533296845212 0.5773732270234742 5.348432124034458 13.341315181381333 31.405341227806847 0.50835055791787 0.03937628614378462 0.4276363909981174
153 7.8724145136276755 5.744060748370622 10.730777924398863 2.2333858873828607 9.36621976143025 25.697850120215342 2.9160155422673744 0.9768052658657528 4.618413594174814 12.743616387087481 32.75592017089692 0.508581076371177 0.04736704499923449 0.42686797048442754
68 7.900097123878732 5.362475522256565 10.711532422516457 2.179302881979335 9.452863301429442 25.581841947131963 2.9211920032107006 0.8986632969199139 4.420346578929138 13.90844510095166 31.974363565393716 0.5082292041184487 0.04510350933130417 0.42608956914433155
73 7.686512939821707 5.453596808274075 10.77468816763154 2.4299153917118534 9.997710276125716 24.372813899751826 3.3407851543881275 0.7157091500229676 4.360595702649746 14.34721381006654 29.456138706040054 0.5067322661591226 0.06639011702004063 0.42349752234295646
188 7.772176781122797 5.654524115308675 11.088040184935478 2.0147399866017555 9.320508810399915 25.16915653462381 3.2883456852694493 0.6996695385231428 4.478150308266543 13.835728425678267 32.61057902711499 0.5089559730867993 0.03798309495874936 0.42777018234985603
8 7.8012008412384235 5.302689188371137 10.396439767499187 2.6494777375273 9.78688488264717 25.11920966038044 2.9991769258182495 0.7628238897355851 4.134697026524542 12.968087146081661 31.742420908367542 0.5061031774370869 0.06575197909603359 0.42399705976559393
9 7.778695798011226 5.519462420022366 10.695129859136996 2.278979230994719 9.515094558440968 25.515615683048786 2.838852540673053 0.5772724661181793 4.7248216329358845 13.84246546156554 31.903348866345333 0.5092257388337913 0.04067848263867925 0.42642219961112754
10 7.523932485552944 5.799025653422528 10.88537828047831 1.9928493918100318 9.008721253035343 26.261107845661567 2.7751014301979966 0.9197923671235034 5.466961230353229 13.930614670749872 32.48563058794808 0.5090364964966397 0.03978420956214002 0.426822784305721
19 7.68898684114958 5.763789149872962 10.972895276798024 1.9489990299891014 9.005869113209984 25.864304924173858 2.876716415902873 0.6946648068884312 5.644116756993897 14.951867467183527 32.504875721111205 0.506476230387388 0.061230245585339405 0.4246817901692986
34 7.3871794704754015 5.787110961333174 10.791347889017704 2.3210652985006752 10.024497515634424 24.68187222249121 3.1262657921448684 0.8078876365775624 4.383544794497184 12.593514764352994 31.00057523876853 0.5077579913591765 0.05434453906527132 0.42616637023261816
44 7.27862578823182 5.7903538529176455 10.624713955787623 2.5535158070404296 9.954205589671258 25.07565141422395 2.748097699140381 0.5458032623777881 5.586681318947741 12.961558450436172 30.847046643224484 0.5067034266360574 0.06560724245115666 0.42381575520925246
18 7.775623788941095 5.6242812274891785 10.855593304666137 2.162429567317025 9.743999223569194 24.91138263749834 3.200224350712069 0.7913309414446346 4.677588523096562 13.06407709612927 31.51850821152194 0.508478720507976 0.04720706617281472 0.4262261667850032
20 7.7512080379168555 5.813704845144131 11.028297438129762 1.9853950263857805 9.016953854276062 26.029271843170008 2.7409313412501426 0.4548313435863378 6.427501943146685 15.245274978121474 32.18610888427552 0.5090654115826869 0.03496709139105565 0.4270773881899288
25 7.795460010385304 5.61056525783263 11.082053321661082 1.9031600001131648 8.81359475567711 26.445362678346886 2.693583234595086 0.6416051949391883 5.45182189840632 14.64238795945506 33.68385792932063 0.5102134973967762 0.01389841015965852 0.4284401044878983
50 7.509721875180574 5.945808496141334 10.911106752457414 2.04792313472468 9.094435634311685 25.750202172987876 2.9983798974812794 0.6440031040735897 5.5812703603313025 13.835144271720882 32.75303817628032 0.5095712310366972 0.028664173711594267 0.42811666869250303
33 7.89840057575023 5.454564266314132 11.070135335293584 1.9450669688185724 9.26828194904009 25.366603420036608 3.167604489805369 1.0162879292999192 4.877175872128703 14.427853704157345 32.25856478181919 0.5078037212348975 0.04362410522817966 0.4266721008394396
35 8.022963408663749 5.267223226306259 11.131255249073241 1.7904335259018838 8.320987369550302 27.059245092100966 2.559732239516927 0.7242463274829729 5.717276150277154 16.086755648394924 34.51055577510259 0.5086993146567178 0.04534742516111133 0.42622004378223843
55 7.229711320511727 5.968405531743303 10.72371487334657 2.2438812453563597 9.692759586488314 25.772727228034018 2.5995531878628957 0.5694954672188043 5.909796874940441 12.709303378892477 31.277892552641255 0.5075357092311303 0.052723372601987326 0.42512862667354384
60 7.520996532616291 5.591984465923128 10.66939820802611 2.362199850070446 9.613936755596054 24.89204208199453 3.248870523392349 0.3864311353515026 5.739682151026989 14.662615235465706 29.95691447341369 0.5073807872690236 0.05821729827568853 0.42509823389196366
43 7.625468956483992 5.564773362355375 10.93511546925271 2.183356576309038 9.352363672371688 25.639361760147857 2.845309849322061 0.669441733404353 5.329978100924199 13.91695020313127 32.160450572627425 0.5088473220346652 0.0400509027233269 0.42709935656400827
45 7.707495186798251 5.60121924751704 11.51934850444374 1.5176448576865387 8.076632138876228 27.180147584072515 2.588566865382001 0.662392308180652 6.28445576066665 16.0579740548749 35.43661678583923 0.5084709027800896 0.040942937037939255 0.42705571574961193
65 7.617072896480512 5.748766412434404 11.145001578592892 1.877846153594807 9.154232620145946 26.42694473953553 2.5059703937544255 0.4647704397635901 5.859181886393302 14.235141377318806 32.83370052060046 0.5099266919220417 0.01640937798850213 0.428697621983971
129 7.455663977779232 5.79301610369036 10.76500430755138 2.208017502041179 9.285210870792689 25.379590543088362 3.166668284642716 0.9130838601626331 4.366748216040596 12.82328794459974 32.605076483383506 0.508878059108371 0.03656331527022236 0.4275093689610291
130 7.720005175511883 5.641200525810329 11.246763459997524 1.8851072610854993 8.873578390133071 26.62390462645929 2.4080021002259184 0.5390889721262251 5.575233063045765 14.803104690450674 33.925910288685806 0.5097579571156188 0.024758523953410137 0.42780695488259973
154 7.690853096940154 5.625835698121287 11.111492135327023 2.0695860293463517 9.474862723572866 24.856413966601867 3.38806408073733 1.0729149883092577 3.9494509062920944 13.31411788409213 32.5258175853549 0.508834392086563 0.034998763660957076 0.4280260926891848
155 8.136775180881553 5.538833743688478 11.296752796828994 1.9005724095808478 9.405634728238365 25.689055060810638 2.7839016023241716 0.3240988750716193 5.780212250945915 15.507454168399901 31.45680710553002 0.5102537506811555 0.016446410110396506 0.4286448385184169
69 7.523858453835879 5.864518597484731 11.053637720324556 1.9713686928830452 9.296833837832851 26.34194573533811 2.433614874639073 0.7681613900711498 5.424213563168232 13.246496004778995 32.904963840635126 0.5089380266576202 0.03160223115808694 0.42796675403923606
70 7.711953178705657 5.718609748557646 11.15203508652291 1.8841941052276059 8.836697512199617 26.254247837698653 2.774641619568744 0.6238191089953394 6.257617780129238 15.234751255721203 32.87354892916836 0.5081864682982414 0.041680264794969175 0.42606484604826733
190 7.459240259200394 5.784583901912638 11.267900075114257 1.8610013103245682 9.517513338520724 25.53715828203344 2.9617170011031577 0.8542827728142537 4.683037812689373 13.516105860847901 31.800469218004178 0.5077587996066439 0.052930539717848286 0.42589649396492485
74 7.478076625666121 5.643324762706168 11.121114961467326 2.0092213155902194 9.359735539108355 26.13615766535621 2.4819261908883496 0.5360823014838821 5.389034276689435 13.764394267386539 32.84910936680343 0.5097604974637098 0.026550081372214908 0.42806978001847673
189 7.129746168535691 5.852968216881732 11.105152323578146 1.8863847691309363 8.884721493698743 26.990434535386726 2.274266076170286 0.5014334954991947 6.040290460105978 13.542667837670475 34.24046676588457 0.5097530931460788 0.0242034957322992 0.42821633688894967
75 7.500220688539082 5.632373130374879 10.936604432474375 2.021584647842647 8.90643943435067 26.500854210038973 2.585160573484415 0.8120700680723185 5.731660344206158 14.173508176327175 33.30001417692745 0.5072103464486432 0.05834840470601389 0.4248370699583776
76 7.582812366570068 5.687457571879618 10.612798109269509 2.352399726975341 9.902230124848806 24.981388687569073 3.1909505458813094 0.810191907650792 4.394283194844491 12.272347625014184 30.579310407740255 0.5084791602261394 0.03799637119181799 0.42727506795452513
77 7.6809007080503555 5.751518845750486 11.101611304540386 1.9697257162974058 9.369032595937218 25.3402672084441 3.343587320536712 0.6678580045814217 5.155094438048358 14.309341040857337 30.825640786939566 0.508332351658478 0.043322966785566755 0.42737392030508614
78 7.626095381969174 5.785940929377684 10.86499153298607 2.244688246162423 9.635554728864937 25.308805340439307 2.9171806397293643 0.5885218259811259 5.084885584390493 13.365145238886496 31.771675924616932 0.507946102765922 0.051743978324612666 0.42599446984273787
86 7.246636887153595 5.808973439393978 10.847514216266962 2.283077865700481 9.500421810438375 24.909051480873618 3.220160367462366 0.7610452058364781 5.29455763384907 13.430469768779723 31.242077246355667 0.5071818871801644 0.0579890263799198 0.42535232367561465
88 7.381540156781311 5.870962861658408 11.141426485679249 2.058262974597338 9.517046463870127 25.690047241460725 2.6375688099526577 0.6832212665351696 5.664260345763132 13.359569528999447 32.3952698003829 0.5080412663923639 0.0486481190062009 0.42696843138719803
79 7.620890394497205 5.590397142986563 10.891108708338574 2.08832852952275 9.340553579951283 26.056024024955015 2.64475466845889 0.6271858247976978 4.797830121314309 13.4933063179803 32.981296504608075 0.5085695082798186 0.03634585713413374 0.4273427525148533
227 7.422003925550813 5.769915025271068 10.958437267844458 2.0520687390867125 9.311764323379656 25.646769969178454 2.8491437612311277 0.7127895719832342 4.734761906209572 13.193170260830994 33.08057293348 0.507701479074578 0.0421889931454222 0.4266117024521467
226 7.673604543666137 5.711716522024104 10.752385840159372 2.2441185069556204 9.86718639417444 25.470768743563188 2.6618086867749065 0.3899249330861718 5.479780608732254 13.60786974274837 30.71077765802143 0.5087088300609999 0.045277506935507396 0.4265193214705261
87 7.485111772137759 5.852020393397933 11.116577640177866 1.8396777432004436 8.803157969484646 26.30403366720651 2.7541358531858684 0.36549754081584446 6.604986209796786 15.309121744372197 32.6337813510756 0.5094065834287352 0.02746506657084744 0.4281255803985503
96 7.452353063559746 5.662696007440813 10.967943413488825 2.0868825449187263 9.384227596247092 25.718195976864724 2.8066616736100327 0.710918329152166 4.971161388077984 13.501720641468957 32.60579894235426 0.5090421108802167 0.029675137947021722 0.4277371148780591
97 7.60179304211185 5.777369019933875 11.377136057676038 1.7222171598039788 8.854774512565706 26.611231343809887 2.5543513091380348 0.41589872430858504 6.240675058905041 15.134157934355141 33.303146126969345 0.5097159058341839 0.022191767913625555 0.4277035738917161
89 7.477362216501157 5.9256615193629525 11.154183238210546 2.035137787470552 10.005620041067658 26.052447348716278 2.250853514872275 0.7392497861411077 4.9622582311156105 11.694335153960662 32.30498118338917 0.5096589849276401 0.03396613234688193 0.4274692820247921
202 7.2565549014172195 5.803217868144426 10.783430458812422 2.2847403813792355 9.93519720536845 25.324403960193784 2.7577511357871503 0.5020186308268415 5.467239183241734 12.920710180022148 30.891136273056635 0.5078417359454432 0.05427742731197864 0.42610836019999565
201 7.608231522422719 5.672531032800619 10.852795485525908 2.1589165086229007 9.593616130063534 25.328425253466403 3.1782625821299635 0.9688411525858208 4.1124324199371225 12.971539025001436 31.620462219923915 0.5094280934314164 0.037376310271107584 0.42701356156401304
101 7.50972555972393 5.599906389550486 11.059879891502396 1.913929580828257 8.496538546275044 26.48321764597042 2.929718884031718 0.8629212795052255 4.900782620566774 14.269008442750916 34.760336565217045 0.5079583749507598 0.04832939906220169 0.4259630248867434
102 7.4164985249921855 5.675897740598253 10.779396180372801 2.3151490121251914 9.617541832989371 25.365792581696052 2.8801314731299263 0.7854811345832001 5.499888052199354 13.222230100211384 31.867184690479686 0.5082764283101943 0.04709618642126066 0.4263522738932791
103 7.5538707115786865 5.644817852644897 11.305180040261238 1.7385388876298977 8.639804025269434 26.38608094554695 2.887633819000271 0.7507654663235378 4.715634601529218 14.374837888959805 34.494029181803256 0.5100959204184384 0.018874831773377097 0.4279732886035517
111 7.765798163223457 5.7153614765682 11.153404208273196 1.781440020814814 8.538487908606625 26.02354850475805 3.177303060188208 0.6549367152596617 5.73761495823464 15.83201298014678 33.12328712657052 0.5084187463565545 0.04223095446637038 0.4267874874876358
113 7.896472652938918 5.579357220143925 10.932881292818971 2.1268428125390146 9.360126292634696 25.763698045174156 2.7546665499788294 0.5949898336092927 4.934348491749188 14.305604147676672 32.167937926908984 0.5087549174773065 0.04120427750868396 0.4275622446583969
104 7.45730360691043 5.683968449003973 10.852138572608961 2.1300653320385727 9.51657706991489 25.575905902037114 2.842059875883611 0.9484589825268774 4.163590523647697 12.540003018217465 32.946902761684775 0.5093569573478474 0.03414617104689055 0.4276080220971847
112 7.434765746174492 5.957426041189812 10.894567492754943 2.121152444394073 9.445059568594464 25.57196102376564 2.9832946522744517 0.8563267658836183 5.262272897912473 12.681110265759731 32.158597460151626 0.5088039037422674 0.040922567379022785 0.4271473393174205
121 7.925285780577803 5.4974398431232245 11.033090888351419 2.0857929045965813 9.487529959117477 25.691147139993472 2.8252514665485755 0.6828895347569425 4.434185296836728 13.632514451557396 32.692239502164654 0.5096276823372244 0.02352305837803825 0.42824870138624554
122 7.5727307505412815 5.901993633784074 11.42495696114625 1.6069691442554062 8.578934539738546 26.731478715555113 2.6457735431901748 0.6468528338725009 6.076143217615073 15.123518197191384 33.69013818396507 0.5095544339100118 0.02896163813731078 0.4281413005261443
114 7.8910893458099824 5.613448547760387 10.7393702198389 2.3528719509998237 10.504739419845631 23.993747834904624 3.5242052948864173 0.7901097691676534 4.195845700649693 13.130221035565281 28.468696856154573 0.5088627488239775 0.03915305604301981 0.4271054649075746
80 7.520159328675238 5.7761503948238575 10.890286673321851 2.1245902597069355 9.419540712587914 25.6679079326024 2.8582994616072535 0.5526091139377307 5.380655269029581 13.76352615887758 32.03977188656046 0.5069590883681182 0.060306489105586274 0.42525158950078995
90 7.282084574152592 5.634357514508764 11.009602678125697 2.1703869376949445 9.84780995871926 25.62310910925285 2.5533741662771954 0.9127628753106223 5.059099032155486 12.957482495401354 31.547637843608793 0.5070782919409674 0.05165310663980703 0.42579858207503185
228 7.098517712170589 5.877178984000665 11.10444525698102 1.9323763103867195 9.220889868453165 25.894038398612516 2.804439745951905 0.6651424812843059 5.502260013860279 13.247515620174996 32.683219683251444 0.5095170083615663 0.022974098125460665 0.4283962212776682
81 7.4244809372762965 5.706453451260104 11.063075905570448 1.9615969894999812 9.302671804464294 25.29803034559868 3.2299018226838854 0.6694344431481258 5.622035010406546 15.061145649651449 30.564183121087616 0.5064897890024886 0.06674466890099152 0.4240675278149634
82 7.663683046719322 5.721532202890411 11.029213438727137 1.9722760966414492 9.329988848408092 25.482380885301673 3.0220293770076974 0.45066790905644616 6.177443640943221 14.768815118322287 31.332398626451514 0.508661112266684 0.04743903475849119 0.42615710455383726
92 7.337023051571133 5.7400751693737675 11.11990932850832 2.045474548928249 9.554944247714523 25.650943742606632 2.772318538452846 0.9210434683707787 4.093512687064623 12.406214466629024 33.04754579311547 0.5092094584525173 0.03457011141523072 0.42750163965811894
98 7.756060107927984 5.528553925109506 11.370820686663624 1.830387750228068 9.308384779759681 25.77026551930478 2.7827381870692087 0.6993196243929661 4.593738306434721 14.456673983708596 32.91666730084886 0.5096392166510376 0.028782654592186856 0.4280566364629461
203 7.23983138441322 5.63215391811801 10.878835601981226 2.208771863482975 9.731975321197629 24.799329775766697 3.1991393731155675 0.6183160936332229 5.328533005820934 13.662249833732725 30.83885834277381 0.5066541947865155 0.06140183737918037 0.4251111240899602
91 7.69085922068058 5.563986975907134 11.0001323030497 2.2630612781378465 10.261199715258755 24.901250846976616 2.760759397262427 0.9223386019594331 4.090892312176279 12.53382069936506 31.285382423612493 0.5078743964100161 0.04037916522841485 0.42626489154647934
99 7.4944833529070864 5.697193553470488 11.279724009888549 1.767376972571576 8.970298829161633 26.762520819523 2.3776670411270513 0.3379255484041242 6.437516937529888 15.072223584387412 32.72319784592403 0.5098059571151993 0.02514414991781706 0.4284435650691754
105 7.489172068809886 5.804163462762082 10.993385628819016 2.0143366052062297 9.415308572877663 26.069274914194082 2.551364989038534 0.3364257208119069 6.396984683622572 14.483900787390002 31.35814550758106 0.5096333865785128 0.028548481026744798 0.42833706751491296
115 7.677749897681971 5.550414893527881 11.350496285307603 1.882278503002307 9.828102974859876 24.965290510256658 3.156708522348111 1.064210940632069 3.6198623781926402 13.266906436007922 31.417346841684406 0.5090112049427263 0.04134967057024737 0.42685519058699845
106 7.441931293347615 5.643397518912116 10.609808536013755 2.523603507704547 10.182169341295648 25.395881206738032 2.6888246610794777 0.8852159013192813 4.558020831227044 12.123630809954452 30.46563051937286 0.508070495901724 0.05419634541320382 0.4250340682207233
107 7.478735759352757 5.785119657095107 11.111448250058402 1.925766953816094 9.091241883590504 26.7825214959932 2.3390822675106637 0.8128564945404202 5.472456266995868 13.319992189239892 33.9271307943657 0.5089689906948416 0.03334613850849373 0.4270568800104996
117 7.871063824674336 5.5689201500397205 11.1087008614751 2.002490292914707 9.48663741824546 25.615345782261688 2.795589489402852 0.7112268856803959 4.459720062071224 14.006838780989746 32.34843158482207 0.5093846544739007 0.02893032909005832 0.4273875339250411
123 8.052989453888268 5.428194753955593 10.718717048952865 2.18073594368877 9.485153413393114 26.11200998319806 2.502088439361383 1.0266292406211472 4.083968878376423 13.250275795355208 32.900242916241496 0.5083139808614033 0.04721217150613242 0.425900283292012
116 7.537386229834315 5.65912343422948 11.091656162961643 2.1763647866742852 10.436311384845391 24.35149132938153 3.132582731176937 0.8678691847008833 3.663190224002382 12.18863115361708 30.26231734736491 0.509685932805774 0.02586752635612136 0.4279473472215925
124 7.425992869185987 5.8517092492717975 11.1284709378922 1.7444457568498786 8.920381613388159 25.97329666497529 2.975391727473959 0.8725943198723768 5.861425504509763 15.184622160315742 31.572395893851837 0.5082246129535097 0.05012280869590176 0.42541989268636604
229 7.555172141817404 5.8282488492113105 10.878778652979943 2.217335823013523 9.655060763634843 25.572557961780817 2.774484658079342 0.5497171092039774 5.189307156146592 13.039463352930852 32.015215525393636 0.5088784077848909 0.034648776646228126 0.42675673197823705
230 7.4191565802588375 5.760249681737003 10.85864039478289 2.1847780778971413 9.735014762034004 24.968226906634115 3.1934629877936076 0.7553574277895568 4.948724676823685 13.75902332724027 30.526114969743556 0.5073570170803468 0.057491736333280016 0.42541440653371304
83 7.799386198720069 5.697685773612616 10.941041570275411 2.2365357475749934 10.03206122583171 25.22366927620929 2.797996807956034 0.45590725594566794 5.311327165133782 13.506867737440976 30.61945028774277 0.5094315768753185 0.027999536144089017 0.42814853099785805
84 7.553128386976381 5.68633867012941 10.820979406695052 2.165336474531771 9.5483814932022 25.51191650053436 2.9701908172521856 0.4901153513246376 5.332999907758835 14.05928338676063 30.620701634615294 0.5091813763735785 0.03435027382198263 0.42776752330611506
85 7.700015910294503 5.740332209906016 11.019027684308897 2.0514349073151226 9.542520279219648 25.17982070579374 3.187472304723397 0.5486718766568034 5.043863425366769 13.746356121840579 31.164016284881114 0.5098062344485429 0.020704407556021626 0.4281592196485722
94 7.73564446620196 5.698420770450976 11.026755972193708 2.1642514288764625 9.342095436259948 25.405763786478783 2.9955672150529877 0.9181740715834708 4.027262270937077 13.325042921439321 33.241544285007954 0.508593197990732 0.03608248351062444 0.4279996526786244
205 8.026450852186796 5.455638097382759 11.075325299705867 2.0529512342765255 9.886223704184218 25.013406238123892 3.112826818581293 0.7262717166359274 3.8414111832957447 13.425950521157251 31.344393109217513 0.5098605277295882 0.02863442219121288 0.42723539655937187
204 7.4782544928883405 5.650210809351699 10.88144914431114 2.0741120681386795 9.694805268572823 25.742113088075573 2.5061858185971544 0.5956523867060886 6.276841026648352 14.003600397601046 30.966466904599535 0.5074546662959657 0.05573115191387219 0.4255994385808406
93 7.5879463534680545 5.784833469674173 11.21924970616035 1.9884902110797802 9.810721100400317 25.16254976348367 3.0291052810765944 0.8700717284724762 4.578393272668606 12.627554100715754 31.717793369466488 0.5089990814667418 0.03782024027789899 0.42706710666839137
95 7.670275113958697 5.526961128362519 10.870252346542435 2.212788806071366 9.58956339371014 25.0642287028968 3.2553958101191767 0.8660431773036021 3.8190894904320016 12.754622487174352 32.28527491131111 0.5081153832966065 0.047185244910861866 0.4267870450123843
100 7.739990578701947 5.780543525481352 11.303560215905971 1.9480545641490319 9.833420428453705 25.43940288638121 2.6640396848213967 0.5714017707240819 5.228483217071981 13.989466343280439 31.17245422995326 0.508690983393245 0.0383944594649156 0.42782815669539487
108 7.011317908200036 5.933870270355177 10.857806679507075 2.1476679596404 9.551458638863284 25.11295075605302 3.1754579462352908 0.9507441508096315 5.562559679363482 13.374898281703269 30.811865990612205 0.507602225372113 0.055596154064422115 0.4246566304699967
109 7.4701583138454 5.748568908722822 10.884395095926486 1.9785040357268753 9.122778893061705 26.065650532234113 2.6323930584420023 0.5897748502989688 6.104554246994882 14.775877238333118 32.13118819152491 0.5065422844144237 0.06690250085674297 0.423413540737139
110 7.304764864668954 5.896760882079008 10.789498416570439 2.237093177946462 9.694357501382454 26.281832586729738 2.217442113308573 0.31029128361226155 6.659857440181119 12.803639003610655 31.692812585641274 0.508807157311235 0.041371541801964735 0.4266793653934455
119 7.726488863825748 5.787121293412028 11.091156583497572 1.9395823177733735 9.049281848063183 26.22500798565226 2.659267860242647 0.5666708159430075 5.786890116811004 14.650467919030419 32.49056757685701 0.50856696271772 0.04737983453296547 0.4257244545344004
118 7.4640602949571555 5.697677815935668 10.699641396069204 2.3505485766491687 9.920476967542147 25.029490746279528 3.0507364209795766 0.542316320686332 4.866230603934603 12.651645668097181 31.06815399945284 0.5088390229395479 0.03983238960129316 0.4269094414886185
120 7.349019107854363 5.872063225953476 10.699284976988922 2.255134781908547 9.389532429660436 25.610709756032552 2.9199727137397424 0.6924846428776605 5.4985455448069125 13.044225589877609 32.09005868721276 0.509570268977526 0.02847103774249127 0.42844227187519507
125 7.734080370272832 5.7098085860073216 10.993822294439417 1.9860249189443613 9.160482959406503 26.338848373861754 2.534982902422982 0.692364472328581 4.840577193343106 13.531501004634322 33.47987033807744 0.5095809731856826 0.025321380134004163 0.4280920589839263
131 7.220529209108954 5.65188708601145 11.12917458188237 1.8966642057949499 8.825280255782205 26.440513314050683 2.6655563374898037 0.6533125456989523 5.333267704811804 14.409353172528213 33.868363004984104 0.5094175954201937 0.030113500811185627 0.42775885723264445
132 7.921853972747692 5.336994292899258 11.341484816086902 1.8647389451373229 9.44596453446169 25.757440624294652 2.6958204594763355 0.41054144256232716 5.109892449705602 15.199103300838978 32.14505392585041 0.5094728313725578 0.03207321140298261 0.42807646760194
133 7.753048896795205 5.536176523871249 10.986409821269739 2.1313030002086855 9.80273921320459 25.43073470085547 2.7355393283763383 0.6296432486453866 4.584866220515916 13.099815151481163 32.01086541074922 0.5085727009159537 0.03645436777168744 0.42709466227740195
156 7.233819443708963 5.8922489977252255 11.091709913977086 2.0197750511235117 9.719480373373683 25.714490549256446 2.613914210810911 0.6345221543367584 5.087680786399507 12.26477280769768 32.50479144058617 0.5094900976781458 0.03128171556023415 0.42828915283758523
158 7.609465391359854 5.798815819195289 11.183777307308834 1.920013412696862 9.632445001025072 25.379866171273314 2.8813140183483004 0.6306393813144106 5.665844013014367 14.255632860932723 31.17034236969795 0.5078364121301284 0.047208355711833475 0.42670405967307024
134 7.92584126210061 5.535381442157768 11.108092455534186 1.951747615379514 9.14371432361961 25.559323865003922 3.1014960954095265 0.9972017803967951 4.067803036897422 13.953120473549196 33.412774436871956 0.5095787144984166 0.031625040500859104 0.4277504218831108
141 7.591248686605806 5.640497787874477 11.039955159814564 2.1828835602425514 9.858882677888632 24.99400165896646 3.023814352291612 0.5550754787788396 4.708811108173655 13.820908679913957 30.735291417792162 0.5079235408353623 0.04981488841928835 0.42687163337071754
142 7.422481812967267 5.786338771098673 11.346164507745302 1.7638303593850246 8.821817002003682 26.404983778991934 2.620158000666937 1.032150731844655 4.686041484104701 13.70823685601843 34.81583235139656 0.508313451451822 0.04727456728747271 0.42666737253168285
143 7.504240449717491 5.713891356243555 11.257833091773097 1.948983773935871 9.657528503366663 25.117583488313457 3.120596480836432 0.893016115786217 4.0650930885669005 12.83869202928437 32.37891080985909 0.5094672021613447 0.02601891329173518 0.4281382601034204
166 7.634137711106853 5.674628103406647 11.003749943707875 2.2252236969979085 10.414654014449608 24.76635658290342 2.8840067567275285 0.7584893187062838 3.6769616513639667 11.656752973885306 31.18008169269707 0.5098659505937281 0.02518767929487321 0.42804932986844596
168 7.5573327452682895 5.686076174963404 11.05691628542818 2.081614513286164 9.79402167320351 25.486780948458527 2.6365326418350317 0.5734366581778828 5.398470782979627 13.59814951150169 31.71013647983592 0.5092096680821906 0.03412305558031728 0.4274450661705753
144 7.601509149517382 5.522639352054407 10.618025398052625 2.267194106977916 9.29197998408397 25.65435515351606 3.0555982320614 0.6507855487735846 4.985319665764618 13.616808799713322 31.981905646863105 0.5081178695223959 0.05045035445228891 0.42554148234715566
157 7.809528489810414 5.601192864807022 11.231837704377428 1.8609850247580308 9.240889674413769 26.635206996005973 2.269946948235336 0.658697555854057 5.43432309761385 14.407946915767912 33.09190117609748 0.5096224792322095 0.02852479318203222 0.4281078362276072
176 7.737907023874743 5.6029700769185 10.822633755195335 2.355582681033752 10.264082540960054 24.62422613667516 3.04972013765128 1.03306353233571 3.742481499591936 12.03422036265917 30.87040720251944 0.5092115715582299 0.03472379381701603 0.4276707967863509
177 7.620981985921251 5.673377645420413 11.333980543398992 1.7970044252586357 9.129658793991998 25.72441124561937 2.9364339227322387 0.5251570150585199 5.712115425310856 15.35475769309968 32.275747438287475 0.5095614811165528 0.032835073934876544 0.42820595976655645
169 7.592008791120751 5.621773900857542 10.95466264308636 2.287189829032588 10.128705052455215 24.82489781406138 2.971547614882944 0.9577108157201729 4.914534782860466 12.972618637661753 30.511772953864796 0.5078398426496838 0.055390276500500324 0.42527106361196515
159 7.469719512060184 5.642390197750156 10.953711417479992 1.9763054894898058 8.836489606244726 26.35316813897671 2.727732286296422 0.6966284834427141 5.59398593744265 14.121489609480054 33.72373907372724 0.5101179782724952 0.015566156851482498 0.4286456976622695
182 7.2550314819176185 5.622711953191775 10.9454779817589 2.0184284775285937 9.201280600600532 26.008556836225416 2.8681644679196294 0.5774541459562089 5.311448593286428 13.663831105291361 32.415635492161385 0.5090697938173182 0.03860886232230234 0.42762501819984555
181 7.478332556162597 5.619555094500802 10.659902279000656 2.4550749983774236 10.219912950802298 24.824952097696332 3.0337625641026893 0.7729939343191929 4.3274352328790515 12.496582933976267 30.171735896525334 0.5081399769493558 0.05291983252572528 0.4249365398513428
167 7.703677405406627 5.8273415559223904 11.461762457850655 1.5798932562015147 8.726360780040531 26.779688869072135 2.494817650901805 0.6637037299169446 5.915917382736458 15.402106071333195 33.18359776142326 0.5094339141424441 0.03063717449212323 0.42764210616049764
191 7.60706594342518 5.524125308653764 11.26498783915176 1.9377971466274126 9.51835811104516 25.243113601241816 3.0405386177575626 0.6681037914775323 5.05358599011608 14.39084747139131 31.904918271935962 0.5082204578244335 0.0511925844432021 0.4260971985608906
192 7.42989799124574 5.51592062954993 10.7445556678417 2.2428500179499675 9.10319919226609 25.68157119176077 2.974585824721262 0.8673267343361448 5.039714727566815 13.872669215126638 33.24078632788585 0.5092761738026852 0.03538867973722469 0.42740966171251193
196 7.90866697719998 5.589440101102943 11.049211302595548 2.0935515856824596 9.32461636407437 25.785362983902754 2.72654670204155 0.6270825134329616 5.258102561173718 14.510583354215932 32.4298316326343 0.5078936658238266 0.046365980613511146 0.426412837530498
197 7.612737755089401 5.725822477887518 11.08204808603245 1.9386386213682358 9.091458097040611 25.707794336061603 2.9948109357619934 0.8192811683237279 5.150533501640807 14.132728400586391 32.98063507374291 0.5095118275679525 0.03117661313087408 0.4279370558659538
135 7.581371838746785 5.767590808310684 10.728535948064145 2.1449592968255806 9.553083635761174 25.470637193309475 2.952775109121626 0.6423384627308031 5.5806726157906565 13.45234577048564 31.41088955247988 0.508778306191937 0.047665846646291206 0.4246492308249982
160 7.617191940895334 5.657867878251213 10.342999596124043 2.6074676293287404 9.588544187674934 25.53156689202937 2.789235888957731 0.7109102643980185 5.418001233539196 12.943647657122765 31.800493971557636 0.5044682118195064 0.07941950484893327 0.42217727779702147
184 7.36686485004799 5.920337049838383 11.137930965787035 1.7327100088557617 8.075344718175428 27.333409289004315 2.6069827443007165 0.5632838249408726 6.662768146546215 15.025829110037181 35.096788003805045 0.5094538606755431 0.02828351412092995 0.42697528888147107
136 7.680308651203803 5.870571338531753 10.870637464174314 2.0432171602806357 8.86827634398654 26.07050309718256 2.9041533583416737 0.43209631314525593 6.718368959573279 15.398420861483837 31.687494366851105 0.5072265513454342 0.05351046197349295 0.42653863831634115
137 7.5495759260155095 5.620701228990925 11.079504158763882 2.0641640918866 9.250038994010454 25.368068204616403 3.1111988548386478 0.6236263538402559 5.838619645086015 14.404026045076836 31.949405886665474 0.5073224995746202 0.060061955407159924 0.42432591308599904
162 7.565981061900913 5.714407299698125 10.885540172151941 1.992284880736562 8.37385956813931 26.38055271630379 3.0277910171607036 0.7415750505409844 5.1753756884770725 14.272104135485295 35.026952641280346 0.5082672223161797 0.04658493493924853 0.42633421873726457
171 7.422699326121226 5.655966337679381 10.76388886471192 2.232596820614668 9.298207073538856 25.92739212766501 2.7312678581092555 0.6883142205100714 5.651687672692335 12.992799034415924 32.84658573298287 0.5077791319852654 0.04666107166657541 0.4265427988917308
145 7.26907894151633 5.79956475862396 10.515329258593491 2.2888956789336685 8.906145946739374 26.19756394016225 2.9113676597242697 0.8304966464758007 4.986416480279765 12.466625289316395 33.87358056251795 0.5081941076590751 0.050320988703728795 0.4261987263462204
170 7.7055253201692615 5.7439152742411865 10.981904667783171 2.0821236995324712 9.250983350984317 25.34940144096578 3.2621056898975973 0.6427744580419673 5.247076537588976 14.342944621814057 31.456773315015255 0.5089283697598254 0.03503554731789203 0.4276580839274949
146 7.508582679099051 5.988765702473201 10.666263273745312 2.2906183139547545 9.646917117834457 25.90092293282106 2.6616646554690377 0.6923581971669885 5.135023058841002 11.81398003698558 32.02709065827639 0.5083739433874532 0.04452031098337773 0.4270404638005048
147 7.760243899467198 5.746861550450856 10.550942926040834 2.38819831531221 9.606708226286782 25.469512785539063 2.863435184413937 0.5608663266390774 5.658662788004482 13.2683215066188 31.48413473271748 0.5097151358518095 0.024687957643032853 0.42830809162194516
172 7.442421880037628 5.827573181856695 11.06379484422371 1.851737245636478 8.45500717421748 26.34381910631601 2.952196496547606 0.47032263540063585 6.668306361995962 15.499661558158067 33.38389929114082 0.5095783846970783 0.03157676356107934 0.427575911935305
183 7.879973335009343 5.703274233754023 10.739290561815716 2.0959054416966434 8.922705417011654 25.921172123879927 2.9806160362512317 0.8674823755380986 4.967302724119511 14.099134533633093 33.10941190383174 0.5095063850766532 0.01722519680187831 0.42852262943754893
178 7.759262085340134 5.697561821615291 10.958805697497608 2.1007532491319556 9.220952894701423 25.36588289146797 3.163358585174928 0.7285288432704037 4.966479635207745 14.05732831391344 32.339157341513406 0.5096052782297564 0.030809438814993075 0.4279926710577671
161 7.554266331249493 5.826798105673793 10.914313780272352 2.0627249002709394 8.710401543066178 26.38352446611737 2.681996449001063 0.5453538736670158 6.777846243215372 14.8076157936935 33.374246569461455 0.508255470107472 0.04531147226479976 0.42680694185341994
179 7.8691643633342 5.568908352899106 10.685455236675994 2.13537116808838 9.436589372029463 25.5721494812923 2.9744914582506556 0.5436420402360966 6.32117855104891 14.816138391871327 30.44061663801632 0.5088842120896535 0.0442622533226649 0.4262909997124648
193 7.965500438611171 5.9077679678373265 10.785370748090797 2.2554958216870835 9.936656819581966 24.53741776573205 3.420300927636153 0.7661784685253923 5.197569224424075 13.410485665144122 29.327943315173343 0.5079673552917106 0.0533041098160806 0.42516510047078154
198 7.767753567366276 5.727885956079446 10.640618610727397 2.371372161704459 9.455489729370575 25.11291602990602 3.1161014280139585 0.7951306173013821 4.937020222108853 13.598897519613828 31.761731156999307 0.5077220001441878 0.05282822441487754 0.42537725704527685
185 7.447799625123699 5.708429543239395 11.058008801969406 2.0331525065610156 9.650776934205272 25.544168573462905 2.832206445447197 0.7393891677357346 5.448538013777979 14.108103328524289 30.830485103113308 0.5094509279942777 0.033879569291090074 0.4266795128444772
175 7.929720463980375 5.380991327440746 11.070102977390226 1.943432472418213 8.895491942287384 26.453646473456498 2.585807757395436 0.7719773200845795 4.647666601614735 14.997616100813637 33.641210265878755 0.508576651177588 0.042799735064574455 0.42690011017275176
173 7.758530376686204 5.64495306847076 11.281018367344519 1.842109020746098 9.182477710227117 25.654183050255913 3.0268503816733285 0.5833025597662039 5.398152261829136 14.804462321150508 32.07558448010376 0.5092225430718791 0.020093681659835765 0.4287270009093159
138 7.753018612182989 5.7309488432690046 11.191431374609946 1.851274872511077 8.886092732866377 25.972259047732667 2.9121158088161816 0.4695066685842838 5.76757956288851 14.98462552382077 33.09320868706294 0.5092183403537917 0.029234162285970255 0.42769788318842683
139 7.598624823650986 5.768230813609495 10.997637275817182 2.1971937852832886 9.937969703100343 25.23902470145525 2.7174965302768026 0.4465482347776562 5.840186264615618 14.117011407093207 29.99973753565945 0.5084066396751198 0.04466081050003188 0.42621372770861926
140 7.739260490334615 5.5721293326800065 11.025461080608572 1.8410324693865432 9.222605868641372 26.157273780549087 2.6217844078562416 0.7117637803519411 5.165086610694819 14.262823603934473 32.663599887022016 0.5094795396707732 0.02861021471398904 0.4278421755927846
164 7.438242941531921 5.685618238845292 10.717110441416803 2.280498457812474 9.838614514484773 25.170638046772122 3.126092652911175 0.8801631393475472 4.4414873884570945 12.397228443627544 30.86240772692605 0.5082705731385013 0.05177637493590177 0.4255704122157144
148 7.604638352992965 5.822300072409296 11.179917811803103 1.9220891092485315 9.264065516506562 25.299538986799643 3.357526037925646 0.9105137590984511 4.404226567416743 13.493335484358829 32.34088528114619 0.5091655416233994 0.037558434438674 0.4273516946834606
149 7.46994688688941 5.902843663910246 11.34484804902575 1.8526222682813955 9.2545020109839 25.75715187464886 2.921653955097676 0.8373855629934913 4.838552722867326 13.35229733275384 33.085307699709574 0.5094796890347868 0.03282405458294627 0.42772838856757706
150 7.768341546170767 5.64387667176561 11.180822162556986 1.9461945872256436 9.439873440656578 25.908595122708686 2.6310013797548684 0.7159127462873784 4.774168646923995 13.779329421185665 32.66446529748047 0.5101743728668958 0.016856743720982916 0.428660289600137
174 7.6375482237184436 5.679114822416395 10.651517572144453 2.4406404104998276 10.329820623618469 24.696049436341497 2.966777700943485 0.6884689549674866 4.539324822524706 12.54277229463515 29.964512083589607 0.5076957238608397 0.055065258486886974 0.42551232432330416
163 7.506600765330017 5.550950190130883 11.001791303430258 1.9286010332660026 8.638895954621056 26.69225262689063 2.5768553795256772 0.35279479020467697 6.143472328815007 15.365900606417876 33.717419129643226 0.5088473424599341 0.036793851184193295 0.42741240401585817
165 7.5153848345341006 5.9022665468763975 11.458048201008358 1.7626560428729876 9.720666389104327 25.673164678345426 2.648828997895672 1.23790058328626 3.9272896745848533 12.449248387184861 32.55434470831243 0.5094649823109647 0.030516926943647216 0.4279890321179999
180 7.901137243820444 5.246477187013983 10.898314583491505 2.291275942900824 9.920679061438378 25.162064254325895 2.922862910624518 0.7083229494719907 3.9820167193377807 13.325404950019974 31.630513060465358 0.5072978226335169 0.053160541690043445 0.4257108456312726
194 7.161730353850782 5.821012730820743 10.880501182044279 2.2201360122071008 9.824064447915928 25.07563806125547 2.850275058205364 0.6322313149886123 5.274267689135446 13.424697666967642 31.01112177511888 0.508609175332277 0.04527560625127079 0.4267795910257477
195 7.460881774855751 5.5334805787120915 10.88527237428325 2.190554079413582 9.973863526337876 25.950437480356076 2.366254611327071 0.6382808448195532 4.422067012795147 12.403776622813787 31.89340135025186 0.5084523787640086 0.04841752744281509 0.42662461010609304
199 7.26617432718293 5.840835916620338 11.003131413933714 2.1202992548399533 9.497772281684593 25.95574806480296 2.617151708806524 0.49351646454846315 5.549817997062334 13.292853542457673 31.977254799499125 0.509071760962069 0.027162452356610484 0.4275120922458811
200 7.089851483422888 5.8379343253585585 10.822518755304378 2.2623121691884354 9.964503140355678 24.339817625049598 3.2784931761551084 0.9408270668624898 5.013860845621906 13.852502302614317 29.263082019571996 0.5051170120304643 0.06905175777322493 0.4242556936024868
206 7.583669086013748 5.659479214329706 10.995455921338166 2.220045199327198 10.247790861476826 24.91695464645198 2.860061938910364 1.0500810640831553 3.5915430756729165 11.659387800678394 31.512238606476437 0.509322500705984 0.03750032260139073 0.4271359769522562
207 7.519743269449165 5.877374184502387 10.461879273422772 2.509859277141088 10.011918156433932 25.453962635525784 2.700319216030831 0.5771511571196238 5.592736760432906 12.220626236200282 30.305416225396943 0.5080286512257522 0.05138273906767376 0.4259737803958597
208 7.858645682669194 5.488055696422675 11.09260912102118 1.9501237309766473 9.049267904036917 26.636996524711144 2.359861650027015 0.6313566518151289 4.950249626597695 14.17940764961681 33.975375575147204 0.5097681762840212 0.02606221267988886 0.4286624147433153
209 7.292625687070046 5.930789556007614 11.232445136600647 1.796510501144676 8.72588140909824 26.296524332790415 2.8776520782579675 0.46249837007079536 6.569462221234515 14.443439516651784 33.56910226025941 0.5089545434898856 0.0371486521730708 0.4276206160828772
244 7.851443985343757 5.6465274252481175 11.063154022782452 1.9244073679946185 9.09412307461949 25.213721410966556 3.5125725293630636 0.7191280357507721 5.179273074770023 15.345774176832677 31.299073365745517 0.5089995848735359 0.04169918568626517 0.4264566214011228
243 7.844548578599425 5.813770691221459 10.793649149851214 2.1083932163152346 9.112257189306481 26.411625884339333 2.5735013310185666 0.6621674892861424 5.2187354824487215 13.314167465537482 33.139283053068915 0.5093532376044089 0.02369778194288054 0.427721930169447
242 7.486202264457555 5.683309788342885 10.79022823728792 2.3490783912353246 10.061982855969992 25.04842021787231 2.9785203892504972 0.6176999912542871 4.795120907848378 12.533317717318456 30.453955850826695 0.5079385642070416 0.05271602830882136 0.42562203107780894
234 7.750186693962262 5.61032468562574 10.579495266935238 2.3873394300567523 9.906656262539405 24.725579780705193 3.382161663337713 0.863534171595654 4.49934825568081 13.184617405902594 29.698892255228014 0.5070761823834261 0.05809792585947354 0.42536628206953636
241 7.847769846173527 5.5947374869076505 11.270318668335559 1.880787196308295 9.400548106684207 25.780188416299634 2.7764766057119568 0.6701385661736454 5.078386412543615 14.11647871622698 32.210034382047596 0.5099174057253658 0.021685539168682866 0.428019646752082
216 7.427046011257305 5.774171111301415 11.100751086642779 1.8811142734253194 9.108041098953278 25.74501384505018 2.878086378176423 0.9282535380476777 5.779647889466266 14.64498261166777 32.179642442924596 0.5084588824992466 0.043986103038411994 0.42628003204785264
217 7.710575849753043 5.754037298294107 10.899086514430314 2.25551256224843 9.620770635928787 25.256579734580274 3.0216407480953773 0.6640117229817716 4.96895952950989 13.385642501931668 31.68315720420835 0.5086962615421781 0.040707397365400334 0.42658877040755244
218 7.745245468351405 5.704179564926105 11.027106097522793 1.8705332352449426 8.799090595142477 26.415238491684832 2.7492054491372198 0.3040651719222138 6.9547305657435405 15.959348532327628 31.950283809447573 0.5083618413219584 0.04628223305030761 0.4268439136464013
233 7.560361456477239 5.80917925724295 11.140903995352835 1.8435049943541437 9.093985345308125 26.02244508397058 2.8188585460112683 0.654847844388305 5.616127740032384 14.382381930855788 32.19876350354661 0.5084464045158424 0.043181590977692336 0.4269694791857711
219 7.326577490684531 5.893138254050551 10.766440867382371 2.026240032967667 8.55365903665808 27.23649037287531 2.286529224589562 0.5810562826817174 6.407528710776803 13.77240944747541 34.56934123406376 0.5094623347114102 0.032687449460443385 0.42789688607931303
232 7.312426273305702 5.830239314375218 10.905395182900842 2.1248223152759067 9.341789919306086 25.598872383824194 2.887568097742286 1.0823212748478548 4.71189024199877 13.08772407707833 32.433840186218504 0.5081436763639264 0.047622560966079815 0.42622827325802376
231 7.531589344666213 5.713894402481091 11.197970338088883 1.9685774351192615 9.620284187623048 25.316174350438473 3.0349291046785347 0.6297693731902587 4.806680048096057 13.624839638576661 31.606757320095507 0.5091616569284948 0.03641513475417066 0.42756856588020303
236 7.788157775550824 5.585150973010982 10.997472136314595 1.9129808747090045 8.372669067817181 26.10603130754655 3.1038275508926727 0.8192392449900526 5.664495416687016 15.689353226091304 34.03337312528563 0.5085066908347172 0.040795727363029805 0.4270975377493951
237 7.7912614241114335 5.516798398538261 10.580890774585715 2.386286181036348 9.615048032288673 25.577733492241954 2.8645581839933123 0.5586567987887924 5.198662457690176 13.462467426095419 31.36337540099336 0.506930712170608 0.05872484824842284 0.4249996905767953
247 7.449113901287234 5.764106816963531 10.792282585843843 2.2684699223974287 9.746359308167856 24.906440527449114 3.337362875582557 0.7818339174386911 4.855627611351149 13.022145347420455 30.68400310089942 0.5090507255774932 0.03869037030422654 0.4265409387124833
210 7.59718500999484 5.546452831866896 10.508928567004471 2.263322266956043 8.990437113911156 25.521652362217598 3.2070948798944157 0.7501372917896313 5.1417110766644925 14.527531169211708 32.105025727503815 0.5074916987357166 0.054067576797283 0.42594846790434765
246 7.838517060908155 5.742071704777886 10.996991725951085 2.075940602906517 9.199636065526548 25.313367922121518 3.1483534570592613 0.7381487060760066 5.3349380862281155 14.924470344473352 31.87239284635364 0.5077476615046363 0.05511110405086381 0.42501624325614884
245 7.457998949551591 5.968523346680019 11.156629341973808 1.8933263910207678 8.849583453414565 25.88945073692424 3.041346077162242 0.46991039245413535 6.288209730395439 14.479535310705216 33.048066212372404 0.5095681786880765 0.0291535605262147 0.42824972798475097
235 7.840828458561038 5.477406613971092 10.782595876920372 2.1723799353217625 9.139616421415752 25.578732404457497 3.0739239838278603 0.8739109387812929 5.269440103530048 14.807066362754044 32.16861026250668 0.507305405102992 0.05302695287445767 0.42575353938685323
211 8.143027676847602 5.6022986627163585 10.489468434007152 2.4273000181543947 9.579630832856092 25.64952247429482 2.7509928409791478 0.9478659194292459 4.074528596278043 12.499862368688271 32.58230890679296 0.5091678292270995 0.032001092947043404 0.42793379955450817
212 7.5877888168099545 5.682133059857016 11.119308504826789 1.9329477605955878 8.992129656711398 26.423767105173386 2.546224750418665 0.8716498740710094 5.135396534029892 13.350263298922 34.48053790283628 0.5093037328700324 0.026657187738828723 0.4276286962016569
220 7.866238220118232 5.747003825934318 11.031235079557218 1.9960972118076186 9.056404451557725 25.637878392879404 3.054300990350142 0.6221345553454826 5.338269628084889 14.104033201736138 32.999580337594765 0.5097170528342028 0.02478835059948624 0.4281809393613558
221 7.851547830334878 5.833291687900226 11.146325125621436 1.8652075106358545 8.886444061742399 26.19939013761424 2.738814879269962 0.5604773054009066 5.882425477707477 14.82019106735148 33.19785439175064 0.5093272020864152 0.036509158409394685 0.4274101563057014
222 7.705771436820902 5.4679888978293345 9.819039446816175 2.969976550059233 10.042303378070168 24.776268342141584 3.1991620309614617 1.2919325754610316 3.984053809766129 11.512005870847856 30.391315416218475 0.5076988259462443 0.053478945550138254 0.42617684448936366
250 7.594991430584568 5.782222881050147 11.269940740695079 1.948129423384315 9.734563130950503 25.3237949802291 2.8531353272535633 0.7061025850965856 5.242827814818323 13.468220662964876 31.619234017127155 0.5090697951388544 0.031000665406356 0.4278570940004198
249 7.662556483918183 5.532303505925184 10.426435739682324 2.5418343772251486 10.08613498805651 24.995329151984965 2.792722787315643 0.7512550387091604 4.9540892704175805 13.561255661581457 30.11861409830164 0.5059113587298727 0.0703249682786229 0.42299263073361437
248 7.876341808599411 5.522196259867125 10.668439070801247 2.335284449703604 9.685167037212446 25.32495887709042 2.8776982569708713 0.47863829370315664 4.999786383349463 14.006393267254571 31.209666042551355 0.509197185144032 0.03223890721469921 0.427337519305129
238 7.541625342217285 5.829218887108549 11.196690676063323 1.837278968835298 8.909939092794781 26.05977816174756 2.947693565937006 0.9083496075893555 4.669128954411563 13.63143216419699 33.73547649058143 0.5096412941583264 0.026493407455899464 0.42833698320250646
213 7.622727069449981 5.634659725992612 11.128128892987469 1.9818212863792184 9.686409545578735 25.44906543571653 2.8863727789265226 0.7066437799603834 4.560834420103732 13.501781712475736 31.56220533110259 0.5086702810917269 0.0397748780178381 0.4276640077560372
214 7.459080227808807 5.5013892886811355 11.154514460960963 1.8798438087837415 9.308219194637207 25.46863529040644 3.043930736148188 0.5973026253395964 5.580728001224579 15.155605636209451 31.488066061865172 0.5075785854191777 0.049163378211748515 0.4262738247362812
215 7.677592935989928 5.66150506109804 10.701829475691877 2.35364561601722 10.222053562183001 24.41090313930882 3.327284957569961 0.7708542668409536 4.372791571434385 13.544115486201047 29.099890306548932 0.5077642977576788 0.05284425073662916 0.4257729523125869
239 7.313590040325015 5.803989528271196 11.172055762260834 1.852477394381773 9.127069638884763 26.518858252377093 2.420598858794765 0.8184444406930602 4.96179661390764 12.962375758859542 34.067484941107054 0.5100716128597184 0.02409797050577528 0.4276037314941279
223 7.435436828715023 5.557329425375525 10.97493467293687 2.034852456900112 9.084207468111819 25.513558800386992 3.1146020833258343 1.0176826078287273 4.086217305007378 13.603643104269604 33.721735941998006 0.5089719540485916 0.035758312775633405 0.4276669197525637
240 7.522190664695367 5.652291706151628 11.086838768080199 1.991727944188337 9.418104726776672 26.40905363775918 2.4434190934076954 0.4037364342945288 5.673606948302345 13.93523917355532 32.20328761925237 0.5087313984238758 0.04060634746139441 0.4266687792573246
224 7.958717739232308 5.15026536775171 10.954172606958547 2.142757688601536 9.93083448174339 25.036495005409467 3.1088087464911154 0.6274211082632634 4.219390154909892 14.331348811279252 30.54204397435989 0.5072374793909805 0.05318653453388394 0.42595679913559115
225 7.18378026546464 5.750047380367637 11.098886885773753 2.0895581438731483 9.429420980893466 25.617623512925434 2.8327895074568885 0.6541387581913343 4.878032039414238 13.22539748855585 32.68240773266572 0.5087161601996549 0.03869543311971914 0.42694566156328606
