# timestep 3150
# phase bcc
# id f1 f2 f3 f4 f5 f6 f7 f8 f9 f10 f11 f12 f13 f14
1 7.589596429265116 5.67600038081166 11.163092141477419 1.9950471516828818 9.616699949322639 25.68979074948387 2.6700995719513094 0.7406858782848409 5.136634837754294 13.33596941523324 32.19766248283455 0.5087177249185113 0.03731268169097202 0.4270745081969565
2 7.401366122096259 5.7515339488034405 10.607555394644626 2.130842385229276 9.354739761061223 26.038715256306848 2.6856846979972513 0.7088100329431286 5.794005699225952 13.601783588261261 31.499435781037068 0.5091802499249871 0.03806510785093506 0.4261906562294451
3 7.837773710956306 5.566671593145826 11.041786369510195 2.1745536876512337 9.77503540687704 24.807011248569953 3.0985488243725245 0.5217673345716771 5.227241451153512 14.683348249475003 30.672804146748323 0.5085734307361893 0.03931347878092867 0.42724652639338395
11 7.095143581901663 5.571992929568096 10.892353124300007 2.1677561134568792 9.574825604787584 26.003494049746227 2.4618573061090716 0.5447742175064312 5.31551441398966 13.082655512286372 32.29039896853391 0.5083659651415103 0.04088248405788207 0.42683568077942285
13 7.560561180988293 5.614518055933346 10.706279873078143 2.42350241421589 10.163855543804383 24.81393241522269 2.9468138226612495 1.0193636240846646 4.8778122325725475 12.038206618570081 30.54201921148813 0.5088339574219873 0.046575671535867384 0.4259830697228402
26 8.072047627911344 5.4038049643223935 11.066435775947157 1.7797104432716666 8.286579151875067 26.86879528166585 2.671533005702161 1.0195329263298178 5.286516937563311 16.07539587077211 34.319995762343865 0.5079007857590565 0.05036592836698186 0.4266533446999448
28 7.237568682940448 5.945793601761555 11.10691195382047 1.8426254233491615 8.840307695580215 26.060862784062746 2.9421887409322767 0.7376978586035315 6.018827734893261 14.839370538218445 32.20459427319136 0.5086427555312343 0.03904727942741441 0.4272739029671961
36 7.48418300223265 5.591686127373452 11.528641715787675 1.6454898976925074 9.335990613932251 26.003697310091802 2.6333195910618987 0.9625292911000009 4.8075729522651836 14.380537572738705 32.71903659029431 0.5087015876069894 0.027487350154470187 0.42811629807590895
38 7.841860253380032 5.492028473901854 10.647196236178084 2.7112065358427317 10.321395400120668 24.59070944885125 2.935567062481241 0.8957285479063453 4.129647792944423 12.94679243887104 30.355701490957824 0.5063008261825493 0.06012726282290442 0.4253292379327068
4 7.612591397469455 5.794520123021902 10.087709341379087 2.548738456980104 9.177315912225305 25.548436423236918 3.0697143579010993 0.8983919984004594 5.127005596007711 13.420472530470605 31.587227986574238 0.5059076115801704 0.07024886074298686 0.4223443120555482
12 7.916213705620466 5.013732775063683 10.528388572110018 2.664799196242069 10.166006325815692 24.227146229888586 3.269951442879649 1.1639678145423882 3.475972071062808 13.553208216760494 30.344555625490525 0.505797264546835 0.07511537138141823 0.421865319564527
21 7.663899276021694 5.489095595141709 10.84839457996236 2.270604834174178 10.261521151983507 25.084151204511418 2.8686958150761304 0.7542037271896967 4.320122677477179 12.989006368517899 30.02169709081411 0.5058603908361122 0.06031575344029535 0.4253589571796487
22 7.529886595238063 5.494034875544313 10.782727963331798 2.4659142962279796 10.055918339031797 24.70721327087045 3.0179199982205924 0.7717910374901019 5.149821925518143 13.171688348634904 30.600015619610634 0.5061339121376024 0.059847411745770546 0.4260894561009088
46 7.131281442778408 5.644837615618434 10.978633590708004 2.054263420476609 9.327689706125794 26.16021796482742 2.5532016514154736 0.4490946835357256 5.8295204688067415 13.69813890868766 32.586672271604854 0.5083990331797377 0.04294982699974057 0.4276769486851791
47 7.770352967188027 5.669378283456139 11.280244560277975 1.8878418373996833 9.29504423853499 25.060311666536233 3.288305615413697 1.0394970053955161 3.888750189691949 13.900817261500324 32.87901760534501 0.5095716274914958 0.021206328096668517 0.4287282946796186
14 7.947957585471374 5.663820128168006 11.115960993989386 1.8017365636256155 8.632185556411738 26.218725616704273 2.987553721556903 0.9215515577473326 5.5555629222507035 14.797923304263568 33.6645798102744 0.507551684447986 0.04743241460794373 0.4263750837868906
27 7.506783660239651 5.6699087510665995 11.02936096829982 2.279321570415626 10.673620681455084 24.27454344508241 2.958895045098907 0.8565749434479537 4.307345214734686 12.135198178652235 29.798206797250053 0.5095311090709764 0.02785163998902375 0.42810450680025186
51 7.795747252265046 5.563553166845939 11.211588273223457 1.7059724330857273 8.248330789805898 27.134861815914867 2.536727751699008 0.7277828419553201 5.471461895776768 15.769529156725216 34.72749534890683 0.5089936533184038 0.03593203432028913 0.4273464792042881
52 7.569451101424892 5.752883076403089 11.32290978934655 1.7551320563283141 8.856538860423164 26.2838108593037 2.811722316397118 1.1627544084225605 4.850182359279209 14.158349190720646 33.910638427961935 0.5089651196544054 0.03454736295088163 0.42740703184371065
56 7.991544588142014 5.391182902603992 11.430902896777937 1.7804119432023247 9.565449117593976 26.10046177826582 2.3919537300800306 0.9382614839001123 4.3365219512904725 14.377419303711369 32.56498049848424 0.5092590814334877 0.039258377816373695 0.4272990032680306
57 7.821967048138774 5.54462309255388 11.150574884951043 1.920202390947987 8.949086498310285 25.896719703092018 3.0111912014887 0.7852208849492361 4.860264549435316 15.205716765431362 32.75035071367499 0.5084828253410039 0.046968439336478617 0.4267209078162735
29 7.355330793685689 5.646917603272217 10.833533481674582 2.4066921408365407 9.68434348013962 24.089792259183888 3.635274241827001 0.6427670217080496 4.815208542029842 14.493234067170748 30.097132932969917 0.5057467317088727 0.07626400476329663 0.4218117735281639
37 7.751144464567673 5.4366297431101165 10.693988814128327 2.446564826877526 10.31343135941851 24.928757909122414 2.735754985582416 1.0951646846438385 3.7758699783349914 12.40531974532364 31.057405602453652 0.509365717598694 0.034471159883826805 0.42737703043643976
61 7.395491750521489 5.898316758433241 11.488160538485651 1.8260807858824633 9.320476006988883 26.205043304367518 2.4320791041292296 0.5745198111500569 6.0106433116593125 14.36312855695122 32.57391670356078 0.5095795425823949 0.025346276240810102 0.4279877982052761
62 7.815539261080333 5.531378161464065 11.000328398003354 2.086564100382149 9.380192143575112 25.6880236547502 2.844235085965966 0.7324554693904661 5.237767361431489 14.284028642871174 32.105582965172964 0.5082803193948209 0.04397618848197061 0.4269830106195129
39 7.496084888911488 5.5458306728438185 10.806407576824 2.2011347018810956 9.32033347015856 25.937171202080602 2.6861132223859223 0.8491510109128104 5.806038961256519 13.50165181226286 32.86947257584859 0.5083312299219706 0.04321604655636296 0.4268931571631875
126 7.531085637744049 5.60970541175394 10.56737067254147 2.5880722613123788 9.851908488453674 25.516942615546927 2.5899512807869822 0.8110484319412554 5.214316526196437 13.180010853529321 31.13903858877406 0.5052375372620646 0.07167334756127583 0.4231754009811462
127 7.194847592790459 5.946904063572466 10.721843868210193 2.099315767289086 9.266109698349997 26.090732331882617 2.7341590923513635 0.4764390342157452 6.280699020818511 13.18337339451461 31.70675881436881 0.5083697881997257 0.045260670319351055 0.42680055084860774
151 7.748582168402919 5.698637110552501 10.762270583242733 2.197570009006105 9.624607409706273 24.903249446041915 3.2855934335802357 0.5760855476377122 6.005550362857459 14.743461850259227 29.753095635081053 0.5073525696622847 0.05352530639350721 0.42628810484810065
152 7.475584547577998 5.765969800041649 10.82591933500792 2.1710297289084055 9.530089398847839 25.5327516143495 2.9466777937766433 1.04119938250741 5.146573115036757 12.863372987958929 32.04912991604726 0.50866381619614 0.04536321062937123 0.4269813286224327
66 7.764093414713392 5.628542721386005 11.047174999208599 2.308642537780319 10.82168449275959 24.378047243723845 2.8351394031067128 0.7477190127392022 4.149935380962385 11.843432297544153 30.00487589359212 0.5092430714508587 0.035940482107078994 0.4276921996000265
67 7.37927082134567 5.772713086376661 10.586896215374955 2.470009659350333 9.707339921397454 24.564478565349223 3.4057544659761096 0.8921168194834967 3.909229962776442 12.200318521845059 31.916989819917497 0.5076356932995133 0.05535993284526101 0.42544783166113626
71 7.080958152919077 5.826361118309012 11.290626454015586 1.8276407617249206 9.406484330906311 25.933877109578987 2.680877127801956 0.5234890512705942 6.092386682108731 14.048881318436006 31.79581252605445 0.5093617930809038 0.02568075441145741 0.4286351285885683
72 7.5828360071677245 5.711143825081707 10.650934735947148 2.387681442111247 9.58400338928861 25.470801346770322 2.7424719447857595 0.5590928560022859 6.032429743016136 13.707188255407162 31.483179767285023 0.5062705968688183 0.062104553002590046 0.4249942912548504
187 7.784172816761313 5.590544408941682 10.921750885850964 2.259875854298554 9.615796646677396 25.168007273677148 2.899113793782049 0.8141624170044881 4.447009363325226 13.680621838960436 32.40319441380162 0.5055006068875971 0.0729972112868874 0.4230340378775694
186 7.9115154438132755 5.583211521446106 10.90755940650104 2.0515910337422603 9.224696659946497 25.798561291942033 2.9461758627727797 0.9038445693367326 4.150578775157495 13.510127681489259 32.860138966943204 0.5091637993861193 0.02459827158277442 0.4273862677232767
5 7.5928699720904715 5.7104552520331 10.80753176817107 2.32851435468539 9.827982086859647 24.966370526044294 3.1111721907639933 0.8321171322851011 4.704341698507019 12.806706097737944 31.319943462163355 0.5069692224639878 0.0549324167887662 0.42569284914958516
15 7.426849657100277 5.823231200032949 10.319487639184484 2.6600337677420742 9.730010309119049 24.938075782080556 3.01664799065909 0.847851764379027 5.9882285130248265 12.884660978785636 30.777699160049963 0.5062998441384223 0.06311729984503796 0.42433918056741976
30 7.473044447453756 5.731810161848423 10.522708917388998 2.3789642522014365 9.836033408578981 25.730504852773404 2.6028456475340995 0.4801966209297435 5.824915731458013 12.45057820223264 30.949406231306018 0.5082347301385393 0.040749471276325236 0.4273595794940471
40 6.9553309236854854 5.900280498029667 11.040622767806044 2.1502413382386885 9.187069426939827 25.314037034638577 3.19490135739851 0.7011374373277457 6.197213291614258 13.841916578955605 31.982700029452918 0.5051513641183459 0.06958780903332576 0.4241419611237114
6 7.927643579086256 5.677402807807551 11.125420173903283 1.824708157847121 8.315077813878505 26.63423806642965 2.76249363785229 0.6095965687764656 5.624363245849855 15.685315609267388 34.48503707782623 0.5078955551893977 0.04741178454576855 0.4261656557125829
7 7.520198400037959 5.736092502199365 10.85401170588318 2.0840597011854025 9.1298235558281 26.20326143086172 2.651683600185576 0.4617202081901485 5.649588999216047 13.445937195946073 33.18955352953431 0.5098306315418608 0.032508532492384105 0.4262688077709972
17 7.457423580643024 5.805515218407574 10.830826862886282 2.2483726401671813 9.423168734767382 25.05078909576395 3.215019874968891 0.8118981085461926 5.026652146126317 13.035458068444228 32.45448726887527 0.5096599069221043 0.033059535332277984 0.4276658178420489
32 7.471684306491141 5.770803912371441 10.976214281126472 2.108577927121942 9.594138747636032 24.947082239516504 3.30274680990947 0.7904399045241977 5.322784949135876 13.711929738180896 30.887626287549658 0.5075119700016926 0.0498046468510006 0.42626865924931595
42 7.656200488056007 5.4967256866575855 10.641334927743076 2.2395943629706525 9.363988748616057 26.11001557786995 2.6154737998344073 0.4457525156887096 5.65752569684428 13.762321425601025 32.40649902883131 0.5094617688807175 0.022898677964456285 0.42813498513854614
23 7.222610310945675 5.773255419334959 10.122145567147818 2.540377988297433 9.514867119896687 24.99652845736663 3.1593662538542886 0.886590634983203 5.957665005718382 13.100141523054477 30.929851548114947 0.5033322711710027 0.0836383602622419 0.42182914194386767
48 7.791405810986932 5.437227338890218 10.551414168463802 2.437855458911877 9.430335715494076 25.693208777978658 2.694216707035238 0.4410548373932045 5.3786456704570265 14.274258142689265 31.873260847046968 0.5086498811095086 0.04098624162622903 0.42708625346203005
16 7.714045357386768 5.650744552698963 10.979764771465117 2.050213131540033 9.186163986862416 26.383478237559434 2.467492556840989 0.5069173544500956 6.390991023395943 15.277103709074193 31.357567109750192 0.5086830378833764 0.03584867095925336 0.42781342798307026
24 7.564945349596975 5.6273186978573655 10.800839657742475 2.3811871431740173 10.139015184388134 24.82665054071964 3.065390123526246 0.8093588448227432 4.352393242339728 12.554477192764839 30.66149733235163 0.5093960392988947 0.0385858908911873 0.4262794072834024
49 7.156742636524914 5.64708011085246 10.976110236378586 2.0113802874798576 9.433531509522147 24.652686081332362 3.490418260951314 1.304215641053887 3.568641419955931 13.08854950530439 32.375198296199954 0.5072865183333483 0.058347546169449184 0.424766263803629
53 8.144836578880907 5.5026196713628845 10.787720182582854 2.234451389637953 9.69698164275312 25.225883554602678 2.973372989496523 0.7215283436221693 4.369348671976277 13.7668353707278 31.495114192780957 0.5093609844486044 0.027338648441240124 0.4276855889370899
58 7.656522900687625 5.828992407251868 10.657506058708496 2.265001580723962 9.39270194745058 25.787047080028255 2.7538525368701574 0.5825634067709733 6.2339387801924495 14.183423876444827 31.16570434086964 0.5071208893338119 0.06237649785694998 0.4244987694532265
31 7.661440777000253 5.659838517673792 10.914363610851206 2.1314854922408912 8.871785079110575 26.10065483925058 2.731384518736161 0.7581863937629761 5.422926537475563 14.731345167312746 33.487582209645474 0.5068797026566668 0.0541996788196535 0.4266080467618725
54 7.494288112230558 5.606807487627752 10.75558600311469 2.1435375406915487 9.286950375133033 26.045594312509294 2.732327947486171 0.9725179689066543 4.915365397704266 12.932040022696548 32.89070487768512 0.5074672825171098 0.05723514678199472 0.4250059852037115
59 7.439078190793513 5.570637636789548 10.886010736943652 2.1371089463203328 9.510821190603888 25.17762616287901 3.090266931789664 0.8607651357871157 5.281558040675296 13.509492931334888 31.944575881215474 0.5074837016586602 0.057132126329805716 0.42513629613562387
63 7.761077186266793 5.713673599398721 11.126442937722127 2.038450192542331 9.44873355046128 25.51681123409393 2.961801307686832 0.9725684985124557 4.684083222690049 13.56975445198819 32.276178692516545 0.5083078925452081 0.049285994147594984 0.4263700132949439
41 7.586566377122895 5.510102119095554 11.255632365000936 1.9503994766260364 9.17773678242497 25.77673288269719 2.826968545887462 0.7065309279433168 5.439245836040577 14.400335510013885 33.048730889375186 0.507654185441951 0.04964562034461963 0.42583734663142586
64 7.691497108794644 5.512756286860386 10.516132661110058 2.7310877796319954 10.378409750261502 24.790397911315033 2.824501030581713 0.7816325711611128 4.667603534627177 12.823876254627997 29.73812545511597 0.5049591394316971 0.06384352112591567 0.4260377811391398
128 6.898491295825908 5.902083205216252 10.87816989315809 2.0577502366378453 9.632406496246942 25.409162062889713 2.7471824450020557 0.7530708887143542 5.978092259186938 13.535445539201463 31.01703443111294 0.50665323658416 0.05814762002184206 0.4258842685877856
153 8.037449021630252 5.348103717748787 10.902593751625348 2.408072966705447 10.524475074953939 24.452506605245727 2.863095940593763 0.9414474509284231 3.953071030531391 12.876687243066474 30.53853479507742 0.5084098971478352 0.043159517492226344 0.4262139875894916
68 7.744925397885558 5.7291940752522805 11.091282042186233 1.9605017040741815 9.271607920245089 25.23998872859353 3.286951012540332 0.8192340529249547 5.0311802799319345 14.062434616691206 31.914271974041707 0.5084071436949023 0.04417204819813058 0.426715921745548
73 8.098970749919708 5.096665943242721 10.647908199866455 2.364633147360288 9.430647365739887 25.49311576986684 2.923519430227751 0.8746221568223054 4.873516899965631 14.089412465560178 32.18379725091002 0.5053056412104553 0.07264235745685772 0.424156759057593
188 7.229283352036685 5.683075627671817 11.407625119758979 1.7648147159621677 8.99089494593261 25.63331006365719 3.0508902878637993 0.9755560781774721 4.7879962471892465 14.70184515413111 32.66760483841001 0.5081407108013126 0.04574800611152699 0.42713191209786133
8 7.650408896350128 5.9066078743473085 11.153647218903286 1.8227553399363423 8.78428774209058 25.814845202341434 3.201226680351265 0.8015067499361964 5.036049237994487 14.052988923445545 33.596667530378916 0.5094612195882883 0.028869886929873474 0.42837589461425035
9 7.439937975366114 5.624504842156243 10.235050600995843 2.593424536403372 9.584815647518857 24.83337836299888 3.4851440176748985 1.366304868561734 5.349303286568507 13.290561505182737 29.359740679259776 0.5026478472291355 0.09197651107698762 0.41917510082263915
10 7.723289734199526 5.723989680225332 10.763133485617153 2.4119537742821793 10.497934494629522 24.98450511850437 2.64907988998223 0.5540182244594258 4.862959661467802 12.036402146887978 30.31440720002679 0.5081963242025944 0.03870242659856111 0.42766759114080344
19 7.672130209507621 5.591199467985983 10.898342157210482 2.367942736927244 10.147592503541505 25.059448770481755 2.8117981602438626 0.9575363714319879 5.325476388441181 12.631742091770658 30.54465879088994 0.5082486927737738 0.04583868584621255 0.42639011969416396
34 8.153178810519899 5.400839619323415 10.955380208687759 1.9531908234476116 8.774483780203637 26.381317843797696 2.714962470360356 0.9379863957089207 4.8318993302760145 15.056189203445456 33.54378980920033 0.5080839393402927 0.050475426940067535 0.4265090925603377
44 8.00735389581741 5.506405036901553 11.39990523783564 1.9061250215981873 9.428707758878916 25.633851393466205 2.8392762051078697 0.9802440847800745 4.47180056056615 14.99420255488858 32.04172439205098 0.5088090586791519 0.032378100958277096 0.42811321701677646
18 7.70291199293701 5.7608901761397355 11.435634353404138 1.7830629658490582 9.345556458482541 25.751370709473544 2.7781857695494865 1.0368992512728126 4.907775479436868 14.077732587894907 32.85063265739152 0.5095098646698304 0.027065830940336853 0.4279497845849156
20 7.461894027410926 5.195924455660952 10.537534306209327 2.6157986407370357 10.080326107108702 24.010392921894265 3.355591863676764 0.8348629476019092 4.349888230294072 13.989900118320415 29.856762375335073 0.5023944811522398 0.09209676512908756 0.41939036967744525
25 7.754723870742496 5.694821790883849 10.931048438409094 2.2273408520769356 10.087006356095788 25.19319132365917 2.668973454649624 0.7790195160834651 4.32569243277116 12.530270255519103 31.589690268152076 0.5094415383543912 0.02162868194278198 0.4285420121897432
50 7.542124133460441 5.5045468097519015 11.30652116472107 2.1105329751028448 10.049149205270952 24.94097613368175 2.8934675113695056 0.6783738080825079 4.86829123769273 13.600383781529557 30.83977011739241 0.508125784098987 0.04154077585621145 0.4264740469012861
33 7.503818176136126 5.647572779196787 11.07228351466174 2.0714810715220873 9.744284515445763 25.350964526304498 2.8819952105478235 0.589704825525913 4.73000787737348 13.057743113901804 31.857708741425316 0.509626890415353 0.02254045181085743 0.4289593742898882
35 6.919685774907195 5.9012279492315844 10.991456966518689 2.2482967084955496 10.442523991252603 24.57023688367014 3.0035066159316415 0.5147343830174335 5.10219621231831 11.740326079810318 30.122776669565322 0.5099729436801663 0.020016791396491207 0.42876299124967565
55 7.705779498308963 5.659659951545298 11.333172741657211 1.675519305225245 8.778299378129205 26.50430639205811 2.6990478080252283 0.859875636897762 6.177007206117389 15.439778822231887 32.7522505487442 0.5086197177536768 0.03975605439724878 0.4271923918022968
60 7.834552093388537 5.471760620456546 10.991499353238634 1.961783700039324 8.797866800398028 26.292455606918196 2.7843307041121435 0.8597519176999661 5.063876765693759 15.622864668558066 32.96693092979518 0.5078308103579721 0.04666294669956244 0.4266005119845332
43 7.153760879222073 5.734400080486833 11.045593057147387 2.0890660335387863 9.743563570723378 25.19884467010056 2.8580300256605096 0.6032560552450196 5.83267024418488 14.168866263259606 30.519622365273563 0.5084748765003246 0.05163355852322802 0.4242254310899922
45 7.188507826929655 5.608135182826961 10.319973951130207 2.4411897035004286 10.408961931789975 25.169955662027675 2.725669346402502 0.6644091857734955 4.720607252888376 11.553902531146683 29.683510633148902 0.5077383932346536 0.05772158091687645 0.42437843633905287
65 7.707374237934628 5.707718289903043 11.15782877484926 1.9396240315376627 9.54161742627167 26.08029531208747 2.4628640773648707 0.7842031731837387 4.865449751262643 13.497466030294088 32.10496322397774 0.5096103447397565 0.020813289026941097 0.4281917296888494
129 8.034071566890118 5.2072575566531745 10.64270598030009 2.3530517377717333 9.88889925585326 25.52717618927405 2.7031168903437033 0.8431058071486871 3.3661049361862068 12.497153409566222 32.3965958200718 0.5082887633175811 0.0443770740723822 0.4269229254485327
130 7.804366836628719 5.727632735078008 11.415540064964667 1.7831685728032936 9.487316908757647 25.418791494250883 2.9251664527585537 0.65373706250745 5.593448698998175 15.001640081200838 30.866258393120074 0.5096901685061079 0.033975153238662334 0.4272261678245031
154 7.364237398608914 5.350697478915723 9.917451503349438 3.196803671231069 11.024683962166206 23.28579233458398 3.6379190148079417 1.5581819376419246 3.8233935271309867 11.789730348617733 26.340861630794418 0.5014729398408765 0.09532912130737604 0.4184462584477622
155 7.676509515793891 5.835893940181202 10.776241425583732 2.2464064463403974 9.151208617447473 25.451903736592456 3.10593807115839 0.9098564294926313 5.196699821969775 14.004553570003836 32.458814395400736 0.5080166447117923 0.04733325835882783 0.42544542314616507
69 7.75243009364375 5.744987746008335 10.908018853329056 2.183813922007443 9.72653252303966 25.420015305248835 2.8207901102514663 0.6171593858930065 5.046739504272171 13.297617534922368 31.540556125106512 0.5071215446520199 0.04307521866876827 0.4279893331132829
70 7.215526508788546 5.801261590774694 10.603469285387336 2.4168754085344504 10.026090104069702 25.142898517643665 2.823773635815837 0.8024008523361394 4.874644458798497 11.964807694631245 30.699631112173474 0.5076251413916637 0.05007422303277349 0.42693040427698825
190 7.73768800808358 5.464512373587457 10.331911491834571 2.5937613268650903 9.601814108111048 25.54302721738749 2.8324748835483486 0.7133184797937929 5.243886267158196 13.03665837170624 31.262762373070714 0.5078967880282411 0.053598647365489346 0.4254390804678641
74 7.8124482574197875 5.708633839073176 10.92064529096578 2.093091986127033 9.52192730365328 25.961954133673753 2.6024021117875966 0.6016726242337403 5.170722563590224 13.501836978047887 31.94257437121357 0.5075208152695743 0.043698528983904424 0.42730996132474247
189 6.819646436420173 5.918412195878891 11.371943262103448 1.8350886820313241 8.948325344624104 26.437418889712745 2.4586017847953467 0.5973149294257319 6.41425960283526 13.828439565726057 33.69104412475627 0.5091595311236399 0.03040634947287597 0.42742711240054937
75 7.386445980986093 5.793762849979724 11.017566650045277 2.106691807342348 10.131350197391123 25.147756577732558 2.812912651588404 0.7082645417294101 4.781614406143393 12.663251606322028 30.82607579501791 0.5077163886531436 0.04196263843566662 0.4273694555056528
76 7.4716690524168845 5.581494576328994 11.189934026835678 2.0713687235545604 9.826888646324749 24.82786624029264 2.950773841940544 0.9927652481196614 4.2713540883938235 13.21384800337681 32.19762812801526 0.5052819294921292 0.07041782523969906 0.4243164758994437
77 7.888403360394358 5.439016535474736 10.805545767147212 2.4905706653856226 10.47849128844119 24.640101209701605 3.0571345458639607 0.8741687357399796 3.588229259784955 12.863540654962017 29.381114798462995 0.5061325308198996 0.06407512024290869 0.4240297384567491
78 7.820585133954018 5.613140572837554 11.06990838625203 2.0268172993802978 9.495750654639219 26.080083901180142 2.44924964613439 0.6630688438656762 5.037497530673393 13.964892769383852 32.411202523923166 0.5095898774274351 0.031606244983160975 0.42728793994195313
86 7.955563374781557 5.019672547077423 11.154101552171234 2.0748734719625093 9.998534753051386 25.20335419169746 2.7463315954451373 1.0350740814647883 4.0235925848215395 13.56815071094778 32.12559639608891 0.5071029073078557 0.05453640534970384 0.42530606659627773
88 7.6048153655654405 5.742212950414622 10.84977118946392 2.093832519602994 9.288623739068447 25.947047338394547 2.63443400531672 0.722588076589605 5.280333298070725 13.765221268216854 32.233006425766554 0.5076809964936001 0.05109784979366938 0.4262088162095354
79 7.336569166894857 5.878947320184758 10.535586559734893 2.605820933693316 10.102050067023708 24.464567597236655 3.268408231032244 0.7641302805651446 4.662611400385537 12.238551870172294 29.923421974863786 0.5062481396051142 0.06128493003490233 0.42547986178307967
227 8.06426832894099 5.480290698326137 10.398702992359137 2.3418302415352645 9.240923128693446 25.662932034328605 3.012488324764155 0.5953674579148894 5.149780940562252 14.570660188243046 31.484254093625303 0.5048914989483444 0.06915547531664717 0.42407754312265045
226 6.899275387375438 5.887438688237043 11.29372842691864 1.6626205137565988 8.556191984774838 26.76157574223997 2.662724394686465 0.7015629416482 6.019681439716518 14.338781803936277 34.071637718120634 0.5091320172299783 0.03938256910507829 0.4276344992245372
87 6.935458738609141 5.755778622839943 10.887654595067971 2.3214941996556955 9.946100948953266 25.066786567236424 2.7077043025887937 0.7356622958838456 5.347507861274572 13.673924363026982 30.305088503726612 0.5048990142675055 0.07635604795658603 0.4231385054542239
96 7.369933203986002 5.354588245349633 10.719033220076277 2.3549044733260636 9.713849743134773 25.141379718975507 2.993263557781513 0.6816748465742118 5.149943537014267 14.16393863894204 31.068429699230624 0.5045766706675161 0.07482016332334979 0.42271205222772573
97 7.562476866554109 5.477571332217697 10.699451931916547 2.221578008676592 9.433415707717613 25.95703217523186 2.676839791225607 0.72177853929736 5.405538114967854 13.234454535791818 32.45912154583752 0.5075945985737818 0.04726899526826048 0.42607243756691104
89 7.543450804945456 5.948561300617686 10.876482895110701 2.0523777526247997 9.188633814872688 26.379120991722413 2.4674895752803496 0.7595438131923798 6.148202842131841 13.73266125166663 32.19623986355965 0.5073612326009439 0.05043248417424751 0.4262875193064415
202 7.887875447653522 5.7503403989856885 11.253183240253453 1.7723700386556536 8.805837063681174 26.371124330019157 2.78470708486055 0.7940067865300605 5.100025523362262 14.866908286606584 33.30945963514204 0.5078004958371101 0.04825887667491172 0.4262805802241988
201 7.7837550359143775 5.62248661293951 11.193981353429995 1.9337996842536258 9.320194757801998 25.956391389708728 2.6833457745462765 0.4550014800802991 5.445791578791373 14.880614110144874 32.161239389215844 0.5094670531346385 0.02667290594611629 0.4278605736773611
101 6.633275194827318 5.737367340680417 10.913864967609033 2.24230798099895 10.033181968778209 25.362777006587272 2.6938938082538635 0.5403555251841866 5.200825093316195 12.16196984848154 31.22170674617047 0.5092141322583061 0.032534951310605235 0.4274801859932265
102 7.800577127202192 5.648831582840114 10.745550685091533 2.0326944552667396 9.238125424188302 26.494753967474956 2.481320426277117 0.7011912080965862 5.527000781948569 14.594855944454862 31.792303937957183 0.5090843482916212 0.03664375900572802 0.4267175918027321
103 7.449246711232734 5.527679343759007 10.845918814124628 2.37635264955405 10.068854786947448 24.996327328539394 2.8070633157680644 0.7561155772828394 4.216647775078384 12.85422425043628 31.26217091880412 0.5087185015699609 0.04229600012619061 0.4264532919613642
111 7.258873796709389 5.682789491274289 10.911266960691497 2.2547413111583867 10.733327657818545 24.434753407631938 3.0246543431642174 0.6167065312063581 4.515844973123921 12.440616786467508 28.54624562572792 0.5085878659410936 0.03543361731219437 0.4282264648777791
113 7.382295501508749 5.937635240454549 11.051457507613893 2.1681547280526723 9.84187297439469 24.73564541715895 3.2596680567423046 0.8179522225470391 4.688514511011801 12.51258020355443 30.907660579033312 0.5060054344788762 0.062167989022765296 0.4253196466628054
104 7.484706298242618 5.8507589577968915 11.008876659493774 1.9327773226735625 8.849506473450582 25.962486847868778 3.124976195995983 0.8118946305162018 5.535793675720981 13.951757707652986 33.02463986917078 0.5085393025477343 0.04140582681718863 0.42740379391833044
112 7.572361187793259 5.713158730650448 10.797536821938019 2.172606103998045 9.770968463014992 25.344935783348568 2.887609281002912 0.6905319904238506 5.053305135635925 14.156751152594147 30.188863654218903 0.5038204399539554 0.0853493707260362 0.42100901147689174
121 7.825311412732881 5.200427638135146 11.344839096516663 1.9052745667412063 9.921033310781084 25.070406758352423 2.9565308714647895 0.7673182451347247 3.667628261996895 13.911829401350154 31.42442345599887 0.5098377197387988 0.026546901821154167 0.42825995349304247
122 7.389786399374944 5.661815267264597 10.427900410902295 2.4219764848509846 9.615666631225785 25.450336135606122 2.852959183670922 0.7804839793976287 5.961494662241365 13.51354135368937 30.842007388433846 0.508227381556503 0.04259273930890147 0.42718413081967477
114 8.309387610802096 5.377743321893133 10.212034685522248 2.3747969731982423 8.827774111045503 26.022798916608263 3.0353854328164185 1.2631365009950752 4.454882969767155 13.980313474079058 32.945440086954946 0.5078733315453603 0.052838118532355316 0.42597563094308105
80 7.722802519467936 5.843162449867785 11.474147834177387 1.6524727521361853 9.001957163569925 26.002105726910756 2.864181618612927 0.8522573479818039 5.313696222163472 14.976091366409657 32.439234167042216 0.5088409151425436 0.04137376517112656 0.4267268986781711
90 7.566452464004859 5.562252059277423 10.624219978156889 2.3636036494456 9.255498013551145 24.93556831487296 3.305707254471345 0.9652757948645679 5.555768904112057 14.337776305993179 31.61851130941218 0.5072092151752281 0.06053854633145253 0.4251719903941217
228 7.611956286196509 5.418133507188662 10.58103842609142 2.209043411148558 8.970782924475962 26.229403724089387 2.8744126817433084 0.9788161990106591 4.908663778570705 14.29756234538923 32.32397133322153 0.5048418890684313 0.0767806826440611 0.4224746080562668
81 7.393349995272964 5.657926555429053 10.801462757840183 2.3878151405578234 9.763773103544912 24.660823154909696 3.0999366220484412 0.3879219156447627 5.870405529903817 14.394266418494613 30.75568615414898 0.5061558407391334 0.07108708263175421 0.4227731082210978
82 7.92664995859521 5.431882350713574 10.886018703762337 2.0804075972656113 8.984489044456689 26.121904651764055 2.8024492854375422 0.501348571805333 5.178442028194293 14.7313208417838 33.151693782217826 0.508373888159863 0.04466269179166818 0.4271296149325303
92 7.335779696124169 5.547478647113758 10.311090363464228 2.683310901487534 9.615072571700274 24.914723813006763 3.22369925734208 0.9986459785033475 5.103881670195127 12.466735120875828 31.60995882259251 0.5045818826079584 0.07941357903648776 0.4216713656070069
98 7.399521673533142 5.123933318157473 9.820554951214255 3.735663540262608 10.76011102815039 22.667944628576077 3.6775077554189712 1.0843497845436612 4.2811622293812155 12.212706218393697 28.09890229332869 0.5002629685350065 0.1022283970095855 0.41746591639610897
203 7.781884252723471 5.3339783140422625 11.249432769776538 1.7173839350623696 8.36377003671034 26.937044171753993 2.5746193232889016 0.5766084379722093 5.564699317018308 16.224936647960092 34.11560170317922 0.5087217057462134 0.03266485636977137 0.42845176701432297
91 7.97118691855423 5.423370924449864 10.809370662513711 1.8920967940133435 8.349219273796214 26.31952851026515 3.0523102612906627 0.8821197417619246 5.856531254763754 16.08311131564445 33.56024550440321 0.5068922602474919 0.05617237030107331 0.4250334251769841
99 7.073162952655559 5.572679175684168 10.589009706562805 2.4332078399323627 10.11777678746111 24.537930684660786 3.283786616568837 0.3820849799691226 6.070994025530422 13.324616283519136 28.886534175431567 0.5057295956830239 0.06325639838947829 0.4232649472251872
105 7.579979964116855 5.708458402627554 11.303133616756002 1.6866665739975866 8.48851886019057 26.742853338411226 2.572807998810656 0.5984192342288934 5.947985882555733 15.527687515192378 34.15985740901418 0.5081948638527763 0.05113450641875517 0.4260065037618182
115 8.282491975836995 5.344361823990254 10.175309542342324 2.804970844228932 10.063078754824549 24.2517634281843 3.3168706618604142 0.6361803207939238 4.061711540989867 13.243754217310432 30.59720441937316 0.5087101638595909 0.02946837739640983 0.4275346615823744
106 7.5309303587547936 5.799461115881146 11.09576290133189 1.8006045255008376 8.263554907836264 26.791805577252653 2.7906293403041307 0.5851470860896242 6.160777021329373 15.298153273102063 34.594409120575406 0.5091504991637964 0.031130787081965955 0.4278295100379581
107 7.590622257107947 5.656588314381231 11.260411618728382 1.7528036389168948 8.59497530419895 26.336999446401993 2.9787766342496513 0.41657499983125174 6.362344259841209 16.172475789158156 32.75239385877156 0.508984315593317 0.036203381724937256 0.427580944160922
117 7.522855214475592 5.770573202172442 10.45708603655076 2.4449321304076475 9.593877515711497 24.896548702460215 3.3499419965002866 0.6855521130185585 4.958336582845609 12.871023363690993 31.25330910853904 0.5094821145523784 0.03499438196021174 0.4274019217940013
123 7.094777883240697 5.767759770779863 10.890751315633736 2.2820941283211935 9.958527120069006 24.687423286361515 3.2390029285913258 0.5552072455259246 5.540131195592508 12.35948505489979 30.85277212036699 0.508872817416639 0.03869121275319089 0.42659668787788896
116 7.882062366470621 5.672467435015556 11.256541635561966 1.7222758349935865 8.20874655354239 26.645407571499103 3.059954699290449 1.0652396698058337 5.218879693314392 15.649195497145625 34.47092151705045 0.5095958088938121 0.0282974114092991 0.4279840014160005
124 7.250747439599333 5.639127601830975 10.711351949296871 2.4222102184205396 10.388996491814693 24.678055866473244 2.997150121007069 0.6890617860418519 5.280571067334039 12.123169795384912 29.86752500063566 0.5089138264840171 0.035766571573003385 0.42820291673163374
229 7.663066421949876 5.725253744467804 10.984556990700654 1.9577109907807688 8.972270872545229 25.98067206016588 2.8563554190831093 0.9432212938928267 5.7117940076192735 15.260568658118746 32.25555170261456 0.5087421522950925 0.0461651245024209 0.4250801161241816
230 7.340672376386329 5.89421535770984 11.071663579285566 2.1206710105645454 9.933481187932863 26.04529152091148 2.178545525140701 0.5403562000788916 5.4427219961081965 12.315186585308348 32.145217998435676 0.5099883021346949 0.018807417535864655 0.42783996594196066
83 7.48933703569356 5.8013312098866034 11.266547846415417 1.8519036489352776 8.753344768092793 26.176255509131728 2.774468234285742 0.7841055143639737 5.88292534730185 14.839615383049088 33.42809719454356 0.5068534977358709 0.0552525916647539 0.4261780766321209
84 7.903549638572698 5.654217499696789 10.997890096095999 2.1191401996451513 9.760032551026185 25.2791393376193 2.858422778220071 0.5797149942366312 5.2153293442270074 13.750803638567485 31.10624271766993 0.5088550144868176 0.03835579455121526 0.4268490976792048
85 7.957108817581873 5.250286373087624 11.060605578884948 1.8620882011523956 9.229119825143059 25.53821033078878 3.0765901886043503 0.8970286583407122 4.395745666694858 14.94036050237607 32.231214388688706 0.5091554510797808 0.03418878178963727 0.42782778782321246
94 7.448631908553287 5.644061175294884 10.383223405208346 2.9127640136120716 10.394343298935913 24.074713518268343 3.3364375024464374 0.8476740642988932 4.274530100124844 12.302083805289088 28.55109180747969 0.503628725455758 0.08333686641999652 0.42164010871147406
205 7.669565393566348 5.546920510792312 10.633208404153027 2.4328024911232533 10.112587778901363 24.34247553654915 3.4933664575303154 0.739350497997735 4.621269512181621 13.386857559362456 29.204481640793684 0.5062277280044903 0.06577920663584857 0.42402264725311223
204 7.6072346355581795 5.826814413486001 10.85324800461387 2.0794830882831237 9.008659856535367 25.92663742795321 2.92147877974282 0.696524693094795 5.970129255750902 15.14586943411353 31.67256361107309 0.5061762630638228 0.06345889945304903 0.42508833889266406
93 8.015898829581799 5.533690242985441 10.858406527325535 2.103671434710886 9.249772753425207 26.30407764916463 2.515737697929079 0.8959731997447257 4.686547649471019 13.8096794727347 32.62671305891503 0.5084932023308393 0.04690560330294191 0.42594597449204946
95 7.603484824609758 5.514685046664547 11.253822098561988 1.8442920673429535 9.334636815238897 25.69421060743066 2.9113337270154758 0.984090284902321 3.7797919025581894 13.559492147939926 33.222489680288696 0.5085030529118121 0.04239415429981473 0.4269481154129797
100 7.374879099226414 5.906399880983831 11.28412427145122 1.9438098741935563 9.649630183881142 25.40989235196268 2.798968908339385 0.7747467437116204 4.99084064772693 13.02951612727034 32.124141903342796 0.5097948704032265 0.03575360646989281 0.42596358089162545
108 8.127263423408484 5.712625010923872 10.83353209961018 2.0890740031408535 9.164856299467965 26.81221511837519 2.2718217801712712 0.4525032101281914 5.7168077357005345 13.818910316965264 32.77145617715138 0.5095677119189408 0.022966347301363925 0.4283436352816648
109 7.396114374382684 5.672685882224327 10.86162199742877 2.1783497739465667 9.429389478763133 26.107183199282684 2.521776654759878 0.5841138550081881 5.786629780373899 13.24070962012921 32.635941628096305 0.5090763935128373 0.025448576943097368 0.4283443336370398
110 7.8027724393666835 5.6219905598406505 11.252787510145573 1.6936618538612958 8.937394741433723 26.510305181259668 2.6924729915822465 0.9228969548636681 5.183757438766007 15.027806756607083 32.331224349444255 0.509501756866973 0.02723316664492899 0.4284536068502143
119 7.453482442115027 5.929355636277178 10.850738813857056 2.3890112883704147 10.403987649285247 24.625072624057225 2.9173424227705382 0.6847679991756301 4.943747180057397 11.685605655243174 30.57569477232411 0.5097060976515343 0.027148303351151877 0.42808044719749627
118 7.951859827327344 5.740693778871474 11.393293627663002 1.7124328365164143 8.659707345440648 26.139963590599137 2.926502506842136 0.7305828659421184 5.2523656958551594 15.359245023020986 33.91351481063636 0.5099142764573306 0.026165333931561712 0.42823680615420784
120 7.350100937554638 5.612050526223821 10.943600655026101 2.0225526372941656 9.323313316652694 25.935623433601315 2.6836518142279115 0.822112215725357 4.643822430087173 13.716882160972792 32.73202462994773 0.5094761744566093 0.02960302531836938 0.4274356311182923
125 7.711428008468086 5.6415828774395385 10.589327287819051 2.425217832277407 9.90417458719433 25.065055725730357 3.086512411167927 0.9137599980718918 4.979337908160975 13.24960986145705 30.151284611206634 0.5078997623346072 0.04937312186553336 0.4265230247682356
131 7.308741652836179 5.754540764673764 10.888769969874211 2.05510490815465 8.778508916841075 26.304644127611184 2.7427471931245253 0.5867822841345127 6.24486122433877 14.700847694194495 32.811276295671085 0.5092680646790786 0.030681612453538936 0.42805737095178786
132 7.405051055269503 5.859155727707037 10.706043825940156 2.3070925237594646 9.353757319097582 25.117945981615666 3.2800844401134612 0.7903436273164047 5.226464208235718 13.61929974444796 31.24587653987003 0.5074458719629888 0.053656379223311776 0.42568704672459573
133 7.739779304231071 5.621552148709128 11.270166361476303 1.9404558409974073 9.323457094238638 25.304568345291482 3.112135093552103 0.8549702097412064 4.854071199545819 14.476326205987274 32.04723279032382 0.5090092956406717 0.031156950869362907 0.4273983697235065
156 7.670809639037 5.880393096389739 10.934466117778518 2.017735823714718 8.726318167470115 26.39534518838152 2.7572856687327176 0.8292985214300973 5.722138233032685 13.744697916798184 34.050034246279616 0.5075358777365739 0.045114197756412844 0.42693139298262933
158 7.762038534327676 5.620714071790742 11.089459117779565 1.9431760999014815 8.755420217346565 26.21730446213075 2.816912555319498 0.6008888435122169 5.71843397773986 15.217663158051204 33.30222126863271 0.5082758800614567 0.043895176290907986 0.4271894332552149
134 7.8598837145034235 5.5593793235775815 10.781584420349992 2.304324243381513 9.938953938614755 24.796844396417416 3.1599624252475524 0.7459353055910689 4.385021874858429 12.999797981482288 31.10414260568703 0.5097385584343925 0.018197481581042393 0.4279872745560457
141 7.551955939991633 5.7981747216306285 11.107894175065374 1.8942621377943198 8.79551650689184 26.317173498020146 2.821824092732616 0.6034042400439371 5.501012504150267 14.27590694319612 33.650024621908805 0.508691995080027 0.036301219864271726 0.4280890802841178
142 7.187969893643628 5.968144981626873 10.730378092004184 2.258599775493592 9.59806050215543 25.57569811776381 3.03625209469634 0.5199378039658127 6.247646189440394 13.242906992787812 30.229269478718507 0.5080309019050495 0.04813617186455007 0.426776964484255
143 7.705099433341856 5.631662411130464 10.990291164721734 2.150166063400111 9.693551195969583 25.204017038958156 2.991658402602576 0.9740599633013379 4.109191804566674 12.960211926013953 32.30206011919403 0.5083490874383237 0.04490164865773899 0.42633967748231477
166 8.154539959212489 5.635723367660825 11.112180233889994 1.850530413301238 8.450103302826996 26.53875157933868 2.8468136708306484 0.7550226712894006 5.638604610794149 15.732621430496055 33.58014963225329 0.5083834152965033 0.04333895568149917 0.4274132436542695
168 7.549054500974807 5.756570054958501 11.2516782986627 1.8484491848482258 8.67949925896014 26.56213670257179 2.615816818028825 0.3723610817310815 6.300314946693856 15.483272818174411 33.56627468311802 0.5092427245612745 0.0371141902579799 0.42710189356535905
144 7.812922030778224 5.356236634135891 10.66571391520317 2.2218643739653268 8.975683272835054 25.40110259820382 3.2866213495615413 0.9543872119901372 4.3638258711882045 14.29381131877461 33.12114508400073 0.5064684796932621 0.06397816520751354 0.4240789240249686
157 7.234868684175225 5.915663633325575 11.01445526722125 1.9451019367086202 8.78922653512525 26.064639152457328 2.9866744631427267 0.525606364717937 6.448721643498944 14.076831342670145 33.290311932198016 0.5100569063202032 0.025329024351037826 0.4281266017945818
176 7.951238378560519 5.8255261984897375 10.823156415491942 2.075964044090948 8.892769376308648 25.910276827444335 2.9873642641195888 0.6149691737333979 5.6910231596670355 14.457077773156438 32.8283218170894 0.5094280167448001 0.030032008581089602 0.4266325054644935
177 7.725676940054849 5.377361592329273 10.82516470146145 2.2713925002680724 9.446209173976296 25.45340414914734 2.940633774787315 0.6985648963774587 5.30931068180705 14.215368129188212 31.847495127722073 0.5070445774744692 0.05947665586267734 0.42534247072493236
169 7.693349480861355 5.527141780746244 10.611917542245338 2.308095391249023 9.790047684139223 25.0000496337628 3.011114912494238 0.9774808577900187 4.523028195978793 13.066091255773163 31.274086534378622 0.5076287356476352 0.05482735660183316 0.4254548741614044
159 7.698964353550654 5.550982722801352 10.754962798743929 2.2009363804750692 9.372337300777154 25.41119188676162 3.1016315325695367 0.8669581495663277 5.085734575214236 14.165103204124035 31.82391353999542 0.5081840632555251 0.0469517171758528 0.42638679198714086
182 7.544679939386926 5.641845119503486 11.029510773915675 1.9237553964200973 8.707103401697816 26.471969110460382 2.6668046774221654 0.5817507331289228 5.714369695281643 15.200266667669386 33.82545775579577 0.5094893288971237 0.02903109836437336 0.42862702724264373
181 7.770064576489496 5.746445106207468 10.869947763896318 1.962112695864368 8.190088151567963 26.58632593845014 3.0620486445032737 0.8219756178297296 5.604534270424104 15.536033697446648 33.664357369965344 0.5081370879628718 0.04654045390719086 0.4266279960560324
167 7.563146088534086 5.693739915130242 10.582008190822116 2.444523676176607 10.228779764930636 25.146990332132603 2.8545358195927197 0.4888924829492865 5.673553944832527 12.58628355915724 29.825876806967155 0.5093849341295397 0.03495662599571363 0.42699438279917024
191 7.599017823925337 5.431284537475056 10.27572151558065 2.694915124191188 9.724894132591208 24.75672420997794 3.2972221692502544 0.89122875129582 5.1443018212589084 13.099836827896347 30.65904657604537 0.5059684661729248 0.06728434184133376 0.42433115672212873
192 7.7485722692055 5.352100525577285 11.111671546507774 1.9521940770058155 9.282489597787619 25.1841416356186 3.215200018910203 0.7581063161649461 4.700649613061887 14.825216131866783 32.38833391739473 0.5099263749905795 0.025682221372317217 0.4285082155294345
196 7.4070790980443935 5.708472635773974 10.737616136320215 2.3296124667016302 9.887213967605156 24.996018135402213 2.983896195840874 0.6840108335664082 5.62149734222362 13.455603967350038 30.477249278865855 0.5078088792556196 0.05698924054305653 0.4244446956801441
197 7.49360098739266 5.731255630228644 11.034705118458218 2.187317397712309 10.09066308214608 25.09114171265232 2.8690424921568893 0.8209404755183245 4.580943897931527 12.452114438962619 31.283371509536572 0.5095705485847762 0.03132710123272678 0.427681854418269
135 8.010828441802476 5.522418538993847 10.946847027297764 2.1059987431122917 9.591698867680359 25.801279070614914 2.601314303426915 0.7338912741856357 4.576330954002049 13.520986888489864 32.194074622852206 0.5098128698993867 0.02772060901875066 0.4275948615615062
160 7.742091778656169 5.809133050215052 10.96238795960932 2.06719727950606 9.427998413384085 25.32395912676518 2.977423513999385 0.9050466093065807 5.004392247407056 14.268303671215387 31.570312542384748 0.5062504226448297 0.0667171063076507 0.4236160913507628
184 6.875689082766282 5.687103268327341 11.166956829502967 2.0246371843610786 9.364943659512146 26.094851370396714 2.653584748165811 0.3877037806757314 6.018282118668602 13.927176556143632 31.827577536530416 0.5083438709437751 0.04734849907553082 0.4261648763758241
136 7.191188839988867 5.926753516517114 10.862666246450603 2.1509543140983234 9.811104656765307 26.09957819521553 2.3673279125606523 0.4113344725363124 6.089416465817077 12.989627603910302 30.73139609773344 0.5083166706081944 0.04804799571775597 0.4264738115383177
137 7.519349289478662 5.476147150978602 10.987542418232179 2.3002372060442746 10.162395267557965 24.46968887398129 3.207016534279691 0.5656297355732423 5.0091210206506585 14.59334202671479 28.85080976577767 0.5054543799135899 0.07213153661983768 0.4234418275470715
162 7.595821908229748 5.489210199740957 10.876515062280664 2.1913705871383784 9.88085918417092 25.720260449180994 2.504534711190893 0.7480984945560325 4.329056219187766 12.931121502334504 31.86063249444459 0.5094560228766273 0.0326769461414682 0.42699384050856504
171 7.602882368048296 5.678114192866946 11.291799712538738 1.7184202596680411 8.815338514133122 26.65909378149507 2.5139114884977354 0.5597016793425968 5.87288397746712 14.539507920293069 33.91380783653662 0.5097015410277385 0.0235399836915574 0.42790391230007613
145 7.746682724957445 5.545963383682567 11.063599095542697 1.9153391113502705 9.15357333223237 25.71546922886811 3.096332177323391 0.7145743873152283 4.51673426255871 14.033790412307647 32.87738699589206 0.5098325791970876 0.01979509859444904 0.4287396081273997
170 7.395954396368379 5.848814998852566 10.862774100678811 2.373743950823618 10.063564997208275 25.240106389029815 2.6936424280428723 0.7406366093956182 5.000894882766719 12.371548846074012 31.0132497818859 0.5068939369897983 0.05728171013347718 0.4258360260196336
146 7.917275599432243 5.559775909265797 10.690569427470809 2.5291988896780073 9.98467418009208 24.850402197904508 2.9647921187650086 0.9009117563000526 4.48242294670462 13.524537465954735 30.31652848827396 0.50492442852776 0.07967722196235212 0.4205780005603687
147 7.474316205921389 5.656236256339653 11.027801810112058 1.8530391053747768 8.821803717525055 25.806392749334737 3.2444475486594073 1.0125702370900211 4.5473889147554925 14.603321408886927 32.96950192239694 0.5076976809239975 0.04630961077285553 0.42626736524009945
172 7.17803427979773 5.684179446276986 10.792316996462848 2.138828918528291 9.766852478114396 25.51049745303909 2.8204218413153903 0.5882776246806899 5.390205101115317 13.208542952283304 30.585910572813347 0.5082710075450694 0.045886234043299404 0.42653725495244255
183 7.692603209810161 5.715929805044601 11.191248931297372 2.10212730708528 10.136166466333592 24.798941250943933 2.9543159415386544 0.7580433596308908 4.096923510249534 13.00575314603791 30.888298947626435 0.5096388093307487 0.03204332508605237 0.4277764488547167
178 7.639903967147776 5.55627540105748 10.855923079168285 2.3597156708775047 10.089059838358333 24.785959918217696 2.908420035761114 0.586580322662089 4.848036924354208 13.564992693501523 30.469940610572074 0.5073013752474158 0.06257912891542565 0.42431758410491194
161 7.620604529429322 5.7464205547096885 10.938671928622542 2.2407064368263376 10.018547487307195 25.73118014374662 2.392292408812394 0.8332377834851609 4.744441915045201 12.847774147437374 31.139271936285738 0.5076257977647509 0.05021129675814583 0.426408423340137
179 7.400996986804435 5.6489292904323145 11.066877792766483 2.001115784121853 9.828058574616534 25.380178757572605 2.7079070909774616 0.8551824173130625 4.546674129232221 13.124512733803227 31.77859949061317 0.5071391195308625 0.050414142804388426 0.42590868468162923
193 7.734036334748841 5.568015134285032 11.218831756608186 2.1347824564059943 9.895169925047853 25.211931293371325 2.8300871469640336 1.0492612539880741 3.883147815899471 13.490504680348542 31.340606375473122 0.5085485352609646 0.047874492854266947 0.4268015688592464
198 7.428330787820203 5.5980651179348735 10.51150482385284 2.275398520639866 9.715342467516626 25.37576135320498 3.030044829176263 0.6864754522165623 5.2088063121841675 13.114316695940408 30.511721782439245 0.5075240539838424 0.05441470231969572 0.4260330376329405
185 7.353386842595143 5.828212302971289 10.812448063790612 1.9240025322764511 8.336042422220856 27.18759128631121 2.43405819915611 0.442426473775204 6.80715255538768 15.025465184103684 33.91476640682861 0.5073952079321 0.05227534433790376 0.4257077635333238
175 7.23992366300374 5.690751973950963 10.314590343675334 2.798080788164795 10.085665752845335 24.18068954185505 3.5022508607631506 0.6788327284185294 5.009253322013514 12.017933343956136 30.429076189996373 0.5059769878588007 0.06676182014352626 0.4241785535978251
173 7.68185750720816 5.4052911294072015 10.760847691614035 2.3703750722215777 9.832826461238126 24.729123932944255 3.214754614578612 0.6746651882499737 4.644577686287566 13.838121307896577 30.64292324435015 0.507214423823788 0.048172427747523235 0.42647911606365874
138 7.441890800006312 5.688267356240597 11.304367369210679 1.9033104149014828 9.409862711627362 25.115546710747967 3.2975087368060825 0.6929824617768268 4.8350971449054265 14.23507627682021 31.70233716068676 0.5096412675404759 0.02630101419356576 0.42809938395943903
139 7.321415874177205 5.911957836125996 11.045493725907752 2.069411959425017 9.300403502686855 25.691904669014267 2.7822135242373895 0.955598745427554 5.8461746481302646 13.776797462449748 32.350696838126076 0.5080007169484719 0.04619677674011012 0.4267048459071489
140 7.704899215117477 5.752646791526513 10.211949903357935 2.7328871315769754 9.854223210842326 24.901594845842325 3.1752831485542883 0.4693377286555366 5.23470820549307 12.78835786734948 29.867262398026263 0.5055627507132123 0.06492379102006592 0.42537846590565187
164 7.336233014999493 5.833818363686697 9.82617111265928 2.808791272079594 10.266405393011746 24.111851256647732 3.510647713054866 0.9516574845105625 4.8477192137581016 12.223676353122693 28.290885524412833 0.5034747672452006 0.0832260216482821 0.4217258109082808
148 7.576659075171015 5.5135786128318385 10.168699959986151 2.8380453056888078 10.178565797808249 24.468490442070905 3.2484519351098635 0.8549525912234415 4.517512339955309 12.376827626651682 29.642850188269822 0.5062020611089563 0.06793810101409734 0.4231427971542825
149 8.26625637516884 5.40327658176858 10.885096239212462 2.070254452517182 9.117099687236768 25.884307908786678 2.8952174516172495 0.4799554444145836 5.093086368608688 14.907149812892655 32.54494978320831 0.5087855533937563 0.03827309881353754 0.42711135584360543
150 7.17524118891931 5.861056253967258 10.746276065840187 2.2867109423178236 9.664260555247553 24.946396306461 3.248961836548081 1.0088144343625354 4.9765979165453595 11.463360766178702 32.44784813369974 0.5078571568541468 0.04351500010212476 0.4275264818635649
174 7.860874375095225 5.7229021772199085 10.833431897807587 1.877132590095445 8.5677710191866 26.303889996904772 2.9239801277422357 0.7164152616042476 5.460675473196847 15.293209827245636 33.02534685069966 0.5083675074278019 0.045146164368541936 0.4267637274511657
163 7.131328973861966 5.699373773289294 11.26002394067313 1.9295321134143502 9.130644214775893 25.366832515444322 3.289822789042017 0.5608000363386839 5.672361557658118 15.305779215079106 31.152009383986204 0.5080664751003059 0.04624231435059654 0.42622151310574374
165 7.561601016691197 5.862042167648563 10.156028571495844 2.6936922695237846 9.778254536332343 25.345527415730636 2.867799332271449 0.794849735932968 4.57110569476993 10.969092023656058 32.201578337217235 0.5095485505107924 0.026152027547905483 0.4277377524721158
180 7.810270786132557 5.591724129414922 10.286559933619431 2.472148612393849 9.460440099159417 24.87953983935878 3.37784588532663 0.6027403344250797 5.53633374662542 15.168572172683323 29.303162997996097 0.5058272236018889 0.07130402802814956 0.4226736148262306
194 7.7370722366711115 5.6733592292261585 10.678950985678545 2.2343952043778796 9.408660166025067 25.6613490971132 2.75497215247723 0.5547246253976258 5.61489580502424 14.563577033411324 31.61960897216513 0.5069663378383789 0.05035751191896574 0.4261478211665966
195 7.455449036002896 5.686831814446913 10.902194235384117 2.0580207057093425 8.890384732845703 25.180017058254233 3.5819278928767564 0.5577267916022407 5.877451301766899 14.202753686968505 32.519938520982414 0.5093501298232708 0.02241132003223781 0.4286298550253084
199 7.8668720279249555 5.61485285502335 10.823500896301221 2.1824368453003995 9.470641154677011 25.657824501621015 2.7822200470195035 0.8950373852788294 4.897392024850285 13.55499221716878 32.17334679076635 0.5096454795161006 0.023981351953085685 0.42816241428912943
200 7.459829165333888 5.797945870098868 10.481196431571155 2.688241930683628 9.957295790437248 24.573089211792354 3.2200440444577096 1.0657058901314176 5.048374139924437 12.42824448207367 30.17880820522635 0.5062061159721251 0.0652950436327598 0.42454712920229876
206 7.332964655671509 5.919206566939189 10.721169631244939 2.1166067243492064 8.96959804131631 25.840619855552053 3.183532398440092 1.058065324490943 4.989175541831889 12.626572283040217 32.83711410997307 0.5083528987553733 0.048477700152263076 0.42596226549505856
207 7.657411509871813 5.885827668253174 10.992093380467947 1.9121954773818073 9.005273702806262 26.19336213166 2.7768117492914937 0.7629159578545995 5.488659097204864 13.972174256615386 32.79621049117614 0.5089398997660248 0.04227073042050974 0.42657324746060515
208 7.2617361247127885 6.034931198445713 11.265024344653511 1.9422705835602447 9.602513046745406 25.564103955909207 2.8239160218230057 0.6410842845433832 5.854501738552132 13.088543904543798 31.695642700043024 0.5089656328579607 0.0334658268407486 0.4280720794708038
209 7.78464973728707 5.567616484541425 10.81984624385258 2.1627247168764065 9.460143936309828 26.23527970532745 2.3725427305804345 0.6716188338702885 5.382614752139047 13.544587642818778 32.681938420265496 0.5092347124982428 0.03372489539740689 0.4273114081984384
244 7.575934849693856 5.655767626756644 11.168472654231069 1.9985799749776318 9.694899314759386 25.40897246663599 2.921825437471716 0.6945865821449073 4.837091203522529 13.402916346446636 31.73850409813235 0.5092521957062669 0.03745707262468178 0.42749259359472047
243 7.480848630824853 5.643508877588041 10.924036911410308 2.1292932826913957 9.830694225103722 25.528025416223365 2.7034802350438736 0.7635237878921434 4.842431522633908 12.82394152216197 31.55924822384946 0.5076549635650607 0.0527077705859878 0.42548489291302266
242 7.6908420927074275 5.460013883942413 10.495656779720397 2.3695130860613163 9.922448237934688 24.95659544448426 2.9675546386362437 0.9396289695747033 4.3290602226884225 13.72418410550448 30.304090753351552 0.5064198441209791 0.0644788962661335 0.4241819911118547
234 7.3681948360941325 5.851109310550285 11.3077377039778 2.062739100313309 9.76552307534457 24.82620366705112 3.252546143096527 1.388648910248609 4.025557159145008 12.485240568830356 31.622923216673783 0.5083962458471534 0.04780716450060111 0.4266426693028171
241 7.169722813929863 5.889380064382633 11.336622540670541 1.7555380556981421 9.067096283780701 25.9841502115249 2.868687827932765 0.4512136549100029 6.297780258276072 14.456608782787177 32.51958541737236 0.5090929866465274 0.03290514265092036 0.4283911449128027
216 8.115023179886567 5.671635634765593 10.691633378453973 2.3667932578544324 9.684277271017834 25.531812590483252 2.7082834047290962 0.6041661836541911 5.536765825356291 13.790998920884617 31.188365495322866 0.508383430543095 0.03674401921647963 0.42745137744406353
217 7.51799560824496 5.468913226584496 11.145694600933602 1.7546714571048871 8.793345046251883 26.550439926438855 2.708531093479559 0.6135315646182106 5.554299314124153 15.293979775091236 33.10207850030042 0.5082557301164831 0.04679046699334507 0.42543440937104154
218 7.4810369425603565 5.728387138406517 11.050873347208288 1.9668579817615706 8.917078574746947 26.31221901392748 2.6420517773868957 0.5950655228294733 5.927207031579996 15.081640885108865 32.777057076691186 0.5093802454650864 0.030266370585772008 0.42790494898612963
233 7.523097146506506 5.761459541809599 10.674275069411408 2.4020193006759323 9.999600901902193 25.123309067193485 2.8517102960980463 0.7012643851314749 4.957989683608165 12.688958912936561 30.65878868332851 0.5089826411281755 0.04011746771154336 0.4268682325155418
219 7.301364214955171 5.797066367141192 10.79494560733601 2.2129819783753653 9.847225824930087 25.51483971131135 2.649410547183706 0.6590925869304394 5.45437279076836 13.03388645841222 31.0666188416781 0.5087185910475283 0.03972470906169182 0.42721129272071706
232 7.946439875875588 5.45890048886883 10.759031443876562 2.242793617920417 9.549089202984588 25.734004503073443 2.8092388063557197 0.4149592581010747 5.128419905474016 14.210125757979108 31.52202449884519 0.5098893336645611 0.026836508966802668 0.4275793870400509
231 7.759533934255289 5.602144037482861 10.76397013758724 2.141767445143086 9.181006828484382 25.844633313027135 2.851939691096881 0.6749180936070147 4.833104866778992 13.903043429153389 32.79583829440734 0.5100678013519031 0.010590188207065754 0.4289789575687019
236 7.386052667338617 5.674520681091972 11.006659879559288 2.1174368271088793 9.804517551261549 25.27376583689197 2.8293492289971827 0.4857194893432077 5.259327257979056 13.78537685416601 31.114674451350965 0.5089173462175229 0.0405101235544461 0.4264892093196757
237 7.209281246792063 5.746939315539514 11.226674846980838 1.9253812479901646 9.45769416061631 25.789732751945255 2.724201333321504 0.7236247682622595 5.458733495215564 13.182137574117997 32.76634195425691 0.5095352069058182 0.023388359941040836 0.4288816366968073
247 7.826636597710632 5.418599362179219 10.906336342320452 2.096427006148909 9.307602762947914 26.366185499844125 2.4800587785065358 0.7485255376083889 4.561726351599564 13.506736282526001 33.193073275870105 0.5097447645586043 0.026335957181391572 0.4281993481577619
210 7.949980094099414 5.241375217313199 10.951308722830316 2.4032064058279277 10.546618426540237 23.98344672189593 3.3276892850958886 0.8769647253843065 3.621649065566051 12.481621054680565 30.82989280222813 0.5086536864570198 0.04640163097538892 0.4259249076896454
246 7.648651069388222 5.596228657400162 11.12367047029494 2.1123307346976175 10.005278669882253 25.35200299255897 2.613312021476349 0.4841398652877108 5.374190268287746 13.706945887156815 31.081549239210847 0.5093576939446932 0.03448293740020885 0.42738156379210307
245 7.894839785223295 5.569587718950805 11.124667699330857 2.0076484749239567 9.654366703643596 25.06585051385843 3.1062513938390643 0.7444692224786063 4.452605353721323 14.201858581606686 31.46074146812037 0.5083862499508024 0.04545810671685408 0.4269571274822118
235 7.521895491929729 5.750459656517322 10.69991587956539 2.307988481001185 10.091588710525214 24.940608856022198 2.997538699765051 0.5826818282796933 4.993781417983631 12.63415793069525 30.383842198466343 0.506355629518471 0.06324354090764393 0.4248249240126415
211 7.897561157476283 5.495174581685507 11.083851614077336 2.3639905713781664 9.964095895355584 24.79444037472247 3.082119109565659 1.020336166403331 3.85158409749313 13.352720882169839 30.99872510038997 0.5069040226653149 0.05897864059319843 0.4253243260541969
212 7.443419505009803 5.459518408281186 10.010363677739566 2.7131249669217916 10.282672555096655 24.742558241097935 2.917741496733353 0.6614706889167529 5.275690731913184 12.775506206115372 29.08926397576563 0.5062724814257318 0.06485702618173378 0.42490745921009165
220 7.820361605830392 5.5483034809907235 11.122258447982846 2.046031268578522 9.543668994739031 25.77027064180856 2.6567784320376364 0.9946289231802442 4.431952329672419 13.689728190693215 32.6381087022284 0.5097231577286284 0.027333774765227314 0.42833006526111705
221 7.412733991061067 5.555829994729839 11.060240937720991 2.149096910891279 9.935823484715813 25.454625095114586 2.6333606899237982 0.6136782343549232 5.151837974963495 12.67730778080614 31.969614117669863 0.5096060140787361 0.03237876492740429 0.42744741623504123
222 7.5750744151303895 5.628397360453944 10.984777933476527 2.040655044222272 9.447701249978383 25.40647232424214 3.004221818969577 1.2733482106486085 4.940828436096488 13.600405831977417 32.10766813412079 0.5071715375832541 0.05772813345269655 0.4249590986500297
250 7.854854812081036 5.440070293942393 10.406342215676336 2.4238708865799823 9.360220727708878 25.562671002015843 3.024729882998562 0.966029938652613 5.290948189435505 14.361904749558347 31.15516590570261 0.5064152356652327 0.05691299377103234 0.4256768366158656
249 7.935066662569658 5.656905640383702 10.899119960642503 2.0617209448920177 9.301777911308514 25.457381534867157 3.080038961700151 0.739088824050622 5.187644825743735 14.297541354773701 31.743440745419928 0.5088537765701273 0.0368873572402108 0.4281374375547539
248 7.21590868446561 5.851354015832321 11.087132997398673 1.8925658970312915 8.95127477614019 25.912279157671254 3.1374882940696844 0.6715095132008311 5.780809795415859 14.118256060347726 32.43444278464442 0.5063620855505893 0.06622335110789565 0.42430261251510304
238 7.6637384478672335 5.526458631167811 11.005671212049611 2.114801321281814 9.690975889986905 25.604260771053713 2.7091504346024418 0.6298186894376063 4.940576361387071 12.935018927174356 32.53791244277931 0.5097459635517384 0.02361607790484405 0.42860580596277975
213 7.9221220690845415 5.825213885819452 10.43764416785008 2.506839525819347 9.97278549643795 25.296275342326403 2.74946854982868 0.808851715324119 4.608615779699601 12.152247896909785 31.069514304388946 0.5084910004231222 0.04300332330839286 0.4274108796960282
214 7.947498132555519 5.514078486260853 10.181682338248397 2.55070722961594 8.962518075087932 25.034302126803595 3.5845027022034714 0.8587349702005479 4.8428809180376895 14.638967557995759 31.966582614576087 0.5070234003484969 0.059030840622710856 0.4239574003253187
215 7.7504392129378665 5.986108058601724 10.8675515123371 2.113465444491478 9.095282842413768 25.593594561685382 3.039661536463533 0.6707577346499863 5.489545338771526 13.468324690831155 32.886789533527704 0.5092997499316572 0.03192249083835599 0.4268390767937476
239 7.866086848040226 5.8615877619093295 10.993394856458066 2.0155385632107947 9.226325066431578 25.851253840263627 2.9794827253808003 0.8919933423716702 5.194256770873038 13.455757500144628 32.33656436788957 0.5093118651820125 0.03404290260293395 0.4274065809117626
223 7.282052555040748 5.852348665700867 11.166419026114253 1.8904827543199294 8.832420733475942 26.122826097834412 2.8848445658132653 0.4712508350199077 6.089042751064888 14.371883840030115 33.47668060676638 0.5100100253254565 0.021361974376147952 0.4281943470283024
240 7.451371807903088 5.752206165814844 10.731373675578777 2.203874029217507 9.016871908093023 25.385450050593825 3.282846747960562 0.583640185804113 5.706605714351415 14.456065195872124 31.931402348313643 0.5078970258382479 0.053421432539686765 0.42526718347588827
224 7.592522761161689 5.971372655007817 11.104513554978992 1.9540930143942512 8.870860394552048 25.848287390243588 3.0000357202568577 0.7370076489717339 5.514249821506632 13.951655227182297 33.28077535752024 0.5085073796250451 0.04771325377019532 0.426260601669904
225 7.864459611244387 5.25208288413268 10.232474432555884 2.4715611572964638 9.195662380862563 25.18130979905286 3.395123024481565 1.0307166679030113 4.254947601431658 13.9922302788478 31.99452475191909 0.5071229479643085 0.055503044266374486 0.42623031537965833
