# timestep 8850
# phase bcc
# id f1 f2 f3 f4 f5 f6 f7 f8 f9 f10 f11 f12 f13 f14
1 7.582553598660228 5.43227034172349 10.573600241857473 2.5080200634284595 10.135178859026555 24.461492186450847 3.250227777639223 0.7585506307582989 5.482014212848689 13.680016177943676 29.07455025777114 0.5044338980992672 0.07966263027815865 0.4215644704733324
2 7.725697443661599 5.787336096437175 11.181554860028871 1.9047905057628025 9.294574544442021 25.642759076251615 2.944949151532633 0.8436702764602001 4.910481225972878 14.037778952685228 32.19770677154042 0.5086696165107042 0.03869801918050835 0.42773176241197536
3 7.563463127842701 5.70097364555753 11.109906631605167 2.025107482752528 9.580054673383268 25.772553138662985 2.614351006234533 0.6380331069909999 5.730286744770823 13.526269669265247 32.26385595951064 0.5093438938583604 0.03556315891303512 0.42711442249209125
11 7.513493958409951 5.168555268652252 10.52708376796433 2.3440445949653808 9.794823016938526 24.885554004398077 3.1920140418244176 0.9054886124374307 4.9739191613669185 13.503328106504354 30.421077341168356 0.5032483921931038 0.08703159882240143 0.42038279871294143
13 7.734370523694077 5.619464895710557 10.902674955387644 2.054103660750991 9.286138870204148 25.969599882612844 2.6537211080891936 0.8172070340936445 5.13415628086741 13.651097427190658 33.086437747684485 0.5098957833294224 0.030309280807212458 0.42782759321616837
26 7.256405131318311 5.862920364265353 10.611180679389259 2.449826641719068 9.57367559186243 25.33050330690043 2.961653431600364 0.8217430553362703 5.302292340755094 12.46502177635534 32.146583219621775 0.508725020145141 0.03678242521322122 0.4276164854885236
28 7.549516223047846 5.7141212568442405 11.29886185223841 1.860357934686439 9.280511906143676 25.341406638202596 3.3602867579181868 0.6124730181122238 5.2608327442517115 14.058592317401253 32.05936221882734 0.5098004653381817 0.027873569006079544 0.42780398698520977
36 7.6016190193554865 5.4657819236912015 11.108541735389517 2.0799259603247826 9.835728086379854 25.180457171472433 2.940271845867806 0.9765149369115168 4.280236587703061 12.596245517575483 32.32607997919833 0.5087146937691013 0.037569184494678595 0.42685027858002716
38 7.779671306744247 5.420356858383393 10.325058043642192 2.603102775837091 9.874609550224413 25.01315221149392 3.0383039574638175 0.8830099290182004 3.8188269792494345 12.280940585901295 31.399534105481933 0.5084284819320661 0.05188374875987519 0.42591106796528166
4 7.63141785818953 5.759365144610579 10.884228161040221 2.228988006811495 9.584321089346474 25.89675576192368 2.635138240441164 0.5927572271326982 5.363721069735606 13.330099743815262 31.799552325928385 0.5087244936110842 0.04095035904481885 0.427824320629415
12 7.663953222128648 5.7087273333581905 11.248978295250271 1.975775877613101 9.914976064053212 25.143962682515426 2.877654148901776 0.5081802471561236 4.918685323963252 13.557728889681814 30.879215756054972 0.5092630424571557 0.0350184960046519 0.4277003025160473
21 7.51020850314717 5.739024849270823 11.169422164041391 1.9535507617003123 9.15555059917538 26.004691131982895 2.7278458088660864 0.7428693811057174 5.500914249121071 14.395880968846019 32.79089080331543 0.5083335073873598 0.042925340045661786 0.4267131567070683
22 7.748465606275069 5.601334763472697 11.067763211236212 1.9858041051667419 9.373372453028932 25.76450537898865 2.7822592501273853 0.7777080853151105 4.770338403117323 13.460790930866436 32.892639889655825 0.5098194911479058 0.0251342411039722 0.42852464510927113
46 7.82289294798179 5.558396029752115 10.77811269349047 2.3093916671000985 9.548397320479932 25.33647026245182 2.940874671044576 0.9439718520733185 4.3346737361014664 13.487724096243372 32.086959156521395 0.5082306315306997 0.044177142533736655 0.42706198443501703
47 7.4672553030845155 5.49283991962006 10.83930973939431 2.224503911928297 9.542804686884246 24.83142859555384 3.41855091558961 0.782520154344432 5.069987377873037 14.10290835105067 31.04611098387085 0.5074716507406464 0.05222998094264376 0.42598525228438117
14 7.4766239999394735 5.640080253285501 11.311226649746416 1.7735089682852756 8.638590549557426 25.925013464086657 3.066287645397367 0.8386330518389432 5.590452863377736 15.619470008893346 33.77124864707928 0.5082431551197416 0.05062346694745203 0.42594506946754807
27 7.822112496491606 5.657172576042372 11.226721914820201 1.9076076694871833 9.34002598713283 25.556419365028024 2.951079643152535 0.8055116427834322 4.9436777966534375 14.16205247193949 32.43252996994111 0.5069874182471888 0.058364052406256625 0.4248816808174132
51 7.577607566503018 5.791950430871866 10.59932466264775 2.386221512963049 10.016031465673901 25.438780303176223 2.6181017801738067 0.49934394810355903 5.719498765295389 12.34322829552979 30.560578281011832 0.5094482331948831 0.03234521933357849 0.42750241359000324
52 7.308348041554896 5.650149289918078 10.416770888343272 2.6227296677061562 10.363510884454387 24.52780066223403 3.2082762559078017 0.9480306545749457 4.358661144256526 11.639000297134464 29.824094174786463 0.5076100076215094 0.05648773892829681 0.4247100640828853
56 7.785632377168071 5.656325425623989 11.224154047935826 2.010444187442928 10.06984452063332 24.929722379078505 2.9251600050213673 0.42339318827920974 5.287815042276492 14.500184137239113 29.8970472835073 0.5094720852788898 0.03100297646539831 0.42766188765245305
57 7.645870723195566 5.766588781713309 10.714368960186052 2.2057842955992526 9.723474305265157 25.216432872077092 2.9461455205735922 0.7185195955678079 5.023502278924713 13.474375387931826 31.115551564460603 0.5075324814553341 0.054174846921393384 0.4245606071042366
29 7.535368366215122 5.7641309385650406 11.27274734645607 1.8359547860582597 9.158069379733185 26.050900054439264 2.75304293573418 0.6165577476864652 5.421102196974873 14.07202239572055 32.732673936105314 0.5097040273878108 0.018516341817935225 0.42866019257093874
37 7.553495961699396 5.630599574211154 11.109207923287665 2.03472492364125 9.134204654971352 25.898345168483818 2.8369771178607213 1.0111781778850066 4.002895193362638 12.885467119894402 34.55781132017871 0.5087470683504197 0.04195767919737017 0.4269978624003302
61 7.807148305932855 5.74189928039518 11.004663569222288 2.0821142677090343 9.632814713256451 25.666776583483934 2.6653200249365585 0.5259776362153972 5.0959225416325395 13.434288062050573 31.924189814668043 0.5098089113397967 0.029185144435768962 0.4275148730073869
62 7.529194203121073 5.779027030805723 11.125514867904618 1.9479753121332266 9.323612100730653 26.030578368626166 2.6288887774499523 0.6386740828370293 5.350352492654804 13.285272254471746 33.12262977445268 0.5094667343373338 0.030146587365729116 0.4278669674275811
39 7.786739090771205 5.603525742670932 10.809096540496979 2.1540270272099105 9.320865967070917 26.000543036574474 2.7005235120337514 0.6994531883174837 5.464283724426813 13.953003916067715 32.26968593913383 0.5085584437168221 0.0402501599722527 0.42725318855305544
126 7.490295979696564 5.66760851219664 10.406225168243845 2.371469412668143 9.265862508459499 25.902846421320653 2.74458585426992 0.8106523970618483 5.208246483195959 13.518207631253421 31.94311382851688 0.5080089210326433 0.05302928095980492 0.42521268048259736
127 7.752268442051421 5.567094778238987 10.712440513237508 2.2146551175129057 9.68909578728439 25.50277454910837 2.726867498557202 0.8668210100811489 5.088508923964096 13.998746189250378 30.981657368948056 0.5060025234926506 0.06577176638240151 0.4235015901694893
151 7.7867074892876404 5.812864258301957 11.015019367271236 2.065605959239831 9.584236785330605 24.918255071763753 3.232377573486363 0.5508867434042162 5.34168488459437 14.430024022550718 30.43032608627597 0.5075823541877112 0.053376123672727455 0.4250362152126604
152 7.744857062378793 5.578898930606722 11.301016392282248 1.9270498749338552 9.415930814923268 25.664710732701902 2.8392498578890843 0.7804884712778495 4.505939277510558 14.14033457088573 32.4115817577278 0.5095535777276089 0.020243251555733744 0.42858767461112107
66 7.717284651051388 5.46862618324825 10.998473700395435 2.0957802982230707 9.640812768712944 25.040275842363403 3.191943177108109 0.7836474931243977 4.2425840248959785 14.132391144585048 31.011731142354964 0.5078659367607281 0.05623808343279664 0.4248897597170339
67 7.336626809864633 5.654676171002065 11.083504243027852 1.9507268691491877 9.15225637080165 26.269911661051133 2.598830019880103 0.8460484605281364 5.064172017007455 13.799012877946515 33.053754846978045 0.5087728635951017 0.03747500590864772 0.4267292386090493
71 7.627277782953117 5.58615951449335 10.845134369699009 2.0861119790724687 9.196332531656747 25.749337493301358 3.077431372694292 0.7479772177729935 5.09792419218432 14.352342049432117 31.883303655138647 0.5081404292025743 0.05235971134604316 0.4255146002736272
72 7.785362011429026 5.540202841365992 10.96605399795897 2.2556774442789314 9.947362804644952 25.312854944546523 2.771051045393991 0.46021361988327597 5.612537645384627 13.525835503451324 30.771170556464227 0.5065448329397645 0.06323565094488995 0.42356044830912853
187 7.321745975899588 5.698962926788167 10.915902281892405 2.1454512556883136 9.477187355389225 25.950147201323713 2.545517631146095 0.6646526689629982 5.053445218454867 13.28662712885812 32.747704958818886 0.5096726080374502 0.02967480371148268 0.4280391454862996
186 7.750150797764408 5.766057397609488 11.279542828950339 1.875325872393793 9.236846412394451 26.07366743947384 2.6201444994815803 0.713292329051455 5.394272355575867 13.949727152512223 33.113560964448055 0.5093532637359494 0.033474870461209866 0.42742110853275767
5 7.989681751066047 5.2241000152575126 10.400152562537674 2.4341556616254905 9.85259561243226 25.128802989168364 2.985959487343768 1.1321248580861054 4.894769369816222 13.452910734532539 30.75268985706878 0.502886924468034 0.08886645403007735 0.4208318842729293
15 7.333865561792194 5.759947773049622 11.304331732162895 1.7202124631695284 8.412658270739481 26.841582030859122 2.561647688400111 0.45824149703687633 6.67622350237226 16.013699127493858 34.043313265592495 0.5095595287937148 0.034566308071515006 0.4271476756942081
30 8.092643625433045 5.5604984205923325 10.840006313227159 2.105766781577048 9.182212830413171 25.88570272815249 2.877180224016051 0.7397623087199283 5.189483980445163 14.367985421740588 32.39819017084233 0.5089267754238069 0.038534891935317034 0.4266809538862144
40 7.608585379382544 5.803848976309874 10.828055436874031 2.1149981624992984 9.083068179744952 26.050484518737136 2.641757502394011 0.4772362209979137 6.247293824201755 14.865169292869622 32.330453325557045 0.5079779663990776 0.05492661278781629 0.42534344178972944
6 7.051931751314304 5.896072837685602 10.96376746673753 2.0087318228260678 9.186855421036697 26.12642682155894 2.731936415892817 0.3755012411012298 6.601495749960195 13.646560362659432 32.31628203874392 0.5088970215910669 0.04049859669909193 0.4273076663398547
7 8.382483020327378 5.031858411110047 10.6434904966828 2.307640191810012 9.380159799418744 25.23686951862317 3.154105227997794 0.831578175458377 4.2485621270487055 14.773712859720211 31.945844917730078 0.5067723246240453 0.05768482942507294 0.42627398021909735
17 7.705461932996352 5.604183589161764 10.8806941828414 1.990288495288999 9.078656765969908 25.859719863931 2.964860856341772 1.1182807226279783 4.525901496414625 13.752462834916159 33.329155537784665 0.5073941441999071 0.06117118673664433 0.4247607518762539
32 8.066754311346935 5.619808311926183 10.600889778897306 2.1253331155014776 9.241476261915526 25.17925871728201 3.3613915002931463 0.7429361759549723 4.821573252629692 14.379214642213698 31.304506614818887 0.5084843190858405 0.03943183426584584 0.427487404955337
42 7.661739572647862 5.921412864703738 10.900673982818146 2.108287067188821 9.417039459301618 26.30912104925966 2.5121457630234794 0.4472937674398121 5.948175991974997 13.454475754756956 31.884464459566296 0.5085847758009584 0.04346970598780245 0.4269930281836304
23 7.482182697070852 5.79886893776084 11.174707738497927 1.8245055061196163 9.093425668170635 27.148103818272627 2.1084557584658676 0.893932594201257 5.67237132220028 13.284092458385967 33.571521961567974 0.5092012757805272 0.026827272133397608 0.42861779206078904
48 7.598564714395477 5.783799934847263 11.026046477934527 2.089136725239537 9.624951560614155 25.867689746125468 2.515013618056756 0.24058284184625012 6.537127653521663 14.267418024895976 31.318146941333033 0.5083942289411199 0.04310907775922993 0.427017065559361
16 7.795033769833942 5.522399347553175 10.641225377547594 2.2576513654048727 9.306700881205575 25.688277060543506 2.8658695174932305 0.4113622897570672 5.638106702947259 14.61816115034871 31.838661250805032 0.5089240010702849 0.04433209858977017 0.4269704260443843
24 7.798894106436363 5.527900610321743 10.976630749614214 1.8808878050009155 8.741477964248425 25.982888402008587 3.070629265113912 0.7525110484573483 4.825723119929311 14.854454553247612 33.3267699408063 0.5097612695201156 0.024839881231756896 0.4282738996125582
49 7.649004534871547 5.840671318808266 11.030918739341178 1.9721287236895688 9.292864498009529 25.110365162116622 3.4639556599266985 0.8665236878389866 4.581854162202875 13.668918574666703 31.73390310893891 0.5097425154516875 0.02297855392537908 0.42868915596866997
53 7.3192136396554925 5.41540462131147 10.67975077460917 2.399630560447515 9.760983518805688 25.083064842679885 3.0712165375274454 0.7613600199035984 4.993756070619845 12.77640912348317 31.512677580774934 0.5063867510605943 0.06745832943010821 0.4238230381545393
58 7.446141547480144 5.827992260984909 10.771688513569423 2.266104741926847 9.233069926270096 25.43877464912489 3.1748747401707056 0.6423232791723507 5.587110202328506 14.062106332381273 31.239071716513532 0.5071380402714919 0.062274648653078475 0.42469176109725365
31 7.6932218052068695 5.765865744457115 10.827883955924651 2.182817114617738 9.096690028088759 26.0528063105742 2.7302119089812016 0.6012184275191955 5.449833450868301 13.712083779529157 33.242611175162644 0.5094419989720612 0.02990035192373628 0.42775135135033215
54 7.307321632234253 5.904788792753741 11.047345107079902 1.9934613807980837 9.183567440862126 25.968395395166702 2.7714055301360627 0.9257730303224866 5.115818699691413 12.48188792077937 33.77339714076023 0.5093295680635518 0.03227487543037994 0.4271006635523519
59 7.692724640984568 5.7784072666089275 10.881191675401695 2.076121273125109 9.107806319933703 25.512081430506914 3.2243745255294187 0.5840508567926843 5.217880643570815 14.257389857106142 32.123500956056034 0.509355510681986 0.03055892649277371 0.4277988478537359
63 7.5793944648913865 5.878075412577747 10.50413269058179 2.436313518111645 9.53240748642388 25.074652958049 3.068749387114763 1.3845637383783778 4.5857619083009675 12.790123232213482 31.935042815640397 0.5077877244383379 0.05203443686635287 0.4249731589393819
41 7.572097968191833 6.013673239038655 11.153781554758691 1.8106203533539005 8.521819506601469 26.494979248892438 2.8260679047271804 0.9494555033932364 5.412992961366118 13.708060285476416 34.778340928034176 0.5095859021311046 0.024300385487317392 0.42797744374584595
64 7.672551852722944 5.790771855427289 10.477605399778547 2.4648489576986554 9.600973284247047 25.49968148588351 2.945310302106188 0.5944316098349671 5.107658376571686 12.775963014890461 31.209149191945222 0.5087951908920629 0.03576612515968616 0.4272653079082793
128 7.479993880103936 5.697770943907356 11.164611797081388 1.9669540928687763 9.258526669951122 25.850298954551086 2.889692248027325 1.0555275310042984 5.391978223409571 13.945375310880125 32.48375789099012 0.5076555200128607 0.04929266573830972 0.42631989095873685
153 7.799988065855059 5.646251120946747 10.708339742941908 2.346272855903531 9.554896539429075 25.361741271784496 2.90610710840602 0.6703508115200925 4.770380475831743 13.63581660057648 31.599663337280322 0.5086783241734424 0.03650046402285782 0.42827832419835526
68 7.737368248464092 5.582953572718444 11.021184141249659 2.068915282670232 9.180410269869357 24.89357158785781 3.548601324870226 0.759626120790033 5.079138870700369 15.305597971606362 31.515380583546836 0.5085211848904684 0.04351838905590194 0.4259609972846674
73 7.634939440120522 5.731678461523057 10.749927767479639 2.2667425243418196 9.375597563553457 25.48687519251035 2.998824553818617 0.5208050076463625 5.965634883314184 13.83199595545689 31.294649062616116 0.5088677953299772 0.04054779289105051 0.4268385734664126
188 7.715454298423807 5.459213878290046 11.143911129820209 2.0687831449837972 9.506010095412906 24.5564272492844 3.65930157556275 1.0673350509423363 4.009002556356341 13.997661883897734 31.33686675783444 0.5095391532053056 0.02428149459872942 0.4287339094466073
8 7.516608987808114 5.680074973587432 11.139380891832733 1.9206147468657666 9.209761577327269 25.609628046002104 2.973431829111801 0.9628212592669041 4.6081665970225085 13.626393320477021 33.28525134474991 0.5080615610451392 0.04512817970655975 0.427148306250843
9 7.417826484385487 5.675303835808984 11.212732675391306 2.0094728124939367 9.784934888414421 25.066710873716616 2.9851128829832527 1.075964275240936 5.152475143241078 13.331193050583689 31.314144643225728 0.5076366026311186 0.05170567319203815 0.42526856224953885
10 8.014049379727874 5.373123956463694 10.913310954017076 2.041146229952855 9.337031100713135 26.13627499094699 2.648012657459255 0.5189464843898378 5.171078555140286 14.534765372497656 31.963112244375207 0.5072153410268533 0.05092136328988492 0.42721886777722295
19 7.848845684122798 5.474691080559671 10.96487439914089 1.9970102165372532 9.432098088139563 26.293444807102706 2.417531605247345 0.536591383651682 5.821327987091613 14.355627724320664 32.03279259787761 0.5085790835691001 0.04503154020268209 0.4262425405539845
34 7.315344450720362 5.7285802206722725 10.621912883709703 2.5294560252118017 10.198114986585422 24.832726068852878 2.9581916629914744 0.8203883131545939 4.4860192128135985 11.792321563943464 30.921910009126613 0.5086067212224546 0.040860272604772145 0.42737605013415453
44 7.043608003639073 5.806238867408395 11.279809702591034 1.912246057260013 9.525052991356763 25.666855228024442 2.754888044866296 0.5485468901274615 5.471677882682293 13.257450771616334 32.415846170922556 0.5096153892724696 0.026543841045424458 0.4283123502838208
18 7.896459259061991 5.641754269306493 11.101346741501354 2.0175474563052713 9.637887048784801 25.027716463321212 3.1899264213580487 0.8641249231869838 4.213353640850256 13.766473402689646 31.490948734338463 0.5097613629174436 0.02532220040330023 0.4275914482136459
20 7.599038360947725 5.6600119521290315 10.701779183873867 2.2666615711132563 9.598271231733234 25.50401997400983 2.815950746918602 0.8306392938366159 5.200412516531012 13.922396606563389 31.164601933442352 0.5058889300763975 0.06793105830131825 0.4239731307768518
25 7.482940275822972 5.740869131086024 11.196593324947552 1.9266997497391478 9.183172290969377 26.198992868796616 2.713232184452737 0.9243135859243393 4.928168749679905 13.588294238704966 32.977402663765126 0.5077990498621713 0.054977825744719454 0.4252215800143401
50 7.796357641659326 5.541246613647823 10.90134331483771 2.1730893917631247 9.761724181457375 25.029579840908248 3.128348191621678 0.6457002826707262 4.607225039883052 13.799181640147594 31.16805905167235 0.5089414735992025 0.033870972120828624 0.4277219799280973
33 7.8641116792243295 5.558087492074882 11.044316544978862 1.9608764832949215 9.14036944755419 25.927374088664344 2.8449490036709983 0.6549576611475387 4.741323277966292 14.320551335007293 32.84281864260541 0.5094543946673515 0.03371762399773306 0.4278731862874675
35 7.607878482814795 5.623903300153531 11.068892541021615 1.8110171784922344 8.548619005868174 26.563308576877418 2.820722503534354 0.7475954247460218 5.676698909229603 15.56970637083912 33.34178824345012 0.5088130704059334 0.040213066602637286 0.4270204839420109
55 7.6522276394084034 5.659138319301632 10.999144020406252 2.2141732127074656 9.848164431132206 24.911316021847476 3.135148150398979 0.6164013047017497 5.037854950424602 13.441081372144476 30.82610955234723 0.5072511181037994 0.05584067688077384 0.4256564518660936
60 7.361649509336086 5.6129403022499895 10.929760393368465 2.17978600002974 9.398202065138676 25.793288495468484 2.800721323964792 0.7692043194726599 5.311094801965734 14.151834673346807 31.77373123546013 0.5061802256924282 0.060936885782267025 0.4259802211034836
43 7.843554433813196 5.499823055292137 10.801899655477488 2.2044827129109583 9.263296375731791 25.316905908733897 3.3062197428277695 0.7129707952469468 5.11362768362865 14.928457252533232 31.10579807743383 0.5087383126755726 0.042365299160837096 0.42671489720138805
45 7.576870790251271 5.628473875727538 11.180878635585252 1.972261457308198 9.591217871103057 25.84143984852178 2.540712698128228 0.6394629607683131 4.919763521092477 13.652371838939695 32.369006947018505 0.5099309919524613 0.029832158872071468 0.42720035799253603
65 7.308272070121636 5.850093840127503 11.212832344191852 1.847529082092162 8.861845550643192 26.293463897456782 2.8261555405090735 0.9607891490566155 4.775301256517424 13.269590515731199 34.08979212913459 0.509432335959447 0.027210341955792704 0.4282284282319899
129 7.431365035586146 5.586186630150144 10.72569310643867 2.390395413036936 10.010018900878734 25.240443880721145 2.7072249641598294 0.9668392471186922 4.998958937448819 12.45388004620442 31.2869650777361 0.5081142655768257 0.04505070090524209 0.42743486540235565
130 7.283279454083061 5.823128686855073 11.44302672712684 1.7664020328700454 9.35113033167334 25.766395501325945 2.7994042691421566 0.5397489110603516 5.922231769303122 13.994275596608963 32.46011247731707 0.5099031274656269 0.02100286498018068 0.42873313016137715
154 7.859709271329871 5.604688546024974 11.12505771126742 2.0644894567828547 9.622331014089543 24.974814659315545 3.2242565760745125 0.941151253954093 4.336464547545192 13.68497629660624 31.757754236371802 0.5084266939396731 0.045781965116790904 0.4255320700633505
155 7.602673755459796 5.641295692360678 10.734693024572985 2.302084891698321 9.436123437842765 25.25464319916853 3.1028148113452483 0.8220990737371913 5.480402039835111 14.05739696686398 31.32468105301718 0.5058319519438522 0.0719037751692916 0.4227429207277817
69 7.35158892905658 5.841563944338971 10.823327943189746 2.144987893125544 9.650232936178284 25.64071428667178 2.7795141928110008 0.7138187728244999 5.587409050753584 13.179022858609107 31.059077288797823 0.506691309167956 0.06253313474518353 0.4241597169117283
70 7.307524633207559 5.675255876393969 10.655655881931018 2.2380930124598253 9.40132349431007 26.13054700427913 2.559877715962527 0.7148909795982863 4.9793485377356435 12.95415177983144 32.58026163187266 0.5078780438847315 0.04940343592207685 0.4256741954767456
190 7.721224532846584 5.792272894941902 10.840436668122697 2.0695353290565777 9.123042381160623 26.336208105667435 2.5506816924428146 0.7751416079210255 5.273233082820665 13.169743166723357 33.49295893221189 0.5093057292909141 0.025372086357606682 0.42764243740084773
74 7.22483743269595 5.777086067660414 10.795068886785092 2.252437169342655 9.63860245528611 25.44029905707027 2.9170716798236 0.6054824022471307 5.8793023720301205 13.200578461654475 30.9926954858572 0.507188040433662 0.055716923209201866 0.4253594012923279
189 7.412683734957275 5.820312234925246 10.583211539698516 2.375370441183414 9.124517654058153 26.22050561968639 2.4880697389773077 1.0553871844235434 6.004504622894028 13.948626508125852 32.25116305830282 0.5068715421516524 0.05719159910643006 0.4253177320689261
75 7.459907979869033 5.612448505222421 10.783605178877261 2.1381465880361223 9.83196927835845 25.69077279548784 2.74203636844739 0.5600808903470219 5.442992911645566 13.24759884429534 30.74702734507518 0.5096970978115087 0.027112253008598867 0.4270508578834133
76 7.266980236557544 5.944394882700982 11.270641038478184 1.8581608094719184 9.379590059252227 25.31237793662377 3.180061387856667 0.871871254586026 4.759596987086616 13.246317430917145 32.06559153970972 0.507584778747316 0.04758134404144037 0.4259597654002549
77 7.655216405064286 5.555525468371595 10.879033296320992 2.3409310117907856 10.514102110351189 24.176681364942194 3.377044185290132 1.0820732170359748 3.827884993150123 12.85936555115811 28.685338520537577 0.5075659944973544 0.05466239088968063 0.42551200393175
78 7.55086989697897 5.517263008232527 10.893008676678393 2.174919276628674 9.933007327344237 25.717874784221404 2.5682690834137145 0.6234813248736573 4.401386654971402 12.685525641773399 31.83814605072158 0.5092237742588476 0.02282679910087124 0.42838780003831345
86 7.189877363253618 5.645819774572898 11.022142796621043 2.0146559615536024 9.431025247929403 26.04202281731746 2.6158603930307422 0.9863285323425077 4.2883002097969 12.648588675875835 33.09630886513193 0.5094958925094649 0.02508414001377033 0.4279941729072597
88 7.357154266790884 5.802684658379009 11.21679620120479 1.955149630869139 9.60205375878598 25.87101258052211 2.55194561989334 0.6229545324105388 5.323996348496102 13.443566040993852 31.905645622142572 0.5095234286130519 0.03001159572028139 0.42736630883644294
79 7.256152340161119 5.859502984820831 10.814856238362019 2.2767030593766924 10.135619212516158 25.27534872171486 2.734987763686297 0.44484634615908797 5.523461928676222 13.147616694749967 29.94195483550103 0.508767697080794 0.038441784733122916 0.42715025655223987
227 6.9166531318270446 5.891784465062816 10.248438336946418 2.8666935363530626 10.694814266586228 24.070774665836712 3.4032083952263807 0.8546638910028264 4.8919664231277755 11.490315423855566 26.999618222101965 0.5054996254458307 0.07355902209637269 0.42269165976140427
226 7.82117785097641 5.626922274554663 10.815627764640718 2.1230263045214315 9.310084270488828 25.909413404721754 2.76308492085168 0.9325495803831317 4.570072549397059 13.222303785560946 33.082315144102346 0.5082726332962978 0.052160951717295796 0.4253571581978156
87 7.612952297064565 5.615346851919851 10.570345307383072 2.4403413845774233 10.094305036719852 25.035957617605643 2.948356279241698 0.9240041752909907 4.317695420477526 12.565252991134717 30.230407408004588 0.5073931539354182 0.05335147779866162 0.425490074784917
96 7.413570049804377 5.805700668085173 11.051034387499653 2.1429332549050684 9.830357832272046 24.956115599312678 3.2198637417517446 0.8973627246975899 4.138709011110405 12.624543504089434 31.14594072610841 0.5082271440651511 0.04223866796389747 0.4268145980816204
97 7.662781906694839 5.60948211444718 10.885125922261542 2.035817257674759 9.093584146199412 26.27022773245667 2.7363892254084377 0.5695963294482083 5.777443852075095 14.84924489192569 32.220619881444314 0.5074415376366018 0.05885881490939221 0.4244911515170617
89 7.038032147498096 5.820862088122442 10.450727060801503 2.62480082128237 10.041759591887212 25.321366969128608 2.770806818988831 0.6855744634483985 5.755102007537289 11.68267084929769 30.608128447563253 0.5052471202449131 0.07655108695500326 0.4222047389983305
202 6.841920026505866 5.861376376979203 10.998215413270232 2.134528824146795 9.586966285017436 25.47828209933613 2.784667671476009 0.46337950595063127 5.615476870827175 13.043946415682028 32.20049253479878 0.5087280804526721 0.03836843150031882 0.4266683884009207
201 7.608599210661732 5.719911155005793 10.900635882550015 2.3343487612133376 10.163857663037007 24.067510386924706 3.439108040773306 0.693556262046044 4.977617372030664 14.20391178775605 28.83516816502056 0.5055028503925771 0.06738250123828776 0.4240426271423544
101 7.882149975544918 5.468977811053485 11.003293449694054 2.0221065700124483 9.361130809489971 25.827788248336592 2.794588878866102 0.8671346628401936 4.497002616514491 13.83131806617817 32.80076108424538 0.5085957611969386 0.03498824920929302 0.42727396730311024
102 7.321093716376544 5.803727985170957 10.833593952519854 2.1194895209936204 9.193340398464391 26.294563160550556 2.5765950173332492 0.7621049548124634 5.013547557564709 12.581848728363067 33.712157680594714 0.5091842960084947 0.032239764652988535 0.4277386996759012
103 7.429829438099895 5.637840509120343 11.013516948733773 1.9884331304693232 9.341908393674576 26.239755582184632 2.4638932679634094 0.7780831333889948 5.213953314101964 13.578444839936244 32.81690534268376 0.509395883762104 0.027855440067769827 0.4283509822590347
111 7.818545996252893 5.519284155312641 11.283251236579147 2.0760624237462015 10.036222659996767 24.87708993104035 3.008243594577861 0.8585250011260147 4.712916903630754 14.354826281941447 29.821212467551806 0.5073711624544004 0.057637607630657166 0.4247316345635368
113 7.660138768754953 5.663036098165762 11.23858471507669 1.8591289954406132 9.307773093871749 25.634653096967057 3.0073796415213367 0.8329401608120208 5.167471564713855 14.269141434362147 31.75030442007208 0.5083654979253783 0.045148845717961815 0.42710943405142904
104 7.852873756592772 5.577703670765011 11.007684380151106 2.1373062087920562 9.799356452110414 24.947495204729737 3.1176451483958716 0.7152173357359255 4.524826349872806 13.908646095131347 30.980778182121362 0.509431121554592 0.035607184482023574 0.4276130374078322
112 7.68821159289354 5.802568519860359 11.019292722813631 2.1256962721188266 9.790129994850538 24.952771436479477 3.145414060745913 0.6159567808407083 4.9378782401486525 13.457736064425998 31.10430646431175 0.5086475836875778 0.037597408283304684 0.42720193962516423
121 7.304216945515399 5.774354683398059 10.771785829655649 2.0833746289063457 9.258142778186322 26.053929770973756 2.713035276090224 0.6680812970312303 5.76190001996308 13.445611125220376 32.4155855953945 0.5072236294262958 0.047155337370832114 0.4262463275831455
122 7.819997317760521 5.562305790845079 10.644552437436623 2.2364021684266624 9.316992779986634 25.572297993727705 2.9972674636757217 1.012855034223928 4.558077445820859 13.987617173175988 31.779742834993833 0.5062556118025928 0.06366819982159766 0.4239552197223019
114 7.671695149235451 5.640183649229676 10.42498121880889 2.5904146626466664 10.230163969848395 24.63573088251342 3.1572172408658865 0.8893583141327003 4.532513100268111 12.078787338068087 30.21719793539415 0.5080101293062478 0.04912467809066984 0.42608452803448765
80 7.811578150244318 5.4164696572977205 10.968017524795707 2.125789737682472 9.957958798329624 24.609034237407272 3.324373129559237 0.5972411067549115 4.869795918787487 15.009779889738011 29.31740589879086 0.5081852443256103 0.0500528843610959 0.4254306275597953
90 7.653562855382358 5.801866823378372 11.045369090762973 1.893722757163289 8.824281742343528 26.273203872251624 2.821295823968927 0.8069746434672507 5.681556021945887 14.900126913312564 32.672163901210105 0.5083770190014872 0.03895723823613959 0.4272451228181798
228 6.934725031637578 5.91597084483797 10.789016958421433 2.288496800742718 9.75589475104332 25.153016716198387 2.9956490845166064 0.4993998543489629 5.728714457155409 12.370276860898112 31.27296347018808 0.5089258405530112 0.033230345166266086 0.4268834714743681
81 7.504315698873184 5.563549708029643 10.702552564805375 2.3049777673748277 9.778114596392957 25.197993959427034 2.9838076249042924 0.7155904743541788 4.495992817734313 12.742887648275232 31.59764760767358 0.5093423984922874 0.029622062546232196 0.42827152639068583
82 7.619023210022859 5.772740108515149 11.061887023988492 2.146419979009696 9.945143084998831 25.199807789415576 2.750784212172092 0.5939991497121041 4.843971475180258 13.115827356833046 31.345943815199668 0.509490881843098 0.035351507179136 0.4280696458914393
92 7.7146570986460254 5.767501064722487 10.936794719159266 2.01842182526983 8.756711642245085 26.869542074142345 2.3610723110322858 0.6131463487571308 5.512435054232715 14.184321710701433 34.192830192005225 0.509182204241181 0.028046772131946465 0.42806938314005805
98 7.757025136547391 5.43501961765703 11.172512478923322 1.881746357616778 8.804725298737623 26.894151393203686 2.3977980801286574 0.5644963431660012 6.26820790881559 15.182642665821213 33.39445114828748 0.5081199877709989 0.048924458548383676 0.42684731243840873
203 7.438892591196883 5.643227576828624 10.06414093776644 2.8728593996840797 10.2600631112726 24.641109270290578 3.102524633623767 0.6037388362836824 5.027779092925554 12.259170252620747 29.35303090986729 0.5057199239172737 0.06517329568412296 0.42516184507776666
91 7.5397286765207365 5.738014426055335 10.764430974367375 2.403188683868152 10.077478941774741 24.253457564382597 3.653409608518434 0.8200351997088067 4.187697056789261 11.887850617316953 30.52980849674547 0.5079568633424826 0.04577155144920839 0.4265804023590505
99 7.610555383878863 5.861099790572848 11.327896005516603 1.7016028677661907 8.491085251805883 26.188030357178384 3.148428613122455 0.6043313662666703 6.09325317970792 15.526483253466187 33.19971414730153 0.5083835544496383 0.04296435455184665 0.4266413683667307
105 7.570685596851688 5.423260754996018 11.148160716483845 1.9279441142720304 9.22601310532869 26.128484157005662 2.6008559396931488 0.6945336443084115 5.078292454050717 14.356044021479647 33.21801290883764 0.508640222707145 0.04743725462034234 0.42663992732093664
115 7.906255620837294 5.441462736204076 11.005203124433924 2.078198946486069 9.30963605053946 26.07283906072773 2.626543607557834 0.9675571698237871 4.810951448368957 13.902631488173972 32.812712410887556 0.5088180849686009 0.04219018800378976 0.4262989816698351
106 7.539581515316993 5.77777420527825 10.897111555698881 2.133105098097786 9.864913818808871 25.31260494431024 2.886619953354777 0.7687760866028159 4.682747185188351 12.76102065463496 31.238605177107424 0.5086856931785212 0.039775397424685846 0.4282882226061745
107 7.209949198494197 5.807028012170134 11.306358981595064 1.8653750103679374 9.198873721793861 25.92501212202961 3.061694713356814 0.6703117777219993 5.897738600738596 14.493916020973934 31.342491854437185 0.5076151513899936 0.05052475624050151 0.4269518402863095
117 7.738613381165806 5.793917276784205 11.233157657975896 1.857575547641348 9.242636359180038 25.91330024222697 2.857346343259997 1.1101546271216114 5.599666114400584 14.502286445302058 31.61155410617273 0.5074186065366304 0.06325193000631261 0.42410063363179556
123 7.888104034846238 5.550638093659739 11.049138835915711 1.7704754316480789 8.700280812496521 25.983306829057092 3.1376496893625925 0.8841615641866445 5.438978466012012 15.999825562834273 31.81540544265124 0.506880636416606 0.060168151266622984 0.4243120225959585
116 7.80233001740941 5.485897336371109 10.54029545234124 2.5971520877630967 10.439410049167998 24.140932166554613 3.3258269973310517 0.773897305625785 3.9259717799787746 11.86774150585911 30.007052913579358 0.5085594843742554 0.04355376942211762 0.42743709838086763
124 8.34033875064687 5.188614253689461 10.855692303063375 2.0166432283883373 8.467744900567876 26.241610807909915 2.971860155245783 0.9009112070984379 4.776071378364926 15.540719865079012 34.74035238954307 0.5079167931006889 0.05237717120996732 0.4257377117751212
229 7.331907284890545 5.817589381954022 10.94371601555621 2.3249560851933926 10.063313250882107 25.149772864375567 2.738243656776009 0.8625831489529864 5.563747918324816 12.751520015143395 30.85986620614649 0.5064500077269031 0.056648480698754694 0.42536091378193347
230 7.784933327791022 5.4590966078247325 10.852020395829362 2.2205353760967075 9.629830256700524 25.61304615896341 2.7752587206050103 0.9912310864590097 4.585233003697326 13.349067751856934 31.924679960996052 0.5066135973149858 0.05680057683040464 0.42617912491074955
83 7.7353480208770335 5.6360288798417715 11.018762203072496 2.019964293107868 9.486890700035984 25.418670281030696 2.945346822464554 0.7277779334927713 5.031106850813679 13.858994058393254 32.10733072244715 0.5093584490174257 0.029647724312136917 0.42798242020671534
84 7.540161271116843 5.786182795663523 11.133724476022827 2.014121458320141 9.514029045787266 25.27453671769849 3.008262961179177 0.4989245035128359 5.272607087745313 14.046169310757934 31.55442466347353 0.508433125222363 0.04278102613378518 0.426741868915047
85 7.592232488626913 5.568883641452402 11.041857223001006 2.3758119145824175 10.6091911577408 23.947686464059544 3.3340575834650688 0.4705732201385238 4.835766257250136 13.75005792914436 28.045788754764327 0.5072726955621758 0.055901660094238845 0.4251899126827469
94 7.692445484641266 5.564069762647095 11.51757354971536 1.7936277841353736 9.142985523182412 25.633920041239996 3.059518898984069 0.8695689238476514 4.346309729064178 14.744792578992 32.69111079647876 0.5090623603591473 0.02734510143861197 0.42801625598183857
205 7.945561470754291 5.429304109607104 10.875967864001701 2.1463644047384434 9.191215725240045 24.913469713856767 3.5755836703587214 0.877926182206237 4.039025015445265 14.668349706481719 31.821071117051666 0.5077020862599861 0.051440648887143905 0.4255439967059101
204 7.682763879937812 5.795067568813472 11.287832474418705 1.8184637186097772 9.073787224958684 25.69667993667876 3.022589848006961 0.45752690035915056 6.017579237699424 14.925417697715645 32.32974907766792 0.5086910758797969 0.0357601821019316 0.4281126343259414
93 7.367813575577007 5.789394640501124 10.704978681271959 2.236149928673582 9.504238663778299 25.689835884730204 2.75711206724315 0.5542626195956957 5.36619730297685 12.627409595947693 32.49265180071178 0.5099097948866824 0.02188841116955334 0.42837818108269277
95 7.232155192857401 5.71840476156678 10.940931287768636 2.2448289398409242 9.96375878670233 24.528593487751287 3.2358523197620204 1.0793972595120738 3.7932684772264382 12.513790282920642 30.94428702222948 0.5071605065667127 0.05567104504989302 0.4251784541197075
100 7.688694354159759 5.608242874996428 10.75057397023313 2.35295164541215 9.713241503128444 25.375428605397516 2.7379181304721993 0.3687320018059732 5.528304838368889 14.27855607456737 30.60801014574733 0.508823316070701 0.03933578820849559 0.4272484752865015
108 7.523027875676051 5.676227697891403 10.8116570948393 2.236777988816502 9.715395274225825 25.910447123485113 2.4690808569099394 0.4893583273794747 5.504660903474077 13.121493123643898 31.925507644626393 0.5080385129852106 0.04535829250463698 0.4272446646683011
109 7.200227032191263 5.5454250354266525 10.786932022339817 2.062878560479337 8.847126780319808 27.049601914804697 2.240202650544009 0.88429024463537 5.346081883327113 12.663398592650513 35.3459879083356 0.5076232301296418 0.04699781982950057 0.42678819773212956
110 6.880402149143819 5.98075872525606 11.302676343529175 1.7155895737226197 8.757844180302696 26.809329677321514 2.4787222220797687 0.6530282173918366 5.991672017469495 13.440732865971773 34.374844992704084 0.5090576168496932 0.02217991987497159 0.42865932703431797
119 8.013181620377585 5.476599832058671 11.061160918901695 1.8638752969735213 9.139167054305775 26.330099188891253 2.5574964514412244 0.5681385839749556 5.834999993241188 15.531920392258568 31.90924585854961 0.5098740888748464 0.018522957729747977 0.42847744585654013
118 7.641909885126785 5.815053719805311 11.059323705404045 2.2101062218594683 10.258071040364772 24.468920963447736 3.091961848801383 0.7548229995048608 4.52204454512316 12.482960920747523 30.615957149189807 0.5097529896207983 0.02114150664023245 0.42872316581357794
120 7.124211617710974 5.7552932425368875 10.85866677901716 2.087320632219723 9.249819952083289 26.172366215031964 2.5821776099156124 0.5021619966059945 5.895934779226477 13.554198299550267 32.22875963111486 0.5084574395798134 0.04551248110468644 0.4267344652234952
125 7.4576054976496495 5.71461258573082 11.163240713734572 1.8777919508102323 9.052130269918726 26.138580039683387 2.8489894332924335 0.8885797264670952 5.2645114236080035 13.786909387845633 33.0362333512997 0.5082310407014612 0.04868929607465084 0.42541248725776637
131 7.693268358850631 5.720213654341584 10.916592219767931 2.0660024903137355 9.381080695284611 25.634471399569332 2.839458639649376 0.44660130363521383 5.846765498170823 14.849011876662447 31.180260333992443 0.5086314803950003 0.037704412308403205 0.42733408522004007
132 7.465415841145489 5.971686193161247 11.292788830131096 1.8253974188470925 9.117112568039799 26.07255415359099 2.8544205202950668 0.7804969365298329 5.172412224810771 13.304319858610677 33.28125536445843 0.5091447371955392 0.024482588730591972 0.4275416089942366
133 7.458713836958129 5.727595912762708 10.980932770541084 2.1768497787206567 9.830304962436456 24.84495731246179 3.2248515124356167 0.7845652835450215 4.346763132832952 13.191292577770772 30.87659931877182 0.5066522583382659 0.05708270197853937 0.42569661416293847
156 7.653971586353431 5.860141270962086 10.768593100023988 2.181300413276925 9.377754438406324 26.025424221142185 2.520949472764377 0.632895353947277 5.846991507899252 13.516820832410428 32.19990006337466 0.509270238031474 0.036916417091749636 0.4265935832751983
158 7.260995529343078 5.953831449449334 10.973368910783776 2.164262367928898 10.042361901760536 25.37861018576227 2.7251076092988282 0.6856053392317537 4.997865928171941 12.10004213881154 30.96860980700872 0.5089023008435996 0.0377676100018471 0.4263876543762365
134 7.752714293501041 5.439941173548476 11.26827707593041 1.991535037291221 9.735496885969386 25.13891213854518 2.926391116692332 0.5988530929913388 4.899247490493557 14.868999186414724 31.000422412125662 0.5081429679277468 0.046356117485880866 0.4267812122292253
141 7.738298602286946 5.569430479296899 10.975645952148914 2.0463736259734433 8.976018850302095 25.66066386369054 3.109729249702419 0.9852387647079173 4.624062221868003 14.164216483566207 33.2925767756454 0.5083664341581704 0.045114794447723455 0.4261734352482371
142 7.614315244608907 5.759105813304738 10.899672084221136 1.9764477693332883 8.608917644557847 26.67765187202458 2.558221224034547 0.6395888750078254 5.999763378832939 14.954597391135911 33.80736894683904 0.5085250189698123 0.04527504775795299 0.4268689945032963
143 7.386062856463607 5.602848202814451 10.965016077456454 2.2211751103423487 9.642660086741987 25.218894200053626 2.9846081750502456 1.0511720280116637 4.2588223907943945 13.00092120603664 31.96046319653919 0.5081883788600082 0.05081467978366688 0.42607471823971765
166 7.563079931627492 5.832034418933536 10.53444195093776 2.3629111713793542 10.092573404370443 24.81318215849904 3.238899009195374 0.7619804039385617 4.926915369860025 12.06173721282348 29.772456163654464 0.5084467343065158 0.0430567343533512 0.42659736590431596
168 7.713263585888994 5.564047085334615 10.851176322480924 2.188896223434089 9.698188130327939 25.249707856652638 2.967879681274455 0.4813675224705149 5.073774707837827 14.012019369963669 31.028210099267078 0.5098491342672877 0.022761000039212106 0.4277882555172458
144 7.7050449521545055 5.553917632505228 11.0273280826865 2.012556974635447 9.272840187717554 25.847067905288114 2.7576095152771543 0.9723456883217318 4.9881582454319835 13.707060880215579 33.23785402393418 0.5085205541252412 0.046434646509849166 0.42689292833852543
157 7.748481410241891 5.651098054003122 10.810256505631182 2.108935694003352 9.07948278355492 26.302388059644578 2.673782880934578 0.9896238693243821 4.6969672433206675 13.10664652918283 33.479328842387524 0.5088327890904768 0.04290533409987966 0.4261463754015942
176 7.526642582659888 5.740041208977179 10.621612998502101 2.4129800531733268 9.385973895031018 24.85318976550575 3.4968166125991575 0.9359923267922199 4.774086409391221 13.248676489740362 31.721295400494117 0.5066280841265521 0.06369683969930087 0.4238918777955776
177 7.634210328952547 5.484662865253023 10.612365207978401 2.4547775721349647 10.144629436092877 24.277048071410693 3.455291223289126 0.8320419288939916 4.188032007186075 13.20372728198011 29.874034857899375 0.506606957079268 0.06452263997728896 0.42490490087394384
169 7.6641868214150755 5.686166394207703 11.475153681370806 1.695029191222842 8.900598522865176 26.227003546352716 2.7002777279390995 0.4602726297987918 5.832121072631029 15.79666554608623 32.87547577651068 0.5094785930080167 0.03483098715229716 0.427921931204142
159 7.119921358981025 5.727586343133411 11.370916332708644 1.6677444536227837 8.643558587863142 26.965236998397224 2.3853092851093667 0.5681421946000382 5.931526934941848 15.15342632314515 33.961390116224486 0.5088363351379337 0.03433490555895106 0.4283322007186227
182 7.228868864075984 5.769054765556928 10.358328576545265 2.400477229166173 9.687254619981973 25.567549114578288 2.8199372975775794 0.5133600703196197 5.780720185888835 13.123147946556076 30.672240675869194 0.5090439126108531 0.04053922124940117 0.4271709363376482
181 7.58548150589426 5.685843129391232 10.89271764865956 2.1265016896184665 9.272928702640318 25.415965916669318 3.2074476848151248 0.7969600783509762 4.779031089812241 12.27727213289624 33.56742336675176 0.5094134711365313 0.03057162205968654 0.4275602012456134
167 7.978790892118629 5.5701218146578455 11.053275060228986 1.898114791441756 8.633053119364403 26.488275830096697 2.6699143786929347 0.6142923637966679 5.346342585255006 15.045793292969966 34.19440645536229 0.5092839429335223 0.03471605931196155 0.4271002016858435
191 7.8326473492852315 5.480577226516714 10.96233936567908 2.130425332465512 9.096439105775827 25.80821750065936 2.9185882590975645 0.5867569807458772 5.495970606090776 14.953259116289141 32.310232237641735 0.5073843144847329 0.04745268342597956 0.4271137674508094
192 7.482777996197143 5.6243211161835465 11.36032867044061 1.8207823480472616 9.590852625454835 25.312430195183094 2.902432422525556 0.8598466417170039 4.663378170275681 14.122560358727544 31.919542946849802 0.5081330001547946 0.04360380891077255 0.42691772715883947
196 7.6417473671519 5.835904205751069 10.785350980003775 2.090686359299121 9.105957759855045 25.646102979775506 3.180465605555879 0.8825111895567643 5.141740603627278 14.550018878152766 31.150421284368985 0.5083019112607343 0.04294189573832204 0.42668253713941856
197 7.838897198461975 5.500425471640114 11.195975706475677 1.960227384863036 9.656697082018054 25.80733211488216 2.604568422217379 0.6994917096893868 4.440676269148861 13.879949650636572 32.06778465443229 0.5084649772601872 0.046719582093686 0.4261020222609393
135 7.456325801615734 5.672711493104675 10.946280445027703 2.0508094046512406 9.48458499952609 26.22534146536427 2.421265726036313 0.5837621303784839 5.654768127565061 13.708548302590764 32.03100631000342 0.5075785363534269 0.05375693638044187 0.42589288352657745
160 7.178216543840048 5.737149988341568 11.038833154538429 1.889293555100117 9.212242102876617 25.87802614639842 2.8490117395719907 0.7355518181657712 5.434905169581543 13.623421468262023 32.702239230310866 0.5094365048992296 0.03770200756622805 0.4266967393868816
184 7.461234472629167 5.641458667911095 10.23737841931492 2.6918129009989493 10.069642544618747 25.104287545969427 2.832933662026853 0.4702046845958618 5.842924351245426 12.901086114500462 29.99251790591862 0.5067211014343198 0.062079384855643044 0.4244584526703323
136 7.957176183443944 5.522242227105952 10.905478514829522 2.1637340397310325 9.589536581491258 25.654598235745954 2.7227829207443697 0.4225176370697343 5.331362523000491 14.369377092814297 31.52248712533207 0.5091082030488779 0.03244563027818511 0.42756872827651815
137 7.797850030642417 5.643308288653508 11.20673400145575 1.8512242390377165 9.173822755911491 25.425993426549166 3.1809145797145955 0.3640844592727023 6.069530294471829 16.207950396852926 30.51003171629096 0.5090058315533277 0.03391762017204324 0.4267624277118725
162 7.686253361799668 5.603563881247556 10.62563898296446 2.515081204272773 9.979346805531764 25.596790793565603 2.527833072081897 0.9850105792777232 4.253783713242945 11.801222607294948 32.18551902179232 0.507607188419296 0.05096166680896123 0.42676045730582013
171 7.9029102768182655 5.6986379198329615 10.761675144170631 2.201724743775768 9.635068486290738 25.569240323495116 2.847764867739158 0.8419640308676986 4.77189459452096 12.97406935498275 31.493002598196252 0.5055590997889583 0.07137896781196955 0.42399738821237914
145 7.374527895298633 5.7832976665456535 11.038425667737483 2.1585078283447054 9.786687610970512 25.424824856718807 2.6124538212579016 0.8040360795540563 4.947477935821821 13.09073381584224 32.04871423587006 0.5086230852973728 0.04540110543409714 0.4268452973787885
170 7.632274582052029 5.488707434525563 10.849265328530972 2.189567679735148 9.592314115831423 25.713842845228406 2.600227945731165 0.4719777640965038 5.485733054362578 13.83768026658701 31.99043702888061 0.5091766830194171 0.031969186294550665 0.42787760866504426
146 7.322636012886654 5.660786337180207 10.575439828507584 2.489970694089394 9.857973658905523 25.347089626501635 2.7194977360534156 0.9573566940795852 5.426502776979567 12.111021122310067 31.873651571851408 0.5058456845638529 0.07133316584591047 0.4230869219305176
147 7.541075581748471 5.779418807623474 10.976653885036669 2.0821270132778054 9.373097155489695 25.62387565052108 2.908754642586183 0.9791202446030133 5.333939799785185 13.681979118073757 31.950111201432957 0.5077387859080177 0.05297810163625076 0.4253383463148215
172 7.419018212501301 5.862514025207259 11.182345929208859 2.0197759054366866 9.54298621860002 25.599183128031985 3.0132504266101248 0.7714400794685272 5.098750837607972 12.94752539106508 31.746616618982504 0.5092304554822913 0.03784888957971493 0.4277856812637158
183 7.537394337580621 5.3336984565482055 10.958823137670496 2.3263734312877373 10.480917766494356 24.387875500365077 3.0925589539726395 1.1643150512986409 4.463077786015014 12.306407351995269 30.237097603889044 0.5055633947990071 0.07036944079450551 0.4235853806018056
178 8.09109250717307 5.0407422651325415 10.435444489155318 2.782888590897869 10.76450264405178 23.54032757172547 3.5437977003309 0.8141044391521916 3.6668581583134348 13.540959684483463 28.23214627277071 0.5070723771186688 0.061931043871843915 0.4242343771454137
161 7.5652390102317915 5.87550635812991 11.380613789513085 1.7253419319806906 9.098833294438503 26.818160598034623 2.249988603583749 0.7929909114505946 5.07499317494169 13.250085377640744 34.008526505606504 0.5093873336569404 0.02707126250317333 0.428608446705724
179 7.324088799454408 5.821691020346733 11.010645756524443 2.0350291043034883 9.622236490971696 25.10162423421636 3.0566302297535017 0.7104126214371175 5.506443051322329 13.655310601931639 30.922539110922294 0.5084687732773037 0.04424733691589552 0.42555132970902404
193 7.909468493748557 5.39450216637071 11.035650804285764 1.996991822714719 9.294808282979153 25.4987555489936 3.026134517215828 0.720615694090357 4.41138294039904 14.415883968008915 32.68042479863975 0.5094011419106558 0.027951205983048226 0.4285333711906939
198 8.071532746489718 5.484264194723044 11.030044593466902 2.067574020918652 9.648387556026961 25.05118477854371 3.144278890316513 1.1703540992284478 3.7993687512716443 13.646217041813488 31.6445370393645 0.5081030439816788 0.049874103613894584 0.42648349430442717
185 7.626522820397257 5.368182967918534 10.706602536060396 2.263912764433834 9.169754317126824 25.456913244709188 3.028260499144289 0.6371453798182847 4.826859997794217 13.901773235383283 33.336385067124795 0.5082683306792876 0.04227124870954525 0.4272254869672539
175 7.777091146902195 5.791442096136741 10.768377217450125 2.150021700413681 9.16933018501249 25.690626050398066 3.0286344932792626 0.5634985679792772 5.903333850908904 14.882190241926908 30.943414592039 0.5072856003822199 0.060247657964450814 0.42433681816228747
173 7.90327504404326 5.64558939329078 11.057605148065369 1.8755076920363734 8.871645142939665 25.81308874176977 3.0802113514287552 0.5707215423629438 5.757384976014499 15.968476546990724 32.085605299448765 0.5078552964627808 0.04851625106763797 0.4261472358864621
138 7.621888396357601 5.544067247258725 11.099444190059529 2.030566187152367 9.71979997021223 24.831910603888126 3.3535989705905678 0.7490478632500394 4.38916572358366 13.741492643536292 31.005989294891112 0.508827717576183 0.037456189227483984 0.4271070339461163
139 7.76942642348754 5.509266706151035 11.015884711348358 1.9953520344133593 9.15195193123889 26.193792740182456 2.6744974011929363 0.7675214627936775 5.021398055086601 14.29689886403456 32.89686621508872 0.509163828052842 0.036244128579037874 0.426729765063553
140 7.285054408153959 5.62129628859218 10.733650434276315 2.284694729404185 9.519125055415268 25.13643145847445 3.1811695619772995 0.48688114325576193 5.505572776213487 14.210015608307993 30.921532586458312 0.50740884889618 0.057256717476698464 0.42519533117312597
164 7.595043699398427 5.648783117743068 11.2084618294675 1.8874760333559135 9.105751489954425 25.981268680847997 2.872083321560162 0.8046055633892308 4.6718559352338 14.044366472417819 33.334487847850944 0.5097642538811584 0.02514111998380301 0.42809144962372814
148 7.73232594045034 5.624440340643442 10.81048915585546 2.1274868334812793 9.286429709652584 25.808864990132495 2.859397060126866 0.8680259562044401 4.538361815213738 13.4063614431631 32.84258219180802 0.5085128754410352 0.034520625672682693 0.4276149773489775
149 7.394451064168664 5.62449435242031 10.084288488707797 2.7591059410977095 10.145184869469075 24.785184813283433 3.2907107150403894 0.8025148885641713 4.922209002284485 12.478143489449758 28.715979394088 0.5055624496471327 0.07494674550648757 0.42195513521622213
150 7.751555036281984 5.656278502064405 11.103801759682979 1.9119862169518946 9.002487776525472 25.895560089947605 2.918621102642764 1.100342294195098 4.431784682597131 13.999667357336875 33.23946494488531 0.5084253276269207 0.04810020750327179 0.42553788195914694
174 7.2484110029153115 5.757834272829688 11.10722472352728 1.9759319226823748 9.356176051274552 25.161649058003224 3.396994798460806 0.5443026489203983 5.040039923491167 13.910571086946478 31.56036000778376 0.5095606754423313 0.030498574470124544 0.42709468016648294
163 7.207289547033665 5.727829854614874 11.049806111719802 1.8373063069809552 8.722483105580595 26.4445925759329 2.6609066544981044 0.5721973089829666 6.388343494619638 15.387063348791212 32.51742958884769 0.5090606773192048 0.03855142885631018 0.4275816692186841
165 7.919502693141958 5.531215973292622 11.031467028855548 2.004311697115471 8.977994817437546 26.271707577347986 2.722335745785131 0.6588387735706303 4.948095077797797 14.096857380516576 33.87128880561499 0.5097390318898667 0.0192862553993409 0.42833854715736136
180 7.630807526991934 5.661780102190771 10.890835795300191 2.0560113624746497 9.366546634100162 25.41595695456541 3.0061049354722167 0.448757096620085 6.41449796145328 15.171627412421131 30.882840824156304 0.5086369299140023 0.039347086875662456 0.42673034444247837
194 7.482546426556691 5.744227343796293 11.08018533838859 1.8005271041836095 8.419177603012955 26.910716025422253 2.6200956603263537 0.5787615179290437 6.275423767816573 15.443611715174834 33.916979594629616 0.509264350808016 0.03363715617649816 0.4271655613482692
195 7.534100766229063 5.838283642957628 11.095067814594703 1.9192449068228956 8.74029872176175 25.89715304833237 3.0312856526950167 0.6125024782250992 5.833061148457908 14.936197345739618 33.21596850136133 0.5090575104968891 0.03476957999864323 0.42742123623398964
199 7.671606826595011 5.6180227200410355 10.857268522286295 1.9910386008881236 8.789789772265905 26.66332682251615 2.5565487284929014 0.776249634936014 5.632437449601201 14.08292765455016 33.90247775602417 0.509405807254211 0.03448209621646113 0.427377550966441
200 7.282650158312955 6.009046583650943 10.738944233599176 2.285905189549861 9.352722380013025 25.70251351413275 2.910504311874272 0.6926942826022304 5.697419137903039 13.043723734150877 31.573621793346646 0.5047778513396621 0.07389261684274404 0.42398700431973985
206 7.619716875212296 5.736698617661958 10.544881871313898 2.3790423452621443 9.385506538312582 25.67331867174322 2.8894212886610324 0.6699584262216153 4.779151889467906 12.712409373768939 32.62565578459784 0.5088742178558024 0.033622289589595254 0.4269363724106167
207 7.576916506134556 5.790349558437484 11.039347043723945 1.9901970817955832 9.128365035014628 26.263998596705317 2.687023437909034 0.6985026307514433 5.625250721248042 13.428808833234102 33.11597114434756 0.5088580848456825 0.035067504686379626 0.42749692863872985
208 7.4182456233539 5.7097536570069725 10.877592413991014 2.044431748787731 9.280172170227088 26.06823323319307 2.6110381158741203 0.5217830891573497 5.791065163488893 14.275879522756107 32.081618678169676 0.5072921307756098 0.05687513518553371 0.4257398464487449
209 7.433692134950569 5.63210950997445 10.645855256831856 2.434556269632989 10.420906912089206 25.418800138629194 2.350603035397396 0.6080893312755471 4.968570409481077 11.932834296133636 30.456870959650818 0.5084712503381322 0.038304223180595946 0.42765447368434667
244 8.059955679856378 5.456489992660633 11.002813462186548 2.2806560127189557 10.471704297450424 24.09641275338006 3.2878052006985463 0.6992309921342752 3.7449507812027623 13.515017914987398 29.40227385705587 0.5068942368048477 0.06340695367519886 0.42425479704817826
243 7.367304985796444 5.683014849193927 11.158458502416574 2.0266539542730317 9.436332131263827 25.49770127629803 2.935570471063311 0.7536630741587536 5.035411655932818 13.850342267413701 32.11728951774283 0.5088750960701293 0.04048114063477625 0.4266775924202768
242 7.475161307121676 5.826298269526239 10.898082699562982 2.055833492633608 9.401132398975655 25.562465209067838 3.146125397607369 0.7103751782854099 5.27923725689527 13.72030739912368 31.19511761544712 0.5088081539112932 0.04085050301841991 0.4268929862382899
234 7.565930687385661 5.485727910102591 11.01771169095899 1.9862476910897107 9.37144872997311 25.09851121561486 3.3982650183712595 0.9136952081781903 3.746586764139931 13.746638639619897 32.09800327887791 0.5094327860330246 0.029399698034525704 0.4285216990775932
241 8.141273099831261 5.497954311782745 11.045170851297774 2.0972273048647185 9.473189866636005 25.3886285286869 2.955275289560809 0.6730847511027063 4.6877109200905105 13.954958468458305 32.485228826423224 0.5097620456740365 0.03263310000995554 0.427592050805777
216 7.623617594804218 5.4930159779520356 10.414664928665708 2.8395058541680003 10.258529814262756 23.670962690632617 3.524775617393876 0.7785223238280635 5.146573919681215 13.706720140049619 28.451904816323097 0.5012194084788718 0.09389391305873739 0.42017249960677744
217 7.443737031889917 5.648103854998889 10.876421634976095 2.186342177042724 9.426476301467185 25.900236109429112 2.5600648209305494 0.9350819864716272 5.387034046913738 13.491254403262182 32.57731438837396 0.5071898569549669 0.05292066266412571 0.42498331614894613
218 7.18107728283161 5.980857599055882 11.216752892131678 1.8614432210520722 9.487261284706728 26.040242469877786 2.669913366214698 0.5888779683943621 5.901027648406585 13.255251134624041 31.56049901126517 0.5088093129978052 0.027799758229257208 0.42712832373685833
233 7.742181263397173 5.390825721085131 11.110986595857398 1.940974373523668 9.029798443117569 26.181993301663248 2.7095957209776325 0.9390465772421844 4.712248566130187 14.062711330254912 33.9860274817085 0.5089473780757444 0.03712349296269596 0.4275749031419836
219 7.177410881857451 5.661295662162157 10.802362243211629 2.236404278934346 9.862182343750899 25.543768509611322 2.6119816819799313 0.7050002356619972 5.218876619748381 13.055292719958361 31.154698599903636 0.5044606029229958 0.08197223385082511 0.42101101529415824
232 7.591515353028359 5.8212991507803595 10.563849257469233 2.5276044787803342 10.387629398712397 25.09593140954931 2.6612905070012305 0.5475007037820415 5.449129100041141 12.480699092168921 29.49527087755212 0.5082506128571741 0.046528190139456596 0.4267501612295269
231 7.267619275741161 5.940870167323806 10.896733220069333 2.108834484796731 9.501560021186753 25.55295356745007 2.988543715972729 0.6035813250662645 5.658783602628287 13.159158498652639 31.19195339908637 0.5083418592364679 0.04815086744436292 0.42643903510296033
236 7.577037272103574 5.746244952317482 10.941842685999683 2.1297986576888945 9.621240297367416 25.28571203650692 2.963638459572902 0.7374281916147292 4.483929171459425 12.850674623297678 32.435941318949105 0.5093154086887828 0.0234332711672205 0.4286329472654319
237 7.737022307360323 5.284699668987557 10.241605271065382 2.553791247843015 9.400673382615748 24.962500819343298 3.4980277026669127 1.6366736389213028 4.762386625038066 13.953521177033991 30.282639773240557 0.501773173318737 0.09390832500529803 0.41998835327404055
247 7.83863478205507 5.505519257389992 10.811334247034761 2.147000447793878 9.378316090217906 26.197086660475836 2.5120130062122548 0.783148380056379 5.162387659801102 12.95359471989233 33.342898986546786 0.5090938173181233 0.03434256264949402 0.42730974587588294
210 7.734686655723834 5.6221238979560075 11.200199205033082 1.858305078837545 9.337123205372327 25.736161966104323 2.8465671990118304 0.8674740202870151 4.589822401846579 14.460261360352469 32.38703865319046 0.5088341103002889 0.03171754875793309 0.42751876951052037
246 7.614015462569946 5.595083179398569 11.09081136930699 2.1202667173482985 9.698240675790998 25.11649276415219 2.975274587772757 0.8038474081427535 4.572808951103074 13.349472016958353 32.30647824523387 0.508265439317261 0.04945154349385491 0.4269043556730334
245 7.924681080209725 5.635261220935974 11.232515166260601 1.883248627356415 9.656805551576504 25.74245325019381 2.7260144516361295 0.5884591475682679 4.810164150442764 14.000280421870086 31.602560941774726 0.5089594193312059 0.0384585842195707 0.427206281820991
235 7.835610735837788 5.601254628686722 11.1742394781968 1.783698487285778 8.990463260768184 26.046126859193585 2.884346819707558 0.6290556748000071 5.3063733134411635 15.754221364327119 31.910573889598336 0.5082848727970696 0.04360040435273225 0.42592653933181657
211 7.592716528832972 5.810854620717022 11.09956194482437 2.0712731488203646 10.242104861063549 24.902650242750827 2.9168608831849094 0.74121216451663 4.756097965947651 12.136151989373401 30.55371810463037 0.5078622623011461 0.04702578971591675 0.4266174534782433
212 7.22239032236512 5.869672555001164 10.932070770118974 1.9933906635019372 8.78110704351828 26.986600583923323 2.3727641057470548 0.5771458441122728 5.9231039134120875 13.364988395283007 34.33140893844281 0.5094304182685157 0.037690783227761995 0.4265770149505769
220 7.740363159356387 5.556478093965675 11.010437561743606 2.250500321534438 10.285889201514486 25.12969139568743 2.7030584932904005 0.9842003229796645 3.822538022059113 12.158693909259386 31.16018148594566 0.507028393785849 0.059454138964284996 0.42520728351289555
221 7.308814749632737 5.635934222041107 10.964772386932381 2.0020230116918145 9.109760612688557 26.26939356252001 2.584920738861488 0.8380325043540935 5.216007507060929 13.244748842806821 33.9897874075283 0.508995738033667 0.045888020683650665 0.4262244343777891
222 7.737458439792035 5.705595671214891 10.763192562118382 2.28664632947064 9.666409920872807 24.96713857269606 3.0982708603108966 0.9667065916267811 4.487529598457423 13.262096097640494 31.7552230116696 0.5085893867189047 0.04401755220885368 0.42699588631270335
250 7.86557703824501 5.601512356088796 10.685614923348362 2.4415432281862213 10.042103970890793 25.2622512402435 2.681316331631002 0.6112228584771963 5.016274160527133 13.284959316800558 30.580923586828913 0.5065007651131765 0.06028147987824407 0.4249959362605112
249 7.285713750786791 5.805311953927676 10.678494387295089 2.1955501790488827 9.359128215280426 25.330305864277207 3.093768651230043 0.5325877713135689 5.775096781690982 13.632148728533178 31.568592181227867 0.5085489932770125 0.0439918236529763 0.4263845939854338
248 7.867421517494216 5.522670409019299 11.395074397891282 1.824647310515465 9.453422632726946 25.0865328541896 3.181171505557661 0.43724659012389694 5.331415465078812 15.316169522133253 30.96540807423068 0.508392875551497 0.043649642315370656 0.4266764239969177
238 7.450858023572311 5.740876896963419 10.956082666820972 2.2321487669336455 9.396485535044507 25.48334530525896 2.9771212038937067 0.8332163007374014 4.783012458786616 13.384071006024037 32.355631418016955 0.5076047800579685 0.055830223314822354 0.4251715487389332
213 7.744632501204162 5.780402608695977 10.843140798042919 2.2280627473074057 9.635559505506228 25.778883490899783 2.753439245665343 0.6258633064548366 5.2727600185237735 13.326503046905646 31.028623383032034 0.508038369400553 0.0528892868784548 0.42574172655354436
214 7.559593021884282 5.839844394030887 11.124951989600211 2.034615496812687 9.417068948798487 25.384888070992975 3.0348605126763757 0.5542244785544523 5.424238149823346 13.855510744862194 32.095906941149345 0.5087905262109188 0.04016677298699032 0.42708273725082585
215 7.54080701925388 5.597022992286464 10.675982323039072 2.0824169426871104 8.344760471280717 26.07560753966336 3.307127890631734 1.0460570403123761 4.936047900164776 14.360176392508949 34.44445066819712 0.508960995937318 0.039232115648714004 0.4275795037895752
239 7.462121566721633 5.699534349574637 10.637212114419311 2.3875318961882437 9.806925168323126 25.249710532343947 2.9428604923574766 0.5200011979878518 5.9269703558759685 13.633918892545477 30.32084180632774 0.5057027777098767 0.06831680251697346 0.4237163344233132
223 8.001079927582296 5.5093371311058235 10.704639361952182 2.2115798738850208 9.286942843000542 25.720474943106208 2.8772159079951276 0.7732811211346705 5.2331054662313345 14.50223785781478 31.94232180104221 0.5077245388134615 0.04891534718415328 0.4263128654495372
240 7.397263896585527 5.762903724175529 11.232153060307228 1.8717067880735736 8.86620039446389 25.733820642368546 3.1596430678594833 0.7301091634735848 5.263831374307416 14.397739388148308 33.468230170222895 0.5085679000754155 0.04367622500700064 0.42629006991147717
224 7.722118892123334 5.763743606666849 11.000762525243939 2.0455500834659865 9.367340124655929 25.19588844436441 3.400312727125656 0.5830397896343867 4.963461651847496 14.094287006965638 31.22940068740474 0.5092827294929092 0.0387861249396474 0.42727764103069077
225 7.557159164878256 5.678797648758825 10.805779074308283 2.1937034011526793 9.206040067784862 25.365458705478677 3.278592710519273 0.788017142912664 4.727336628448312 13.8137226676207 31.969900539031325 0.5071747593496697 0.057667695360747506 0.42517638451489675
