# timestep 4550
# phase bcc
# id f1 f2 f3 f4 f5 f6 f7 f8 f9 f10 f11 f12 f13 f14
1 7.444334525006689 5.720421941170908 10.647322689481179 2.353710215297497 9.442651863294751 24.98698049663668 3.371105318512456 0.9630154118595052 4.399547582330445 13.166968771523548 31.644788977677177 0.5069387784008468 0.0578973892039171 0.42538691158110253
2 7.670191585165945 5.65831005291423 11.036098754627469 2.108804903825285 9.561793246098759 25.340079101776908 3.0453116809848724 0.7296079762349835 5.411383471483675 13.837292217431614 31.358746447040275 0.5082758680494469 0.04446793047390893 0.4260077851570724
3 8.00115586560052 5.30358874936622 10.632899133118539 2.432097394165783 9.585660744259247 25.414768131060093 2.960281679810492 1.1253315572814826 3.8715819671754015 13.358349603312984 31.947802818588524 0.5078196581816548 0.05037529437918669 0.42621876095767947
11 7.806899416731765 5.8197860679165565 10.683049263628096 2.1231270909224795 8.796522848257972 26.702556736488887 2.51036168406357 0.774457192896225 5.650392898291352 13.382832590803035 34.130381980914294 0.5097772670702586 0.025055742885520673 0.42802148401734114
13 7.90590411156388 5.842088947132461 11.029022722554961 2.041612662292692 9.57161819061466 25.74082029216618 2.629526257569682 0.8818441575267227 5.183321173355274 13.737857630179152 31.738725511469834 0.5082763550567095 0.048221436418191266 0.4258805370198413
26 7.2185236090691545 5.7001936186645805 10.377029329505206 2.861198316785206 10.853255020946031 23.68864518260374 3.3684708479902508 0.7507094567443681 4.249154635231632 10.893131469705448 28.90726485851262 0.5062850084745587 0.062260719835295235 0.4246035388570415
28 7.682167490441728 5.457973230947584 11.066115236469033 2.2208187180651593 10.294919068963365 24.62805996456825 2.9860370761543966 0.821622518653262 3.5990979028485772 11.952638960704927 31.310149086306986 0.5096478346178972 0.02111570274642399 0.42812702171440015
36 7.247937081073555 5.747019626021632 10.975096270662362 2.060417992181026 9.438316950985934 25.110809982784062 3.301319057350504 0.37659847686754794 6.6988102520133825 14.966753440249372 29.984360362241357 0.5061034356663012 0.06302101954224726 0.4250389082423799
38 7.446466247017178 5.582188725200375 10.710585556161414 2.1128885169146234 9.218630281233738 25.361024499028172 3.0198553742372933 0.8504279384333463 6.219644154511319 15.581456545090695 30.847909161896133 0.505826889313512 0.07001686802826745 0.42182476761569676
4 7.317367734754045 5.652397526300265 10.407423214213862 2.5798190869538855 9.820222866128422 25.070105892934542 2.9414715195064187 1.3394366855418307 4.529526726416257 12.202593971036471 31.704352208513974 0.5075273449432233 0.04545256741226669 0.42690474115181676
12 7.330427612004042 5.792605923711634 10.970335181657793 2.0186627725897908 9.056937520800254 25.81874088108805 3.0156441264973157 0.4030587437018951 6.133672237321386 14.633327541090662 31.839399732514007 0.508672240486151 0.04064253196932998 0.427902060626006
21 7.760488069862158 5.5540052819899275 10.880871834912199 1.9737441311557522 8.860364309038161 25.779643402445615 3.0792025200391824 0.567987739012482 5.830946883027672 15.69483392759146 31.98288113203354 0.509205099469745 0.03165708442289231 0.4279573001601821
22 7.306062299891252 5.8458064881293765 11.155136604203122 1.9884984879968206 9.43534634121794 25.761714923165066 2.8084447497011977 0.6669413228943364 5.511815084095727 13.887082984115342 31.527460017871906 0.5080413012637318 0.051538640203025926 0.42595808458560064
46 7.507453858654264 5.659523423423741 10.863290707458411 2.112721768724076 9.08532368557271 25.949707193629827 2.817642251758605 1.2669672559664196 4.106600149417327 12.62994067464644 34.41345417515234 0.5086864117642774 0.041468689702710816 0.4265304845701102
47 7.872351120561304 5.450834200977889 10.599908238438474 2.322711293984036 9.655794774027727 25.555983359750623 2.881786228680586 0.6761154745395209 4.609504358274443 13.525912050247744 31.249842902802335 0.5076629395286042 0.05513617797514793 0.42478161736534187
14 7.59837654013855 5.365096895927077 11.139906249857974 2.042095211051725 9.778545371386627 25.38498026704908 2.936113971986635 0.6503960411096418 4.565944616804878 13.6044817759985 31.472432349285665 0.5089765640025232 0.034223748748543975 0.42769837328709964
27 7.881866855703265 5.5487508621841695 11.109991083601335 1.8853636207769717 8.93244825797734 26.083748958921866 3.005531387841195 0.7072493632191956 5.4083862711642725 15.470615366676865 31.969380908160694 0.5089843041105736 0.0389750269860286 0.4271400646898043
51 6.944275414252031 5.972073509639506 10.842639835933612 2.429871552135492 10.149555357617096 24.380334289223562 3.2939698460218763 0.9162494322474648 4.562864894363957 11.202360896407457 31.140221571944984 0.5096866570015584 0.022789208589053655 0.4275655392492002
52 7.398282971571043 5.589915130151339 10.02851236461613 2.8937904245170545 9.946877970022232 24.717905897438946 3.119796269122249 1.0880471872314943 5.275806126412094 13.108853437961654 29.936974222122988 0.5067519357390239 0.06204678740802783 0.42444746104665526
56 7.505609320643919 5.4600249440903745 10.671201895882431 2.230556389702291 9.192525043620124 25.7111304368599 3.052640438471636 0.8752744029254799 4.821213869154706 12.878043653097095 33.32629596213787 0.5087820192110588 0.03555394234356494 0.42755929267744963
57 7.70410793136335 5.782581832742246 10.833250097374247 2.1582983717527555 9.636155286977125 25.299557426321403 2.894406711194036 0.536422359448566 5.294654066812301 13.719093012619885 31.154599786593234 0.5077753876401163 0.04813887684430343 0.42591558268836666
29 7.406639444933288 5.395449518132124 11.04303016878644 2.214304107315454 10.02437875949235 24.822999637750755 3.27322225477981 0.5895646210039996 4.705296493117234 13.13424978370816 30.40495210637431 0.5077839368655459 0.05318800159510288 0.42555170568617534
37 7.292122324502539 5.7773937569967355 11.01234106097988 1.941502903165146 8.743868558295345 26.58190349708781 2.607810667776307 0.4458919586790382 6.309896925229735 14.865237019905216 33.316943070292965 0.5084541952666144 0.03639269345893175 0.4271231889197348
61 7.332474399189067 5.4996722512296 10.605523792901776 2.4469007864826855 9.883604639930777 24.665525033489022 3.241377290449835 0.8892711516513414 5.3312495868210625 13.21069143215638 30.179883051358093 0.5053531520171057 0.07500111729140423 0.42234716979845577
62 7.976035380143048 5.673177244341582 11.306827202870991 1.9294489814454823 9.572572383176695 25.427528268649915 3.0450395673174455 0.6362491191786808 4.773999015616908 14.211287772791229 31.36291158722676 0.5091712409772978 0.0343822740241514 0.4267015989756946
39 7.30569152554741 5.614523452472854 10.922102743647232 2.2191881018595256 9.654711458845451 25.343000905610047 2.872038044480756 1.0725640395100329 5.410795973341411 13.44081744371801 31.11686796509201 0.5067718279414465 0.052946389453380045 0.42593298754810405
126 7.508580059270906 5.82519231844324 10.932397753107141 2.2096529996157614 9.834467716503656 25.710728764946115 2.6105374583261285 0.7344718696487555 4.763899378530993 12.623246350592478 31.62178308405687 0.5086474989570513 0.03697704330085484 0.427857496900453
127 7.613855888046379 5.753111697343171 10.991387671357657 2.0947426161255365 9.619599748704063 25.291190064836915 2.828957834570678 0.5135956191209425 5.440359427790913 14.377626631150214 31.15309254937708 0.5093536498116907 0.030855869238792983 0.42756885952509893
151 7.696677144284168 5.789356031846257 10.970558159092617 2.19524137105782 10.2645677841865 24.693751983834492 3.0279755960328307 0.8452349893218819 4.556581398225632 12.576738159836195 30.10839857866136 0.5067090546709503 0.06154171993702244 0.4240004481579664
152 7.653367877599255 5.677541232012361 10.968511525097954 2.118211164790617 9.09514261215936 25.97401678553403 2.766253093423416 1.0244356522373061 4.70452241355421 13.589575483221452 33.60061035021406 0.5073207927974837 0.05486816137921953 0.42540640508130984
66 7.906039623542046 5.693853439783613 10.482570943192657 2.4051085011616555 9.523279351716898 25.65563194177459 2.685449542842771 0.8521858823289472 5.60398207397438 13.899867084605079 31.20526332975737 0.5073662743578605 0.050548283332370866 0.42616201359313355
67 7.779495178250001 5.2814791812326165 10.822252660675638 2.3639474339032764 9.575676299303812 24.785587973353316 3.270968251120065 1.3136401241665778 4.155580007538908 13.947442365850991 31.862186944923298 0.5068149295705471 0.055438965059176386 0.4251735703110794
71 7.600105435183119 5.824732427988382 10.758773649818647 2.213755712604282 9.440607246183783 25.64538359539773 2.874046220219014 0.785042316894577 4.923847404780993 12.852845249602682 32.44180072923145 0.5087233043753444 0.03234435130135915 0.427028471492748
72 7.553735433934655 5.679538568626124 10.73821788352626 2.2151727581919807 9.79384726665362 25.431260456936926 2.8260073650151583 0.6159219996549608 5.736372628308445 12.94815324515556 31.09193764742458 0.5080297186794087 0.05308843206922794 0.42459820338992177
187 7.492609509037746 5.491359353846066 11.041027465503243 1.973156073253077 9.046911361565964 25.73675559690672 3.0111446108213573 0.5562236992375796 5.728752776726674 15.138008909248745 32.44961890691913 0.5085414438116415 0.042858198615656 0.4265784729638899
186 7.519144671210278 5.497001442334884 10.598364914255663 2.2652986958208037 9.375169240157943 25.53172373171465 2.96082663116884 0.7159071119896465 4.930081879784828 14.134378123994097 31.48566888633497 0.5087954574179614 0.04629008740663614 0.42586426938885286
5 7.661103336313897 5.6448037380213245 10.971909067381345 2.011942096756543 9.517467469361103 25.507293642928563 2.8068933176385418 0.8359205162778013 5.587199643659139 14.200964798854237 31.44192273236009 0.5076839641930913 0.054365161573810016 0.4251465083227265
15 7.753463191500919 5.500587891052432 10.818455085457748 2.3380133382719315 10.100593512738111 24.807167979890895 2.796163348174905 0.8896846404398123 4.929751591339353 14.441096434683974 29.921745975180844 0.5065541460953273 0.06699540745228556 0.4221797732361589
30 7.792327624844573 5.721631527247197 11.146418222474708 1.882182736790689 9.167023882076792 26.072764783949804 2.6084875515721095 0.6234185034606421 5.568499934725707 14.687603579599108 32.396949638168635 0.5093196398957232 0.03596260397691039 0.4275666196087828
40 7.880863326327161 5.132192428059702 10.565456358315362 2.5877233711338765 10.07669335568001 25.34799455778092 2.597130592633575 1.0362239539178686 3.571453444030088 12.52312731778864 32.19522613617995 0.5063933238616184 0.06350167497152515 0.42377981237724666
6 7.562985160179218 5.558265446735748 10.990012715544571 2.149234497558373 10.120802635650247 24.96648632188568 3.00031412876474 0.5584443678607178 4.9358439163116055 13.446650165744291 29.836429744888004 0.508593431178295 0.040726729785617456 0.42745642971158093
7 7.105948039516672 5.8130369424929125 11.39900034708077 1.7467371102812599 8.974688481450015 26.57695870135741 2.5363883510778265 0.6768283274347832 5.756881465193676 13.83105924595498 33.79454959919841 0.5092559924169591 0.032418903713667506 0.4277600990739876
17 7.846687567791964 5.418075245950766 10.950606501833796 2.0493689083539652 9.64577602916538 25.952552926154148 2.4879024474336324 0.8623171067951504 4.42880554772493 13.638147676851677 32.231857857165025 0.5093671231430409 0.034263220358060224 0.42725154599078574
32 7.646690978747916 5.735088196942623 10.680092729833 2.253935531052999 9.646277075173485 25.33542401513591 2.8418242772846085 0.4869102030996809 6.138897866778336 14.530276002853494 30.312611878131964 0.5054434953242215 0.07123250922375254 0.4235065207488874
42 7.3479289882410646 5.661232016487888 11.345757168993675 1.8975118888043103 9.202064753016527 25.231791909757835 3.227550989255406 0.975913248242321 4.53491465834329 14.157939423260025 33.10043858207811 0.5091478785749565 0.03222919464876441 0.42800856490238726
23 7.376076901649764 5.422385738814046 10.784345234727073 2.1019949734526153 9.150138859328768 26.184745103474114 2.6594304630315966 1.1972909701781325 4.66992111484086 13.741039615654628 33.120428490714595 0.5077162392290338 0.05049246326185059 0.42510999350518575
48 7.147117482726726 5.814849164693678 10.995420884048174 1.8922604208906686 9.227593707508538 25.134931537167315 3.4723211721465423 0.9486388303614995 5.041796533017065 13.422963905724053 31.974097066303187 0.5094762868857554 0.029768930884712035 0.42755377385165094
16 7.6110859408963005 5.573955571191615 11.13710090641784 2.0908385851996223 10.13242861134133 25.180792652162566 2.7627573815401174 0.9404198870342697 4.608665861179306 13.343572105526672 30.599267323021984 0.5071561749294868 0.0597528893242418 0.4255403402690534
24 7.934070995412547 5.505136779902257 11.177228054165619 1.9244523087478462 9.305688187633288 25.9356810039946 2.757866444182225 0.7167071474010034 5.0232869041165245 15.136631298152738 31.938850525980968 0.5083316337138556 0.047369172682467556 0.42559009501989375
49 7.720875729233028 5.697332087357121 10.6526341969091 2.279122035465268 9.585762964276748 26.288287142896436 2.403761123868778 0.5420463119196087 5.493445549913139 12.59359788953311 32.26026483615829 0.5092931507218115 0.03306019634098017 0.4276875227525866
53 7.712157822372159 5.566376763168976 11.247560848935192 1.877282503299372 9.105789509102893 25.64280297884719 3.050377846487332 0.5809578525191851 5.070669269663124 15.289832369444095 32.18051080394827 0.508260851464062 0.04869875081628352 0.42648996534797023
58 7.274276307065753 5.825038386917561 10.75268847428703 2.2999568349418507 9.745419859923345 25.288859668974826 2.8663647240768255 1.1520180015862718 4.539756577356833 12.5082632684206 31.303021250272252 0.5062973736482166 0.06364444762672122 0.42485765033218426
31 7.341669663953632 5.701014972889189 10.519378554862861 2.286106591937011 9.721430044034964 25.4962729136019 2.7378791040253008 0.7718191812288688 5.545655601257677 13.253512185431715 31.051658152026313 0.5067737361724199 0.06162912353492983 0.42435373850198577
54 8.026674569631904 5.4888143106994205 10.786719492078188 2.213224300708484 9.594684621781223 25.70555660724338 2.680023387086145 0.9009232614649019 3.9417825568204146 12.851017618766498 32.8369793002502 0.5092197311249708 0.025943076700095515 0.42875989199669085
59 7.223670738084711 5.88054009677432 11.210692417736169 1.9354598673234722 9.348295871437587 25.59389428853288 3.019653066289587 0.45332671705075334 6.2082048004963974 14.415086549631486 31.046298104727516 0.5091881014643757 0.03459684296474127 0.428170351877079
63 7.572625896537278 5.739450660058164 10.51014021397568 2.4614504889712197 9.731642614655973 25.730883730583173 2.582297593116679 0.5988960378172825 5.77999545330952 13.027038184636144 31.258756219166475 0.5067231750406226 0.0566291202403465 0.4259393662271582
41 8.100074762717075 5.4817510584322795 11.013938105652963 2.205740553375893 9.845807131746717 25.356297745696043 2.722103943002764 0.5877255725835371 4.6597086974909905 14.024443705006972 31.10625523625211 0.5081841796768869 0.05262558303233929 0.4250066170045591
64 7.607889699857988 5.962449222174476 11.271972121627924 1.773165054007467 9.059655549085624 26.00071537222018 2.798319544974959 0.4112463007115229 6.406790900299555 14.712494322874619 32.32685146317591 0.5096458128782378 0.024178389549023266 0.4280797167441351
128 7.7462990866532015 5.722000615123958 10.95188586416113 2.1383736584780246 9.396889466513416 25.87597326127583 2.5957981714721745 0.3714203498344682 5.908688154445362 14.518322596628176 31.70572730074592 0.5064825447426955 0.05725814289474881 0.42594946261066163
153 7.923628521457204 5.588341944108443 10.868398127008769 2.0653536659097615 8.8168518907686 25.747423356226438 3.102461930298127 0.9160330816079181 5.254431044010421 14.81624826662005 32.92406125214139 0.5061298382965573 0.06613454901902809 0.4236762396488138
68 7.690034299201325 5.580313233263172 10.922675725043137 2.18892091457896 9.722805821248599 25.02514951280328 3.190221059575426 0.7063318882860073 4.4917664854639945 13.820433581857541 30.940924014424617 0.5091455130710865 0.04028410460394258 0.4263611121758294
73 7.620578897348967 5.703026028261899 10.525618050926175 2.3050364785666138 9.576377789066784 25.24015930271335 2.977973175188588 0.8654907363967163 5.092076192111232 13.811622736616656 30.987787240428677 0.5052591290862722 0.0736107115572431 0.42315665418638926
188 7.432992777237165 5.737907940153311 10.932079414549884 2.0792714822966234 9.311606146079816 25.162701948015407 3.207388788510251 0.647536490893459 5.2024256582991315 14.009837365605748 32.0782493180409 0.5095940043222333 0.023368698918158567 0.4283457651259235
8 7.98501861987751 5.3549366794496205 10.75564168856392 2.2101047968859655 9.480582842768525 25.48608396934512 2.8796573763747997 0.494053426891251 5.24018045447127 14.89879812578129 31.41923582465398 0.5095306288184223 0.028183376658776346 0.4280128594028502
9 7.607045497640487 5.817378464474938 11.112870742771358 2.0271977268954156 9.441264524408485 25.511471250797904 2.8875599546194524 0.5937682949040034 6.3015505316659315 15.032696642818422 30.825742610270346 0.50825754444508 0.04659820189093176 0.4268715884779351
10 7.658643266275369 5.758828389725422 11.39799115567306 1.6761916819620173 8.379200455431944 26.766445014301745 2.734667037806919 0.7610738019408761 5.700504121170496 14.797785381343708 35.02078152375297 0.5086559363934603 0.03918283448158133 0.4269782881786516
19 7.742350903542329 5.832758147848524 10.788687336165584 2.2122555324166093 9.280131924570176 25.601746241702017 3.1160139906224553 1.0626755749809096 5.445284528535976 13.98256114903333 31.01359184759853 0.5080641235460177 0.050496992232907066 0.4265620344228171
34 7.190121237919174 5.8089363012294 10.676291391905178 2.441078097546702 10.19785326213349 25.08447682411324 2.7565518312321284 0.7720990053185977 4.730485909409485 11.405120271314729 31.068770550629633 0.5073319974465048 0.056795539997843245 0.42595740950539474
44 7.677667415116664 5.64525257395759 10.776742630476445 2.2676468383812844 9.690912789251486 25.447581318098823 2.8231685161556714 0.8013046816890492 4.827525366761255 13.022283448462131 31.759339317101126 0.5090326903614399 0.026161076705265573 0.4289731723330376
18 7.447993324595062 5.6899542286266716 10.590751274485244 2.3701767153957873 9.707316823898923 25.10469599269238 3.066405047165665 1.0383996338039303 4.3604621902136325 12.133273404577718 32.065639613522634 0.5085679089556115 0.04777966825106008 0.42625077781638426
20 7.64292987427438 5.82213721610385 10.807613162348181 2.165923092396043 9.007270173894582 25.94741030806725 2.8617861949679266 0.643764796792476 5.4729839089231955 13.555496281507738 33.56368354508339 0.5092043370217014 0.03459160168303787 0.4267664214873704
25 8.048033103671997 5.620970430911769 10.847659808576243 1.9744487361085958 8.862334393413539 26.218738392077682 2.9052659037899136 0.5666741531865269 5.806826212274333 15.130753091188536 32.45897660617832 0.5090125012218567 0.03474239036367089 0.42711438626824055
50 7.845512532881112 5.722407794124267 11.066870175730042 1.9898484670070236 9.348584956136134 25.37815486848072 3.209149311967975 0.8438219577766319 5.153818040937154 14.00276709454434 31.60921478942058 0.5089537557141293 0.038009005717725385 0.4272593980846033
33 7.601534250195109 5.758273716581711 11.153608107791278 1.8309582786502667 8.88846958004091 26.23840424858895 2.776723118183667 0.6825410746031516 5.230452824237908 14.62724933013361 33.275479745882066 0.5076031043129412 0.05513420885579636 0.4253044999666903
35 8.091564447096392 5.323735796343754 11.222120492226031 1.9223490963941836 8.6305986902884 26.53887365082337 2.670998516905068 0.7681384720420192 5.626054244608455 16.170028644131445 33.45479528747781 0.5071536866576449 0.05552557928180642 0.4246424747314176
55 7.084963860595004 5.855059967125002 10.810547424830599 2.2661970790600656 9.910745095375992 24.604228131344314 3.267094879321036 0.6222010626479572 5.73613920341073 13.101707392113138 30.209495308091284 0.5060924430578918 0.05970995559183177 0.4257626643932889
60 7.68987512273969 5.823610537719557 10.706739642068243 2.2647695425649434 9.554372155908384 25.740851436955282 2.6813828446714423 0.736056071206031 4.961318285508861 12.674889497228794 32.467810979394635 0.5091253125382013 0.02726023564022723 0.428363829924164
43 7.480782703214579 5.79431992330103 11.111038319962315 1.961903889490842 9.116606624250878 25.445001524296323 3.2437804370764307 0.5223989798867287 5.572867513566612 14.68510312334737 31.7323301427478 0.5089184179535663 0.04078658073885822 0.4271121764233615
45 7.671779526009712 5.543398519553728 11.008338559038446 2.114984030775491 9.224941641511196 25.35539972516025 3.260604708880379 0.9556919835205192 4.544220485630587 14.215724758119718 32.216004821385006 0.5069253915857457 0.05827027995197043 0.42540117416771744
65 7.780199264643513 5.548244834053266 10.958349338895674 2.073167811701119 9.298986065423684 25.743862672261955 2.9779439607599216 0.6489058192132678 4.783616419318789 13.825408804955426 32.434000353620355 0.5094475284559916 0.029774341473873076 0.42764887211171937
129 7.395629578883553 5.6681313167650575 11.039283400027802 2.0227245272351455 9.145574270863639 25.417950768845873 3.2598271322218477 0.5075528123043445 5.714507981357882 14.321073023641192 31.961304063615188 0.5079867313166798 0.04660782470321524 0.42744479050040474
130 7.91799000131348 5.69522023581023 10.868934573261974 2.338043074603192 10.203547596834593 24.735053012485082 2.968968821952285 0.4436406976039137 5.413658661181231 14.055678977068673 29.004148122979206 0.5081236711072373 0.04894293661797199 0.42716412608793736
154 7.329783112523529 5.856144799963321 11.061099205928858 1.9272099349771525 8.64999796627829 26.268315911032257 2.8700097428697724 0.8250442489109601 5.622272000970166 14.11758643076546 34.18033946230931 0.5096348777212691 0.027082985931390163 0.42784492203032726
155 8.019081174939942 5.553502642147027 10.454160865748163 2.4087721442407903 9.745780712679244 25.841054104986693 2.532715221948252 0.8241298749893472 4.700840025039421 12.823423906454241 31.83378575189838 0.5090134408872433 0.03612064513069584 0.4276351944177444
69 7.5437704574874465 5.86369410821821 11.117058059706409 1.8872842841283775 9.241386772562434 26.049428441545448 2.7324442442788746 0.5676146761240698 5.8136023857451855 13.78892882019512 32.288011154147306 0.509688573491829 0.034233703635101545 0.4273927016371064
70 7.540529433829075 5.6488674207161536 10.751080810452619 2.139643564911158 9.261891878085885 25.926124170723313 2.778954838813009 1.0071900296064455 5.669475709272905 13.503986373919428 32.13684609284531 0.5060278265842029 0.06284403524772134 0.42460772130055113
190 7.898888043901742 5.701099698612614 11.326433158213012 1.752989305729782 9.085667909245744 26.18257429594235 2.8155212165441394 0.8268721927347004 5.115687968120335 14.419086241154373 32.86188431084512 0.5094141071172068 0.026173238108083523 0.42823383223497347
74 7.661541508475306 5.714034052749526 10.979361920397235 2.0020346976878494 8.946492112786569 26.43216343107963 2.624668994044187 0.6837210101549217 5.190957788282497 13.706991981144638 34.115943858821645 0.5096169919285041 0.028815537124176442 0.4281466294688779
189 7.277111283091819 5.804065595468465 10.937177280113797 2.0494376376276495 9.317707702969265 25.56211495310212 3.0329628818386407 0.6483726363750789 5.263262250881037 13.356840658643346 32.10165231760147 0.5095796833072619 0.026089084286828393 0.4283644627485592
75 7.282160238561003 5.665565620989048 10.877127992062691 2.0543298148641447 9.055106814872033 25.919118100608497 3.0159517061240813 0.5628409743644844 5.934733942776474 14.500823450183224 31.52521454414612 0.507041493170174 0.06091278543189763 0.4244096830100585
76 7.966448328176741 5.502302348243407 10.741397635308315 2.2686122804166806 9.597098793790103 25.575449912184066 2.705506681208701 0.7961947588513593 4.808709351270788 13.563478543666525 31.874644334413727 0.5079815643920416 0.037203997709322506 0.42705254495219813
77 7.216279494671208 5.767940012881755 10.98113981900223 1.9394625824252893 8.783412987430614 25.75042647148225 3.3793464722431543 0.4062618045561362 6.25609046898715 15.184433693126449 31.69580555116344 0.5086689466774786 0.04355480242070362 0.4267183088547243
78 7.229307990805823 6.03185565353122 11.157048013106657 1.7995846230039398 8.92029297410444 26.71346933813145 2.54593805503507 0.385803143641461 7.096405859178542 14.30077129288717 32.62546721470933 0.5089607412410507 0.02075342526287271 0.4289648308320015
86 7.758642611190615 5.303389620171263 10.362588862470384 2.69702335368437 9.89917215032768 24.504576031544165 3.3601885632309636 1.1581828760514417 4.669961527285236 13.681426702248954 29.760032386914858 0.5038826425083064 0.08499587125373281 0.4203021378246971
88 7.809461556691872 5.772963783616911 10.667670189260047 2.3880866614592233 9.838312609836933 25.061892554427168 3.0645601040266643 0.8173671217476828 4.355699479776768 12.652656906714137 30.923849716838415 0.5076512204697918 0.05633684802157796 0.42548813020752974
79 7.932732987776369 5.3570263986778475 10.682664103470508 2.471391086595904 9.524327439130087 25.22774715518459 3.0532241063157044 0.8900122507715968 4.933030885880234 14.43525394852855 31.359211709125788 0.5081876832187039 0.04420253665287471 0.42769194917364867
227 7.58500513098135 5.6403163737754065 10.58809468601949 2.5609953126577203 10.468165885740342 24.07997157704673 3.344793028587879 0.9063037388374908 3.699805113889365 11.99305276262403 29.636631358826484 0.509184294018602 0.03822324179074096 0.4258998312095122
226 7.232590498436639 5.801639492491288 10.654943655763702 2.141949987564884 9.01509154085266 26.03119740777915 2.9142932333829115 0.653872692392587 5.405047413039535 13.586054728644982 32.89856587127256 0.5091603841273736 0.04051498772401985 0.427043744145034
87 7.610615948060359 5.557770963636964 10.655838491399104 2.3846536677859684 9.50954901667891 25.198250539964217 3.15268142318744 0.9797678219976953 3.8813688854361423 12.536810614185462 32.80033508196564 0.507616555519161 0.053912926926334655 0.4259091116860652
96 7.217747786570641 5.954108617955821 11.289931234121699 1.8217615222654653 9.440133319465493 25.763546368861675 2.706645666242397 0.5227205395980095 6.537905856817607 14.134498777093427 31.453276034691257 0.5089174932385278 0.02981608797172638 0.42711155897473985
97 7.531911429126126 5.740999022010375 10.935637355088254 1.9607001344128778 8.886037811192933 26.384245230448606 2.636160867391544 0.7451336373134757 5.344416442494538 14.318449185270348 33.42887420598906 0.509217080081691 0.02768304357976775 0.4280599640165141
89 7.7903577821633245 5.734726089290139 10.687978811063257 2.357951478206889 10.329284881322002 25.111507151920065 2.5908041065570675 0.966124111357037 5.270756471321431 12.5321510308498 30.017897524779126 0.5085578764756461 0.045459278083194755 0.4258959386261613
202 7.199985219725942 5.775052587829864 10.772814600180233 2.3405431100283245 10.22989217666094 24.978919045782906 2.7266274052279362 0.3112273826312693 6.264448376116602 13.164122543775122 29.559519726847366 0.5089431815915543 0.03927378744474773 0.4273265223178494
201 7.539261768285609 5.706936070399406 11.09731655167109 2.0411934067023867 9.410919529929751 25.60740158994114 2.8242667221592104 0.6357247135681041 4.878283347678921 13.926571708470812 32.444863915084134 0.5084692403403063 0.047516309257491264 0.4252810260845359
101 7.414139150452892 5.658692478721086 11.187246500136954 1.7882668908749841 8.623264909843575 26.10744095460385 3.1245646742097075 0.3788003373326031 6.574304427138543 16.43813398603531 31.939329645529007 0.5082892849035068 0.04831337349381014 0.425760893468749
102 7.542247964015734 5.760766229119358 10.707135462067258 2.3530746378065936 9.847813161137676 25.60803395451185 2.572399346020419 0.6129549425786657 5.3260857720458015 12.555148184244961 31.54594640475317 0.5075973631262211 0.0512603987384936 0.42607658833009915
103 7.544290910328862 5.713973884521763 11.239940571241458 1.7329991952434687 8.718729328752758 26.348748072878692 2.751492274565221 0.7012100973400075 6.151734838251886 15.382194192708031 33.42394965426899 0.5087004419310234 0.038188233642933556 0.42696850699521627
111 7.570273536852483 5.517840267531317 10.899877709676401 1.9842187349764275 8.655414722625467 25.70855640588042 3.3618836942932098 0.9376655792383304 5.214372741888136 14.989666799432005 33.279334936332646 0.5085746005231885 0.049588801676670645 0.4252106690116518
113 7.855328190002138 5.599805399081832 10.679049708609224 2.295263166434346 9.429456391855574 26.060788527288306 2.5536026703068275 0.5022758096629681 5.255840890807763 13.483528154102709 32.341705382104294 0.5097396756090982 0.03050540817059161 0.4276173357537917
104 7.365821519866036 5.815552895447637 11.229606427366187 1.9059464679262397 9.764912405441923 25.436428165739176 2.880695378823944 0.5815353996950299 5.83573576197294 13.39116944267706 30.950295698367903 0.5094214546011089 0.031774872177691864 0.42766222198159143
112 7.628450754851523 5.7658663036920235 10.973844286485294 2.1431932607789443 9.47511616892762 24.949642052553237 3.334449117505294 0.8774337671870038 4.421484950518184 13.234046613183498 32.29624305381692 0.509984493854256 0.02145632999478862 0.4281492519289524
121 7.932620122369259 5.377257997195792 10.657774734388088 2.275390176027786 9.472359334931584 25.834982284111366 2.715718294510792 0.5391012426850535 5.544075268552559 14.558958795626463 31.42634167652697 0.5073497718606793 0.05653291329357912 0.4251547853196703
122 7.783350837557129 5.9148809023093785 11.408480453201465 1.807590276443954 9.447122407818524 26.07669324164414 2.4420864384569776 0.8477913061180995 4.991265606780878 13.47047625056557 33.04316355101689 0.5091288919875615 0.02577691417660894 0.42796643310427196
114 7.7824389340219176 5.546358882364969 10.55147461003315 2.489262202629405 10.305709120325698 24.711226364560723 2.9942007680622793 0.9749554767642152 4.298942913795141 12.542686579050933 29.657476351663984 0.5071871082118699 0.05995966064849515 0.42385671753139664
80 7.391029873555573 5.698684347950166 10.96864805721935 2.351789621536534 10.301749441221432 24.766702066769454 2.9805404350009224 0.5170470040018256 5.022784041107143 13.193226808749174 29.222816667488534 0.5077116957122022 0.05215251702471958 0.4272998697180259
90 7.442041992082068 5.717441411368122 11.279036962970876 1.9196929252175354 9.46104597760471 25.635218302511404 2.750446212321558 0.9686678173773035 5.040419076164075 13.575774328490663 32.57829421799763 0.509215132222033 0.027423722178487396 0.42800656099586165
228 7.095201019251958 5.579376900754637 10.678397143407281 2.354331086883772 10.02976029069024 24.67755772076051 3.277572116149034 0.6193550427823142 4.827297416244328 12.412490115390721 30.29780518632729 0.5081650865048358 0.04497196610070433 0.4264551612010493
81 7.564085983261696 5.554298323142864 11.268993131109145 1.962279012223859 9.805752105602771 24.888486463723098 3.210002476344365 0.9151617965547336 3.942863020183002 13.706897469147655 31.389230951883672 0.50914023984317 0.03192182858144573 0.42775336343324494
82 7.682473316125245 5.833701399936259 11.14344035872498 2.0108321346595126 9.654320506475367 25.48090799842056 2.8077599604762753 1.1356899214204232 4.504322437303551 13.11235601323125 32.036998361059574 0.5084332007924299 0.044414803363668154 0.4260373563816814
92 7.511857550825498 5.62782661371845 10.978416546512294 2.0636994889068347 9.07474437948379 26.07049925997965 2.6136616143715177 0.8620327011217198 5.112158463542703 14.09988930077003 33.68989958953748 0.5079219613480956 0.04886041450208685 0.4271265147794614
98 7.59728758739531 5.309314949610604 10.886033479270795 2.000842792388337 8.744809209171533 25.608767585418082 3.213152735686811 0.9436391604244054 5.20373788812047 15.932111952786018 32.49447465490013 0.5059224451711095 0.06649423797028435 0.4247286310385389
203 6.892868863577378 5.781876043639594 10.67335177241505 2.32825372589273 9.877078478992377 25.36554025334188 2.826861294553747 0.8304818671462985 4.62675399256615 11.000241450115492 32.50027381203046 0.5100337670434479 0.020238663461769564 0.4285905396280872
91 7.3215000910331804 5.58369910127289 10.649253836083597 2.581112678061648 10.726740852019436 24.40018344735026 2.872197059139204 0.49444431991235693 5.7407305447676364 12.8239236372278 28.162141195857874 0.5049316096604354 0.06997501034323447 0.4244158071045858
99 8.201714800629926 5.4434357404163745 11.140367672151518 2.0965645248524507 9.673547714191676 25.602523998055485 2.6566565413557264 0.8797870541866719 4.259962284481565 14.01553641841257 32.308811900384185 0.5082749085432754 0.046611546364435284 0.4259470003890687
105 7.536791835919486 5.53067453340748 10.68753601279697 2.4636442681013953 10.229945343177613 24.973459562926397 2.646446304344004 0.5932040310038208 4.39792426540927 13.028715280290854 30.932458008560744 0.508947997788035 0.04421810418820715 0.4260378842465231
115 7.215922960160711 5.807112204161595 11.344949393153634 1.791783799114662 9.27327371281412 25.879427927809406 2.7109392135813453 1.0489364356578206 5.221382904783883 13.980856690965407 32.4990304785198 0.5085756211168607 0.042004256813859046 0.4274724824366618
106 7.398144785522501 5.632134860945856 11.077399771469892 2.0641790806197946 10.00660043041578 25.726969094748245 2.4903616774320936 0.759564290812987 4.520053929031224 12.593096597957473 31.594931614441656 0.5094877066988639 0.026398980933650392 0.42782450630396385
107 7.709428524460169 5.547227864175783 11.158664327659592 2.0560444098113777 10.080576820218734 25.2303663999794 2.6702172218965643 0.4835254023452393 4.994623053760356 14.146343155872328 30.37791181299825 0.5093405497797155 0.029474432097867573 0.4278723688315945
117 7.872584326075891 5.388931594304811 11.229263334339052 1.9471384951515762 9.422335217470156 25.768599339516072 2.7310134687503047 0.6960223842496697 4.3140102419368045 14.58352669000585 32.49466791637227 0.5084828839602025 0.03418450465889917 0.4276761987178934
123 7.774232635895344 5.446763253729955 11.238580569440488 1.785497586061071 8.786671157538276 26.51754770904268 2.578287577515242 0.6611824489157961 5.256736061269359 15.603641712531708 33.52943226514134 0.5091118378220241 0.023908845978209203 0.42842371483416547
116 7.084762757969079 5.72045532798874 10.686781257496106 2.2998364624681678 10.268566313635176 24.905960216828422 2.8941737037157713 0.6838353117542866 5.046278010824111 12.538204090827135 29.80931648618221 0.5076589714761821 0.050363397103919044 0.4261856623078571
124 7.864727878477007 5.6282877124831225 11.517415169125824 1.642936881285162 9.139068116860587 26.359009980160852 2.537968930942878 0.7858160964831521 5.0940870327418235 15.112252329179567 32.32530594098748 0.5094061282345311 0.02939359887249684 0.4283712975711701
229 7.3856222695546245 5.712952532434805 10.703518046145517 2.296722134072108 9.627222040588455 25.014375821920144 3.211124808969283 0.7597972633370371 4.673765957080657 12.826048858314564 31.69645754875605 0.5096287063708377 0.021557276957957148 0.42834986692248567
230 7.164608072204337 5.9524311929954425 11.309884137523278 1.7828721226473205 8.751376723300554 26.579411667006088 2.5577918525710577 0.5196996532666052 6.269910837893579 14.512101092277184 33.713983211959295 0.509106993135986 0.029048601488817157 0.4281056720745285
83 7.520399144367743 5.674461271165396 10.765226221163811 2.3305343229030213 10.218955534462099 25.123804434687635 2.8053508658841464 0.551729034364715 4.917783314879498 12.178409567020772 30.528381834503787 0.5084665303862869 0.03898752300526299 0.4274657918192355
84 8.012456642970143 5.2439026226128505 10.586434962663784 2.4611290648920443 10.007145588463036 24.746920810641843 3.08752042164183 1.066606427831817 4.526355071096126 13.74870428076465 30.162392067080244 0.5059773372134933 0.0691304685063468 0.4233883194345483
85 7.360183441368101 5.783747554882408 10.74005382224087 2.2209555954786615 9.518515762680728 25.153575187988036 3.1916719403278817 0.6987033514673475 4.857016608309008 13.082262507267883 31.682033379575884 0.5091167346163888 0.020156269005006323 0.4290424621714211
94 7.67708215512975 5.8100213528655145 11.219050115105723 1.919033095779891 9.198053158319674 25.52530275623517 3.152680630576987 0.5551598299096994 5.890462535695736 14.77363873239327 31.705139219538367 0.5085363464226396 0.047351712440463156 0.42417240407531376
205 7.924568932577042 5.635240468887841 11.31614965584213 1.7872639658973033 9.202562925294242 26.22627995400878 2.5377964568193123 0.4973926174016263 6.033946375442975 15.368565004982084 32.029534089597114 0.5078363918425549 0.044795669913228496 0.427476868582001
204 7.690318792747741 5.6780322425120975 10.627330402162073 2.362253555663756 10.089181580813634 24.818103973654086 3.237049829515272 1.0316081598301483 3.465771545282878 11.423580071880787 31.180991702318497 0.5084585774605475 0.03974510789574934 0.4272518733549581
93 7.521919238831011 5.7012642145200765 10.684924072157768 2.3011675922044086 10.004835544637185 24.8940684657645 3.07333164326568 0.7063709866685962 4.829869937506724 12.759590647221932 30.13136402455011 0.5078728919927927 0.04440988215805516 0.4267496696898531
95 7.65317891026924 5.609159455506299 11.066311101533648 1.977052367498287 9.121257326496373 25.560983708447868 3.05692134263076 0.6017685726271164 5.226771635430557 14.772343786755286 32.35201691773849 0.5085832463303085 0.03971927327240578 0.42713960944824925
100 7.306751033724918 5.708425112057942 10.417771553051526 2.4357167232993717 9.196121305792383 25.873606430657667 2.84462561552415 0.8513196014886015 5.74752764088727 13.676343300039887 31.78974147137446 0.5077423938086038 0.05743215861262081 0.4250126188372045
108 7.403159600462785 5.810022469711558 11.275774302476256 2.011830405061646 9.748320808944142 25.220752670173724 2.994962572317842 0.8314551527109956 4.393399606188398 12.846532737704813 32.103358501943994 0.509562179671612 0.026982611727153705 0.4275901608584871
109 7.91954810560668 5.547781461053307 11.005218805195025 1.8793035724088702 8.918641108663353 26.591809713002128 2.5271101043986017 0.9552027253846159 4.426383277407886 13.804916600214629 34.23548690249604 0.5092748176986596 0.028481995829746115 0.42786894548378146
110 8.018439493948458 5.759206576228284 10.689266038549444 2.369093478500276 10.23991991652489 25.25422681912429 2.5270699157581644 0.3299116240086073 5.6641550998723424 13.33423383672401 29.71452822405687 0.5101643859796279 0.02202834396719769 0.4284074284854126
119 7.43157346942304 5.770665601006752 10.807556231655237 2.047814576402405 8.71648335029941 26.64046235863421 2.695031927545078 0.8561442650992216 5.280862763241076 13.60441735150614 33.94228577708397 0.5092752768701809 0.03793260502761206 0.426452828068388
118 7.4218986433831216 5.7867673450461945 10.604447458047696 2.5778840439612134 10.469873074926477 24.265203670400627 3.1970367899675374 0.8019497113248223 4.340915490298812 11.633918797831715 30.072544278509238 0.5077672213217975 0.052217950715120344 0.4251206414910566
120 7.484538982602945 5.833561089552648 10.592031159039108 2.4361720210691584 9.785046376993016 24.89368003654083 3.3256044037346517 0.5178528979707392 5.606042016795926 13.396240945502417 29.75464290069354 0.5063384410747308 0.06667090451577866 0.42376259484073864
125 7.505298204382031 5.856039378051939 11.252805722855005 1.8455936108608848 9.03016278522037 26.37940201800669 2.5834426775718766 0.6846450318120255 5.50029083148257 13.834727878066753 33.42987393081507 0.5085678759356432 0.042341118689834804 0.42559346640381873
131 7.375516673451882 5.523808806555102 10.785629731044573 2.4217508408097 9.92674838930193 24.740690503469303 3.19904821720813 0.816116859181936 4.458290873737077 12.833443797165152 31.04918553252422 0.5060850444476928 0.06479554821665512 0.4243107645017556
132 7.785212081686348 5.527743853367978 11.254308471617229 1.8977568737511168 9.244560257444606 25.845255347166006 2.760790254144699 0.6101835085394003 5.1524966521009645 15.214043317537291 32.2542311024557 0.507481885325666 0.04543172307445275 0.4268728707447293
133 7.8445349568101 5.602367217042059 11.033547411549398 2.016333040592525 9.562896411482212 26.17584679627275 2.3424176304525854 0.5839770232244366 5.8009168234650526 13.983419084815576 32.06358762603279 0.5098632761464633 0.017597562305912896 0.4285080030346138
156 7.442304465000192 5.601778866451204 10.47638972568642 2.402696555984324 9.54848473591313 25.215120920933114 3.1693594627388126 0.9959676146406848 4.150007968059783 12.548736652855766 32.07438994204211 0.5080968770718088 0.045581513759172014 0.42692565012664835
158 7.880793230956595 5.42733105864017 11.041338356262669 2.100475381369151 9.959017412613475 24.679000723366013 3.272843940821439 0.878366567663351 3.951111710763578 13.05643615681551 31.287038148638356 0.5088888016664596 0.03723766594068079 0.4269176100670969
134 7.3529616030020355 5.903904812873716 11.137741935248295 1.9508726959988463 8.92405144213875 25.544977577303328 3.0525246132046737 0.7485744018052052 5.7527729365245825 15.096946601381138 32.5183053584978 0.5071439078841827 0.051663993103424434 0.4270620635710068
141 7.1921264672233125 5.652276230881151 10.813953029491573 2.176768523326313 9.67348983955217 25.589876758455727 2.7986870032106532 0.6875817857556409 5.476699547865786 12.965795981317019 31.518405914394584 0.5081541449046401 0.05439369623259398 0.4245054510781328
142 7.829333501913455 5.425879671171511 10.963160119979914 2.222876641957563 9.82342850436738 24.629621580081253 3.349701508978784 1.0341241571414217 4.016203163029209 14.077639235443984 30.504595184561705 0.505374924031556 0.07496152591238021 0.42269902526965064
143 7.344170449296447 5.660304887437874 11.351786776823278 1.784388657859801 9.139016764059654 25.9605787788321 2.7588641759402086 0.7906283527101293 5.912276770294533 14.48229641133851 32.68651850474431 0.5070488455546599 0.05584200650097299 0.42522962168388256
166 7.456174941161238 5.621034168573984 10.89136013166096 2.3415611649760315 10.637031898670145 24.49756314308486 2.830484079718679 0.6870680295087686 4.806128464837387 12.0333546208006 30.035776023897615 0.5083681353607772 0.04135514932923722 0.425849879069429
168 7.073530391768879 5.692516529174829 10.69923658198208 2.463548230437236 10.2095647062776 24.59119987543925 2.9861521860097846 0.7333397382038505 4.8728656991770665 12.431085314494482 30.042695809690628 0.5062093078034875 0.05918337158220929 0.4257936595050569
144 7.501733201903014 5.77840225456086 10.86666638516773 2.320651176031403 9.77888206226169 25.317085646847808 2.898802883598056 0.7390662918060676 4.662458006816317 12.687682343773782 31.317952823958205 0.5085771314453622 0.04495120604968376 0.42583136420196915
157 7.37042907487177 5.579495821135447 10.682218713212674 2.137357384936148 9.267171338889371 25.93836977699907 2.704637370181203 0.79503908835992 5.2523741822846 14.151154086219597 31.69435963715475 0.5058968557804553 0.07107871096490452 0.42264010079217995
176 7.633208756875114 5.5558505986629845 11.112852274948036 2.2427050951334606 10.4505460220713 24.84811835415086 2.835212646910261 0.6043302732599055 4.603692616048739 12.330107307599231 30.2119426225538 0.5093013469505068 0.03363095502381489 0.4276628686814753
177 7.457052213412523 5.649737832775519 11.082605565871777 2.179683323691178 10.000912616624436 24.857286384838243 2.904211001595457 0.6975002147293132 4.826189353931645 13.57171739289618 30.841276886964806 0.5086827816740334 0.03353254264414437 0.42799457797754964
169 7.4451828957237876 5.427103542635243 10.558047407004192 2.2092699307387993 9.37375775787434 25.741439622099584 2.8746777571315354 0.7863923340629899 6.150432485609733 14.554421871295302 30.81766330002478 0.5062096738607206 0.07033996770236371 0.4227283881449646
159 7.997057595757093 5.334172090276438 11.20044732554913 1.841562431121993 8.774230049869297 26.169343163609657 2.960223140421767 0.7942473145638632 4.568982117310719 15.124933739634162 33.820114483349265 0.509168894889951 0.02169987190203876 0.4286670497121164
182 7.328943891703712 5.549143986980678 11.097309704579665 2.0935274479557875 9.814750697868245 24.977571198595555 3.062318990644695 0.5803962674424554 4.621989463603916 13.495292368735184 31.339251000472544 0.5084877243190542 0.04117853057552105 0.4270632883261195
181 7.390961009344521 5.715856219782969 10.814266665766658 2.5821058747040877 10.861010617341043 24.368640417994737 2.852985644955115 0.5200748901734635 4.870190757368627 12.001594675155378 28.84124826281383 0.5069964045914513 0.046168625938897895 0.4278015512056986
167 7.870644670724404 5.490952335051894 10.879143313597602 2.0874944549973873 9.116960815614505 26.642192515345826 2.3024046108255645 1.4751720260992447 5.014136296893518 14.510037833512506 32.76228319533461 0.5059828652523269 0.06548396599414229 0.4236110587768754
191 7.458836264219728 5.598790497651735 11.307469819515768 1.7542365918640803 8.80487676383912 26.232203909541557 2.850316809227493 0.8481589911399389 4.641869944923936 14.405028200689177 34.06778933209709 0.5095437753570584 0.037241227519710936 0.42555803546138987
192 7.657850213563903 5.7297769256594115 10.944843761239834 2.0691534178014934 9.620882091168601 25.709671447487267 2.697815848963988 0.7116680127818519 4.676333429415935 13.06790486511931 31.788053820256568 0.5091239994037998 0.03478809724672507 0.4281635634950635
196 7.691194778150047 5.608199189047856 10.58926562153702 2.4554341262476482 9.978293517297788 24.716002464349533 2.9468556516650772 0.8384182323044383 5.38821692050061 14.210968487112147 29.676940855702316 0.5044555544179409 0.07567031027171146 0.42304307855323964
197 7.460020480937308 5.313709109904711 10.814395293453916 2.0974665664249175 9.0536308060919 25.605527372173274 3.1366839798663206 0.7950807724437339 5.617793924566823 14.874737132386198 32.04937116708224 0.5070343186138093 0.06272624571664537 0.42365814924604195
135 7.503795063525225 5.701753640099327 10.658303047024182 2.323527923753289 9.385667733101068 25.45431158709691 3.0515155707869455 1.0277331787986268 4.573743919360785 13.159798208179994 31.985519750866285 0.5064867504155063 0.05942341000024251 0.4257250755229337
160 7.4080246951989235 5.640433732245707 10.149050993996777 2.872828993458711 10.082348386269166 24.963530057424105 2.8439093617188793 0.6377513615294916 6.093802134510737 12.604892089999211 29.747678156657013 0.506418280094856 0.06322430616077214 0.4244855795672108
184 7.630035183833883 5.631979936253435 10.542039433607913 2.260162657183135 9.278082079182628 25.211625968186613 3.323629455944398 1.015116232189141 4.43304832542312 13.290173243739705 32.125677356837585 0.5082162679600072 0.04396736058516442 0.42664034843393567
136 7.268401145085828 5.9416945531682455 10.878776620597856 2.106441640252155 8.943330831111963 26.293155661655994 2.7410164195462547 0.5487925266042345 5.856437576998483 13.41112639170745 32.928803389958794 0.507963666425473 0.04344090390776841 0.42652663218539466
137 7.1335123302469965 5.8985447869197145 10.914575894620063 2.0996576900913873 9.317740781139424 24.679034514809565 3.5646189357803455 0.5455349453427596 6.093819309214665 15.277065748006137 29.436418637260086 0.5044712361446944 0.07744134194819645 0.42206437979223166
162 7.271460379394933 5.763717974235293 10.829694959753404 2.105651208857229 9.076729095174477 25.667543981002275 3.126761280965275 0.6215292638393899 5.776751633954115 13.825171586490905 32.21749316214529 0.5073831313157509 0.05301856449859366 0.4251518748454617
171 7.323579157420006 5.791499645832335 11.072958699346342 2.0387718040287237 9.311103021919322 26.300652522455305 2.431817875022283 0.49898848233041154 6.824140369717411 13.593986493160152 32.65222614271964 0.507742011518672 0.04819406455747803 0.4262280473857886
145 7.424441841612638 5.782944212810147 10.870257903261072 2.1489032608369705 9.101684998688107 25.572129213432113 3.0496469916890323 1.080249038846406 5.586458272932189 14.146376378420191 31.979445230643382 0.5068913186571099 0.061120840175477614 0.42480362089856577
170 7.353097006701637 5.893920057366313 11.028933320364802 2.0479633246829465 8.98535249273512 26.056691004457893 2.818785650720237 0.5731015438079855 5.94604886890233 13.883119440766327 33.201563489891996 0.5093509532916541 0.031744682892038086 0.4263885829929998
146 7.755697504883855 5.767685368113095 10.425951689299827 2.666527080363202 10.145219699470276 24.309249887000636 3.274829156923772 0.661612873046184 5.247569127623688 13.419581384131757 29.28776482555439 0.5046816907316928 0.07555906210189636 0.4230378756094043
147 8.04557516433503 5.507590657876072 10.437242179019453 2.4220637711291597 9.434659648723256 25.770406634781615 2.7369211687946384 1.0187951301905276 4.276269081900187 12.748272743856525 32.793174840422836 0.5082847134153164 0.037687264991903655 0.42675043905878857
172 7.826335054317875 5.568178725393471 10.717771201473957 2.216206872787482 9.225657686882524 25.30383763577884 3.2229048237644826 0.8504533231379509 4.365580850330272 13.593820579810238 32.55208842197011 0.5074672132698675 0.054680240710213004 0.42598127653091905
183 7.325277397935976 5.6406389794650265 10.474567121880362 2.6952284775699136 9.716931962577407 24.567245356202516 3.3523573803068505 0.9774905498899212 5.3010979289869775 13.665170109871625 30.11234521859815 0.5044655868286537 0.07677020737034997 0.42262056135893045
178 7.349822173568546 5.840738604512244 10.892233295402656 2.1250986587235574 9.539458594974679 25.872828115376702 2.662524808966949 0.7144141029523232 5.75342408051105 12.49920968356788 32.377781781888956 0.5088016298315889 0.03854787844661647 0.42605995449328943
161 7.743141470614512 5.765708309119138 10.840409901777505 2.016071272449573 8.835424724144294 26.084819141875872 2.985599974355801 0.6405532188813436 5.387560696354602 14.456717983314144 32.47424370446861 0.5094055245990649 0.03137760693314169 0.42663741684599527
179 7.711229329566556 5.677986565496863 10.249286603719902 2.577315664063922 9.560057409867504 25.09507479901681 3.1849165675418325 0.7863837412791996 5.0934768501379075 13.618685931790969 30.646197803895767 0.5069681300305423 0.05969062349225953 0.42446801176950044
193 7.823408023258329 5.876321054801072 10.837577242294625 2.1432396086843934 9.23228527687245 25.730706532258022 2.9780214446964726 0.6023122980515004 5.404714549373028 13.83070624878046 31.97754131189501 0.5078982377421447 0.05036840373688446 0.4256776978895102
198 7.480197863956905 5.674929377704413 10.700030603454945 2.2927839083212795 9.690772315899085 25.304784166962857 2.932527045549513 1.0969416129800402 5.378366958700376 13.047517241911669 31.12087498598878 0.5044759868805158 0.07933470274643471 0.42145316063750804
185 6.888633471764142 5.803924141974092 10.984516272289374 1.991955631901106 9.382167221167794 25.83532250151983 2.8162264813291533 0.5820976688489776 5.747526550610775 13.215755505680457 32.06139727530839 0.5089816477629026 0.03621611118275403 0.4275823132229867
175 8.277714330408916 5.2930537856150535 10.952762350479883 1.7224995226897803 8.650271473270106 26.55915004452615 2.693776033440785 0.7550165198342924 5.539123937252567 16.370302863317644 32.6288656750675 0.5086950282585387 0.03957864642321378 0.4266842430019004
173 7.708148576380297 5.268183292633819 10.330387919990496 2.529528687505543 9.5823329541585 25.087463381781134 3.1994729150970835 1.1513513404956304 4.585732591275457 13.958820795650315 30.594534508446085 0.5033348651762067 0.08684319139764603 0.4212346194649681
138 7.741379697733421 5.453119314648358 10.714704634575314 2.3316182137787766 9.579628925815284 25.108543760342965 3.0950344525839677 0.8626552343292025 5.283678904777205 13.720248508428453 31.648974939019634 0.506716116496878 0.058632604766544895 0.42515141697585374
139 7.740953380526359 5.3283683763452805 10.702752054313969 2.2628946965249352 9.247062557152589 25.941416030741035 2.6909990662526195 1.0643169467437559 4.693275790568714 13.031848122101803 34.100264116652966 0.5075419726429254 0.05713762245178645 0.4253141287069364
140 7.929510261047083 5.528669098059942 11.050201984900673 1.9550269852994864 9.195364343847807 26.522520084862716 2.347937144954541 0.7642177005925052 5.024699640235516 13.956583704689443 33.44979780450675 0.508759099044256 0.037435505625525035 0.427220348756767
164 7.327761066895874 5.718679284646949 11.058936082299555 2.0216211863894964 9.121017224658852 25.351642940920968 3.2987859394676096 0.6263779144899035 5.445066766661531 14.612017625205166 32.09062942406068 0.5077104672405696 0.05785771250088639 0.4250481907603682
148 7.561328946698732 5.608898962561523 10.94646341575929 1.9878975511703354 8.927956568853638 25.514467852523445 3.2256201013769257 1.1481268700863996 4.607455686268544 13.971029524162523 33.57295974665804 0.5081896863950197 0.050362018299057565 0.4253067360980745
149 8.007772669550416 5.507555603199409 10.800454220468783 2.2221386315107288 9.882964849641244 24.722354189566293 3.35555345996061 0.9824794119947202 4.398615220472345 13.469217486454271 30.2955495509237 0.5079162980790833 0.05082011092059647 0.4264070315216983
150 7.642292661115396 5.556909291525818 10.659186766296193 2.0682386727056814 8.84437268723423 26.142953131353924 2.9335918869351922 0.8933994574692512 5.021899502571233 14.277930104657624 33.011150625649584 0.5062200539725303 0.06976936657762801 0.423602244908501
174 7.656000655860303 5.692823599296547 10.86215786994557 2.398234746539821 10.507049935074917 24.61262421838048 2.8248397625391393 0.691158442466619 4.7250097503742525 12.472648430315743 29.898509680282448 0.507472325856957 0.0503715673876471 0.426280993556334
163 7.6954422357757215 5.549510778559186 10.981043380180395 2.0320838528500853 9.16069781766217 25.88903513423427 2.8323676253957153 0.4659373684670421 5.4190211861613085 14.815589100229705 32.56038597032184 0.509206945321702 0.028777285441532317 0.42727251114737896
165 7.173979201974401 5.998763565772309 11.702164696457885 1.4057753732702698 8.436216108949196 26.89412963640472 2.5685344001774513 0.5987233697671934 6.75038069131265 15.84006077472613 33.717165862802034 0.5092502139587907 0.037405880590528434 0.427022754278973
180 7.835070008035585 5.542616396507935 10.720088625907367 2.385178958938817 9.895292540317202 24.88774078146547 3.105004471993689 0.6664677266813726 4.51899708982309 13.682417676720844 30.49458315737719 0.5083552149141367 0.050988176004572484 0.4252534934868859
194 7.533665665534368 5.70566633073226 11.01099169647187 2.0038675397543666 9.35461625556287 25.775598065020986 2.8113598919136873 0.8226502575152035 5.225461472320488 13.901638371020825 32.04402700139942 0.5088004285047613 0.04117116481699886 0.4267451484633749
195 7.79530152043126 5.552460265877107 10.723250027047701 2.1928014623970036 9.632934036671868 25.96670066202324 2.4364899899453043 0.7588520340364279 5.346251850592095 13.959695896616381 31.31622524582009 0.5080249986703252 0.05237598786022365 0.42567293577146675
199 7.796965722603947 5.368019201981807 10.519881609323042 2.4017397338103876 9.564747883342395 25.288915603273054 2.854257600853645 0.9674384012717359 4.833095146869224 13.929445202144928 31.766579822831726 0.5066493433975701 0.05465153976293247 0.42549968563878243
200 8.038223036264071 5.230967876581159 10.92026711767993 1.9321202297391546 8.808563529969923 26.15206104858344 2.940461524472048 1.1758019526318417 4.471063348378019 14.83673412997392 33.85401734431553 0.5085457742519066 0.03722302322154709 0.4259366554123886
206 7.176464983937814 5.7213735888165145 10.994121358205849 2.1393894559486837 9.782079410010581 25.584237758444047 2.595856654411283 0.6603045758212067 5.138362712087479 12.395087156069877 32.48033025342904 0.5092901488697272 0.026445870921547866 0.42803236221543833
207 7.4942241260490325 5.5436326368899715 10.046913514601696 2.761513859727097 9.993779040391434 24.834229970638123 3.0507841770601836 0.8720715507341121 4.84921785817907 12.81024542374282 29.803920483965435 0.5063607937189705 0.0658835471505736 0.424330022360322
208 7.587373361569227 5.557245150178261 11.105102912914862 1.9662692711496863 9.142026364354232 25.904348761646368 2.7709025863468124 0.6287991616285029 5.2002865633083335 14.73549067524527 32.82134401563334 0.508721428183564 0.037673724700463866 0.4273156516636128
209 7.416997050821818 5.979052278716017 11.055384168412552 2.2254157513452495 10.032709904130932 24.94597424556949 3.0514106701290507 1.0914909454061938 5.327271022696022 12.338758524927526 30.40657301819616 0.5062453461601158 0.05458453134842086 0.42551536946661717
244 7.35044064573264 5.8416048808495225 11.237975338802263 1.8758971947954914 9.272159616448443 25.46216056322506 3.0935045079185457 0.5560672037946806 5.575437938546436 14.547334464385205 31.659732259110523 0.5093412380424968 0.02675281010097255 0.4275333953591463
243 7.800853306774383 5.612181924690588 10.733006150305913 2.294499472256623 9.548830670624731 25.727832878526876 2.7992314828535263 0.5840802124950027 5.112839800449588 13.821971597682687 31.271077252838133 0.5074170935154272 0.05361642523826189 0.42538205374684884
242 7.440942291076476 5.676682732465391 10.952337950723454 2.0480637098340773 9.342622077343762 26.225371623532197 2.4912965801351517 0.7295023635982174 5.750765817752652 13.867436174597174 32.308732980444745 0.5092583822195744 0.025562633540311224 0.4279093808710427
234 7.449591023736429 5.794805899179019 10.676104123405766 2.3698583827090243 9.554063031762233 25.52009646779316 2.8145002155436765 0.6831778385714576 5.03220426353075 12.712718428753554 32.38334565199465 0.5079821986078868 0.04367340434182088 0.4262671396202015
241 7.763246509006618 5.552710043982143 11.08295198333596 2.140743302405542 9.896154109648624 25.186007108004546 2.8155775240151426 0.9354934565064158 4.033813935225222 12.761268709298403 32.28351848132898 0.5093659755770273 0.02802961364726569 0.42809592396787954
216 7.58213119375942 5.651585330727858 10.800751158208243 2.19498902630733 9.74385392675797 24.793435133157892 3.3266915852550736 0.9643952675920167 4.669312474421492 13.733847042463884 30.327879855764966 0.5081983855234803 0.04622561758628627 0.427189354562366
217 7.427927393212878 5.77268150428861 10.91227777372925 2.3277053450600746 9.837253626441411 25.351945096452894 2.6547239843946833 0.5540908057148579 5.618946925917971 13.092904235062608 31.576397656055555 0.5078667134912864 0.04800223907542958 0.4262642949454839
218 7.6961184458634575 5.764481334731361 10.782579441315708 2.374942142409188 9.967981080004613 24.79604948457332 3.16960943702886 0.9025661872194735 4.361053254744239 12.83056023115636 30.355518994776766 0.5062671920683719 0.06290863966293822 0.425277388696699
233 7.7456881989470965 5.803232486172988 11.30695844197288 1.7877480374815462 9.15040007345213 26.06791082473866 2.77890499486401 0.6791200563515536 5.485902242531058 14.735222801463769 31.974361111757087 0.5091360963084395 0.03571196195948005 0.4275927411946821
219 7.494862588509629 5.54429551942907 10.308560679774095 2.608096517434767 9.65038926407404 25.357645423658592 2.9441291195011994 1.0614345388532196 5.008054939692167 13.208393931072935 30.854951843681274 0.5070231533203621 0.05932578618040253 0.4252879044647859
232 7.403979944328814 5.780871348128873 11.245674913271504 1.8409608981684464 9.21173592056919 25.416529382202093 3.2931252000320814 0.7796269409130062 4.5847204319753 13.832019000202978 32.28595374169812 0.5094807807886386 0.03072395984419516 0.4282617873705038
231 7.487795475665307 5.50813038764712 10.577539271039932 2.421006574698334 9.81911920767509 24.900708305185937 3.1542082480666873 0.7430901393978163 4.99751843076501 13.384445451377719 30.53838926368339 0.5059370650706501 0.06322924902888821 0.4252494389739308
236 7.395156626646368 5.774216793936082 10.707915663276593 2.268025911750535 9.86731504302679 24.78457750787969 3.1440359275723546 0.6465367473393763 5.544063055379686 13.161991862677308 29.95433028607338 0.5065752660624429 0.057682189094152576 0.4255895040180503
237 7.877403592481252 5.617268303847018 10.87692229490543 2.0928507173319 9.13780407234104 26.76703949738181 2.287249806970579 0.5547700412071978 5.777595954102437 14.398423591970271 32.66317356809491 0.5093534575960159 0.03413120613763434 0.42677242199651305
247 7.064627098459648 5.889864554745248 11.367356088660445 1.6844792319841728 8.508456632334525 26.644009590705405 2.736914800735708 0.649752197886008 6.651295277842493 15.010962484837867 33.74807704744219 0.5093177737476003 0.03158443587083881 0.42802492820854404
210 7.800870156433878 5.27929996572777 11.053225876660482 1.9487901613122436 8.704947303060527 25.929634298237254 3.098839256565311 1.0447834025125726 5.263736650029497 15.116177728594117 33.68387855904773 0.5086480887664687 0.03760817741725663 0.42731989301435686
246 7.958599930300462 5.378949947856203 11.06267534074702 2.0776309948491085 9.654884805589289 25.22482546163469 3.0833993073068227 0.8827683553843936 4.393419161195628 14.278075002767205 31.29063847371749 0.5094813265382849 0.030354398560617907 0.4279338333335815
245 7.587296528366698 5.558224295665312 10.52688848484759 2.4759210349545837 9.344255295621041 24.969812733359426 3.5547660292059935 1.2675839241016584 4.794806086787406 13.90671121719507 31.103396949728985 0.5046034730325641 0.0778217392304212 0.4207479718024238
235 7.883417785053453 5.577206870974547 10.914380406177681 1.9371436239791708 8.741493001990456 26.14616452770273 3.0120340100804754 1.0239310773607495 4.727926997569432 14.716357264466238 33.1800887321535 0.5079372977841449 0.047446064248046774 0.4260387621260633
211 7.848649029646692 5.785891135778414 10.857161538694971 2.1616816174391933 9.571671078954 25.37109441328714 3.012059409719008 0.408654268469792 5.932602856158748 14.293880416747728 30.652072514242974 0.5086844669498444 0.03552376477683421 0.4280775144032778
212 7.96037026595632 5.637489729496693 10.722450285099374 2.057861725773098 8.910408682142936 26.245247190426657 2.7953682256019494 0.7892021722044673 5.283967590066296 14.639407942876156 32.6654888878357 0.5099794204037283 0.021953647881630334 0.4278830326304808
220 7.699756346382731 5.4477285002804585 10.294759429156791 2.8099974635162663 9.92520773374774 24.791947196826708 2.934538581558696 0.9385146512543305 4.5699878224976445 12.351424620599664 31.62361982926348 0.506652346204646 0.06102084051735584 0.4253903970751263
221 7.829359580371973 5.441005640344526 10.560837910924777 2.3084824575282687 9.31651800543847 25.517384963594417 3.004169293423183 0.9359991927799306 3.975645997440025 13.566237059958945 32.720875228973675 0.5072107453622725 0.05436383059609513 0.42642065691198927
222 7.360073707181017 6.019304050984164 11.22139553709563 1.8361201668864657 9.090080910976937 26.290855034871715 2.568255239743799 0.2848524703056658 7.249068706283131 14.778489936137346 31.81971199232323 0.5087299720885986 0.04431865434807478 0.42621062919520974
250 7.403595717910545 5.8633195909529485 11.062171253698668 2.0932589301258364 9.50977793572931 25.05594273502133 3.2107057625130646 0.5859732730747398 5.29271449654252 14.254889592227128 30.9917357334161 0.5080117824333676 0.050474587088776654 0.42608822372160454
249 7.785825655939908 5.649421436598958 11.117786409424912 1.9677626224987834 9.354147403861745 25.89515470557839 2.756690409373728 0.6820613802503419 5.038423997490685 14.068513479617586 32.34163702161225 0.5096534789167424 0.022266800326943434 0.42805013749363297
248 7.379096175895145 5.757643891647832 10.464044340477185 2.4016664114222133 9.785999035559644 25.496753179963317 2.7556711788068364 0.5870745438874895 5.5535080086917725 13.227718554282891 30.612591499286605 0.5079340261147828 0.051615851498133976 0.42562974238652534
238 7.497505655766261 5.794987178468354 11.025621933675023 2.0498523558380284 9.272850668338657 25.649198508054653 2.9657188667994174 0.7970110800125556 5.214761492019687 13.535416350120698 32.54604556137914 0.5090724703815537 0.03338946518614018 0.42754210417921135
213 7.462873286820738 5.7854242697227605 10.932024358282076 1.9828755713525863 8.829016790056379 26.18390920628516 2.7499881742308405 0.656590421209071 6.212297852538763 15.225253568314038 32.601026535581816 0.5092022190326557 0.03300712382722722 0.42815388870910104
214 7.414045399320874 5.730903562541075 10.771935709457152 2.221613548118949 9.68759089584245 25.00621336579944 3.2097021587155186 1.0376645294622004 4.064075642184803 12.202020913294268 31.95300151976401 0.5082306774949913 0.0466151775805462 0.4266155536520077
215 8.229159732792926 5.4538608606810035 11.25455531943068 2.001395618642585 9.956772303602042 24.948172487442424 3.0238764470829302 0.7496752937933835 3.8705021936685386 13.767717174318342 31.224465412425857 0.5095906403122297 0.026382133268947467 0.42800121862206175
239 7.46717870516521 5.837473844037037 10.988807293025763 1.9246340844330292 9.19950443216197 25.627720037943917 2.980431490849692 0.6286427456834561 5.783236394240314 14.315918821415295 32.00687760037523 0.5099422167870341 0.02086980712288331 0.42802814050407817
223 7.076575223165687 5.877620659319133 11.267146023903486 1.9212885563193713 9.486388581582842 25.565664999652327 2.9244535046816735 0.5452651248865219 5.7127666630441 13.410969459043 31.752671395456648 0.5088397566562657 0.03866979363484468 0.4271177194474097
240 8.085519551641834 5.569113952015738 10.956359186555181 2.2136789636955347 9.95519607319001 25.501404740643984 2.7020360004332282 0.7592809401617734 4.1814610814002435 12.961198690982338 31.52641365848651 0.5089861046923352 0.028397007438409682 0.42862766601976093
224 7.663183224524157 5.455140684008597 10.674882884043198 2.3777109270027643 9.834466312291804 25.169916148213485 2.886790931549275 0.8479383150762103 4.501526919002679 13.211455951473443 31.48613485249352 0.5064580834870855 0.0601737826964187 0.4254672286865043
225 7.078531873876672 5.789936038145545 10.464667202068298 2.51212637578442 9.774392834205631 25.081978134938318 3.0398111665043306 0.7322793253411596 4.642714303269355 12.226488745110077 31.66800813918288 0.50732452957453 0.05761062941948449 0.4253861983983679
