# timestep 5800
# phase bcc
# id f1 f2 f3 f4 f5 f6 f7 f8 f9 f10 f11 f12 f13 f14
1 7.666128479004938 5.651679897209534 10.57772158402946 2.1673343004838284 9.157205438254886 26.284774292547482 2.5755032833308005 0.7758322446122965 5.320448987410706 13.591578417386714 33.03214691888666 0.5088335819290185 0.03666720949370392 0.42743284341963655
2 7.582095413131405 5.552129919627284 10.824908357364576 2.297280154517021 9.822333674137694 25.019912553053544 3.0359987497309153 0.7967881556683006 4.662611429123707 13.341456620936492 31.092074354324694 0.5069172307086337 0.06193984934894591 0.4251475310648508
3 7.464278691276416 5.8324693005583335 11.246594050033847 1.8020213542542813 8.932924077264037 26.685391040084948 2.465911175893934 0.9299229400967669 5.0803700935256115 13.131003147752278 34.535037294313945 0.5096623472392592 0.026563946653678873 0.4282984193474521
11 7.515338009368788 5.390719981744913 10.82057450132605 2.2845715341541326 10.00781819373812 25.301260248780764 2.8631605676610206 0.8245777824859505 3.7905906694088314 12.276792818625731 31.876287503168083 0.5078778426140993 0.050361668304206006 0.4258081987593112
13 7.639059890967813 5.731492649668132 11.139225263810424 1.9638294302762611 9.251462649147363 25.429757952439946 3.0813797618131042 0.6704288294761803 5.400794781547487 14.626346601500012 31.815643059002024 0.5095219949735422 0.03374924540774228 0.4275919505239814
26 8.11550391317693 5.590913675359592 11.14333947277769 1.8298530434833185 8.732859755422519 26.66002713941143 2.7570178450535683 0.5834460404035106 5.730818937294151 15.195316929785317 32.924099751847365 0.5080947064839721 0.050158485736827615 0.42635579519689404
28 7.68094284592934 5.621807073903551 11.023953493258587 1.9280549954612487 8.939372539225355 26.23838599903375 2.7485202800159385 0.634890696487586 5.404848182478881 14.94140370944631 32.80904522249838 0.5087306504020045 0.03750618290924958 0.42742297762601217
36 7.613799458411112 5.590498685728348 11.470041039214948 1.6968107051131003 9.479155733841084 25.194474235390828 3.198273823809095 0.7716433032092656 4.982022753846527 14.71688284407413 31.45101599883042 0.508489199039472 0.04172791784936387 0.4269603723899114
38 7.661253557441581 5.7407764960334875 10.749191635325218 2.208361250458238 9.590119857778175 25.990581655325705 2.512464188083822 0.5679389269096411 5.604326197877418 13.303203129244354 31.883375957620974 0.5093798674446987 0.02584954235445703 0.42836600579307327
4 7.669255649505409 5.528883402088157 10.700965440859937 2.20636088496642 8.88243081086127 26.401235956240587 2.5895607990608545 0.654299503512009 5.103695029227901 14.28766856041526 33.80433054219098 0.5091828563282089 0.0346557676585022 0.4272547002867353
12 7.558486566849328 5.7766252143764545 11.11723652308485 1.8215713564783087 9.000754297281524 26.190737162127284 2.7252659179882444 0.8023733111730476 5.080694020638527 14.088697174095108 33.28383436761651 0.5089640328684751 0.04235189034313923 0.4263560323157501
21 7.574237268059448 5.530631331511908 11.023092606354247 2.0663539141923972 9.404497557489268 25.163775358871675 3.279548249447326 0.6707862998889018 5.119251486035985 14.649835384331102 31.392178230268748 0.508318208843889 0.052113146712111376 0.42546126252091426
22 7.71334260209505 5.611977769219765 10.79095071730947 2.1982085936624984 9.378945000346015 25.293484813934423 3.072543560093132 0.8234623309695375 4.552788882371512 13.637953728834303 32.32245556147992 0.5087413603668957 0.041524830628888676 0.42706043181522646
46 7.745075794495489 5.591875534517843 10.524107678213868 2.44824047527679 9.965045072671412 25.50256930551349 2.674994720885367 0.8393418280109896 4.7585846712875055 12.304628209585674 31.118071232990697 0.5063398375046485 0.06283233449186955 0.424927513215411
47 7.215567137997771 6.023363111293307 11.080243216439357 1.8660598451822323 8.855114175474426 26.830824206243392 2.408972465400042 0.5648751326891361 6.3140149373223755 13.222607342100261 33.82996449666255 0.5094924068699657 0.019765558207557564 0.4287782249447085
14 7.299493558584096 5.889866846149571 11.066116137555776 1.9472519510414987 8.974377145583205 25.97134388912242 2.9208066847927845 0.6488451241724394 6.314312490565486 13.789259222674133 32.93566073983088 0.5081753232473689 0.05147159967380124 0.4259583084398638
27 7.220117485529839 5.757407878424883 10.971107434125809 1.9753297423965324 9.107810582538566 25.46813302985979 3.3013606787784733 0.7316590319269517 5.189639455875916 13.726095946830412 32.150139731661355 0.5093817714234389 0.031138128143595963 0.4276983994717226
51 8.321385812701802 5.637905116904836 10.96041349873992 1.9067887415585365 9.035163227669397 26.373465249675856 2.526938349569157 0.7103918986195441 5.295472630788626 14.577177158436294 32.99810859667199 0.5077725041450372 0.0520247247881385 0.4249844068658556
52 7.761106538336355 5.519331625456734 10.939780840157125 1.9506654075230858 9.148400658595284 25.871585552280237 2.958234628173821 0.6283236563726621 5.391236409559896 15.346866883758567 31.150072431991095 0.5074409066236214 0.05747318427859636 0.4252629190362283
56 7.286691767270193 5.536671127555944 10.803803892229226 2.2034717490511246 9.229074376360286 26.2077063883119 2.4973341773075814 0.8017578202356941 4.5545467481626325 12.701993310150325 34.06829583262023 0.5084658750521636 0.043845527922732 0.4270583946965003
57 7.143070197518387 5.546849885595567 10.555887615261911 2.448992794094319 9.664308268635457 25.162085493707167 3.0799469458287896 0.9673944666001077 5.009152749424678 12.826151783090713 31.145857619079443 0.5053643846489113 0.07311958840924955 0.42305650923747967
29 7.721648117770402 5.721385464380657 10.978003771625431 2.023673330258564 9.331643756404327 25.666942856160308 2.8422797237455244 0.5846297329374689 5.060742785049399 14.18197447603476 31.965513686261954 0.5089077480206868 0.041235877702559764 0.42627966095903874
37 8.114368482974895 5.573915106127606 11.104202918683848 2.004827167873167 9.625357112862035 25.59275580433908 2.8454965690433243 0.5934441391369266 4.845912290091105 13.97383129886035 31.352104429464546 0.5095856886120419 0.02457198031041349 0.42737386720032
61 7.886710004286104 5.780633497074278 11.136897008780867 2.1689860249863564 9.959991442857765 24.77196647133198 3.05466299026419 0.6731561871191353 4.564982110908637 13.30429548780737 31.190408225868502 0.5093287799294226 0.03142313917588174 0.42695975345175347
62 7.4175016529376085 5.594232430083781 10.915808956542838 2.0651355381413126 9.23785850779703 25.60275239020074 3.095272517579513 0.5414288433991281 6.211723395690159 14.406256496384367 31.510802585415902 0.5075471229996721 0.053613652796795676 0.424968880954729
39 7.776972306656777 5.36161188732907 10.02088400431887 3.0612069861606344 9.990849464451841 24.088139339929 3.5171453315810823 1.1382746971710953 4.678311006296925 13.854781458437458 28.967300121506412 0.5004272992868067 0.10260041548837114 0.41727239073657646
126 7.785917135397847 5.302259287322383 10.342437967578274 2.849568670877877 9.876119932676179 24.521210860858695 3.224713746550987 0.7344533980584488 4.273146597200092 13.371441636144057 31.004465355592163 0.5055896940843545 0.06616150280000366 0.4249128568593584
127 7.784109815133805 5.567319912289729 10.844819149286634 2.1511588886970756 9.685370108005435 25.400417344113407 2.8081673300080245 0.3415694402252982 5.703312616656688 14.361471292377201 30.879902548906113 0.5098858301244504 0.028547775495040527 0.4279457210004515
151 7.4791421358430235 5.815957280410682 10.51286432621928 2.2959488677497237 9.088383373399347 25.558248101301817 3.190481634039304 0.9159694887832839 5.762915486755216 13.862126945113793 31.647055063412548 0.5061200925094118 0.06336939945406579 0.42524174807322035
152 7.470704161342862 5.740658321686669 11.237985811442387 1.917715773491868 9.147151263798037 25.970997992275397 2.738905642178109 0.7442325893825845 5.007827221885477 13.873892854034343 33.553281349492025 0.5092867883824973 0.03812100040396681 0.4263913011375294
66 7.565285626026735 5.495145084993092 10.579075811246632 2.513050363115102 10.128966421802522 25.253043451180123 2.8005598658740136 0.8190398370880794 4.643209614704173 12.634509994482988 30.35080976989513 0.506889128616527 0.05479945323866217 0.4260325184685128
67 7.431516271558949 5.926395431736904 11.17637938235379 1.857860883813329 9.409905910353894 26.03667555897062 2.5969285792762404 0.4937322078969216 5.990191592868616 14.031122757037215 31.802791720380615 0.5092965250333662 0.03523084054925962 0.4269758751335206
71 7.499134718861074 5.74978484014937 10.993460601063445 1.9522668508534693 9.102161403512216 25.687994538985087 3.054933018660046 1.0417478710050885 4.727376332295618 13.672126387256311 32.82962197142517 0.5090734424869982 0.03526599479227606 0.42764000678825226
72 7.62860112860945 5.3573422797066765 10.931832784402227 2.0563783647701226 9.032419323916866 25.88812467306994 2.893553044792449 0.7693079498290328 5.091974083580981 14.44090709139859 32.95841126558817 0.508729603877816 0.04710436982036415 0.42610343618638324
187 7.641477916369378 5.650504429988398 11.16664771497524 1.9730005651398428 9.471465418516608 25.663786478933126 2.797200334409014 0.513802946479977 5.081376357317169 14.237479710001482 32.0220912579883 0.50935512077745 0.02720345511566487 0.42818418269305414
186 7.4345775610036 5.903430979241158 10.65051291605856 2.220013365497745 9.272251473125866 26.015401446741752 2.882700397553791 0.5221852099731016 5.797685024987094 12.941338143917694 32.073440382011064 0.5092979468563388 0.035976495536931705 0.4274815462014025
5 7.512008017448925 5.6096702955501705 10.886971680279752 2.1910091339604807 9.351980428236011 25.544038174989414 3.019904379211284 0.5577126607709207 4.7838788281836395 13.918251602281918 32.338596067306746 0.5084752152634139 0.037051033513169476 0.42782449605946266
15 7.855278917015287 5.832672608291455 10.919686888218765 2.1094931522743554 9.192128970951636 24.946643392523754 3.5787334169860023 0.46103142298096367 5.768740302830384 15.216116014329643 30.44245910843156 0.508392319732155 0.04559571033262443 0.42692163700669006
30 7.162425610484393 5.798449617459651 10.604834794843077 2.2547030462870485 9.379382183188287 26.122534420488225 2.549590520732267 0.5575724789651526 5.975792920097842 12.803715415634494 32.52293132763509 0.5094584798376298 0.02430611087220097 0.42780400008462166
40 7.438682688656138 5.874015771250426 10.980690036929555 1.9425377557042236 8.907800491481387 25.95710953870755 3.1261536657473354 0.7374176311545151 5.3946076609285 13.6323494232449 32.81624242441827 0.5082244644596656 0.044491655680810184 0.42712102756923653
6 7.875346719123706 5.683682171496521 11.130938248320753 1.8016952060621034 8.548711555230934 25.98613828548385 3.251549716577613 0.7115930921124871 5.317690960730636 15.106837248911027 33.35585905803005 0.5097295831047363 0.015382041202882954 0.4285278233964435
7 7.11439479092443 5.876566699754165 10.126846302679382 2.927120410495731 9.961593368643262 25.404547705476386 2.601569310986755 0.8149397309792346 5.184938418199216 11.440717034196705 30.567798827498883 0.5064435729361001 0.06741586772965431 0.4240458304210214
17 7.840760800620465 5.906770461094376 10.82703980377458 2.243967568897531 9.554590490922221 25.20624238350757 3.083424864122211 0.6164829010820566 5.321518250064732 12.994633751105532 31.735709509457816 0.508918530097429 0.03635236067405202 0.42609347058809244
32 7.444868996627782 5.869461416778827 10.837137374464927 2.0197739148772373 8.761638607948573 26.328566884897555 2.8776317498601673 0.6622581633529302 5.91126311069401 13.937077352919799 33.34344216276458 0.5082343055308224 0.040283248361579704 0.4257983918480121
42 7.663048935104553 5.512749977195249 10.480031440481454 2.3261212485457037 8.915348550392956 25.464884839029146 3.3351300319191353 0.8329380006639188 5.369430519953523 15.021872383830159 31.80824084199113 0.5069998560023927 0.0598119894966941 0.42496864842584803
23 7.806880094375927 5.8696793906373275 11.028583068809514 2.1957094399677444 9.672730425636734 24.679455090379797 3.312559135495175 0.8763551053162715 4.58588632400058 13.382470421115581 31.44989703532304 0.5090797136603061 0.03416537299284728 0.4275231501987056
48 7.931633237251768 5.648048178433139 10.95142776804505 2.0848421401192456 9.36424945918313 25.78104768678412 2.8446976153842476 0.6617082613647642 5.187634239388085 14.153100207173098 31.793376767949617 0.5101036439520917 0.017703411136326303 0.4286665769640754
16 7.65596939103928 5.7545033190069175 10.32344108409974 2.4047685322872083 8.896474040704408 26.50862877459218 2.576840885180044 0.6854826238211922 5.268049020481578 12.78766573048783 33.87972149479601 0.5098182722052989 0.024351850323313762 0.4282131490919451
24 7.273527537497079 5.871353081651447 10.849731921350896 2.179527128960476 9.493637284786306 25.393939463829962 3.0301204758101274 0.4600692795910162 5.6731713256884655 13.175133948131169 31.68820188209036 0.5089760771263208 0.03792784374718825 0.427986021475737
49 7.543663151045985 5.826832430446644 11.039255401852031 1.9138430362042689 8.917460550940245 26.490876456341628 2.610641272711721 0.7235119605517698 5.385747334045695 14.048879693500936 33.554838014624046 0.5085372042155629 0.03880817949693397 0.42740943909130197
53 7.624573877907457 5.8820736637481374 10.925791978656344 2.119872198851654 9.864935282995189 25.862869771586652 2.562058101252577 0.49617705665131745 5.698756390452429 12.791462290560036 31.08613232693871 0.5087997120205987 0.033856823415073886 0.42795621077848855
58 7.593623853987304 5.726868826513206 10.923913440723762 1.9813733523113317 8.671523397860906 26.14800552200505 2.9785568835828276 0.7548699277149007 5.247573638486612 14.090719391874794 33.94591184887104 0.508600020224246 0.04375915493883908 0.4266448842098806
31 8.02759437771531 5.506398560070388 10.505669240221065 2.4368653986647852 9.487867913007635 25.515411524437237 3.1126666525082474 0.7373811694138829 4.961719719153479 13.526977773347117 31.2587253000724 0.5061927991277474 0.06326887885857305 0.4251379488508062
54 7.781182878256693 5.751835662795391 11.25101562369359 1.7343922516974866 8.79065961083865 26.29588103798935 2.8119421555542523 0.777429271014792 5.044283747277778 14.371289573071373 33.69330738643485 0.5094607719176047 0.017658438874668368 0.4284880734202859
59 7.941995521474519 5.685072567825264 10.9252575753815 2.078923427625691 9.226480909622419 25.95435874804114 2.792183588813032 0.4733400995440159 5.867850947874838 14.84541915383655 31.41983066863747 0.510022859774885 0.02454744630607745 0.42786745960890443
63 7.865737795855211 5.498453153558423 10.532114255548054 2.284447264052324 9.190692918010525 25.766255263995816 2.970031137777147 0.6300632396098911 4.807142222738991 14.14354169830572 32.2146541927252 0.5072953019218228 0.054342088854621336 0.42585519090277474
41 7.213920739139445 5.979482859013898 11.036467404382945 1.9822459035634112 9.07172755693222 25.345368578611783 3.2587978541632543 0.6273255288710375 5.84958282103247 14.107067061075826 32.06820866124581 0.5087974317905165 0.045086333919284766 0.4262881920391023
64 7.709704526072879 5.941832171024158 11.17392112773889 1.9988284270838492 9.38317559121735 25.223336934760592 3.080099566877449 0.773256923766541 4.796045389612927 13.666124969633037 32.359705994739336 0.5077399813368706 0.054210503989195136 0.4253076339066208
128 7.577108274446153 5.782351602929204 11.360957102405097 1.7882409011875235 9.120366795344712 25.13161398313886 3.516406337729665 0.9805979994909656 4.482783498610316 14.493830290496742 32.109564880999365 0.5076582529547601 0.04866845621231401 0.42684217794706397
153 7.652906593757654 5.717111970545216 10.82860859747349 2.271483405065759 10.032408265753539 25.451055479334403 2.581757590598535 0.6544826908222207 4.777488513549433 12.273964669265567 31.64110274852441 0.509767155592001 0.02043124745778507 0.4279517344205962
68 7.535444328971391 5.898052747526774 10.958659243885203 1.9622141411561367 8.855143863664875 26.67425703773837 2.499819479690463 0.5389770391158873 6.467109468274117 13.866807913738274 33.607718819480155 0.5099036310616102 0.019750218227478838 0.42880301619059624
73 7.45379781975434 5.814051350303728 10.83796593588147 2.0700411631237077 8.79889116723613 26.677887559194332 2.4811177094472563 0.557435285500766 6.158753993327368 13.289426178538388 34.35481655323593 0.5095525418258163 0.023470428292757656 0.4277038670810653
188 7.391604205700204 5.792834156360191 11.22457482383458 2.1181824912593936 9.9692288115604 25.320606661269196 2.7280559849664443 0.7259529050911275 5.061447751599276 13.132827743801982 30.856406695574407 0.5089886809897276 0.03883091957558044 0.4273211220965801
8 7.414672397008841 6.0308069555748105 11.421373848934428 1.8683481365203658 9.715889595573381 25.27053691759458 2.8127216857418023 0.5202016296052133 6.290297997585627 13.716643333704628 30.985115503771322 0.5082244140893669 0.04056012902235033 0.42784267117116553
9 7.569796713131219 5.694206975230498 11.038617587821436 1.9302259387801242 9.340460134786277 25.8886200696945 2.681510534504788 0.6735598337131662 5.974965790820101 13.884933882389754 31.999485421457255 0.5073285212188138 0.05533402570764058 0.42557272106624366
10 7.336240363797986 5.799263425845569 10.667654639540745 2.4579714014766227 10.128159392983479 25.059206322360744 2.7054309701157155 0.781893190809922 4.505334183794326 12.13762904084677 31.070043822740022 0.5074849634473325 0.05907776763168103 0.42460799487356166
19 7.606315700849299 5.258694237002938 10.362577692620947 2.742519983700639 10.062022339308237 24.4997005729827 3.2289379533980136 1.1384032332280751 5.184592537879689 13.622672376702827 29.59036665702204 0.5058854099590602 0.0698708978366095 0.4224010053490299
34 7.741424132598842 5.557766554506948 10.203239823331772 2.537939185895851 9.44628007906677 25.38750449241728 3.039814666423424 0.944936181751859 5.1993747598583315 14.301937965261036 30.025412980360663 0.5030698420817702 0.08644855125811415 0.42135003338410315
44 7.734488661577321 5.100159764144806 11.025000285413693 1.9926460073514682 9.029588104536822 25.864595202341036 2.962961574541471 0.6529549392269184 4.584078620897286 15.182888713024186 33.090702083152735 0.5056076003389289 0.07090344426417504 0.4232966720857708
18 7.526246049968974 5.614291806450618 10.903053542218688 2.0759841305551534 9.159079807930746 26.049399503814215 2.7941033180296446 0.7268845558271622 5.186418578080527 14.191032907925392 32.81713189960316 0.5083064761630265 0.043973315903635686 0.42679992346555856
20 7.356440495203318 5.503815511470478 11.250406259812117 1.8490139301001363 9.260009809607487 26.118233776729852 2.5712372523589595 0.5989410137247407 4.963904697420065 14.229350434673277 33.13617333059995 0.5095515907952424 0.02924815703422046 0.42835181422705054
25 7.447993997695524 5.813340781940722 10.944874833858247 2.20617393973015 10.09392127886573 25.29158042472056 2.6257021849945295 0.5823671447332327 5.058385542352463 12.455525636948588 31.17019710929992 0.5094779093898311 0.02412176951647783 0.4283108349608833
50 7.473098335218865 5.654258172971837 11.243466347879906 1.85822193288931 9.576908936510621 25.658930244335675 2.773362206698674 0.5215785276334409 5.208851593842287 14.08171914535668 31.4217458801984 0.5095684523507545 0.03220561506446376 0.4282748734045834
33 7.047418827964354 5.789811287625365 10.716470057536517 2.285542575233065 9.629112804352399 25.440286519151464 2.832843894000765 0.4948916887012901 5.456097903975616 13.06043872437978 31.406452685036257 0.5080744641850184 0.04450760595684912 0.4264840854733081
35 7.245658402462907 5.3936136784877915 10.464658948033756 2.7550186973624555 10.575185366225018 24.281655428547584 3.058121474274551 0.756471498827366 4.943100763967868 12.077299129573081 29.486029690049413 0.5049893192933415 0.06811214065879395 0.42437803382477735
55 7.861593712548508 5.34232711410272 11.049643949578984 2.0103115792652635 8.978977787271148 25.916961076600778 2.835340414883863 0.6988076387851506 5.590423727303172 15.969923822467214 32.005654760339496 0.5058066862372324 0.06894621405355789 0.4232524687849462
60 7.228029060632811 5.762870384591494 11.208222309168784 1.82172635782626 9.418382370365347 25.814864987750422 2.8532475238410515 1.1621971491376075 5.186802966557687 13.571255248673841 31.869440254405525 0.5085492043324975 0.0427741223199013 0.426836380755993
43 7.396256147487576 5.741622126959696 11.183037521118804 1.8561201397538105 9.22671455127054 25.760471831809102 2.940284970677072 0.4989385002040457 5.559830960272109 14.478409258750531 32.044981825487625 0.5090562617723379 0.036210494104274356 0.4272673247852313
45 7.869418283249657 5.388451828902819 11.022284449073952 2.429244018293561 10.321972215422276 24.419056500197584 2.9870327113126023 0.9263459369790888 3.9641302731620534 13.518191813942728 30.424696647714626 0.5080148887386349 0.052660679798282144 0.4256708005265817
65 7.558443251854474 5.735269150979685 10.91419996466537 2.231891795720363 9.894317482409154 25.584576987761405 2.6057041914384405 0.4841856762708009 5.2944087930288495 12.965573647185716 31.558839041694803 0.5093635659308751 0.031785979461995004 0.42789611884368256
129 7.969619893910129 5.276184692545086 10.982957102770895 2.2437823071046417 9.973959467655481 25.09669865228503 2.89086779977281 0.756880517992876 4.471568823740266 14.069402524594086 30.791585395519185 0.5062988181004732 0.05910421682267029 0.42501367408958585
130 7.52883728341754 5.678073860567034 11.20643355521129 1.8874674888570973 9.221681700985009 25.365203986633418 3.186273381818577 0.953521816710974 5.1408940225535895 14.190925377675839 32.438785570103654 0.5080319894099894 0.04774675601582072 0.4263507426910828
154 7.725254045636077 5.661206768841395 11.063885662806015 2.156028837374655 9.952084694605347 25.73810831670741 2.4047018589632043 0.8578943199191866 4.456668215253646 12.266360783472694 32.460616063046906 0.508553246926448 0.04705172855605502 0.425935608938496
155 7.391007845223343 5.809456802717457 10.885493475759112 1.9595977225052208 8.736154117662574 26.738751398638705 2.558293595944219 1.1581622989466351 5.6381126280195915 13.307430627402844 34.275255249449145 0.5093734288035172 0.03271607184185863 0.4275510393355235
69 7.632495233387904 5.540989786019973 10.947254793526298 2.051587536813112 9.173566333038602 25.300661410985093 3.446893937539013 0.9034309563635569 4.598737140139222 14.088496166671439 32.0837928075277 0.5090793907871032 0.031837403580597105 0.42792528294894777
70 7.8328458560379435 5.53806365252234 11.101059059318235 2.1152381785237724 10.162992306978783 24.957095351593495 2.829469592440667 0.6699889821923084 4.694912605967447 13.672542982518983 30.20870474219453 0.5094107095045489 0.024886731721160075 0.4281881470088516
190 7.6619363749696365 5.703105328459877 10.895944312593466 2.0814366231302275 9.456783008545784 25.603841795027723 2.9343065229336105 0.6606032502569519 4.983779049725755 13.486800044469948 32.07195637684694 0.5099041713227871 0.021091569031788538 0.4280673790109599
74 7.9171153099570795 5.606750482113892 10.578359397376166 2.308005405742807 9.625095072785754 25.468653270636423 3.053129462851073 1.2039636238262292 3.682294431087003 11.941695777576182 32.17160957399093 0.5081152218933577 0.04799597767484503 0.42655883026211094
189 8.045318738140573 5.630526504555742 11.116559368021873 1.9436767213404729 9.527140929131974 25.33207155752908 3.0994917330771163 0.33393586673822706 5.893437554572816 15.516167295054549 30.155942040461145 0.5098315241769455 0.028499262824262937 0.4279705270557855
75 7.814147181131037 5.471632062558492 11.092724847132995 1.8867016537189591 9.12696089507521 25.76665123737341 3.0316818350041443 0.7605180978240524 4.880768863943514 14.901293852154096 32.39827616391213 0.5087766608738744 0.042165404724425426 0.4274707519046378
76 7.111749546281398 5.762453129390241 11.270647742123778 1.8233980228887772 9.129105130046515 25.705494945237604 2.9958591163226367 0.8606515597055103 5.480149892496581 14.243381053383265 32.203889251416385 0.5068176088238169 0.06587740870458043 0.4237675510713573
77 7.578340968117886 5.75538457304151 11.120063401737973 1.9619293062390588 9.543714210535358 26.083033524273965 2.4511627577399495 0.6975587931129238 4.934554317938727 13.055025578411803 32.88210329013273 0.5094583657866807 0.021775982379431673 0.4281303511693055
78 7.77535595357323 5.555371354653549 10.930732257783909 2.1590151913455404 9.690374305642859 25.821755141905317 2.517675161016139 0.6658397012559454 4.612526554936227 13.602056871374092 32.17370530055468 0.5088789760360182 0.04071885710241561 0.4269956354571156
86 7.545740279768339 5.633354640540167 11.195021783510622 1.9884002533294642 9.688935240187059 25.419780993840902 2.792779221189929 0.44724185883219464 5.1608017477980175 14.185104626961062 31.463371716360264 0.5100091383587857 0.021441106698729093 0.42827986382695565
88 7.712808536664165 5.758788884540574 11.124644020571893 2.127877267903687 9.841122670896988 25.252859402332664 2.8478713809985536 0.7454328616758058 4.501167980103339 13.088089569162435 31.711376855597567 0.5095445470277649 0.024349925507600526 0.4284269542230405
79 7.532320748800772 5.770427995743836 11.297520571140463 1.7908485885904908 9.125781737276169 26.37930910945088 2.592373434050395 0.6254465221888353 5.556637885172395 14.251571896962217 32.82415454647229 0.5096215096392018 0.03136222047225911 0.42820205277947365
227 7.760725652928619 5.459575813566213 10.631765839634115 2.351813065736256 9.408474276344926 25.98512211030658 2.581691053138812 0.8567145438699784 5.087045689540376 13.8488016308208 32.25388099913345 0.5055554052904064 0.07151943116470315 0.4237337982018392
226 7.476427762122709 5.7061559406169655 11.358576083953048 1.7836351153590313 9.0623627523853 25.233383427903902 3.412259721262506 0.7827718519216622 5.226050226787994 14.734846020944795 32.16743763878251 0.5092744265847498 0.03760196655190485 0.427022686197913
87 7.815277518571819 5.714506020384077 10.948926745994793 2.0728747049767446 9.69992590886179 25.547039290808588 2.823226892908586 0.701386269870585 4.628910612858525 12.969675043786813 31.79288842812302 0.509007568947082 0.040269893083136145 0.4273774990207476
96 8.0727669677018 5.566971858146796 11.527441629141181 1.715972572822289 9.196993793395869 25.33421449985926 3.2136190275179044 0.659021867788277 4.604076879613013 15.378226566228605 32.26564186597942 0.5099260159554783 0.021591114005925536 0.4283059669729736
97 7.803609515140418 5.6758326900331815 10.82184124777649 2.251472219561271 9.776628846777589 25.718370030049037 2.573006065515222 0.7755527156834995 4.685430077207074 12.589581699290992 32.13198915997286 0.5093502127807557 0.03010226308182398 0.4279002574905959
89 8.050369783816569 5.5681061897663975 11.234671370640488 1.7766703348438033 8.407306743839953 26.19098643222443 3.170192158530062 0.8601703705313052 5.410845622251294 16.19295462560281 33.494860640144445 0.5100956859909915 0.020069258437541454 0.4277352230917181
202 8.01806716575134 5.565021368677422 11.355919113351833 1.7016688433974343 8.76906955512134 25.99178743718653 3.016534499804804 0.7944860977536607 5.0853474899370905 15.814220426674211 33.132104783140136 0.5085344995843089 0.046036068570607463 0.42640128152264456
201 7.340627975244069 5.89539989354643 10.908412132038865 2.0452634800159117 9.308899613726613 26.22494209380319 2.5790229856586175 0.8302706045853595 5.464326815234798 12.669215381767872 33.07732010100958 0.509118967613508 0.03362209806565659 0.4275320944508465
101 8.040044900987835 5.237438454071754 11.088006536626189 2.142628391414095 10.335935608319424 24.53553704532535 3.1519924436297653 0.4518691278301807 4.518225313087864 14.268901182134067 29.340191653739748 0.5089981537263565 0.04308087667449993 0.4257941196286311
102 7.800555514532446 5.725691974669612 11.291305711786078 2.055643824963859 9.983155638538202 24.760407206710845 3.0877497181257487 1.0592497645291041 4.013800735034997 13.190896449310642 31.10078972989866 0.5097782856082242 0.03174753960460893 0.42755808024498765
103 7.895281954188687 5.601303554625057 11.242883483147404 2.1326652577724396 10.525483262954994 24.29657963372207 3.0919222332583773 0.906717891643654 4.1516898002158324 13.014391968892305 29.60779963336101 0.5096161630887707 0.03378072998019344 0.42750867372684603
111 7.488928113770945 5.742815050373833 11.12909546977263 1.9635859994478169 9.79711552391736 25.813230401467447 2.5360185791160013 0.8259843184026714 4.364392138175584 12.209169694209693 32.74155409731976 0.5091287402306679 0.027761399204765357 0.42816145829405533
113 7.424435785767636 5.913358314859589 11.147430870042982 1.8926380900739492 9.010282828111741 26.4378052638671 2.510625577568501 0.606659389933712 5.717966426745141 13.352082374688438 33.98780405111895 0.5102819522073458 0.015403740589081727 0.428869268608538
104 7.69543077075023 5.820354911365409 11.197014717598417 1.9075547800614232 9.263363857324594 26.266632462498514 2.4910162933136837 0.3186073867349039 6.5237945009144065 14.89098009050956 32.01874344764657 0.5100067287972645 0.01569854443299585 0.4283550372484621
112 7.986011418517546 5.4659379814301285 10.920176592363491 2.061530504718721 9.227012676195288 26.09292283080104 2.685106352461444 0.45792639005176056 5.477792233512932 14.903535499957911 32.23101733337418 0.5092858175996207 0.03250025163694105 0.4279042994869006
121 7.615176152750625 5.732784577300252 11.161299430124368 1.8234334814813244 8.863425245589031 26.197630238668307 2.825401523881325 0.792253016588951 4.933772500088798 14.118903015315864 33.87802638111744 0.5092644103999243 0.03278989682124169 0.4282043367536912
122 7.675979043496993 5.695773793697319 10.861144147289496 2.306944190710069 9.970755592641593 24.862496488707897 3.02659077081601 0.7233505472899892 4.761058690499823 12.994757488089048 30.860497037993007 0.508540397306996 0.04279309994209984 0.4276503695839469
114 7.573495304981104 5.773458373223781 10.518706421641484 2.1131040507131686 8.607727836638354 27.132534116139386 2.4192986907292884 1.122413214870493 5.619838476849726 12.906432189908548 34.77099732710515 0.5078878812369416 0.05278494122449118 0.425406782496603
80 7.265358910748992 5.7625962047587205 11.170221376255702 1.9652528453136073 9.443835601506661 25.67324741434311 2.761942566001971 0.9702959816261039 4.424624602142542 12.968129335031561 33.18350025079476 0.5098345110401294 0.024262273084600296 0.4283007355903817
90 7.556456797452016 5.747081760616266 10.904046145545246 2.1361997212846093 9.096276980967954 25.540607342315283 3.2790947124707155 0.3949163130511068 6.067616186183462 15.099246093922977 31.124374390567763 0.5095910834562083 0.02786608043691889 0.42816407623649894
228 8.230618693473463 5.379597791366552 11.304201456274193 1.7322181080753267 8.703704492077863 26.330104789988777 2.8926759500079995 0.45173765726877124 5.633542478168019 16.833563019426766 32.41967911460318 0.508778529443539 0.041917686026088134 0.4271300838378327
81 7.808196320233254 5.577139451080761 11.221866530155337 1.8313226223874053 8.809702849748685 26.61015324241225 2.5743978202279756 0.5785693643210403 5.499378209717015 14.72310459787796 34.133708013633786 0.5099675581171401 0.01587799288782777 0.4286100722510684
82 7.61355177057922 5.577714277202594 10.778333190662483 2.1990665310877198 9.318869618657406 25.992473745435184 2.7314686162575583 0.6264228302944804 5.150412251062681 13.396437922512915 32.61998146161511 0.5088308097743716 0.040676902154943455 0.42725730264704687
92 7.841883470201212 5.793305999390433 10.830880958095278 2.198327278079937 9.569003596948813 25.255346776944744 3.0770103150544683 0.5768733372644306 5.507597254554943 13.560701226931911 31.038514506746566 0.5086387654345866 0.04179571654794071 0.42665512010452156
98 7.242701888492101 5.888633945080769 10.706036528490412 2.1886291745612243 9.447126975586354 25.261038806654767 3.141078838846512 0.8373231409205234 5.415222617077236 13.103795917898905 31.493598618249603 0.508021129564273 0.04582875338358152 0.4269874590856752
203 8.00538188285777 5.415049925187236 10.969385665517255 1.8566539327628673 8.429484434848328 27.165842625150695 2.469127011206441 0.849684758408282 5.2059454190663494 15.03390004381436 34.82348814410028 0.5079600177523792 0.04890607099124664 0.42602513937222863
91 7.895946505907672 5.579816555973972 10.891757876924045 1.9417060629927512 8.517247485971076 26.08249217785185 3.1056101985379683 0.8228195096495358 5.647523204841206 15.382257320675146 33.073990802933444 0.507123361304481 0.054382600683845234 0.42622023913855345
99 7.444974539193769 5.87549828664987 10.47746711826144 2.486096642737502 9.67348435876665 24.977765994292817 3.156878770377618 0.7914771441971351 4.86726271779954 12.40892208080496 31.140335089084676 0.5081478757643715 0.05403678642846171 0.425288197708828
105 7.261118319075946 5.626045560514463 11.038492627053582 1.9398502449905501 9.063416717725017 25.751346874527954 3.0085684073356265 0.6290915555815512 5.135411690858793 14.468404890342422 32.68243558063676 0.5094817410220315 0.039030240986096414 0.42728679562810395
115 7.565959790812707 5.815348751725445 10.556033995294928 2.3375470599221635 9.357822213478313 26.018393696947744 2.67502694373106 0.6612823097202103 5.1306436731793985 12.3650303248573 33.0887128336864 0.5088197339671752 0.03484919452252832 0.42793524876020805
106 7.625384138987996 5.610848919190271 11.001536296346885 2.020224737694683 8.782883780906653 25.66992829977507 3.169769843270698 0.9161688410808988 5.213880119303267 14.773727740177224 33.35741720759206 0.5083360199185144 0.044341740265600255 0.42686254654470995
107 7.646618470092763 5.585036160445002 10.963966598217219 2.0881031175527327 9.52620725400809 24.70273206034755 3.682758627061233 0.7427505846275015 4.90009689427281 14.172498385800328 30.595182228885665 0.5073131245024239 0.055868510642509174 0.4244432240767833
117 7.5424225364732 5.859005586888539 10.718853992950583 2.232330246036209 9.196263597864426 25.67819972931173 3.0226051642322367 0.6880057281511753 5.5696737063527495 12.994257110503149 32.86324948823529 0.509248650204275 0.03154438473232181 0.4282709328491798
123 6.98597005512263 6.035619426239358 10.768351116039375 2.2187613437256606 9.515373779465381 25.45242898166706 2.9903635972462315 0.34993857712027254 6.410666955437432 12.810741624209477 31.161745138785975 0.5088517518180575 0.04057925533130725 0.42730313623868704
116 7.961020874511673 5.775047324826124 11.040868397060242 1.8121545869127709 8.032562030982094 26.956468460456524 2.755883162540027 0.7391216066008692 5.956783144766399 15.214154251306857 35.54352419912979 0.5093070083065163 0.02552858060157769 0.4281044996746129
124 7.678458637109397 5.64380612925554 10.30833188908347 2.6782833086693074 9.936658962424403 24.379813653213326 3.5514432012312778 0.6989441096243757 4.826138925873165 12.743030148784076 30.364941929073463 0.5080235148176164 0.048463134750909555 0.4262155102458516
229 7.956244087211128 5.506107881848632 11.047194270403205 1.7896614594371425 8.885828284472625 26.27164954238971 2.781404473548744 0.8432538272457026 5.0631972489421235 14.795237342091596 33.13640805063522 0.509129169978345 0.041961272106818506 0.42691070160340355
230 7.822916526568359 5.647327229542612 10.944096004698212 2.201618736641111 9.590160204836337 25.547866914594564 2.7276051940041377 0.7673229455701213 4.568676104233017 13.197426194684395 32.638588324380976 0.5093126124896259 0.036591459489119564 0.4271694376359463
83 7.510740807504436 5.6928281065177835 11.13772157127427 1.8262431450252485 8.565856529347396 26.506986333176915 2.7484678443160906 0.8397230613084198 4.93219227070012 14.537702505606937 34.56555402769514 0.5087292364434302 0.03172738329080266 0.4283296019282349
84 7.260223066518571 5.453757603853194 10.494456188229217 2.39858813216712 9.468376718952495 25.55362206420187 2.837967397155804 1.029144151806881 5.393468238755898 13.14453870203206 32.31860128244204 0.5065348620742784 0.0642738295591697 0.4223649761613931
85 7.112248341812853 5.685785422283955 11.373320903841067 1.7236434350201417 8.932494927432161 26.751397236164255 2.324735277846888 0.8452229124779416 5.244718834626969 14.133580368552872 34.14654655618766 0.5081163516422261 0.042509603973174465 0.42676860944383227
94 7.5421085589852765 5.503274032176363 11.117461235534995 2.2627194347004838 10.420633744001872 25.067455308504513 2.561685431675511 0.5687360706253701 4.9544439199885595 12.632659748974403 30.939768323455947 0.5088198463142263 0.039415715661251544 0.42735174779320645
205 7.1396041534237735 5.603601875687528 10.771642832163081 2.1888700793610436 9.234185329087778 26.341904772417884 2.4958174015150303 0.7459686100213926 5.926617277071671 13.089585962515022 33.29900944090796 0.5090610391477286 0.04101536016227632 0.4270179884463093
204 7.372001516681143 5.75430221296079 11.295029875795727 1.7921505906896964 8.58637759844574 26.323489278036178 2.822732087865577 0.8465852602617598 5.252808905282887 14.4347616073424 34.784547915812105 0.5087932063376067 0.041727053742872854 0.4273945342927003
93 7.761163205479348 5.797910643636526 11.171466575550914 1.8559675326513934 8.803884418559113 26.245322980788757 2.7768131542895054 0.4388239777080201 5.911734122354215 15.136433325416972 32.94775188121527 0.5095860103270758 0.028644701526759447 0.42803581954306336
95 7.503344425420973 5.764415817732056 11.324426008557726 1.9097994548672368 9.733012075593084 25.853982582871055 2.496696329651809 0.4669199795944866 5.8971492986459255 14.26074343737719 31.10318175899322 0.5094782633031086 0.033012662715481506 0.4274183383028845
100 7.323486384877713 5.652469346842384 10.680194581546797 2.1201316608281537 8.724450830343836 26.198921553172468 2.9216114024584208 0.9936094411000959 4.963279159510354 14.003669897335145 33.8019004033664 0.5086647250478116 0.0386265640361824 0.427665014183725
108 7.68403179213119 5.652005026812289 10.508975830351982 2.4170846897950566 9.671785822773314 25.246968883536034 2.8822169592181983 0.7597820821061342 5.124915344989627 13.374906431891146 30.63334691275348 0.507978178069224 0.04488506254997174 0.4265201925702805
109 7.427312202600921 5.228300809635158 10.225197631683805 2.791184302505623 10.354182630867209 24.01464425200583 3.6383776419477685 0.8749566855939047 4.363674352384801 13.054701261655515 27.731135509206492 0.503563872813321 0.08770880206279785 0.4189576036173971
110 7.569292028953097 5.3090174381997555 10.928090139055415 2.193512992521167 9.589483041353144 24.848748749058522 3.3831850029193626 0.8247731768178101 4.545824542754943 14.535276986841309 30.98369710189247 0.5055378435573825 0.07105871615398235 0.4235654068973521
119 7.264092570401849 5.53486224887978 10.902365559874388 2.100706520203801 9.530338787987377 25.488462065960405 2.977536515068186 0.7547264519217104 5.561111253191155 13.594597530594234 31.273910283579255 0.5082904099526365 0.05076612833875537 0.4255312102659042
118 7.881105689682462 5.805008888369467 11.163948668163394 1.7522867074551063 8.329925713910255 27.079837653082862 2.529043006222213 0.7047794013688427 5.788647792122182 14.793033539082801 35.05860469119499 0.5093350267571737 0.03314047051720235 0.42805531991209006
120 7.860754675936205 5.516186511384726 11.354762453422152 1.9147869174496763 9.846776100664549 25.441492963630516 2.7652024858572064 0.934623558453738 4.819157092365428 14.017881959177993 31.11210282305819 0.5090364508192539 0.03750487687458141 0.42742048646664355
125 7.784391935065108 5.7511370326334275 11.035977760866297 2.1220458447622566 9.936090923748939 25.098374694333966 2.9944477352758536 0.7310354688594227 4.729695150799583 13.073525580398044 30.93160183652369 0.5101731087638194 0.019605468399616428 0.4284078862986145
131 7.752616388404602 5.982587162675667 11.217561556690384 1.9792942597516399 9.711821672257656 25.43626560338721 2.736850099867618 0.6542065809065077 5.3462576426504995 12.789865056151546 31.89681743449289 0.5084581657368193 0.039113644086889846 0.4278614088330565
132 7.518498727312508 5.817613885811362 10.924537376372891 2.1831069846633864 9.494741967427244 25.528272645162215 2.801930789115999 0.7628390679573163 5.302809544880346 12.667121750377904 32.80046807465973 0.5086713201161113 0.03635232331484234 0.42748495613697635
133 7.632373874763432 5.492115705472386 10.945253879942513 2.0328318150922673 9.071502487094163 26.243082494092718 2.6843784034197666 0.867498591625904 4.791902777711153 13.55095481991047 33.95598966340073 0.5094832346686413 0.03002794538233657 0.42798524082776074
156 7.890956108481283 5.70231971860435 10.778503878267113 2.237366409242269 9.245671756394081 25.49922786908006 3.0784663356418895 0.49208069839347907 5.658651982286029 14.77876259592092 31.278603115866325 0.5084929257797909 0.04199311471812779 0.42752915937198727
158 7.411580689537419 5.720738366647285 10.992686130148956 1.825522538232888 8.473564140672133 26.388959909706184 2.8796608705134994 0.5098024414919664 6.301623044122415 15.805713568068388 33.207759213042166 0.5074674486347173 0.05218692091138688 0.42657100475290194
134 7.153335352550978 5.761074980596609 11.099438082714185 2.0866835373233146 9.739524105690338 25.77086648007787 2.5179200577120797 0.6096391732037697 5.283069492453734 13.187336731789832 32.058497668493395 0.5089578441192865 0.030230828072909374 0.4283163623387829
141 7.391601445953974 5.762875315571274 10.638016397976028 2.404560360648475 9.436372376333882 25.31098300972056 2.9726049183593486 0.5546123219412905 5.898394009134593 13.673603700815733 31.237560201491224 0.5060300243211157 0.07113945275101016 0.4221068715961991
142 7.745748818219674 5.8737606527551485 11.05346529570604 2.0762830361020375 9.834064220506406 24.69240935421605 3.3467915379055566 0.36288246620043413 5.9543791350424575 14.051224100137876 29.748686682715615 0.5093347264126337 0.0250154275509955 0.42820719144310637
143 7.825675388427023 5.451914943192775 10.784231045895371 2.2756514983524547 9.599342092104688 24.96503803968971 3.2650343979818572 0.6822574659383163 5.261171841760491 14.744603735432008 30.10836945796187 0.505943934752936 0.071324620498936 0.42170636246930865
166 7.780545907212119 5.782036109595138 11.085583434110806 1.7789906119798338 7.8276572069518995 27.320046736906296 2.5891975807262546 1.1358616780844755 5.802847835629254 15.008714846933453 36.556483624634524 0.508579081255999 0.03950132476110591 0.4269470910215546
168 7.985267327416064 5.361087288329333 11.010213261323155 1.8539452966896317 8.44959742355012 26.565727479449297 2.834545011733308 0.8052922407821648 4.9634071425899755 15.6479851034411 34.23809746208708 0.5094702681423179 0.03626353144313869 0.42686829939185306
144 7.218113877495762 5.816420022093853 10.988451281545736 2.208587281490225 10.117987594875745 25.228404660721086 2.679013894918862 0.826413198463524 5.2400478246224536 12.78643376575744 30.144165146215986 0.5074437692513133 0.05147285382069929 0.42639667606739484
157 7.605544165564615 5.866683573375464 10.755916389638822 2.2616585830455174 9.436321564435753 24.93545961557493 3.41306460509146 0.6534492993434164 5.209825425074576 13.324493948348808 31.59498522803094 0.5096976449023957 0.025349301588749373 0.4281502958651055
176 7.730253828276696 5.919322013257583 11.009262485018521 1.8299941942561606 8.228135571263662 26.969672178426308 2.6981300270603175 0.6535156349178185 5.946035552376802 14.701990878916096 34.85168787816627 0.5092737366952035 0.03422879915292671 0.4272687739022798
177 7.796216539314898 5.575677501993854 10.915665789128981 2.086708494826016 9.351964154555978 26.359998303050325 2.4030992447313717 0.6808041965810991 5.3315982461029545 13.600960356021428 32.91258889850276 0.50876297112879 0.04592118974183961 0.42603797170195323
169 7.138332423663178 5.631719288642456 11.179444354232592 2.051361231358428 9.33409677662469 25.425184118892627 2.9212949783190005 0.6598931615770453 5.057306437070776 13.939796620024206 32.77084765923092 0.5089407519816116 0.03895154877640895 0.42597155403139164
159 7.283586071535657 5.69620073105548 11.148918007503337 2.1284645921857726 10.440369185078431 24.642588763866033 3.032522916636791 0.34978286375334855 5.351562699259259 13.385026613705639 28.95202346392585 0.5078249038224012 0.046777452057852234 0.4267596028996599
182 7.957667913859769 5.499261358967613 10.929421784588044 1.9012808566165198 9.022206934655271 25.99070061935384 2.851575756233811 0.768241005888709 5.557048971670051 15.713335000865642 31.62517900159943 0.5088052221783081 0.03745319169135451 0.42732824012082204
181 8.030342040805612 5.865614902705993 11.107774283986387 1.805630170438043 8.405038880510412 26.625222199700634 2.880122484928505 0.8462345900650988 5.617893551977484 14.767771760083319 34.1668450033196 0.5079661502757225 0.04633278713558684 0.4272859639461223
167 7.377241547845292 5.704495801544533 10.042729934002146 2.884422277674224 10.110611567639646 24.891133469812743 2.9429813673016456 0.8716230314404527 4.580526365495518 10.595958180706162 31.85592186888265 0.5098586463912997 0.027009259362323755 0.4282815399869885
191 7.61880106690629 5.988056841582238 10.838502554151308 2.2051446035048285 9.721237510486084 25.343489420185765 2.8197139614259594 0.6543300656340116 5.3218514962047285 12.331741608920938 31.975341810623313 0.5095925579553333 0.029467319220143087 0.42801531512090923
192 7.31980354197797 5.735587632167714 11.086754521411118 2.0791733211433505 10.159374802633744 25.287760355740705 2.6696792910304836 0.6251620301825631 4.719112059467407 13.066963055497355 30.201812869657665 0.5094718467561004 0.03527377165129856 0.4275126994773978
196 7.340541069062431 5.884024821819165 10.67761078843151 2.400127781002133 9.928732692084035 24.78650811475293 3.1772301935898666 0.8702269539049472 4.807266502986178 11.989486047995296 31.191270096926786 0.5089873261342224 0.033079720893809283 0.4279164203789394
197 7.544679791711787 5.417737100030948 10.666048788705444 2.3192033029898336 9.944253606164178 25.164994574200854 2.914708584965515 0.8185751074795656 4.950421113564684 13.758385915595381 30.385527358666742 0.5076792232036512 0.05106178758313181 0.42599917788491515
135 7.34004614095206 5.540672124824406 10.779597525198959 2.3368495315661915 9.810851316369705 25.056158797902395 3.08831667640766 0.667422489776435 4.65658995636824 13.421325102316972 30.989363519549812 0.5070980166226986 0.0533645623768606 0.42658828390982184
160 7.761219164279748 5.664676520603656 11.311452487230309 1.8692548777041509 9.588178352257906 25.59308576007487 2.745060529760518 0.7483924229019889 4.59502517815079 14.083710861126177 32.05191482094027 0.510158772339158 0.020110928626379317 0.4283156416551204
184 8.056182145484495 5.387526080580166 11.0527033172217 2.0892473148904114 9.914489297927348 25.115674191933252 2.933734348278663 0.68493165547502 4.057170103587236 14.003640529111879 30.840782554067495 0.5076912529240796 0.054288898987603695 0.42556910558324496
136 7.53821318401281 5.733673233317267 11.01546914116287 2.065211083858439 9.812407125687361 25.883708728294625 2.482683916266846 1.1273857367266553 3.693609763326463 11.580782548708479 32.945694391591154 0.5098362022474727 0.018018548775268334 0.4278874173679789
137 6.878260282133741 5.742546125621589 10.599090804202111 2.5497864890381696 10.345727993353933 24.461681699552283 3.1044334464316097 0.7744022859260133 4.549288201285489 11.825422973825868 29.887082674960293 0.5050855736752967 0.07006857839715068 0.42443837563455933
162 7.850482997341611 5.689509244014858 11.109059031362406 2.1702120985825872 10.568298757712771 24.960410586813335 2.599441060491545 0.7718726606535665 4.091709498293646 12.192090075938104 29.93818651699155 0.5089648754275682 0.039635514734441435 0.42763588533588637
171 8.021369648754339 5.767830332663626 10.872887908407625 2.193591048228298 10.015684922785333 24.81729422011728 3.1814247094809636 0.937897524223294 4.307034429156178 12.985579462861873 30.183919710396818 0.5072548457320813 0.04931232738961992 0.42648515276958565
145 7.7719328599382145 5.571012419432043 11.216330889187109 2.0644188138938553 10.274112326957132 24.776309811337402 2.917818226647477 0.4728787460199999 4.842090244465602 14.003477359426645 29.344826309266633 0.507910433147413 0.042624077292854626 0.4269814713906681
170 7.356399192522343 5.602319274843953 10.498091737773464 2.4233244280441912 9.939158780105693 25.32259857435276 2.6698092313947765 1.210133095732206 4.617913378247042 12.48148926616916 31.071777357381706 0.5058630080411014 0.06647855686548979 0.42448139860995865
146 7.736580830404091 5.566018028686122 11.09527286809365 2.0877950600709805 9.416890304395261 24.883758279295105 3.357698513014049 0.6969660046202657 4.638960981428996 14.958555460119342 30.870839580545116 0.5082948659004798 0.042755243050365835 0.42682886452664504
147 7.456185704821817 5.713716143080283 11.092135843389729 1.982479546959192 9.587178891606243 25.37656694404384 2.911957542705444 0.6671823432610452 5.039183983700538 14.031972767381946 31.473507448901124 0.5089867268464654 0.031231509765540285 0.4268842189892197
172 7.917118218326642 5.532024193474272 10.889391626881562 2.235076474391433 10.214105437382202 25.177962690342046 2.6991168901254894 0.9032624660845211 4.7964850460796224 13.151196380992477 30.385648349259398 0.5075569576984493 0.04929503092229463 0.42646619128229507
183 7.283757532974898 5.699051072747961 10.940593264421608 1.8946387623274685 9.34044060870976 25.95104629030209 2.652343469297584 0.568161527348531 5.633953974232631 14.699486942375113 31.32343553013285 0.5091964912038647 0.04234292307432911 0.4262957623119218
178 7.440643225842588 5.624199620855562 11.479838669295841 1.7084266591198813 9.186835066806243 26.336451549620413 2.584406587430238 0.9192070912449094 4.088795128550801 13.640080220567004 33.927152818577355 0.5097513828902965 0.024983369962833797 0.4274877853892182
161 7.841437916526062 5.50845459114745 10.894272529013032 2.4441765607248853 10.932290945501245 24.306016938721005 2.937840616312467 0.7576938928773356 3.736484942445144 11.469567224344344 29.530516401656225 0.5087587860295719 0.03938961327518299 0.4274043354829856
179 7.4417679512133255 5.690503235659658 10.880766350070559 1.982641645749136 9.11464004346038 25.83210210357437 2.8798510826056454 0.8116363279724228 5.07986908276576 14.485093095309878 32.496700092503815 0.5084920306772285 0.04649235112388725 0.42633663823737256
193 7.036147467993688 5.430926098938515 10.919601170519822 2.059713457172922 9.253129897217187 26.411086984849614 2.3672060629687652 0.6235494230438104 5.160946116894544 13.55267265051341 33.37116186727565 0.508889921320754 0.03596350393142921 0.42730728950258934
198 7.602076664724152 5.637086162653202 11.02560424621258 2.1538643944082825 10.083541942918519 25.40521072621702 2.574192401684755 0.9238211756855137 4.308543467919275 12.170355414412674 31.729355389591287 0.5086566425585676 0.0357119916138904 0.4274551684781146
185 7.808896395076585 5.37069497356778 10.79944265996989 1.943176079894103 8.599871314332827 26.617751922236376 2.7246284744697156 0.4924845070976486 5.859798621620915 15.717858376453599 33.13865488280991 0.5087147312707331 0.033356895594809394 0.4283625520383668
175 7.316228316281614 5.4031028645797505 10.13812414612033 2.95245057379191 10.516303523864602 23.726524732944164 3.4938490339333232 0.8119296761068687 5.1992249570475835 11.485216125378523 29.375202266025596 0.5036365841329822 0.08231408572601734 0.4221432653951718
173 7.047915513946429 5.833716825628024 10.653253764608221 2.3291742563394715 9.706992841457819 25.66595602464385 2.6282986656930896 0.7230041616513041 4.820663515138252 11.74825668552817 32.63086338885172 0.5069876672915475 0.056561891234268816 0.4247807521545785
138 7.388099645633691 5.31642444823991 10.734098238382062 2.101056729234013 9.561375289324628 25.613937872763596 2.7450880086444918 0.9248918629424329 5.067546632248372 13.938612563890953 31.66979094585599 0.5076230336247674 0.05390418347942888 0.4258402850594678
139 7.213433335720154 5.762546282635795 10.905785191010848 2.1990910042117657 9.472253158184705 25.838702078272625 2.6541084377191613 1.004592679620581 4.370512955908185 12.296953480284586 33.380393908054735 0.5094040432576042 0.03239374694511727 0.4272583838518036
140 7.636769604378142 5.565869920213277 10.375556385909803 2.461393278453666 9.52203222854729 25.478188383405534 2.9567804485107034 0.8853439568460497 5.144481747850649 13.112774577480787 31.7431107453279 0.5086943262165708 0.04545690441504719 0.42630134709831763
164 7.790509354327496 5.598175274722691 11.223904195792066 2.0385838731624952 9.776246445400455 24.95497853809545 3.054721493040851 0.507178547911322 5.068682005155838 14.920595512265713 30.754625730360285 0.5090086039340969 0.026271816298273062 0.42882142019926045
148 7.428686949093371 5.532212437892436 10.293500506623529 2.7321379058213764 10.045367116381456 24.959774948345878 3.010854642206016 0.8450058842122347 4.978108209931912 12.889543154107262 29.61600034612274 0.5081431632045609 0.0547125919576484 0.42388369146933624
149 7.637820758788858 5.432639264191723 10.862999063896115 2.1827485208204216 9.333800460435578 25.68658920671382 2.853873959521029 0.36229636210116656 5.441832909981332 15.049663008364403 31.721952788241943 0.5094271670878375 0.023109175809746085 0.42843009508103724
150 7.61699150673556 5.8494947794122965 10.572525070487384 2.4199858676615995 9.801032230125832 25.12642709537977 2.9404914871921948 0.5520235418181967 5.698430188842808 13.360325139624095 30.37315468321541 0.5089966586044088 0.03814344308654273 0.42622126140636885
174 7.409421077300967 5.586326569194136 11.26588586300847 1.6699933594732126 8.260418837126576 26.489659766752244 2.9694144307884187 0.7920673664269003 5.565151499424825 16.016644702921116 34.29477915586151 0.5092894618875559 0.033651598255159974 0.42749380833475337
163 7.139123376783456 5.408271677610651 10.59755880301373 2.2765101572824737 9.799229297255167 25.01939680029747 3.047200838569179 0.7509546731496773 5.441590534804483 13.381996515396358 30.67583039691434 0.5071608023796847 0.06067814986373279 0.424729446037912
165 7.9524899230381525 5.32269783169275 10.495682330144353 2.490197395057735 9.928298833586084 24.582851410669278 3.379223683771414 0.3545021839934982 5.008004607206728 14.148200973314097 29.716008001446955 0.509941923697474 0.02756775843175333 0.4277247099156619
180 7.02163969919306 5.851344368206256 11.093104984333515 1.919128506076881 8.79642858931053 26.759692977695874 2.4987613858561337 0.7831003110666789 5.884053345626649 13.771870603558915 33.64745257133161 0.5092749732710016 0.03737756314839338 0.42720837625024927
194 7.571300438280611 5.645259608338423 11.066692406669022 1.9794392589905878 9.57949577172399 25.388823591813097 3.100090401281164 0.7941755013482912 4.613812074867662 13.29583174846513 31.721111825826974 0.5086713031222667 0.04078491688558883 0.42668753837006923
195 7.710794587902828 5.660742852919511 10.056854490785009 2.613717716482982 9.493628924174773 24.584566448839304 3.510097878891294 0.8283294627205827 5.003567054881587 13.616381724175607 30.539530986779855 0.506334163104645 0.0714344577596599 0.42267543146049213
199 7.492612760627274 5.496528463840043 10.564885568262056 2.5206090943558896 9.732441424383019 24.851303963814356 3.1900540285747354 0.6309364783217923 4.938196168047428 13.481834504534369 30.935526642839 0.5062836598848829 0.06196951867675735 0.4247753485546769
200 7.764248405756144 5.516438168843496 10.43618559783593 2.3730473584829066 9.482567129883284 25.34705178965099 3.015669104038362 0.739140662899634 6.124644313521757 13.844286395779962 31.068992526982402 0.5073457393290379 0.055651036180423996 0.4249942025759
206 8.108518466805354 5.542440417001719 11.01578018249661 1.9246473695725361 8.668931727670138 25.76849986098484 3.3265212036377574 0.5554508397422829 5.182568962999806 15.90124604700838 32.69028155711535 0.5091069640683353 0.036793141722383835 0.4276382859762543
207 7.832272650137652 5.530451121823493 10.743844295490012 2.253599722127108 9.472664208335566 26.020255114230505 2.496314120130065 0.6359573545840919 5.446830368133864 13.91144842222677 32.308647628169034 0.5091347484685629 0.03870141747006228 0.4272997791217633
208 7.49159573135811 5.847641331251862 11.369842995361093 1.7911304080078831 9.091168453072255 25.819743201315294 2.967057284131403 0.7803620906166367 4.924198087632528 13.792192920732644 33.485085272644255 0.5094047205132626 0.031988092451219044 0.4277134477382539
209 8.055595066335139 5.452834756733217 11.167433268426702 1.9527986789621865 9.65121421467597 25.62730243307756 2.6242862041035355 0.6915478571926229 4.2888487252369565 14.53264960670392 31.799972790862476 0.507999718836103 0.05101651890849619 0.4260615482693972
244 7.249203995202167 5.795732705431896 11.186998974024581 1.9186571907599619 9.566802963463342 26.165505100545083 2.408435289829411 0.962124668711914 5.231538144472708 12.81914599150294 32.49783854188915 0.5080281936933415 0.04431970171974321 0.4269241221397661
243 7.4350526248193285 5.500206729026819 11.07640629873012 2.0607036922431274 9.75026998180342 25.63538030568573 2.6907148940252434 0.5337292051560598 5.084378627906367 13.309359383803255 31.965652476112083 0.5085854605528431 0.04311390663963852 0.426339515410385
242 7.754026064073254 5.462723099876173 10.427158137027785 2.423515759852187 9.471168422742538 25.703939952453972 2.810548684255901 0.8490332349706537 4.287715345816957 12.717547037936562 32.76510338439175 0.507357838436678 0.05252562998747789 0.4260566521962235
234 7.43115902486375 5.46902314663738 11.156319614547648 1.9048880714768166 9.073722581115115 26.45939142594858 2.5043464620382703 0.7225573542929561 5.315537207604506 14.329333667452369 33.53608027238971 0.5074840994388732 0.05286761613602988 0.4250657658408022
241 7.4241634605596465 5.820027723531655 10.981053471006918 1.9860268809936814 8.948376835487865 26.054526970400453 2.7777268899597036 0.8568407244907833 5.150441823747645 13.683275403167725 34.07150730641261 0.5089218416233631 0.0394080991982752 0.4264379677127971
216 7.844980674696317 5.694141298037742 10.401024878600483 2.3739650362469273 9.000201540768211 26.484832632672493 2.59811899398329 0.40414835005128225 6.041911228671493 14.171911575393462 32.37306607638121 0.5082354053092636 0.04379834267276445 0.42742933176559994
217 7.336018653662107 5.764372121527512 11.445302784636608 1.6850316460352808 8.99750051212916 25.605773352434287 3.3376442160760655 0.9749425927988975 4.690398669311059 14.386970372418762 32.53305150340463 0.5101736927650068 0.024892525992496747 0.4280902798500439
218 7.392476545599324 5.820462803321173 10.902573920495337 2.1186164009260877 9.810604813589041 25.301347350261125 2.8738154339993214 0.9309016170308413 4.389930886198956 12.583565254211727 31.516992848169235 0.5077143655549169 0.053832037375595276 0.42645975514112466
233 7.526948910288917 5.710360584062784 10.94207444397453 2.139205196498238 9.823653954492396 25.338081401799993 2.8485216928877053 0.5973670828303009 4.942399836438899 13.081443374261607 31.44703968630252 0.5086139781469622 0.03603515446338107 0.4280401648595601
219 8.13375009261465 5.1857838199770665 11.115591873805073 2.0661193505481728 10.170710283390942 25.008353159494824 2.8684831392570764 0.7276480280955508 3.7574666600652025 13.72389717429161 30.983912638950347 0.5086463961051296 0.042068961427341664 0.4274238496708366
232 7.644614901121691 5.598136909417231 10.8232938892906 2.207579829406628 9.499993747016129 25.160547484607264 3.1206866899172883 0.7001924107771512 5.304319603739323 13.941529171030616 31.02545475670321 0.5086270903424736 0.04658503031125496 0.4259042110334108
231 7.747448561713876 5.737995061800482 10.780713632252645 2.0423587052165497 8.827253456705526 26.43038266338522 2.6748156478716907 0.5726781451092094 5.747316294313614 14.468323590934718 33.080153763907695 0.5093443876156433 0.029118673806635756 0.42887633530277475
236 7.852246153534866 5.539126160840447 10.960490021340986 2.08063573730427 9.855610541663431 25.53885475293237 2.58359609693756 0.7513475550818711 4.794252606989142 13.849160511363513 31.05391783022816 0.5070214676080464 0.05781356057257944 0.425441056993997
237 7.534817949434727 5.673284754772758 10.847929707389683 2.233636940646081 10.056830324991779 25.071369569265084 2.938610750760155 0.9415036170481711 4.465872746391803 11.94370326427595 31.557178446591568 0.5094314158054908 0.027712057926136065 0.4281736950998511
247 7.919829995352427 5.56440897444365 10.805638982079474 2.2558070004843227 9.91551697067576 25.444564036448828 2.759711082409021 0.677132799459956 4.926021680927685 12.629080576452264 31.429781749260336 0.50836186829309 0.05180469881006308 0.42580682939866926
210 7.667013981215143 5.4122620779713 10.698727282031491 2.3999300304240667 10.665608545944096 24.56099826341734 2.7663102401721082 0.6294803230831915 4.808368719913116 12.944304182992918 29.263375685904496 0.5092609866804614 0.03548979675184623 0.4279099916647194
246 7.353436833113789 5.543533663336715 11.08020237255716 1.9475135794154292 9.038698360855365 26.31173865123594 2.547776714917084 0.652059798515422 5.120303853572838 13.813544353086025 33.8869117248764 0.5093223167888146 0.03765714579032853 0.4278103777423084
245 7.519151846790311 5.628940257445094 10.462212254931746 2.8021910217510433 11.152806032529545 24.27674512928774 2.831696315810254 0.9130205543110138 3.8627741889910268 10.76752948837389 28.513026521503985 0.5038859267887229 0.08319912242412171 0.42138537494957296
235 6.990482717093871 5.9281017444847235 11.0384760473543 2.1379659057125293 10.246155401538706 25.246503030882337 2.6148378846055285 0.5283598690863518 5.338808108640323 11.61702854164785 31.08503829846622 0.5093668675751993 0.031191473157440388 0.428324849259914
211 7.468021203294449 5.864368878326025 11.259442507575141 1.7861237949794568 9.299504792044761 25.891804956724776 2.9241551531423626 1.0928275755450845 4.589680825742883 13.470129578490958 32.246932575909945 0.5075561370212187 0.05149874657606837 0.426642121444136
212 7.862609839638332 5.5435299949816725 11.092502593921813 2.0206538618145835 9.773855817426627 25.079755517492913 3.043465367239549 0.48825622297242427 5.03965468141063 14.400826651736475 30.696665945511285 0.5096875926678608 0.029967206897823135 0.42715497204050923
220 7.429273350124478 5.1847232725464485 10.83707393006607 2.378701159955546 10.214523677881933 25.21303183988378 2.6299277566504364 0.7062703601709592 4.340891203736866 12.590415710119425 31.64850646335957 0.5058860364047545 0.06422658694892905 0.4244286283469857
221 7.5791192834672785 5.602489160217335 10.860516797086564 2.196017768359673 9.919787241450448 24.69905889352095 3.1586321514271583 0.7697270674434509 5.297985601382305 14.64541489987022 29.23564805737235 0.5069408744021289 0.05692165962393896 0.42666121238864785
222 7.632908057303721 5.537703380742946 9.954502473536568 2.905902906973586 10.414480123331412 24.342736369474242 3.233280697953389 1.1591839574419887 4.609122857626089 12.462864349837727 27.833437395365504 0.504564155415793 0.07927964826592485 0.4219125928522432
250 7.275577372486625 5.62926627924084 11.11793243428169 1.9540039611530842 9.009452295286808 25.56981106557584 3.0193188303052843 0.9514032074323623 4.859555742762674 14.043787039725949 33.59533233809251 0.5071795884037873 0.0527094749457248 0.4260008838937631
249 7.550069961466636 5.691704916795903 10.61252838282203 2.303732543955599 9.457634352194418 25.266713948180932 3.015207284527514 0.9781626665954324 5.274682288544334 13.520673835161618 31.608777097946973 0.5072194395356815 0.05672948676062131 0.42485755874117936
248 7.275292583735124 5.876373073350079 11.13607425671545 1.9410173320524842 9.045688968159027 26.034985812307074 2.708243458407761 0.8560502813485764 5.316281724593191 13.564932978195083 33.70223145128095 0.5080737425866606 0.04134948007936725 0.42577230235405666
238 7.726488006821261 5.486365482390913 11.25784739323277 1.8368404145442325 9.06056717876198 26.11847478135371 2.725035963889606 0.5230579221846624 5.459668560649342 15.413529753457038 32.71449592133695 0.5089492571987343 0.034239539814359676 0.4272515713192981
213 7.790768598926209 5.744500949857029 10.603417111466154 2.4710602125700887 9.57572634460339 25.83353993719179 2.6216713521799497 1.0100541247782064 4.375081099381666 12.209996676929284 32.91213006219964 0.5079068624581174 0.055281092135270424 0.42577403721151935
214 7.770967699534062 5.5587283427973695 10.967643329306647 2.0851680565938433 9.431546624991583 25.86662344151844 2.61075156451672 0.7024843560759717 5.49426883876985 14.109240294221497 32.43099991977336 0.5078363196043776 0.04645608284945624 0.4269426252075328
215 7.45793044684828 5.880485726411813 10.927368592721635 1.8921762235122053 8.71896532515127 26.1061292103916 3.1604778471159563 0.6025104439401193 6.443978942491584 14.695898253281113 32.318641560363076 0.5073814995710416 0.05879584825397693 0.4252433525514149
239 7.9047975866177 5.65298515730702 11.130225063435214 1.9744672157187624 9.364740020834487 25.280603249635273 3.2185827778968235 0.4053944264335787 5.570296904569175 15.112480822501762 31.101336095257285 0.5097741332300367 0.028668367548005055 0.4280609283982014
223 7.683520655273841 5.847965105234755 11.306257081926967 1.8598898618335016 9.62958547363699 25.49767161620199 2.8850890404720864 0.6157030611169395 5.529334738462219 13.792581735232515 30.894817755149784 0.5085865377624426 0.04494245150096751 0.42669057916948805
240 7.805348145566087 5.790157378937499 11.016619243247305 2.063080909352027 9.450883382252503 25.411879177909007 2.9269061698510273 0.4884322643335224 5.721450692247431 14.387369897331165 31.531912176368728 0.5077669488256569 0.048681047247854645 0.42689026015262316
224 7.272098994708682 5.925962272124463 10.984835921387273 1.9908207164278229 8.909017331600891 26.531304935944792 2.506736746920555 0.6796510425133224 6.0344026718275146 12.920899653717067 34.081370074898665 0.5085307190055747 0.04698841133200217 0.4270849553696083
225 7.985201648920204 5.459204265758502 10.464870470819475 2.607603432267359 10.156457541416959 25.45065434344704 2.5445367376426673 0.506603923241908 5.284249584945112 13.387944740716414 29.935799168436873 0.5064856906901753 0.057364739363560076 0.42526831795740616
