# timestep 9750
# phase bcc
# id f1 f2 f3 f4 f5 f6 f7 f8 f9 f10 f11 f12 f13 f14
1 7.531206604771832 5.710338119978622 11.148428434002046 2.046326278878158 9.296868336838674 25.600169779227137 2.8565278211874108 0.6881316109878737 4.937766783069606 14.018465019636356 32.93761874083458 0.5084043010289756 0.044330035032435856 0.42671867386339496
2 7.818216695213219 5.674956670035749 10.972479748938559 2.1449236908211327 9.801976769505576 25.370686284807473 2.8638694875059594 0.4067745565251889 5.453758653422636 13.694000397283169 30.877818330661576 0.5094034480443828 0.0363614060345305 0.42722318057348896
3 7.81445443286131 5.659998036241645 10.870999840791736 2.230926778867734 9.795481884327769 25.155560984278225 2.9274991649428275 0.7490051900432055 4.511016710244906 13.171486704468705 31.487667739850732 0.508662397068882 0.042906857215305544 0.42711513110608496
11 7.708045735208444 5.907402941074716 11.15041847127152 2.0921995798160467 10.402648117655977 25.439504876308614 2.3487857754733663 0.6392671300454803 4.795487225233085 12.02830899087801 30.823500797958744 0.5089368925345288 0.03828647366483662 0.42777756858290356
13 7.682412093153711 5.77784783233311 11.07970603615143 2.069338463487816 9.423967934886516 25.29305513126484 3.036728666986464 0.5246903007446959 5.202835102138278 14.080340248263976 31.92647476672613 0.5097342524914336 0.024942098989529045 0.4288644394142505
26 7.708498625779342 5.488203513442976 10.823207916576424 2.3533570484998285 9.699400910308116 25.180884378530738 2.9896724307807547 0.6398400444486296 4.50785766527769 13.442446066472584 31.853549135715916 0.508713686675777 0.03560771617832646 0.42722404484037874
28 7.677315900738718 5.902305189975604 10.917522561732342 2.193132106839085 9.594836946147405 24.996050038666525 3.2574543506507645 1.0874224104633166 4.678160900504097 13.114890741779341 31.364736011452234 0.5089645537333456 0.03895623288544385 0.42748631653131053
36 7.388292393354189 5.569868834446546 11.13067976493199 1.8803338005033863 8.975986344096558 25.750926069235607 3.086214420305697 0.9091395978796466 5.025661015077001 14.353782152382895 33.288769047271074 0.5086575423491313 0.04481386836862113 0.42699701999014356
38 7.668709306614999 5.483812599367279 10.87972738780273 2.052094029698675 8.76637510805067 25.84926693874457 3.2169810207975265 0.5760932305313211 5.209467240008948 14.726249191153192 33.335465004962046 0.5090445036130858 0.03572151554837647 0.4281355024035845
4 7.743243002093421 5.760988153564197 10.697829311429293 2.0464207209952896 8.461082427810435 26.539849145425137 2.786905111351764 0.6551128322379194 5.877076117941412 14.880681055811001 33.82736758750177 0.509036012123114 0.030452099786528707 0.4275128786747073
12 7.837943591970359 5.610129218333172 10.752516703485584 2.216192242713719 9.665360465231837 25.18279625074112 3.1190851046442436 0.9014094528056946 4.43956283216956 12.957507167734008 31.734627334148396 0.5070466747545126 0.056979828255189345 0.42543856730743385
21 7.6643957071513205 5.598556743381554 11.113183857205847 1.9283820519864403 9.196403146432976 25.960609423177157 2.7677040733244636 0.6023131229142245 5.048731842299483 14.187112291166416 32.64065105542504 0.5094116117867686 0.023905998704055454 0.4279892900914033
22 7.663061171839922 5.751419904562916 11.111525070331867 2.1713075822651176 9.253014096575768 25.42292128244881 3.002303871086557 0.6840738493614072 4.993075289704606 14.028952283800068 32.68046598160861 0.5085170878562906 0.03856589959135677 0.4277870039738558
46 7.604988377364857 5.769022167353527 11.075104021782591 2.3137688893293658 10.157940470635264 25.214731922453563 2.5378524849264195 0.7249777097172267 4.576238994923261 12.31319736978223 31.78801369057639 0.5070493839475185 0.056427111503890216 0.42583212522865654
47 7.81067944579573 5.5571636484831535 10.984497697965917 2.186712630553693 9.372881260069565 25.147264255721502 3.0948764579202943 0.8035684288725535 4.960533667722928 14.644687559464053 32.15178026106394 0.5064469326923376 0.061664309348208865 0.4243191099328282
14 7.387362755500182 5.8319731720468395 11.126411287634712 1.7617377264079426 8.226787455091836 26.932190596845665 2.939677540204231 0.5107950636864558 6.538056116666606 15.10424954633263 34.078739887486165 0.5096277675336565 0.031209175353269072 0.4280953274402425
27 7.502889971653766 5.793457655453698 11.039072433407116 1.9918400315038494 9.10386493835062 25.230393450155802 3.5526377078555207 0.8585547753706408 4.908759490528686 14.234366034895165 31.69328392746219 0.5086187851110842 0.04782407820464483 0.4262627944920435
51 7.38925421938625 5.779464109241325 11.097858480750888 2.0165396997494742 9.521262976036894 25.407819380027494 2.9357719651888474 0.3989834342533967 5.9229756421638 14.198642032908982 31.17693004413954 0.5084244569837179 0.04695501544313107 0.42590210757973873
52 7.477297395324909 5.884606571786377 11.026243250055513 2.003168220688876 9.217850014855 25.867525790799647 2.8117035102024843 0.5657667791503012 5.73018049749451 13.845334949340652 32.36422273886939 0.5083983796660893 0.04082713965525112 0.4265044335122028
56 8.00629664244086 5.461979053623336 11.133524361638758 2.015066981545382 9.706510302605201 25.69004871199499 2.5988402209559274 0.6943053650440584 5.506626715227151 14.355831277023123 31.44657218023825 0.5088153788856656 0.043064476660224296 0.42681838844187003
57 7.845352833680809 5.801750183663211 11.163071797712048 2.0320547293870006 9.71317304595734 25.453011288653688 2.817579239435481 0.7134541836553308 4.674390754056711 13.016655146377701 31.873588890990813 0.508869355151858 0.03952612345620884 0.42715589135034
29 7.685276112591973 5.712794897219706 10.479898895779733 2.479816186727818 9.660603162634642 25.106772840186245 3.171575026584831 0.6314313645209434 5.003560770444736 13.669083073248142 30.449257912465765 0.50638700967787 0.06680074231507979 0.42392718460982015
37 7.747193494532172 5.535700513698359 10.58405993078042 2.2520000660893937 9.350374632987409 25.43539024007991 3.1485533637712115 0.6335046856164642 4.79560864322798 13.772609145734304 31.77192081693071 0.5096779176804542 0.029097944058145725 0.4277615210836973
61 7.667948159456147 5.662083459568969 11.099590530578315 2.0579294755250155 9.59781651101298 25.641735224953187 2.8217521100070053 0.5638833341629159 5.209685783963812 13.63872710452138 31.819825493736303 0.5081088567126225 0.0509945535787727 0.42569494748707487
62 7.404792163206086 5.747774736153871 11.125206014188821 1.864613950933782 8.776067606093145 25.619937632772285 3.1657167147331617 0.6408611126920594 5.712961448286392 15.332813983745913 32.77334296020123 0.5078374512595044 0.0554789383704935 0.4246742965446771
39 7.587600151005937 5.772596217170527 10.826161687394944 2.053862927356236 8.959094808843274 26.31938050869102 2.7003701812256993 0.5651489983360473 6.07365376468485 14.369517702285586 32.799976254953194 0.5090993801625885 0.034172800565167784 0.4270017604813013
126 7.619575541783027 5.589221050652691 10.556178707632277 2.446893120608612 9.82752391833874 25.168132874443526 3.010910435973936 0.6303186325245859 4.9867546781086265 12.975408812421978 30.715164519042947 0.5069657101792368 0.06274243455544155 0.4236246107508796
127 7.467112970195128 5.618276997179319 10.77479691498929 2.259545065980924 9.371915204252115 25.714094097339597 2.8069962107375073 0.5339085443491364 5.868013660570206 14.070549222650891 32.009836828867684 0.5078527556477861 0.04751207707661769 0.42615715750907895
151 7.256388604769725 5.726960605249399 10.5212860394962 2.401524559707704 9.154678222628005 25.66852041996642 3.047347031314243 1.1355429424630676 5.0907083862158125 13.293034943649754 32.12723325718497 0.5048839684473412 0.07607012213540797 0.4218168469505463
152 7.6501523579990005 5.719577952780612 10.749961937072925 2.3474892625283528 10.027653693114873 24.71423653056869 3.2366972681415764 0.8104681822526196 4.9415536695173286 13.147217984042811 29.992995788386597 0.5061668394397247 0.07313345310798754 0.42138261322957643
66 7.7887489832764425 5.6236111929183545 10.450366474227485 2.4421030324655 9.740325289126593 25.411261367492692 2.7698727311574305 0.8949746732231542 4.502529532707483 12.42321710458981 31.864901815783686 0.5080540034038253 0.04637379498102938 0.425958596187054
67 7.506593313765164 5.438108720669204 10.926987701640353 2.545947014793045 10.254037916600087 23.948305532944833 3.3938994175974155 1.1832096256910603 4.318060794260334 13.226859412909088 29.78129242308409 0.5045171384634413 0.0800571503834587 0.42176683388022856
71 7.265226585115573 6.023303284791991 11.104964958791175 1.9516860268882705 9.253472302333329 25.557141686888343 3.1060209220301 0.8850635174290014 4.931596263052848 12.447237101638402 33.26639152509882 0.5098767555823122 0.019901756304187578 0.42841468803649774
72 7.654351352435206 5.4074759104522325 10.803786794684507 2.1879054182468587 9.532962166468087 26.166962570052796 2.4452876291054637 0.48028700831214916 5.893211414277171 13.242120739866044 32.48402966766288 0.5081876816179464 0.04264650415436044 0.42696705669094287
187 7.613062798625859 5.59348390922921 11.189109767558232 1.8947820131436606 8.804093671230405 25.602617033631926 3.250257687102744 1.0271101078069684 5.0998035965790685 15.223699689468985 32.966895782381435 0.5087681006787027 0.0381614169066017 0.42765847267426005
186 7.977867694751627 5.381713031673379 10.562413261586478 2.381266381490974 9.572184225466419 25.42794302246894 2.9078694420819207 0.5708063251917388 5.069263236375898 14.083479233431426 31.435134811181072 0.5087524319902498 0.040944026996315594 0.4273808421475363
5 7.3889355507299 5.763108335977866 10.63040874501357 2.4086394032832 9.250535982409438 25.31375429592223 3.1970009126208376 0.5938691390162141 5.792990133986242 13.999764480543037 31.558696179166386 0.5073587093821161 0.05135797219400855 0.4259060266710467
15 7.603023787808574 5.915024385887575 10.909923661665124 1.9546482326400907 8.252790132194242 26.572508833331973 2.93563876662263 0.6606606933804562 6.272035072799757 14.403778102326516 35.05501436600019 0.5093062602359752 0.028407136187330935 0.4283065775493868
30 7.256569839173653 5.810152215830685 10.550056613866586 2.588164243145618 9.966843006939952 24.917971640819406 2.8941469220391456 0.558248660213385 5.598885229337227 13.035546714074586 30.391975906108563 0.5084016793473242 0.04307492912633442 0.4267015054596596
40 7.328747621604737 5.946459252636735 11.074852961238062 1.9626592401241527 8.728336980364855 26.260521436676616 2.8057260140979734 0.34830351831958584 6.924291419083096 14.801224121529385 33.066655048596296 0.5095732438502851 0.029338195226296063 0.4279766478631301
6 7.908480079381547 5.793159546271947 10.791962061829532 2.021194850905322 8.626078590039299 26.158036300271426 3.0102614414975144 0.6326096274465326 5.952787067458777 15.238440849505723 32.593057972378396 0.5089184461711057 0.04073987088157131 0.42702069284658195
7 7.36424291427067 5.90325210876131 10.951112402151692 2.096846571828615 9.146401364517079 26.152964994116576 2.664502433821403 0.7828715306056523 5.331052974801777 12.773777542576509 33.59240047825641 0.5087357251007262 0.03199484644882235 0.42747099714407766
17 7.810428058171113 5.706182302782872 10.697520628600337 2.207771166939753 8.907356007438153 25.699124910526663 3.147330634195232 0.522256797639757 5.455327798326906 14.54214498720006 32.65336268137468 0.5099315472667679 0.027479803208433577 0.42854362039269056
32 7.376568537818491 5.7868591321515 10.833393983505813 2.411852977768405 9.951043979636315 25.230149702726163 2.7508242263896783 0.6840891463557456 5.287621893882117 12.401902601388276 31.461943399921502 0.5084403167408148 0.04023380808993442 0.4259066622040391
42 7.889720050492223 5.879734982262414 10.839225049014457 2.1590137270337664 9.709488132857171 25.309566850848913 3.025982178671295 0.7771994856791595 5.072234838824569 13.014176203308082 31.000797494089475 0.5093334634418349 0.03365469473335356 0.42684015956346766
23 7.488599234005956 5.666486578842393 10.580033138005824 2.263589381553922 8.775268003206435 26.209897073143903 2.79993579958129 0.5371023014756823 6.179258033832389 14.6232208854344 33.06637547470843 0.5081306356167432 0.04588698320512458 0.4271225757013255
48 7.821304963336486 5.697772219850759 10.941818522015822 2.068607440212781 9.173608119232428 26.049751952801685 2.698393564267736 0.5745693831653108 5.424267010189809 14.32079166037885 32.46914208332246 0.5088583180060036 0.04188280956803393 0.426284533122355
16 7.8094229910660555 5.788182234155963 10.496498170644882 2.4448784040150646 9.153323011196273 26.125082374256454 2.7233520348715747 0.5444495646543741 5.676680205846124 13.131289319275007 33.181487360086656 0.5084290139170791 0.04286529828629105 0.42650852637883124
24 7.720128609835037 5.800907793787082 11.062249548706577 1.988803276882969 9.131063809470454 25.51180297313271 3.023646054649758 1.006168094879817 4.537798571720178 13.79483810161508 32.97508300319338 0.5072243093079062 0.05565639314514895 0.42580533561833556
49 7.743555538974383 5.763462451757878 10.98632392809653 2.168186798745337 9.794570776294078 25.232024677284695 2.918547751256635 0.9083662682827311 5.047801318237009 13.76945646173472 30.523447550306944 0.5085005044296228 0.04519668254532489 0.4262074763259255
53 7.978828632529648 5.2684221752551545 10.90384156955228 2.2710332889939684 9.873933775749904 24.75059377841333 3.235653879934119 0.7720587644055655 3.8740404677559384 13.788011174286808 31.480009087504722 0.5090821207124806 0.03733390122303191 0.42716574355621645
58 7.473956518439343 5.571108849194594 10.61180390986835 2.3205022024663293 8.968861180936154 25.457633491331606 3.1945605188479536 1.3245786278870058 5.184098595276226 14.502945840420546 32.40343017644839 0.5075409117687779 0.0539163038156541 0.42591511233883267
31 7.586222270043442 5.62514553081138 10.782853026788842 2.057277554142666 8.925811023217797 26.305772080463292 2.805233996338976 0.9546824858802004 5.4033377530977305 13.955390856300673 32.82450751120244 0.5093652664615296 0.030003640923534677 0.427459547741029
54 7.757493337683267 5.557881157812837 11.060273036860968 2.234227443533609 9.740418117095416 24.51489594896921 3.3418894061437534 0.702320348121555 4.716308083909063 14.185990452579428 30.937526797671527 0.5075682631323426 0.051173405800301976 0.42642511609617856
59 7.490105986130855 5.646380221445284 10.82194315956972 2.2759547735274954 9.395712214671896 25.767375011313373 2.8232702125386133 0.5636456511765656 5.259165653826301 13.781614504399169 31.910314865710077 0.5083541537908235 0.04164352340008271 0.4266632194879803
63 7.526557344290451 5.727514915066364 10.820775960498148 2.151568169343451 9.223463940722972 25.83028817887989 2.8472702519684994 0.7885796196731022 5.044836908200195 13.244678345448312 32.87311160787529 0.5085959805273437 0.04186943516760358 0.4260112167124339
41 7.642733925676111 5.832654739099515 11.015697603433967 2.040227442552651 9.284831806993637 25.297785218746544 3.1732842818027542 0.6747950761646916 5.8605044441987655 14.457193365883558 31.375173599813895 0.5094469926307972 0.029665589807341027 0.42745031037012965
64 7.69173812216646 5.633453377394046 11.250139463984265 1.9199943531896595 9.639235619612501 25.377794989287796 2.882414783569953 0.8897069139780521 4.30237882931651 13.513666079135128 32.18033596590907 0.5100019445132604 0.02353439691396811 0.42789523673796476
128 6.9925370646876885 5.937542097999491 10.960249615835403 2.1278469654366545 9.847812225492898 25.052692853915346 3.113642444187256 0.7587181085623171 5.305008762706696 12.897918748938885 30.18657064094278 0.5088518013777203 0.040065602318000784 0.42665118296015586
153 7.715917051357426 5.610417761384246 10.457358717340588 2.7719808721911745 10.46227327654153 24.030691209525354 3.3366930115916977 1.2812647561933552 3.8288387208512673 12.811443460217548 28.85035834753942 0.5045764894258392 0.07913869548592045 0.4214725699004414
68 7.500165603287684 5.5353035222744875 10.573410985335157 2.329740086383942 9.432460215300582 25.03241794659707 3.2363273199145755 0.800202752898452 4.883263633354131 13.697685425113873 31.551047329855628 0.509405821021654 0.037788748563894685 0.4271418619645836
73 7.674003573531136 5.573124111739136 10.818627457244796 2.1502882403857306 9.335580915814408 25.336522553873547 3.268923406059476 0.6296479494781547 5.043889708130844 14.136739053927563 31.367704728408576 0.5087104702832033 0.03861305246532823 0.42725805931663086
188 7.926137936360544 5.612594045377762 11.20361497638128 2.002906034559171 9.676591782082058 25.282500854466807 3.0156100347304142 1.1381138874991823 3.928446938574022 12.738449933978536 32.60273621474865 0.5092207263136876 0.02508596868026524 0.4284094527602954
8 7.4554904170196 5.6395774266458725 11.014107291080144 1.8081559672989667 8.701906980725644 25.84964207992007 3.342031568346773 0.8513649154674281 4.6647943778563965 14.703282193350569 33.10228469206645 0.5082517069601691 0.04539590790543885 0.4255455202674399
9 7.255352224037972 5.681850702141439 11.351127784155269 1.8601238474323474 9.33844632764698 25.35184842285132 3.109722039543723 0.5057069784735506 5.61850589848633 14.994023313329198 31.427203714804893 0.5094691218747976 0.028277340558741912 0.42819275159816267
10 7.2602801003660895 5.462787459347056 11.026541765215487 2.018851073118657 9.585742942901694 26.136279472110658 2.3583310597592515 0.5688381170576106 5.507078218205123 13.691630504098669 32.24776925708518 0.5082074473433099 0.051502571222567 0.4253719826788605
19 7.435508234788708 5.573279354534628 11.113564572361716 2.0462589790847105 9.777038444646879 25.61692803626504 2.5675979475039257 0.947162807111917 4.942995640271117 13.897419642664222 31.631759694470876 0.508050901361045 0.048157498034386605 0.427035318161536
34 7.2261521583228 5.547107174269053 10.543760082234273 2.526685294105458 10.145736599055823 24.161952547518094 3.4859933897720676 0.7246273016505419 4.9327852295090375 13.612025026998129 28.485870307450302 0.5053414248448288 0.06932144566163669 0.42451316310220316
44 7.989540189770103 5.2589096298791445 11.001549506634579 2.2482099834488527 10.323823606236413 25.0118736825099 2.672570540314685 0.8511850485451764 3.443930275566997 12.789543492368123 31.490155724268014 0.5096430639787525 0.020644269176905556 0.428747832807645
18 7.534225683281746 5.746545297913873 10.92867737533224 2.1719543139316193 10.006554293902761 24.981897305347836 3.0694958686468405 0.8585515698460013 4.308996311750307 12.396300419958452 31.06519835800778 0.509161452253903 0.04141268018940075 0.426886042541006
20 7.822276865976181 5.4167140708039225 11.117864565149581 2.202167987828138 10.632540078270251 25.038775639063523 2.5304503625829713 0.9316173297846472 4.586111181827211 12.693411140654959 29.955565238834378 0.5084349775714452 0.05036908315435022 0.4256815531121324
25 7.568167136817841 5.4677701463960044 11.310868744557048 1.902865567744456 9.401301576415715 25.536450062174175 2.8720249869236985 0.5704226975562112 4.958029077950365 15.087694708795715 32.07229640727938 0.5092508791307216 0.030867312023509574 0.42830631323472235
50 7.44772328102898 5.620293827208356 11.334037239445452 2.0558391731618535 10.087527242934247 25.04019239579363 2.843048522145392 1.1360109297195407 3.3420618806976745 12.279652248952356 32.22257863979374 0.5096265380924688 0.026199659045064785 0.4288899094201155
33 7.464937481320962 5.7027529193068505 10.647814728590019 2.472287891358827 10.049230399739063 24.739974169502233 3.2315071100777177 0.6142738861908601 4.85847230175213 13.38621410578856 29.4364240912229 0.5070180614699449 0.05619879365634142 0.4259294323518937
35 7.471825149591856 5.53103697797983 11.139306102874635 2.096422097511036 9.646062235629781 25.769249714890574 2.591970865630928 0.5888320638807877 5.315288625338511 13.916934116422295 32.06114693790706 0.5078416353430052 0.04909027194207632 0.4256774003685109
55 7.467774330524745 5.6611773684771025 10.908040575984257 2.171323759265915 9.423129979897672 26.09574507754308 2.5142593906070507 0.634340777758616 5.071715266030578 12.972106074739223 33.34639192423782 0.5095483046852447 0.02928265367335783 0.42780796161627876
60 7.338472249750552 5.732913139775499 11.335805836139201 1.860771278473255 9.31614206698342 25.719461668745367 2.7812918203110892 1.1769262996239096 5.260343507366595 14.56063277291211 32.103480822951255 0.5083109273578736 0.0485051599768211 0.42640918947997364
43 7.366171751247377 5.88849725938881 11.185832466391476 2.0479156302092956 10.231738193387944 25.01567045916598 2.816910929042984 0.9461184183270699 4.304163413150436 12.139550712138778 30.57865687386868 0.5094983263899865 0.02764026909298694 0.4278465717109324
45 7.835389062680322 5.435586711538418 11.081658422800977 2.0909837500081254 10.044978825599308 25.153102609469833 2.8354059557505433 0.6022530618778906 4.260901778386354 13.554943923704208 31.16492293414951 0.5091625972238977 0.04421845533885434 0.42721868164145016
65 7.488792537640104 5.373081181578951 10.980952591027874 2.3024235274068654 9.939792132713677 25.340890563551657 2.6590917603216826 0.679273912908868 4.6751016864642425 13.980580947836879 31.212433147104843 0.5079415244887551 0.04864579794654897 0.42656312348292963
129 7.722999889024469 5.510805597361414 10.831785750036063 2.2437922321670474 10.52438467201755 24.47986773690868 2.957191224913582 0.4393828205616507 4.605163862027386 13.495810723197476 28.959623783287977 0.5093214327809042 0.028491700056723867 0.4280935233587364
130 7.697061703402112 5.152002146755192 10.971028190015845 2.2259960092990663 9.781128202153944 25.266497175058117 2.787906529940383 0.8072987424524369 4.809243486995826 14.302954798163508 31.56260256043216 0.5078914477450696 0.05144625278684705 0.42580542284645956
154 7.490013054014668 5.294290067734462 11.146481338337033 1.9670278180677463 9.459230944130912 26.043954866450946 2.6729723954254094 0.6918279516618476 4.229346646149398 13.659712419315335 33.06269548690731 0.5098502298027545 0.029175897941910202 0.4277542024323765
155 7.73161113437395 5.571904194553059 11.46849553433029 1.8105211910209233 9.574552027144865 25.554320458106037 2.7151875332231294 1.127341464186515 4.480228412432602 13.86281957741048 32.59353381913238 0.5084066463226201 0.03815092616840991 0.42746354113695867
69 7.624165716393157 5.795235212391824 11.057969558794223 2.0816222456778393 9.662798162590327 25.485531120477138 2.8123189363401937 0.6229274583762296 5.461514050529265 13.58716208259462 31.66242456530518 0.5087324440941964 0.04090764421092962 0.4271360453085226
70 7.548154789962859 5.741051974099281 11.20556034013766 1.9884772225913265 9.909029959235731 25.865285468550905 2.3303523497878955 0.644566537710449 5.543200235167875 13.121045514574837 31.76577478114992 0.5089418264154738 0.042055646940755406 0.42646084019398073
190 7.889127828207673 5.631327242187449 11.075240453021301 2.0969092943050187 9.941855481902687 25.319598574934076 2.7270005857089306 0.5892723827048908 5.103285822934377 13.570839880208851 30.840180410573986 0.5082346145948587 0.04841949695468101 0.42631724870356724
74 7.52792303072679 5.588222500083413 11.051652707573814 1.9796050267422733 9.342678273431806 26.561573441746027 2.341938894867568 0.4436284007950635 5.4115325990587255 13.666353209890234 33.057468923436204 0.5100001014936402 0.020429557426553117 0.4281520177651923
189 7.216037135894549 5.740284132259495 11.056715268260277 1.8112949079809972 8.89892498810156 26.14671449703743 2.8116731606682475 0.5205886495341129 5.943184884906635 15.031258371319879 32.657386820520124 0.5093505396537009 0.030595979191781336 0.42766134393811006
75 7.2369218387614325 5.703695272744082 10.400433928011815 2.385067460738418 9.434862009303234 25.923651828922857 2.7314207029137956 0.6350954515125132 5.667493120136238 13.23120303095511 31.60331174589193 0.5071075180022182 0.059931227546282446 0.4254541929639549
76 7.470886138535188 5.81632248365795 11.319806161890243 1.9239626551506495 9.454629256419226 25.22419817682598 3.1892535193636715 1.056720198437972 4.368064304146544 13.249712498822166 32.5269117438784 0.5085950657720612 0.03415265390088984 0.42764108206866935
77 7.955125583882771 5.211393496301799 10.65984256059803 2.405888813955159 9.886891145144125 24.766265199966185 3.1867638755712044 0.39114094705979496 4.72265717343324 14.835072984801648 30.059291381059364 0.5087005483106196 0.04316275750755934 0.42599876384589747
78 7.3121023753104195 5.786289774279569 11.018853109868127 1.9147504303527643 8.962422827647108 26.79377684083483 2.3890357557153905 0.7659822729410006 5.917118598437371 13.900640238890013 33.318607008582184 0.5097362574712445 0.019756675474358686 0.4282558921804227
86 8.091064668689489 5.322866377565764 10.909953095194759 2.1821884080939045 9.535065818959335 25.158893018733856 3.1058865173581403 0.9739048213545974 3.392448590292719 13.33012798293466 32.95943834792392 0.5076974357607367 0.05010383032108249 0.42657098506737207
88 7.724172115664632 5.670091120879461 11.247371166376531 1.844696000483437 9.139171053578199 25.848817684451497 2.8824353199267088 0.7448944726460113 4.953123509310604 14.41660793573085 32.878212694564546 0.5095163137724293 0.0299498873094469 0.428452159241816
79 7.25069964842073 5.770011575584051 11.007717889471746 2.0296646014639528 9.270096084021011 25.748759404469947 2.998013222950273 0.38163460704778934 6.23597557268829 14.726345752439887 30.932928575613612 0.5091396589825057 0.0376380174531494 0.4260957593043768
227 7.927049773883547 5.382587508551088 10.54259408979069 2.253528545889883 9.320142998142453 25.27456028512537 3.3275227630014537 1.0681644593586788 4.102691094661077 13.268926237190035 32.318872664888204 0.5080850911420985 0.05231643362371545 0.4251501408640435
226 7.249544214994698 5.665848473360896 10.383097847134392 2.7817404276930637 10.158447813248872 24.313977859773374 3.2535323047503995 1.0459429935891007 5.533871224066502 12.490885470974826 29.52590601264431 0.5025860941036054 0.09046294315905615 0.41936788993700913
87 7.720330247850165 5.470819098572331 10.511387094821803 2.4716190427173523 10.063277049237112 24.537782682283893 3.216401646225267 1.1162756816925958 4.6118581978873365 12.920118257542843 30.32486233269118 0.5086113335973301 0.04552893529445585 0.4266364234365295
96 7.958460231840706 5.772193228580429 11.012774653552752 2.0138454941921133 9.29249932806512 25.507641837584483 2.971626297027032 0.8707806941253645 5.095589989827786 14.043771752367228 32.21879048830432 0.5092102201785738 0.026863408940170277 0.4280616546348135
97 7.684895814698603 5.670845734635771 10.898143319481163 2.1376963856831965 9.213213974860968 26.707763700775924 2.2558284374260307 0.38550658459435944 6.178516448243468 14.125731308932549 32.76207733057522 0.5081803659110795 0.047142726693236894 0.42608089396532517
89 7.382578119648015 5.887290509060754 11.003951923164614 2.0186611148049374 9.027318599340479 25.958175015293683 2.8963328664607313 0.6057377762426884 5.974718024318209 14.436904285372643 32.4877501407116 0.508468721865603 0.04541505400581737 0.42674705917894235
202 7.34439238986466 5.659343585517178 10.433015392376879 2.5048549622710876 9.45368052428594 25.68565978199786 2.76273762547714 0.6053683700434661 5.932346131387855 14.220145354314399 30.946115638440673 0.5086374968934698 0.04643214743021955 0.4263661207377592
201 7.422026508026682 5.549033855100713 10.854775349034382 2.113966478226228 9.342393988698069 25.818606434264527 2.792924464713321 0.765686789179711 5.768591749385882 13.141374844227286 32.38926604264379 0.5078283248869379 0.050444650974027616 0.4260588617545349
101 7.512566034463581 5.71288782875266 10.693952245716792 2.493625763847683 10.43610761268915 24.858517888713532 2.6744755194413714 0.8275517450034792 4.710418598977059 11.83413838780729 30.297231823713574 0.5090988626281642 0.03331193727452301 0.4278386096518821
102 7.4340980419493325 5.7614486679026555 11.016559116189349 1.8345223761974454 8.910386761679689 25.770145133347008 3.286768814804768 1.214382492316415 4.2161214225415895 13.528954396736943 33.238159390625995 0.5090115877193221 0.04184147855636183 0.4261524011642768
103 7.560568645940298 5.662216500666058 11.157543023316974 1.9325176608245205 9.389214772734425 25.7321148940389 2.8037231279107857 0.574184018356383 5.6157435623701595 14.753170409274244 31.549290079407122 0.508533315624491 0.03747922413277902 0.4274786404189839
111 7.425623116349399 5.665005972336923 11.152873171778827 2.0489679691090745 9.886055379790497 25.168862423690744 2.9332401107418953 0.9443829682606552 4.586398133197091 13.166820980475196 31.10972538130705 0.5086266790956613 0.03676273978493484 0.42725844774757854
113 7.206757604663819 5.694140465102054 11.117128677441405 1.914659168119441 8.656886085830484 25.87062770085442 3.099784926041175 0.6932591417260797 5.432767093969053 15.380143616495635 33.39735994170605 0.5088762156104999 0.03770683277799138 0.42722753902752336
104 7.447804209709614 5.886298101973921 10.749648943762512 2.1013787104482264 8.936252940755548 26.507734850644237 2.6125124976704517 0.44473588985605267 6.401439699647412 14.165042080021662 32.60428512766815 0.5095150546775589 0.027064266251824846 0.4278538008632343
112 7.876746700287918 5.449399809221532 10.490830769580487 2.4511511806023742 9.827822332507177 24.938995620175874 3.1638028482533165 1.0238244595665507 4.302240400792371 12.759696567778791 31.249249180263764 0.5085091825535843 0.045990554846145504 0.4253040770193448
121 7.970410607362579 5.416493195369785 10.70084005890822 2.231979032837394 9.317855837617492 25.307770106671622 3.302848457987873 1.0036213579712747 4.274810836542637 14.227033983176492 31.45603792614853 0.5079145052896886 0.0532537268080609 0.42534329397914994
122 7.815031670896108 5.857037940877023 10.73431322167892 2.149356933233754 9.54874793694444 25.662922102681648 2.7954429000949457 0.7162359586785867 4.954516194129731 13.124169567495244 31.781785317790543 0.5082446404639808 0.04443551582134965 0.4270232049465385
114 7.933776402678158 5.543224954520609 10.753365465540139 2.1683423175272947 9.278583987072844 25.05294269678833 3.567808548293917 0.5339687589844305 5.1643632082762565 14.918770050930613 30.652408577156613 0.509583359221857 0.02793720674269095 0.4282204650514476
80 7.50338798092062 5.818789713643703 11.109376475967775 1.828087991828383 8.912589362245177 26.268102773236343 2.7979034342689166 1.0812526992292204 5.019298301517267 13.900895958829738 33.250752043429415 0.5083906364535425 0.04540286102909499 0.42617985986713636
90 7.808886291000115 5.354919175339805 10.843621920417338 2.1165212037027 8.935098938385076 25.773301860322825 2.9635715696479985 0.5013201064689827 5.942692936683282 15.275438250965504 32.815934153608985 0.5070449761757794 0.05343150720301532 0.42634450557346976
228 7.726900981761962 5.46878725131836 10.028989669503675 3.1167221294876404 10.360029672626277 24.111804658292364 3.466763189981029 1.0460795220902404 4.60532277657257 12.870953025052529 28.015469507750325 0.5045050639946024 0.07952706394274899 0.42219373611434274
81 7.714426199492261 5.840628702281363 10.173100685488015 2.9905011081042376 10.015285330188485 24.193800262041524 3.4562477106395626 1.0095474328261236 4.93532581661725 12.332510376917057 30.175688547644445 0.5055562551758476 0.07235632047975825 0.4229403734051182
82 8.137810030671249 5.5393878949012665 10.50291625580159 2.44254941401419 9.737660267933268 25.631600080565942 2.649700966948972 0.8392702438936264 4.8486905044207385 13.102120954033856 31.52823193998893 0.507826908744677 0.05555511150794263 0.4250599323357829
92 7.568370123800818 5.900041210110232 11.06898875032305 1.896892514908798 8.583284437161625 26.375429337826436 2.8804154421052623 0.6959328176727376 6.059372702182598 14.626971954331275 33.81539955075142 0.5096830852005322 0.034014963602369094 0.4279448440655823
98 7.503872559613077 5.661202741960606 10.676580032353664 2.446353157778327 9.814610029483664 24.358628154007395 3.306898743903043 0.8796855360410691 4.947614634765358 13.7572067897658 30.584850586721807 0.5050831966279666 0.07347656475962128 0.42273387062118006
203 7.595821637239113 5.8314624235584125 10.832183305392421 2.0727131539480195 9.319101228234054 25.77061753907977 2.845589777704006 0.9368541557211332 5.266106939417636 13.457697200316513 32.032672393854746 0.5086369612553929 0.041970175401709976 0.4264625168293783
91 7.563607868420766 5.913284975666327 10.634143615109892 2.2924649756421798 8.936934310872019 25.591819208250218 3.112960424388259 0.7872732810601222 5.5491186237054375 13.801615086786066 32.81316554577626 0.5077309480426648 0.05315357064286153 0.42598106730250784
99 7.901734941978945 5.6416209850099595 10.982804633064212 2.153040492229782 9.515883862925168 25.792584836402476 2.625360649684005 0.5877313812628376 5.1656185646826716 13.689105385829466 32.517263751978234 0.5098437392837196 0.01955370324597334 0.42809911355415603
105 7.764617790083674 5.874661592103094 11.253541436142855 1.774019747573594 8.628095042793078 26.11233214053579 3.0420715974876287 0.8450613436431075 5.680977372916594 15.41745429291225 32.93651077763882 0.5092621907374005 0.029372141069561725 0.42765873389090964
115 8.035389985598863 5.4874614672830955 10.377696581642208 2.4817114796165303 8.949173755154908 25.81925726621187 2.9833531303344376 1.061965281141404 5.477417683935035 14.316272490000797 32.67863545602475 0.5083617046597425 0.046052504382547765 0.42661691408841823
106 7.713920440828231 6.0144046594407365 11.113805997873058 1.900878619738021 8.815946333963536 26.034391963916555 3.0151242504912545 0.5813037731432926 6.524493745697872 13.953687776958779 33.27283147539329 0.5094358652646884 0.032903050677842716 0.42768566645874745
107 8.030921304988375 5.765967572316571 11.021576862372834 2.0039294852038463 9.129307630133823 25.912763561597572 2.837627868061756 0.6681669705722659 5.630681502735986 14.542861674418848 32.24683930234129 0.5095248395062938 0.02611107201300533 0.42800363958825954
117 7.9214903138855455 5.816765771167418 10.674655455386745 2.2204956258102597 8.871724615663064 25.39035603220805 3.3043405647027178 0.7443499835399271 5.558442657148563 14.47430618110544 32.50691322513513 0.5071808903117851 0.05500387421858467 0.4263509682891237
123 7.337330698371355 5.839346764892868 11.096561632509417 1.9333428814216582 8.898910991452064 25.580882509369122 3.1370335411270585 0.6199318163568627 6.317625991338602 15.038393160675458 32.475215580861295 0.5090438149990507 0.029068573050003377 0.42787177615413385
116 7.78027921926268 5.791219246763774 10.192715852495715 2.492588588335244 8.893885924647089 25.34591722011522 3.372885158521551 0.8752793034715514 6.2381339198751915 14.518028124959228 31.611336147401968 0.5070248380034396 0.05656381217327991 0.4248526559459594
124 7.8638676568658905 5.760933157559434 10.94860877057946 2.106515431638961 9.253651391523109 25.562773468549235 3.055341331712194 0.7176723091087024 4.724034019399687 13.415602898184149 32.5292596875423 0.50957821148537 0.026691133567708566 0.42837936449838837
229 7.309695229383933 5.933253658660837 11.08363221148093 2.098772653051092 10.090925296719053 25.20502934859085 2.869737653049973 0.9737938252325052 5.0208431837576715 12.099856860924191 30.771358569020006 0.5073262336645543 0.05701173867470201 0.4250774907385235
230 7.056492474297795 5.665215543522636 10.820108202225194 2.083940777926179 9.048709873609251 26.395690089377677 2.552391938339806 0.4061565619405531 6.623156766469182 14.561137610899145 32.52777798436575 0.509793463940699 0.01784165820055395 0.4280223557269247
83 7.717475636322318 5.650357347033526 10.606072858293002 2.2260334844727394 9.20143315105592 25.733685296980877 3.1650857260997243 0.6485822190795595 5.367140514499504 13.665760807465011 31.756475583052445 0.5077052889159808 0.05260173914350384 0.42676992984473117
84 7.767649078369283 5.328303852697852 11.00387644599527 2.2832771469951125 9.923013413919797 24.32506214510531 3.342856049010666 0.9552316640925228 4.324324314253551 14.190613927218143 31.005924395048957 0.5052450536678846 0.0696995943567666 0.42451044999652293
85 7.619790495843065 5.675305307195664 11.149084570280644 1.9193635059114023 9.502261461025208 25.285202194277048 2.9468868903180376 0.8716345987181693 4.463415070966112 13.903508757910654 31.841842981954958 0.5067030277916768 0.059573439816155045 0.42570806215727536
94 7.6521626625922305 5.433026667253659 10.760057931765703 2.3296416483326023 9.766035490276757 25.42881898406999 2.8799487554450605 0.899602735532703 4.788633861708785 13.136930351943093 31.571278905922835 0.5066576088703444 0.06264968296235357 0.4247055795877197
205 7.663236103309291 5.835837015371378 10.926356556896714 2.1833299103603636 9.678261630500776 25.22389664830819 2.9184908078159237 0.7822583566032223 4.841766560839199 12.862869772206972 32.18973671761577 0.5096180687740949 0.028864819477417505 0.42749971017959204
204 7.694685795150109 5.815482338415878 10.909724786422194 2.244412872781916 9.894786455536973 25.620968117116576 2.6609937717736427 0.7390556166682903 4.76917479137567 12.228695329556368 31.922079061766457 0.5091194912005051 0.037406815751037874 0.42707683330100527
93 7.93131283385725 5.545757983134401 10.793539271423237 2.2584853270143816 9.429313965454265 24.814442547969136 3.5284426607226105 0.7785719993196635 4.727785972159536 14.498967847610473 30.895325737403702 0.5075195008138104 0.04938256210600861 0.4274799877737275
95 7.786949114525038 5.654495688223652 10.885799172855744 2.179539510275987 9.801825260787595 25.202086159636394 3.0769546369087126 0.7077159492626163 4.837910020912114 13.687244433456097 30.63804062759451 0.5089922346901266 0.02970244789993909 0.4283776305044309
100 7.244901582835598 5.692471450010949 11.07202449423449 1.8994785637404803 8.869019819865063 26.027887706398776 2.8871026047371915 0.6580204823484411 5.826843245612619 14.85078103652877 32.732797956877114 0.5091053920229404 0.0408522409294252 0.42726183437224385
108 7.985707835557812 5.249775921652473 10.484334670364946 2.31843250141722 9.083838664245556 25.94730003504175 2.769938566770896 0.7343339891581242 5.024538963962719 14.558037525844732 33.11238454865061 0.5096696905762379 0.027417226139348706 0.4280300374581233
109 7.386217662933101 5.686961531625623 10.857587488327844 2.195542878438934 9.587301247883115 25.34161949958716 2.9338178434238835 0.7505816007861059 4.837961932632048 13.199428752192139 32.07901588888369 0.5075683241786416 0.04581007505755857 0.4268899209138069
110 7.759761640399271 5.429041442626133 10.772389234362938 2.2686590451654918 9.668483674201626 25.838725614592153 2.4447275908461585 0.6643257979099059 5.133336996003985 14.321099144421945 31.710364392531563 0.5075163265953959 0.05528087441345962 0.4251511572384519
119 6.938256450986849 5.7460341913855695 11.249944446869806 1.8666324639985736 9.252554913053809 26.44908129243562 2.3526312431287764 0.5906341962488358 6.187621860206607 13.394950222173389 33.360769279178896 0.5095063983633957 0.028656522482856647 0.4281193156042736
118 7.6666161371162165 5.426581394344141 10.676774610603387 2.2373012489798767 9.194099490585367 25.630687146577202 2.986742900017697 0.743469282872003 5.502526139847772 14.38583058063439 32.29501022005834 0.5089560343688603 0.04076992727054817 0.42697496862798273
120 7.493156023019477 5.627241729904882 11.36679210989622 1.8181822216987225 9.578781071450258 25.573142973041058 2.9139592511025865 0.6664548211252247 4.876038156552005 13.762225149999598 32.02605707739832 0.509452330840462 0.027121361721837333 0.42792303285428224
125 7.7508256275369405 5.591455995272446 11.20841678594838 1.9626757095007579 9.353079936945619 26.15499292150518 2.4171983369997596 0.7647636416774237 5.443164398495808 14.13420547980924 33.080049223182364 0.5095706548553874 0.02753972483789023 0.42829807885178883
131 7.424622866690889 5.752605069591117 10.974542249223317 1.9996206920290487 8.901531382655886 26.338207699814127 2.6569116588129758 0.6992732020364285 5.522842765792646 14.050564441663914 33.77591038101048 0.5078376307564518 0.05273574812528425 0.4258969697191956
132 7.58869854988562 5.448924790676214 10.762290716192753 2.178073591305255 8.760783622638925 25.733140954688487 3.093947683646291 0.5526856920769478 5.732548504049248 15.360661501847014 32.98921306646206 0.507853115383664 0.04731226503635248 0.4267806727329005
133 7.6128930852611445 5.752419098680639 10.938946628992802 2.217410759038999 9.46178785596062 25.524916256205838 2.899423545436843 0.8397284896432035 5.011514386095225 13.63277015411698 31.875956382768674 0.5082589463181306 0.04278240011435091 0.42678597770993054
156 7.1974624495042505 5.828588983607246 10.762042224729093 2.251401164541302 9.789207771964772 25.242504593233853 2.971425002858529 0.3155783443648749 6.218544435519814 13.744859232044186 29.18043739119199 0.5072423315493337 0.05298792290521781 0.4262984360729256
158 7.5981483407842 5.713996506649782 11.061235160558565 2.044394660540467 9.377849917489788 25.17945216064563 3.1917089914335555 0.6377553334316104 5.15640719368893 14.408222424802707 31.324782349206128 0.5089960643752321 0.031233183547191352 0.428216027958944
134 7.712848393385054 5.56019602822258 11.177310896925205 2.0871750572003362 9.865032409532423 25.459718413576685 2.7982173013751312 0.7954482316589229 4.633577201697992 13.3185921589482 31.670129249728348 0.5088848117810133 0.03628850871385105 0.4264692700476
141 7.572181630873231 5.770974972622033 10.29672959835525 2.4252160670125953 9.264017316032145 25.424845362293915 3.205014606966398 0.4706570579344538 6.087922938063016 14.027413302415408 31.194887467294656 0.5076017522547267 0.05908335215918356 0.4247833527987363
142 7.716801507939765 5.667910957093227 10.92873395602654 2.075681353968153 9.127916211398688 25.24005507863905 3.2324801914450423 0.8590460629332314 4.835309930481685 14.127600533163173 32.958722436164 0.5090031285456613 0.0391677978934387 0.427471354981081
143 7.602825433837427 5.644203928703767 11.0840744303469 1.9675727055587373 9.11750851440516 25.66269666940445 3.15765740236546 0.6172820102596085 5.210771835394251 14.23738973499406 32.63160930505161 0.5086945117577581 0.039276633288300396 0.4273434280948868
166 7.511414724432355 5.7594947596295984 10.58969689072015 2.267229482921889 9.068737333385446 25.73600988408966 2.996201752710595 0.7304005547978731 5.179318403922879 13.42578689813555 33.01285484661908 0.5085739373459507 0.04176053061713487 0.4260712678105644
168 7.856807099608966 5.765535791001987 10.782112562819789 2.2545958115388625 10.003406478662548 25.405854691046674 2.6786622612555053 0.5664085158183464 5.879097385662465 13.221927664855393 30.393915718114933 0.5091246643173197 0.034825245949934934 0.4281812274279935
144 7.726199451544105 5.585607515872672 10.972128644984096 1.9883111693583628 9.077743552013724 26.152952684122965 2.75646018442442 1.0527019347027993 4.950427043102214 13.888070309221497 33.11105622429353 0.5087311894483717 0.045778113989961504 0.4267577566943627
157 7.2177527096085745 5.7338012976832555 10.932046417213732 2.0423165659190374 8.888596647548356 25.701232591360824 3.035998270799396 0.8164256127517101 5.741829082287535 14.282060828380036 32.95474232755828 0.5063808424715128 0.06008223459496714 0.4249223460221529
176 7.45678990007529 5.594598584111431 10.342991350700952 2.708323733006672 9.856107595403273 24.306898013368684 3.6365193504958437 1.1703135523169494 4.357901236908834 12.824360777425408 29.96838537232634 0.5041325773360477 0.08079028172732185 0.42120049506612817
177 8.058291702521254 5.337691972321711 10.33715869581465 2.6292889943592312 10.075982462744339 25.258026013430545 2.81327434434022 0.6679017368740658 4.6445702711217 12.77613686562043 30.868152306318873 0.5078559645707398 0.05422709562605428 0.42498396275916717
169 7.671704738162693 5.723420887085001 11.165708311438376 1.7756831467643164 8.727725682338958 26.420193565365775 2.8196490546178636 0.6596201751376939 5.775570625676348 15.19853377819786 33.0776721911188 0.5091183637893096 0.03293353198879804 0.42768232789215227
159 8.058698253078818 5.468192646161121 10.736692911476714 2.2618878758000225 9.874724448413122 25.498584575323363 2.6029301857154334 0.8113326136296306 4.601422799540828 13.397279282778525 31.45257236351475 0.5090169296264591 0.03139163899391133 0.42787471051312054
182 7.172600958204742 5.928398126830966 10.8003938183159 2.3931728833010912 9.940296056728235 24.90773552931105 3.0268556765429464 0.7329174986215546 4.841624243951662 12.455507875803551 30.41902515968343 0.5064364768064766 0.06658581191266778 0.4245051443216593
181 7.4335207612818985 5.665736820668577 10.49911052176776 2.485641233842009 9.33603912231479 25.13376453843667 3.346375433650224 0.7881557935785786 4.986850959607889 13.663762580259387 31.388658437467186 0.5069964007129508 0.05735924784877012 0.4240937950374321
167 7.786778030001391 5.7622032660059 10.761004008026362 2.1916646334185046 9.270247407486767 26.432017409227843 2.4098928706177474 0.842603452922575 5.264701232728891 13.05459035735142 33.031961031328656 0.5092516419161538 0.03210814609641484 0.42712052936197104
191 7.622820133703063 5.735321169292172 10.91354243640372 1.9736993765784945 9.124414124154805 26.014942131061858 2.912692073703722 0.6750591894519167 5.133044504028212 13.796623163355646 32.49717042922059 0.5083258890339395 0.03811752297221306 0.4272439795954714
192 7.707593098289615 5.515553945038958 10.867746721344565 2.121277689773586 9.358982673264922 25.80457096580826 2.6964182150086855 1.1204859002770264 4.908900433305291 14.18690506991981 32.191179671394224 0.5088178509063683 0.038965488208391776 0.42723064008658007
196 7.451738532697989 5.684806785421329 10.654856046322038 2.1860390631165285 9.153901890919785 25.734686199868776 2.8836510847189936 0.669954278461246 5.810409099450455 14.198383736439457 31.8546273330906 0.5055167437625017 0.0727534201969141 0.4220730048157808
197 7.587911991569942 5.484786263864396 11.093426449926465 2.139172061096136 9.519011995170663 25.247050346460824 3.09486617763884 0.7056780004717633 5.184928134517257 14.790451575574053 31.09500784897598 0.5079353032097458 0.05000169245265724 0.42610322175180504
135 7.778364217126838 5.47998389865807 11.09888009533149 2.135345311985244 9.911375289440937 25.321462485911574 2.7141470862340875 0.6549158248541956 4.75953121567871 13.930303821886135 31.21797630104743 0.508111241941748 0.039066672205447954 0.4276743946027801
160 7.1876809514362705 5.570779890417277 10.514000109640696 2.3660660829081017 9.617292383058667 25.473317178063315 2.878254767771099 0.8134338572965765 4.773159185010209 13.027167015946109 31.271080681504873 0.5063609186852915 0.06080467006438881 0.42558537916589423
184 7.712187906644385 5.737322697317393 10.94083010651442 2.339085148500792 10.3312508856295 25.18937002222762 2.650330433410144 0.7339951834886329 4.4681484441810735 11.862865106135832 30.87551095206986 0.5093751121572323 0.029945926714137653 0.4271930600571996
136 6.9930190681317 5.566544178720876 10.563314565502525 2.4706393593822282 10.475000937768202 24.588716386246926 2.9275419432148135 0.5668739572042196 5.327786561612977 13.118783483534797 28.212272227540744 0.5043820623710927 0.0794385601286339 0.42207438467354813
137 7.779582702587924 5.674959790267441 11.507236191384484 1.829325409524212 9.71566333395723 25.989840954753284 2.3596968636166724 0.7557218344008924 4.57390162584918 13.579229393540835 32.46546381544474 0.5089253689000183 0.03216307382651606 0.42754043754289855
162 7.439070141791732 5.34012403314219 11.146262092413338 1.9392293047880194 9.47035151932879 25.839875425872606 2.7271801765274195 0.5895818414651126 4.63481306670736 14.305076428661588 32.12296220625117 0.5095778038879535 0.022727644385747342 0.42854469909092024
171 7.392936352922007 5.74162391306484 10.987646514032615 1.727009816433348 8.550736115918914 26.8859869097004 2.5023401432182086 0.6439977563099389 6.2350293622850295 15.410787581769194 33.55921573917387 0.5090121169758325 0.037936535276098665 0.42690120256474273
145 7.628742016383314 5.474468556153332 11.181901938201534 2.062678214393585 9.96580633011351 25.15555545320174 2.7888267943244838 1.195143404144525 4.0454655495988945 12.957409673561509 31.689031561004082 0.5083191017078875 0.04666710210749841 0.4264235915893712
170 7.007707524369984 5.7733418159712295 11.079018333082043 2.0933864226326273 9.641140135957535 25.47070295479345 2.8287705582397265 0.6346536824369718 5.051978957867994 13.188728599095844 31.838551621752153 0.5086714729090499 0.0388517825394679 0.4271248244677359
146 7.845401883010073 5.508855924687006 11.087238225401626 2.0491311906747844 9.451057014000217 25.452056929192544 3.0576915092869936 0.7183444921275846 4.624089477082133 14.399022140912043 31.42359637219869 0.5048598053389519 0.07227061083139734 0.42266805880589986
147 7.9106374830669015 5.588818160632513 11.139900971882328 2.0298006740589365 9.89483080345727 25.07180316480658 3.073338336161853 0.7894237258934332 4.371001605382498 13.695783169303157 30.848930278432686 0.5075488169583295 0.04404225808163055 0.4262203458303206
172 7.487230218283845 5.504539576675694 10.689901592937675 2.4588661669692327 10.133110954065362 24.91729203749827 2.9674442804068555 0.7930560370037729 4.917037151160276 13.353393245243288 29.806544880240082 0.5075594725419592 0.04868391782694405 0.42618606321367214
183 7.226503391545744 5.581283845681403 10.700294475932573 2.4801290618515077 9.83733534170892 25.012724288051164 2.952543716067746 0.7113243449293686 5.308829014175502 13.586090499745117 30.705285300696122 0.507075250359856 0.05526828240085136 0.42633726588981224
178 7.492574002965383 5.850176253791631 11.10668776137604 2.1637162790933084 10.408850325144863 24.379515645887825 3.1329420557538517 1.361263089213742 4.372641839277943 11.802618654866711 30.476813696119315 0.5083338753588029 0.04748207061680615 0.42602790186984246
161 7.855227594571612 5.3272892987483615 10.866355871820275 2.071102152139942 9.477990872409864 26.193402842921056 2.424528444481793 0.3826855644297853 5.518789807781337 15.04197861098595 31.58985821375513 0.5070176963757944 0.05891422882849698 0.42461249937092516
179 7.555800491528519 5.649378110668462 10.788571354628486 2.3068368538202764 10.299631169385782 24.99057202837805 2.819504698422437 0.3770405277716165 5.535652706870485 13.628391494559041 28.824667797940172 0.5084661563709498 0.04026786048555139 0.42734861362947024
193 7.781489266035382 5.66641848449746 11.12572545846244 2.154110292184919 9.974968854972762 24.927338054112273 2.9926826799949047 0.8865140729151604 3.970046216445097 13.106437280238364 31.1689747457751 0.5089858259463644 0.04271807852137812 0.4271695524752892
198 7.636529714563429 5.7121662109444475 11.043455201504276 2.1440105210596236 9.905837694795775 24.795575501941617 3.2401470964796757 0.9285976269180676 4.5122248541758525 13.369241116626052 30.633533692821356 0.5077245706125798 0.044057931467222144 0.4272710353778338
185 7.383081704366452 5.786953535992157 10.784517934443755 2.2275432213217092 9.768371589967726 25.825857888449328 2.525570909580198 0.5675199123657756 5.860857442481423 12.456913171891346 31.690041830015478 0.5098267090039302 0.020628462472284746 0.4282774242758729
175 7.525880299779883 5.6101904232307955 10.560740863323321 2.1980617731447936 9.239830880791688 25.631005775002464 3.0013383535759246 0.7083793625882172 5.452274257176266 14.32465789370516 31.14129681288257 0.5055465151462514 0.06994591973658922 0.4235234144769079
173 8.16305983129786 5.446595426087346 10.72350659873092 2.1487586622843806 9.52010628020826 25.750565828604792 2.779871426782298 0.9248957012077499 4.581834111402696 13.458885964632795 32.19948035918048 0.5074421202950469 0.05669998435474643 0.42495160460799886
138 7.4945081344872335 5.723851799308407 11.032061844546277 2.1428802850097695 9.868088176909467 25.26409407277062 2.7644743790077038 0.9127149508857046 4.157237596878848 12.605255013697859 32.191858789531985 0.5096792955143892 0.029924346823902676 0.4264447358015498
139 7.505553854727957 5.549541464547612 11.258618536332479 1.9820785470609639 9.392765219558415 25.625565979096628 2.815125237058607 0.7934025483680758 5.282026523842301 14.778394913069112 32.17546012427054 0.5082600825972696 0.0446141642321874 0.427049982651526
140 7.745337612566043 5.511238203582358 10.842553183517305 2.2375904182996744 9.314981278446893 25.48714356435201 3.012222128843913 1.1275813018681955 5.1329520306407685 14.190477837026048 32.02405341663277 0.5074221074122193 0.052812464265992426 0.42603560269744895
164 7.354072724680467 5.656138543760464 11.197055462253541 2.0253297390689764 9.966483088531142 25.523853639689996 2.53975148774826 0.646693911443829 5.26872344825752 13.11031303313393 31.557207922426915 0.5095497398625867 0.02218568862626378 0.4283911326740415
148 7.845455734720224 5.425649058028809 10.297126412288165 2.665681764228168 9.907044771768657 24.359769301960863 3.4292726413225987 1.3116252348046826 4.53823296690575 13.878414815573914 29.335730388142434 0.5036692598549373 0.08238415235953149 0.4214433227388381
149 8.086250503942749 5.642742705379758 10.72068646604576 2.280796333661742 10.045846537802277 24.962443671584662 3.2093880169609728 0.9769874688736474 3.849006423992577 12.217300382609286 30.51528201587926 0.5097233040567157 0.03063450962580195 0.42742922919481674
150 7.462314144166894 5.663101570631602 10.872482064690793 2.1548371117250293 9.253059118112677 25.592165021790933 2.920796627274918 0.45347312360819847 6.22319918776508 14.694075886620983 31.638316761166525 0.5065482864668837 0.06252506077223403 0.4252788631632373
174 7.508098341860915 5.657065632282866 10.276811740783513 2.6952600492859697 10.408266537226265 24.198747603050016 3.2076155250024794 1.0992939340726775 4.712037819674538 11.705160116030179 29.529184941056272 0.5039491873051959 0.07855788234089567 0.42259400351323073
163 7.235066856909362 5.694268261099861 10.84983690642272 2.1711803271225825 9.383977657563113 25.49940593609089 2.9232241063309417 0.9933578826355763 5.195769129927833 13.732106014633787 31.774609938496035 0.5078343213190154 0.05669559419097093 0.424545487532731
165 8.0944652693511 5.6334792346164635 11.055091157658016 2.0159560752943397 9.44815878184144 26.066280602316706 2.5298776981057918 0.25149183277861964 6.496545894912144 15.210905295805222 31.032887108535064 0.508895996253831 0.03185495273955241 0.42671278172217697
180 7.487261025546897 5.646341579812416 11.040463123632096 2.086652063001272 9.637958859817434 25.73986392064221 2.634532775895368 0.7779605655199459 5.136706044563187 13.24171036280917 32.08893098899956 0.509478095616261 0.02914723867865915 0.42817914968353804
194 7.711041052705996 5.6870631285894255 11.251651104232838 2.0317770167219176 9.769990060298403 25.933750406198662 2.2854061106758277 0.6649792894138936 5.4609585303829595 13.629694102120636 32.333918625540896 0.5091039287118098 0.037239674472337524 0.42736733915116126
195 7.494078867147259 5.810017215944241 11.069943824243461 1.9181491230254006 8.9403321347387 26.24843697062818 2.6932044442845915 0.9176246130098424 4.850424587664165 13.73168399556762 33.558320649464825 0.50993731452455 0.022801179629228587 0.42811764921744594
199 7.720593423494635 5.6594126152192565 10.739252632833868 2.230568812436766 9.505891947948072 25.774479029148235 2.7581359457763353 1.0046256244203704 5.074705657163683 13.602795923034181 31.78093816341655 0.5076990872230864 0.05670290991790235 0.42488235457280715
200 7.566973410470349 5.541204902507684 10.782885468787889 2.1957153431883283 9.064697741065194 25.109913207454266 3.5058123026347756 0.6958087036557772 4.703259537241564 15.298615083673267 31.726918337532073 0.5068471434161866 0.06690385908380986 0.4231171480918142
206 7.539964311352451 5.883003782423361 10.99609994770299 2.017371825181386 9.159346741390587 25.688929929717222 2.997375671502501 0.8808994418166262 5.085211989299617 13.198370045134403 33.211798578057 0.5091382212701032 0.0371419116991747 0.42665429334993915
207 7.931103180030567 5.4709621428038036 10.710379826333797 2.1771751194773645 9.047878142911694 26.121384578245525 2.737863542895642 0.42263293504778643 6.235928596687577 14.97672575133501 32.448043792091916 0.5097024680529832 0.02268576349408197 0.4278514097815951
208 6.975764078360083 5.746778877978201 11.03753010376605 1.8696393829198243 8.60505435675031 26.054510068994308 3.2253468822292515 0.5661811743498895 6.4252019432474 15.46422247609265 32.41345129743939 0.5078696958901313 0.052277423368725984 0.4257064492337467
209 7.343550702879521 5.476742141349206 11.309006462049702 1.9088654460350742 9.695675431398557 25.492689730372778 2.7297432979025507 0.8118609371501528 5.2219742921847505 13.814762773785244 32.137302153958 0.5086579985561109 0.038994292740563825 0.4272873546983471
244 7.3755827651799155 5.7656227016387085 11.104705073265242 2.051800851894233 9.628846078185461 24.51048293773709 3.641181139817087 0.6541424521413248 4.502535742938681 13.988321584636683 30.60002752232841 0.5086415137200074 0.03984492089843999 0.4270237648627345
243 7.568889079779205 5.732401643140644 10.875187094154402 2.182373960489968 9.476682728395426 25.418022554115417 2.968806670845423 0.7995398786783059 4.720926256439138 13.624138012329592 31.979552901952616 0.5086246685386225 0.04405645146321872 0.426577716190987
242 7.922373364632771 5.43756940815486 10.659144390531376 2.210582468229747 8.956986074963737 26.476390951334587 2.6178569467405177 0.734399720274339 5.066850200829731 13.858707380600642 33.79513021084613 0.5091388480935796 0.03859997520379964 0.42696238498039485
234 7.496657038485335 5.784964409039982 10.913069041800751 2.240178951848154 10.301173079798122 24.713876924790537 3.0081421346385366 0.7032369241353337 4.5960983794171835 12.690712358015915 29.65587105725323 0.5074485875729219 0.05804694473431367 0.42494703635340264
241 7.314120286718195 5.9682580305379265 11.1370440291375 2.038680080029973 9.45458567486912 25.202021466788597 3.059790025905958 0.7584835648864747 5.998563068148011 13.14227344391649 31.895785908357972 0.5089077592353085 0.04190867612119938 0.42725668487074775
216 7.892741067469638 5.601310059367689 10.650586487474337 2.5475773344837793 10.404932464480062 24.59267241550966 2.9378665888367355 0.5000797238572431 4.735613922769414 12.904265221768311 29.531136966835046 0.5091789518885239 0.0309893902703847 0.42753526218243315
217 7.223266344839052 5.872407540901742 10.79920271179495 2.1973609890551256 9.590953875111042 24.90220321697864 3.177973035855038 1.2362007628035563 5.314297842759471 13.18399918449673 30.888920855570483 0.5066907679304028 0.06505673392928106 0.424446294235832
218 7.673004214019515 5.743138106370622 10.729584470953672 2.438789379993725 10.182909893894022 24.892790578734935 2.702205100716402 0.6749298318027699 5.043358129623643 13.461223708035982 30.169268797680637 0.5057478290551871 0.06831587065253449 0.42450762736143643
233 7.627846610460117 5.756508779559371 11.049775377808453 2.0261467052523128 9.305102763696087 25.74761478675435 2.9246810647218586 0.5153728497433312 5.3275174832367025 14.21233599282674 31.76435357393521 0.5089761765871899 0.03638180870623528 0.4266881304360732
219 7.441802584738668 5.777151789083772 10.598574592950465 2.508293940582919 10.311944352357864 25.476400303098874 2.36031332018632 0.6484593987985334 5.154912469387856 12.234267769669703 30.48354532818346 0.5090845738990044 0.039155030488467614 0.4266185570519595
232 7.7836709015046885 5.652725765764456 10.792158513649431 2.1263751230446597 9.190944750671573 25.567398181812763 2.974991963198025 0.8313265460590095 5.523772074764406 14.412980217580442 31.892270657828785 0.5066530088090977 0.06322671904552969 0.4247895841583238
231 7.842905526428396 5.5241626203667815 10.158729720741881 2.6621535276344006 9.50727211397381 24.807016941185676 3.324013361538432 0.8945294377225916 5.167057095291552 14.131929221169953 30.45022681862541 0.503616185932559 0.0816154076525385 0.42177540729441393
236 7.453013276295702 5.51740931281148 10.98970729517795 2.2252224331914117 10.384448393172955 24.919086322999362 2.7895644653678198 0.9065477565118315 3.711566957270041 11.586335615676779 31.44942729346411 0.5092398554210146 0.033668621940550154 0.4268202736759347
237 7.343783064556557 5.783773224273512 11.275868886859378 1.9520040872819788 9.275678949167865 25.92685946280485 2.5952534933838853 0.6349761095567923 5.309840069986019 14.379306242003482 32.387881122687176 0.5090140518953593 0.032583967300661085 0.4281317319826379
247 7.545021654245073 5.529709116932874 11.500536826003918 1.6057565474899165 8.674766418676503 26.39378007863505 2.7871988800492997 0.4259021233414701 5.87371250901906 16.518831230322572 32.781632829483435 0.5092319407334926 0.022367079874324135 0.42875118211787644
210 7.967504287545285 5.342046470619115 10.616789309543075 2.5818537695788137 10.415860942410745 25.09553554519173 2.545955392810166 0.5107679099003571 4.609995202076963 13.003471130797069 30.318832964716552 0.5093644341282761 0.029590133329567697 0.4285352818207859
246 7.415298673822363 5.729066313836789 10.248513074799519 2.646304884457225 9.827106246334601 25.176243262610946 3.039210837626402 0.7312478730460259 4.797308430493222 12.426865585216808 30.460702887632976 0.5089624063271587 0.038889894410430226 0.4269569274925721
245 7.928068049218139 5.321015451452696 11.220676927494512 1.9594886061589993 9.54969980105318 25.609436855096746 2.801143326002292 1.0120816909038022 3.5175155873650716 13.767582648148162 33.04371889693718 0.5091636667697079 0.029714912725413142 0.42787177306278873
235 7.600523359260537 5.548422694170477 11.091455908660933 2.193537132639485 9.698987513284699 24.985344721182393 3.0012832597819346 1.0939797135086708 4.350852634354508 14.082288304123853 31.818004794254897 0.5059071280177645 0.0636561998829288 0.42515009345290733
211 7.354687907654993 5.448500630855683 10.686042878392636 2.457974435228311 10.473578179227173 24.40689260703142 3.036684865812322 0.4641781441348056 5.1321482422646 13.449281724870136 28.632140499912815 0.5063879616012398 0.06545576891004898 0.4242730724355324
212 7.592492594704823 5.7206517944190205 11.245115352908202 1.9848191405203224 9.499437251859584 25.290826855713856 3.0311346413621965 0.9552542525832265 4.177444162699671 13.414407178966467 32.786622745538054 0.5090992542921252 0.03565707681784349 0.4275644584790816
220 7.562063233967104 5.632233706403245 11.082852570155252 2.037306382307003 9.773859344752077 25.010154238887985 3.1961463466993623 1.0375059414035281 4.601865755138528 14.063013134767985 30.355612965679065 0.5082382163725425 0.04178721073427707 0.42750470289457654
221 7.3039253395255725 5.802421371819361 10.327603504308298 2.866271866761468 10.518480949741956 24.183378640056652 3.199168564240071 0.7940406229198979 4.262298988628302 11.505946121623149 29.2419352639873 0.5080964519976614 0.05018692606116416 0.42573490987494256
222 7.42054374646335 5.760696216051025 11.10281174485511 1.9043496971328202 9.091443100197532 26.544122391137932 2.4484201211486223 0.6688649844045959 5.307023658974754 13.8548582065662 33.40612404691707 0.5085071559253358 0.039150250223349725 0.4271669318411146
250 7.684313018036461 5.981530117501875 11.174509931681806 1.9965830062004577 9.408067730803563 25.584280586415844 2.901837537576909 0.6010895406609958 5.516833534604382 14.095212616088306 31.51514662420883 0.5096553471893132 0.027477975439672446 0.4284249459844434
249 7.5231932467501865 5.642921257259748 10.292048587596659 2.6414457897611903 9.504426377591585 25.804296216532812 2.756673469711851 1.0313214883736577 4.6401108103234145 12.710439378205765 31.762802864687526 0.5075980283603672 0.051093032816157555 0.4256987837932099
248 7.351610777603267 5.958838703069547 11.04703758222149 2.0628133094660277 9.76988035163639 25.313693802961794 2.9071943842750296 0.8928786856180454 5.617487316790885 13.178620045316185 30.808322821493938 0.507722964405631 0.05200167879571792 0.42519105267867713
238 7.265176631573824 5.803669342095092 10.456829616387992 2.415090956862886 10.07686570185194 25.07289872961703 2.8665237814721287 0.6695655150045396 5.100175717391572 12.41015543853736 30.40456020041574 0.5090107511442427 0.04051359616073535 0.4269581820557128
213 7.561020060398687 5.477684478952839 10.798352007379027 2.2504613476133324 9.932567729850517 25.445143141870563 2.807414153352907 0.4770430635443827 5.246134898977595 13.982331852068612 30.23854102790647 0.5087678966130456 0.040551680090729375 0.4265258620560634
214 7.8079146579278085 5.629110837093809 10.987700399391334 2.133348677538856 9.84468976124708 25.779365638961874 2.5595350496860445 0.6964805813654505 4.819247702072127 12.923713857521507 31.84431955163685 0.5096499443931004 0.025345909690777543 0.42794075918934055
215 7.70849393168933 5.59726792211607 11.066092607392447 1.9940354324258842 9.066022494094282 24.73285203857689 3.759320920003646 1.2602170721139019 4.1618817035703435 14.441360301257065 32.225562566456254 0.507360639470359 0.05505451143189086 0.42626988715873937
239 7.6842030191792405 5.707130373033974 11.29325981923122 1.8739523756095193 9.293194318956475 25.815192280582973 2.6854823851889247 0.536627061632813 5.369719298252223 14.775068962068593 32.39765610716215 0.5097404317080793 0.029901314258926066 0.42716796577474014
223 7.092370538662383 5.609467211850057 10.734369122737988 2.2307226118711307 9.344831733980328 25.61418293741892 2.938069557061207 0.6260094876010148 5.888300630309315 13.907014510201142 31.60708087932566 0.5064391538088641 0.05836999351385356 0.4255073156839365
240 7.81626057639838 5.729459307156958 10.830548555077238 2.250116524055845 9.745884194611591 25.26170750959323 3.085988239289022 0.6378646319902496 5.029254755588333 13.387841480954858 30.714078423818886 0.5091943690833427 0.03515699333482511 0.42740591842567466
224 7.2972810229366125 5.657683711949597 11.207062651578344 1.8414657629612508 9.267293706697007 25.44121840055751 3.2529501301026884 0.7147405306346419 5.238799931135707 14.711666850878785 31.346357068785515 0.5099557270391768 0.02627384065625382 0.42757704772536737
225 8.028794287987198 5.39621348007313 10.801830783255653 2.258873290426452 9.703109547643972 25.698760553353917 2.667162947588115 0.7932362112816209 4.4995497802253475 13.211678056408667 32.215148802346135 0.5087536808635097 0.03350584840127102 0.42741629749495097
