# timestep 4950
# phase bcc
# id f1 f2 f3 f4 f5 f6 f7 f8 f9 f10 f11 f12 f13 f14
1 7.7964043699707695 5.4016144072348515 10.466315915210306 2.286839352939496 8.621914966883054 26.170070561145803 2.982193527203882 0.42971771731962644 5.768131714524667 15.526256693346511 32.867306434169635 0.5087490308172331 0.04536106730123728 0.4271776822133379
2 7.345736661086548 5.841266395879577 10.16520836499463 2.698157106708288 9.726069853069161 24.694457088704162 3.4797784485355843 0.8985942124124587 4.9586390719785305 12.586216223824223 30.167775930996527 0.5039800412598874 0.08027636907478228 0.4214499853044773
3 8.036093281601735 5.542400537519294 10.306311846359034 2.5592117901958225 9.964564997591028 24.630179114562754 3.281629919438759 1.2089416180206638 4.446080239945628 13.30784848774027 29.217128746666894 0.5076989981751445 0.05557683095834082 0.42516126896177053
11 7.615941850600927 5.954228843837062 11.11205497993661 1.8902961070550273 9.078396228042724 25.977807850380668 2.971351700484511 0.6952146839275708 5.601691735189552 13.590533366200708 32.56170973641451 0.5088033422257175 0.0318488401527326 0.4275217130178097
13 7.479317324646486 5.95251850252531 10.924164658553408 2.0726490519657954 9.15942192804628 25.614963800976145 3.069947775645064 0.6328922673940814 5.699029754444297 13.937619204949213 31.84382489330329 0.509644873935701 0.025489834681379813 0.42784340566462303
26 7.046370960092485 5.590037516280838 10.084745894959674 2.896133383069296 10.185758901315804 24.08202922694721 3.6610902501295355 1.112407597454907 5.140209817978254 12.627435197030323 27.532397236313486 0.5008977738313006 0.09691819611156283 0.4190996606848796
28 8.094705622180449 5.430965668097017 10.729893426114124 2.201476759718023 9.509082374846187 25.50479971982577 2.9232147447735786 1.0328976491106043 4.347303459576248 13.55143562521332 32.1130971962379 0.5094735739203476 0.030113083803944386 0.4264673663984744
36 7.37489771374766 5.66996672814638 10.515428247153348 2.3004784914545597 8.92568877911251 26.38896714048036 2.557972304718973 0.4529400852753318 6.629796635474177 14.061021172327992 33.179383072591335 0.5083162101974842 0.04011458313691142 0.42638070146039786
38 7.488870440718373 5.908171290127115 11.195424103457473 1.7558907261821204 8.683516274913384 26.06158651349982 3.0643240613140916 0.4745007852367826 6.494377837353377 15.672964481091443 32.33191982037933 0.5085789131510684 0.025733019308626807 0.4280649419068655
4 7.533591700874099 5.825629120208103 10.943842353491195 2.1388668319685187 9.461538097599812 25.091544518110258 3.242699673309117 0.6778691652081448 5.1351904319256345 13.426960918972352 31.929422321716046 0.5093364796128567 0.03300726452534163 0.4280072771994938
12 7.481627839428099 5.726882881432542 10.470472032569507 2.4428405029170372 9.161107630430267 25.4824748976875 3.145864958746664 0.6953189317764891 5.610331141147448 14.546658662759917 31.238327541492005 0.5052693761883579 0.08062417522754008 0.4201306120656209
21 7.584735947383609 5.496004764476566 10.609594685038932 2.1663835738226624 8.835474948863974 26.006794458977613 3.010454850216524 0.4913865199474966 5.723525321285193 15.08767791508912 32.37182354042024 0.5075507000693605 0.055193125653293006 0.425623641422968
22 7.464113465440738 5.829643381569534 10.968234839844875 2.1413501718915806 9.788585614354595 25.251477524766013 2.872275708231892 0.7281198671350876 5.398986567397842 13.2096987764914 31.048357050670194 0.5076808348241705 0.0491980958880497 0.4254905138228191
46 7.219249229356596 5.58201666759613 10.651456127392045 2.382792620390698 9.679758771300602 24.93782668646421 3.3456865123831334 0.7022508539046596 5.144713261653083 13.001530650305545 30.615675422937326 0.5069255123982117 0.06257681286783631 0.4241619339749047
47 7.916480697168999 5.563585422937062 10.711088246855057 2.1419560379755374 9.38655262360191 25.61992935595011 2.8841801895168637 0.6049723158197299 4.918996555805083 14.140172396841567 31.841032874773724 0.5092504498083386 0.024290685022631618 0.4290504891292727
14 7.900472600557771 5.382031672336849 10.968127680641224 2.1647615052343414 9.360259232127667 25.245546778341172 3.0664191068507387 0.5926185498820773 4.808231769173878 15.249869073797337 31.710396336171367 0.5083289371239815 0.04756738349205703 0.4249578387441134
27 7.785861024936623 5.4754629473088485 10.817121952903113 2.2648931118520546 9.34820938797763 25.190436622102094 3.260380312067466 0.4615201100785755 5.489715995675898 15.226893699896275 30.404572846432796 0.5065740535627883 0.060787868136652094 0.4237025186565517
51 7.059805582628397 5.678260534934614 10.620682330873587 2.6204724188320045 9.943220040541576 24.83082625344806 3.0379488961721908 0.9649527292071249 5.032713828080308 11.728458116440615 31.566061335944976 0.5042358877374544 0.0822179629339706 0.4212790993246197
52 7.310047731157541 5.477796241855766 9.932173588135454 2.7648778448532343 9.545969621586341 24.91299187158653 3.118920340434657 1.2354630995153288 5.395088180474223 13.328148839608323 30.852701362933818 0.5043416443306945 0.08348788347497606 0.4220387330616461
56 7.647181942286031 5.6754822660528195 10.712179294466813 2.2160351959295737 8.853177031895061 25.62490602166254 3.236742946817377 0.5475274820710968 5.907819149006467 14.608872147354203 32.61605247047204 0.50957331671897 0.03384052450056355 0.42718987264041813
57 7.818081207669459 5.765898976868911 10.827018958578202 2.3681598016072782 9.999095876390921 24.516456144534146 3.483551206727021 0.8218994189480209 4.9898470999843045 13.472743763277666 29.16730826925239 0.5051333913985586 0.0724191582462545 0.42258602372322734
29 7.198497468367051 5.817652997357843 10.568999456483839 2.4430124316071327 9.741281260128119 24.996011386220307 3.1400070980067016 1.1764534620983742 4.584889512371493 12.327082635742936 30.82392043972779 0.5047886995544099 0.07905472603582646 0.4215429793840481
37 7.261979594960689 5.720937332105458 11.067460261310487 1.8532345633296181 8.494273323082734 26.148342950144336 3.1465494407627683 0.5740900454983778 6.31472520225355 15.223908087510047 33.18462523748311 0.5083803666325666 0.03969445099020835 0.4271058048402427
61 7.318708497470538 5.837019675622984 10.625696848573716 2.602921367815194 9.759524687075007 24.72722784719564 3.2423448151221543 1.1043245473651462 4.651124838301897 12.58025715213521 31.274210030794364 0.5047630424923552 0.07791298075311802 0.4216998944457597
62 8.122657927317597 5.365919227877713 10.762724427911367 2.325484318179909 9.55155424942883 25.60550581231835 2.7690685397322716 0.6029326418471187 5.485703380414449 14.53738778375294 31.56713115951116 0.5070621654548538 0.06036328302973865 0.4238511635499119
39 7.461916575568935 5.306298967851479 10.071102826188888 2.7364170779877117 9.513993735835074 25.17814613977062 3.1291023272215988 1.0620238359526906 5.617801618173689 13.511268412860915 30.81746822006568 0.503569644041186 0.08441105862832618 0.4200281020738094
126 7.615392063109319 5.731205969325635 10.977361009546643 2.1265142528611864 9.747646512875985 25.422270965700186 2.837907409055591 0.5858233819570449 5.396248135680689 13.546163328144349 31.06651532840486 0.5074308413046997 0.059146119817645074 0.42450820555699065
127 7.5468397248943315 5.80366927746645 11.195686909467971 1.8833414580429733 8.854636723970057 26.38931992129661 2.643974485789451 0.8646368149749277 5.0066926570936365 13.832150054668478 34.25097101580861 0.5089753715777368 0.031249546368661597 0.4284516720307116
151 7.432630747320994 5.717752808617902 10.688239834160496 2.4219372015429546 10.052741958219928 25.35066673389648 2.6217045507016485 0.8009880214996332 4.5346277571938876 12.118305404597283 31.110972600796373 0.5083176963442441 0.0439564625876228 0.4273906867845581
152 7.705351459552367 5.778124237178103 11.274077107620574 1.9880517248250478 9.576309778215274 24.987660673327046 3.2283979873453403 0.6649377891290641 4.780837858881213 13.700297538960777 31.88214619796676 0.509194767334247 0.04418733574906658 0.42649478561411336
66 7.759723666580074 5.687143441182822 10.497759402344878 2.128687089103054 8.466586296427726 26.317949254038666 3.017382987258905 1.2125351352220106 5.298372076055618 14.172598952817376 33.887777364838385 0.5077547333560499 0.05950862972115634 0.42454342944075846
67 8.083650871881126 5.225379847529671 10.762652166545239 2.349071612500504 9.595429838051471 24.691611971734023 3.3976390270809778 1.1582401957964918 4.080112939786738 14.211112189855282 31.441889648187136 0.5072077580260906 0.05720010162189348 0.4237492675144446
71 7.934637097567576 5.7322472170550745 10.743108157569711 2.2043554661364615 9.307412120182192 25.77602768612768 2.8453086651404442 0.4159109774724631 5.93493451872372 14.313214278202821 31.767875262184663 0.5097662578165106 0.02349390288962206 0.42860278156399495
72 7.417054707704229 5.6542274936988175 10.816124329773183 2.1279383261356735 9.1105490443096 25.79394763118706 2.8909307164123255 0.8335917515618074 5.545369364327293 13.7516612160252 32.93677356849602 0.5079898286673558 0.05166493323489996 0.42603171773555987
187 7.626919925915132 5.6306363937252435 10.676629016386531 2.3578915633524837 9.640199303926982 25.431840587146834 2.737243842337667 0.7938660380549534 4.854923534116088 13.196802455924301 32.36893108596714 0.5084681455702436 0.043382256146818045 0.42725257025245533
186 7.618058847944131 5.588646904698283 11.358908202772897 1.7473644832613577 9.16968341102603 25.497234987802887 3.2029410464605577 0.7217301619923221 4.706436552496192 14.885001199122726 32.01961461936763 0.5086133387124877 0.03300788486354319 0.4278926253563603
5 7.654988673933216 5.653558613883557 11.058365101321101 2.1336462948181243 9.630434741522443 24.833390405667146 3.198349596415782 0.49944710763289657 5.339386900870686 14.24587826406643 31.35709796295887 0.5077852657803335 0.05569454249168991 0.4243734432711692
15 7.320519151150138 5.734178760741318 10.590512143136667 2.4136970625624556 9.527975283037703 26.237692128296352 2.3637850914418697 0.7234374456601946 5.224616966722155 12.435066641613647 32.91134178610691 0.5085579438011304 0.04228506403377135 0.42657260695506366
30 8.052032855974202 5.478553912016038 10.98466414589866 2.047381261795198 9.11965866111604 25.596282326459487 2.8712375754021418 0.8249482456799067 5.456021501331835 15.6543853893403 32.05696624142429 0.5075956309976545 0.05350461273461628 0.4257061764856093
40 7.465802435254322 5.593738542823554 10.964295903467283 2.090949784094667 9.482331146256971 25.71001643255904 2.7886942256096474 0.8194067675471197 4.466304408370124 13.229983319107594 32.23380287671321 0.5095186041726943 0.025680721380325237 0.42849500533009494
6 7.534259075271139 5.5904686682957605 11.015978224807197 2.1197511278094607 9.943379589937999 25.700041835233435 2.590145866795357 0.4257934369259478 5.593176654242334 13.340261567484362 30.98553632247498 0.508625455525453 0.041962469750588545 0.42708792535986523
7 7.522752419857352 5.818542184008012 11.398078401278426 1.741374905310791 9.452665478481384 25.66698986117879 2.8245636161464813 0.5345889243877031 5.9728396389527045 14.861205175776131 31.118154088125785 0.5094502464058199 0.03730087635280139 0.4255689389603209
17 7.571759092985921 5.608955760380526 11.21429361849791 1.8996328986467317 9.443714428308807 25.48909506657927 2.981589157180075 0.7401638514260556 4.452210438510447 13.911751926742365 32.24371876629814 0.5089120887002765 0.04300909306507157 0.42673320574202184
32 7.72296882361585 5.586003400926291 10.837906417507426 1.9710543059830972 8.954489111942841 26.056750051938224 2.980415755468196 0.8264634256033616 5.462755875183457 15.486305524230312 31.42955151717597 0.5062562279269035 0.06748003832184635 0.4238269525477371
42 7.550997568349058 5.69821019411713 11.075596344453036 2.2064190707721525 10.008781519863073 25.053285460244005 2.801502227141823 0.7410652292683788 4.28756911819974 12.909730300919488 31.56197061799141 0.5090242902367577 0.04388224464339623 0.4264767129754969
23 6.930320543206251 5.738330593955531 10.816626581172669 2.279856808589692 9.777775746883123 25.23000367199564 3.008589430391773 0.9437312161430427 5.1481684084331 12.521593383380589 31.079202139947085 0.5067739548655414 0.05556690104686821 0.42571452941724736
48 7.296642107398574 5.78318805546547 11.130004260589244 1.9598978305257049 9.19120861416654 25.415079147712706 3.1732441864538146 0.7028271829001442 5.291836372943209 13.764268758425047 32.67603796952677 0.5096369832713941 0.022152860279503455 0.4280856827670675
16 7.615990253084259 5.773405788972816 11.243126952279908 1.712043918589321 9.3082905120574 26.06299687406009 2.7113248901912557 0.7573270238078825 5.512319682997988 14.701674255169493 31.715132103367857 0.5092219350916398 0.02808504097322011 0.42828262739448125
24 7.9026660434187885 5.471232849357167 11.067582197430102 2.135308310432489 9.53421246035227 25.52473217435436 2.8291391319636086 0.5093055009354859 4.888365382138977 14.541465786995483 32.009547550895235 0.5092629395145717 0.03202417396826432 0.42747367990975715
49 7.694880292838634 5.62619143876832 10.746035144779993 2.3023105712000547 9.711953830390048 25.147606856444757 2.9497185628613796 0.5104140049369101 5.170780782360029 13.556377244900439 31.22582168998186 0.5094873523847167 0.03415072083602901 0.42724858402010646
53 7.933319719520914 5.664629127841967 11.151089758127744 1.905689601016796 9.244766074589602 25.09832500813117 3.3746954749908227 0.9771551443176518 4.310070772383449 14.531713060060666 31.95951380323836 0.5062230522046616 0.053600965824673344 0.424945333389739
58 7.2143929117742465 5.599259759853399 10.697352997688403 2.4733643631595865 10.202489208894912 25.06266090400078 2.851945450166978 0.5748139123365195 4.5507318179542295 12.397906760154388 30.12894225883429 0.5084952193559802 0.03539114518415805 0.4273809160586604
31 7.189003337771781 5.625280863471083 10.015820560957149 2.7109722014786177 10.15230231082018 24.865697941543434 2.961575024958344 0.7856248122143368 5.740009550453375 12.83910992821421 28.991866885312017 0.5050490586581308 0.07252572509261898 0.4229877930604617
54 7.640425535148057 5.375882328218561 10.576402982291487 2.553323074199812 9.948100921350838 25.31950741765042 2.596047004037176 0.7027830545552035 4.6539345589048855 13.583329774702625 30.86080505287626 0.506298797453915 0.05753833763003835 0.4260720995936533
59 6.7750680078569525 5.872755736219268 11.041174729479458 1.9354775939632713 9.03078862039908 25.72325846166484 3.0521203907718615 0.8968236827707688 5.496302946279995 13.843010330669141 32.153167597732256 0.5065910793358536 0.0583225262549697 0.4248112032512193
63 7.705439355880543 5.472108940241448 10.358822238131548 2.6393337508288988 10.03128659810276 24.777786955695582 2.9684288729282624 1.237697949218284 4.897811188402331 12.610696939695549 30.679228828547167 0.5063200930066682 0.06726660843842183 0.4241704306770917
41 8.163929828268682 5.443986087461723 11.065819564943702 2.03768348918543 9.827441456740543 25.81930021727917 2.6131518374662797 0.7700562891332258 4.585988690563407 13.564446656176578 31.37050144487923 0.5096415638681125 0.03222030110603516 0.42764453883848225
64 7.551930109728016 5.490728709714417 10.576373911671638 2.324901666248625 9.96394877105443 25.43586192672993 2.774465085566152 0.6228917173641989 5.940646021030453 13.325855754048332 29.917305895987433 0.5056267921584895 0.0674996983136155 0.42488475837127493
128 7.642620680330424 5.674459195230963 11.170351592945625 1.893870167502084 9.147139750228918 26.651343473791524 2.4068083914101046 0.26649541716819347 6.601384422906542 14.980242681571779 31.748154956590426 0.5081911631982399 0.043626019405131514 0.4272919826961285
153 7.930102211642301 5.7890878987972005 10.993107220047932 1.9859795247291274 8.918711888929776 26.2118856677403 2.726570624435174 0.8150992144305375 4.93072213306697 13.846170220499335 33.8345157701406 0.5096546461458743 0.018536358338962833 0.42908658630558866
68 7.23189524113389 5.344968461184679 10.30417496323087 2.589144571234456 9.851388297473495 24.496873665052473 3.59579781323863 1.209458481933074 4.5150588173378825 14.027794045929426 28.0267675103815 0.5022087455533644 0.08858068351096836 0.4198578137016693
73 8.126727990960736 5.171478644553749 10.822223606342158 2.1730378066206764 9.824762204632425 25.098497841192202 3.0538287521562784 0.5364154558134198 4.59223706864404 15.037564695254725 30.055272893613054 0.5092684078002562 0.0301399367352881 0.4276231158552891
188 7.515961943159121 5.729705000038384 10.993104194232862 2.0972146075895406 9.458742604448329 24.946709621583604 3.425973137171561 1.1450066478483902 3.9360847652497846 13.100075237569058 31.910670722264804 0.5090501366391201 0.027169887147707353 0.42818122011973436
8 7.60895308435302 5.487542126876955 10.329977632607777 2.7406477846500334 10.112755954942623 24.436931757206953 3.2541600267289756 1.1768334160109308 3.9585913895510636 12.703742770425354 30.11723071313093 0.5069084701973 0.058567866823601135 0.42517020506477476
9 7.640203367041714 5.459206572227877 10.819924890299205 2.081598524675872 9.124522227110731 26.030098545540366 2.8089177477094553 0.8679807710070102 5.280708695712705 14.005933211679519 32.49367244434649 0.5080558911459926 0.05175898593562711 0.4254423928795219
10 7.542488821736559 5.704868705589484 10.897499759736206 2.049294260726279 8.929761026732878 26.110325410118996 2.8646728174564977 0.5470529497386591 6.42909840542019 14.716502781713299 32.48417321695209 0.5069432242281554 0.05691039898795718 0.4248052681124387
19 7.646416213469455 5.603964779753848 10.835723601952447 2.2219917608449973 9.383398202957299 25.43899440857554 2.8552992116740117 0.8610592958392651 5.449464307001698 13.84811913725521 32.29675562012168 0.5076133305325417 0.05128931195938041 0.42587610964556977
34 7.450440273666428 5.788967702982299 10.570180983916698 2.4776028358321636 10.121113016455945 25.218223216814987 2.810829533467821 0.47461667259512 5.530421086300087 12.827924248060775 29.37276475581578 0.5069952039646042 0.05623171169084104 0.42534187139994517
44 7.5349521232300845 5.808255349379354 10.952655230233782 2.123502598539838 9.586894081302512 25.02298999454913 3.2462122493869106 0.8349435747307592 4.602856559364732 13.249451011994669 31.499104316228415 0.5092007758180841 0.03322237403293018 0.4276930809164804
18 7.7232080149838005 5.617121785612482 10.803786825757896 2.104970557095594 9.217798690354714 25.69919014880223 2.96214067223034 0.7906201806206443 4.565709330645545 13.373690827984136 33.15039854226606 0.5094893022529673 0.032126424504715596 0.42764226736181177
20 7.522351294182315 5.853460066190892 10.838280227379297 2.1313254624358198 9.16958196812866 25.176389281396887 3.312557091604235 0.9288964558706865 5.5154197894276935 14.508314253298355 31.05564235923166 0.5068409565992729 0.05967366424875574 0.42512350332307985
25 7.7849280039582816 5.774459102696326 11.075903299040874 1.976300363243507 9.291809712322687 25.83180584424064 2.7326359824247284 0.714131551340659 5.815525598463289 14.268990130275856 32.137552727918425 0.5092795320262866 0.030587902261068365 0.42790595786156044
50 7.8234506891058855 5.641457321877482 10.82404048094319 2.23097859443261 9.62216675372742 25.307640166743177 2.9476129132956514 0.8408492809193785 4.742757469923207 13.074673036927443 32.38639356101528 0.5086911922289346 0.035260135706005356 0.4271594501425132
33 7.613119396742591 5.47807912741035 10.979559633530945 2.0742687665193538 9.463244106293006 24.913820983031467 3.379241563688539 0.6014021645473787 4.911486664489109 14.61619831299372 31.192922680998652 0.5092880216721859 0.03443187437923056 0.4264446985414737
35 8.072682247991992 5.568841452090922 10.85745988014232 1.92627349173922 8.829967504920019 26.10185337528271 2.8733293742552575 0.7750308130015611 5.686906337391893 15.257389987565283 32.62544599774744 0.5086371341983927 0.04258309969878983 0.426318235938995
55 7.289274480932834 5.6401850585754305 11.202380080060228 1.949825205364453 9.193128752324542 25.96125229304395 2.6266562145414785 0.9528065976600207 5.251442013292008 13.101031285439834 34.23729212896392 0.5086079738674808 0.04220633249550084 0.42664162900974106
60 8.068735595469134 5.562897348523947 10.442900655731068 2.434730143641906 9.680370193061245 25.119037420259282 3.0241249540831063 0.5826661604786006 5.2131147542504355 14.102609592277114 30.705977114586652 0.508013746632984 0.047700866755419624 0.4265197625965552
43 7.648662675401235 5.845891441181918 11.160980330283568 1.955362320122002 9.51104355872404 25.54539590010232 2.9521589154307195 1.0258895483864636 4.746369944466684 13.3649981343081 31.95503831634929 0.5092811796126854 0.03378191295964732 0.4280820337679829
45 7.725762669139311 5.6237131733533605 10.857601592956017 2.0382023834744265 8.607136496505621 26.285923477429417 2.9886913614679087 0.9954464360538392 5.159233717576084 14.51151262829578 34.024497137219015 0.509020761027576 0.03282276592936688 0.42781070757361245
65 8.11114379052296 5.4309300421999325 11.153629211870474 1.8594753138908466 8.923853465257782 26.41825130490622 2.6957890095946406 0.8311225641350162 4.964072495502478 14.452884492070726 33.851212969734355 0.5093497743286958 0.03575408465922953 0.4280230437206908
129 7.500384483613606 5.834015029800861 11.17115492619877 1.9130653419783352 9.025466584091937 25.890600200416653 2.8028967426179596 0.8880057485193106 5.254616595798777 13.973982734250987 33.57872473356963 0.5092942734237017 0.031813137394273334 0.42770346287937705
130 8.072998430767703 5.32338265184668 10.51932872528002 2.5963162362812 9.87000163098572 25.27224727714829 2.7354207210639863 0.8509176202679273 5.294788861798135 14.262340573824819 30.269777778440236 0.5062548397058647 0.06405689921312084 0.4246518528612233
154 7.178409240547874 5.837786224108342 11.100968141209242 1.8903260263438566 8.821004083351808 25.77909660505403 3.183562679286611 0.5375340961275669 6.098847818767115 15.052084385363898 32.377449193310824 0.509120437107519 0.030663047858511733 0.4283809243314449
155 8.171465547340093 5.5600847906719375 10.87241169495561 2.3829124455221655 10.812001422396149 24.13863126756958 3.0053911850977517 0.7140430450689853 3.8900580570570726 12.27383597128675 29.049717577011446 0.5085957963513079 0.037801477724420066 0.4272768200734406
69 7.3325169590532955 5.7410394528375965 10.396428056893098 2.560793638651536 10.070432548300959 25.30635384380548 2.6711208916134495 1.016732636397552 5.769115837527687 12.508492532668756 29.766366105796525 0.5072265974288074 0.05004105681221492 0.4251125349392887
70 7.6376947670747715 6.0062408770602635 10.87298397788853 1.990031249604217 8.986919956095637 26.221456856056207 2.736637923886535 0.7125074181992622 5.951567930589206 13.312508550816906 33.49275671239758 0.5093461919421292 0.024038684861695903 0.42881093524331226
190 7.6360765982248235 5.593292451376945 11.240105484989142 2.1316259968459987 10.31596447966471 24.828999095199105 2.86853922464264 0.7664087125273894 4.2313595254248115 12.46343226331364 30.774996969151236 0.5075815365379344 0.05235602884367029 0.42598468373831094
74 7.491965931691121 5.636652629789114 11.098084715851709 2.003184446374463 9.422736198384223 25.91523711149276 2.7062964133553296 0.5491973516292326 6.254340478451239 14.360819442354954 31.683802025536647 0.5074125793406994 0.049216003329143575 0.4262216169736634
189 6.688148010669918 5.788180849503068 10.758452756087632 2.1945605146672276 9.30085156620525 26.27894427807843 2.4535007920022243 0.975613713134274 5.462538099260897 12.289641873620573 33.19560045721985 0.5082181971024506 0.04433232989063722 0.4272694836614702
75 7.594615624604582 5.562827829858271 10.433297234471913 2.334293092208025 8.931540075822108 26.039940651554186 3.1458754799364916 0.5337504110299385 6.214350494121001 14.208000592445895 32.165181372205566 0.5067750665859122 0.06666618492187358 0.4232812767149078
76 7.959387885776498 5.3886579529972485 10.367307169796756 2.5483908631962207 9.608346858994647 25.493516486533952 2.9396510160221467 0.869202405852682 5.05322291471867 13.856200226077387 30.666221717037494 0.5080652379811116 0.05199913032102663 0.4253939991582845
77 7.6304453865621324 5.678831302058727 10.877780818412393 2.1217269135786516 8.948374919017395 24.764639841839564 3.8946910302511264 0.7022937580215595 5.580399991715607 15.579886228858154 31.096895360074182 0.5076312542290699 0.05397407157397366 0.4254093781484517
78 7.409688688555086 5.87584586763504 11.106283652377616 1.8511619888701611 8.720410704901415 26.325471411826918 2.926685144597454 0.36396062383010064 7.408335734149349 15.149095371174374 32.471576259654064 0.5080001564975267 0.05006721397128082 0.42672446682492543
86 7.8534274017553996 5.744232574781898 10.75328280616623 2.189264756712441 8.933998638225798 25.51754847708463 3.2022832159961716 0.6983515754357876 5.316760088251996 14.491230724015505 32.71894670318786 0.5087052732798901 0.03921224783878952 0.4273141452103398
88 7.905416288557283 5.581528631547132 10.260504693688317 2.7369480720406902 9.962115144022615 25.002809268519062 2.922944345155324 0.7643982786344999 4.453605355751272 11.947054390230893 31.66792361544687 0.506906934322554 0.06654845875052048 0.42465410527882647
79 8.009537745232354 5.438006946411051 10.803160956424975 2.063929930885223 8.473626534312402 26.393624721354183 2.794260332397472 0.6942805368164136 5.891099288807368 15.695363913435383 34.109312490033034 0.5089131633361249 0.036894622411374686 0.4270139524589037
227 7.69535404727677 5.495309201172805 10.630734184327517 2.4373792335232256 9.917432536796495 24.893526165107772 3.3820530267463234 1.3316532055738 3.645576061288624 11.940769954300782 30.739350130036208 0.5059513119265795 0.060845575612051846 0.4244674663045482
226 7.364827345055111 5.772354933101541 10.95264936505373 2.036266645066615 9.358034223768215 25.90702532336868 2.8669831913003425 0.8481994019882558 5.538405865890892 13.601541742793575 31.92551175536061 0.5074314322414731 0.05596726824377501 0.424473770672021
87 7.705211327565558 5.596640465659051 10.756102224123115 2.1801489911103697 8.947460132801503 25.812463993181236 3.0885451001315594 1.1494164328813083 4.528608146003393 13.462455627096032 33.76274570401263 0.5085921849347377 0.04412922231622563 0.4269388036742464
96 6.972666764193846 5.931362261259035 10.992743405842917 2.009905752410879 9.324903203689619 26.109140785005383 2.6040033760460917 0.5248711637405742 6.176715617499095 12.917657627672613 32.53144409320473 0.5096440269789698 0.02948332792195217 0.4279451327942591
97 7.5868651494111825 5.62749005243086 10.968868177202351 1.9487067737593615 8.892883760299899 25.77515549077502 3.0417328472733187 0.7731013047845746 5.7134551495161805 14.975524247817406 32.96066524583129 0.5084103687686721 0.04913965639103818 0.4266789267452491
89 7.731006082294371 5.746970576388257 10.697137341375337 2.4695973261387603 10.089747938110108 25.8462584671919 2.2434933431076636 0.7086028151528587 5.598814548293817 12.324120728393261 31.3061491046486 0.5078198347946422 0.0463070583953874 0.4271680503866367
202 7.246304320629481 5.833633926416865 10.826452959802984 2.128644182218596 9.32968381550815 25.98184297413718 2.689507920458133 0.3227812588950724 6.798208658792493 14.19202676504961 31.401790341137133 0.5087644294286727 0.03530123220754195 0.4281200276339647
201 7.700131973809187 5.489477671304126 10.509830312964617 2.5156117002869984 9.69278123876406 25.33160029666772 3.173062900465904 1.1226642289468742 4.672311071160192 13.846501349656814 29.916387145608986 0.5054982304974084 0.06893580985056641 0.4245726559228353
101 7.13885089052814 5.781188184218155 11.168968160384715 1.7255842528686844 7.903175754131342 26.93125303382051 2.9642732613593 0.9068174591870519 5.8709548239430465 15.196559823005579 35.562174475719246 0.509429317669898 0.03259234883375939 0.4265121372314217
102 7.717672842202035 5.825507277845753 10.525151308788457 2.399949294988477 9.714287076338726 25.6163155781356 2.7262476186697557 0.4665262466870889 5.822824625918778 12.70588834551339 31.150075687799923 0.5092341937174627 0.02997262228633396 0.42704334564729246
103 7.296647065626646 5.87404436592968 10.495763206048188 2.2670480227372294 8.710898093620703 25.808364917864214 3.18899055325113 1.0744896998580729 6.163968380816402 14.166530529010581 32.524102342920656 0.5045760056149936 0.07975230707368929 0.42189767371103154
111 7.584853488863284 5.68974919077283 10.788715953161299 2.195857370897285 8.974487679631121 25.113713984350653 3.566277707194992 0.6926163087048987 5.188345252117911 14.687381338266524 31.82414894983235 0.50852396258792 0.04319649729706477 0.42626211309101136
113 8.070783833309507 5.555939413939457 10.425368207157055 2.5227109197429898 9.643159103015572 24.685812927529728 3.310502287869129 0.8304037048697632 4.685647642928997 13.68536906473587 31.1819300675147 0.5086371355414072 0.03872383324908768 0.42708182440306663
104 7.4883004786624285 5.695312437134486 10.639005618193627 2.2025405859161626 8.716717139257897 26.07595890161996 3.033540364640274 1.0424782664909955 5.724216875435576 13.969591430838022 33.25890006659988 0.5074351047190045 0.05759362355388703 0.42427170846061135
112 7.371886583432004 5.706545487479508 10.52884072951466 2.2583126525730584 8.795358142814631 25.43467324644516 3.5279749529575697 0.9239985824500968 4.638906159665816 13.73814544307156 32.873745414852486 0.509090517234476 0.03791294442872249 0.42684083721736715
121 7.6192620332062075 5.22229173718714 10.63618800667426 2.325930737840049 9.567816211352703 25.282768702336103 3.1040109994986484 0.8618852236046342 4.961883026093332 13.962890895852187 31.12054195641358 0.5079976640557226 0.05033740211426469 0.4252360434216983
122 7.516954277247358 5.722289748019019 11.018292499825359 2.1276919615270034 9.583933895563124 25.10453732645402 3.0760472917523853 0.944190047992745 4.503264792234216 13.10640792346384 31.936210205740277 0.5089494819306779 0.029581646180596683 0.42809842781610924
114 8.036499190144813 5.431856114712257 10.133580033187583 2.7313321534249946 10.057845313901153 23.938861192270206 3.8249991202128593 1.0476825059104031 4.6412757388881944 14.265881417020966 27.663449332786872 0.5053513762619029 0.0690751240429972 0.4237048550811733
80 7.532098318513711 5.684320206076879 10.475996051156585 2.642505198142572 10.098626206916586 24.86884568882957 2.9607633214540248 0.8215709419434748 4.842500214504134 12.605354372829249 30.343359266020812 0.5046796334565877 0.06907092979852504 0.4244617545640686
90 7.001624954379338 5.698808313080451 10.99532369368395 2.274879038633113 9.95755230536128 24.511507536073196 3.2941855248186878 0.8509324708620877 4.7857493960405515 12.788927309887034 30.621551960781733 0.5079450987268228 0.04605745097298139 0.4266238952715399
228 7.180777583257636 5.496976228739627 10.478430135390525 2.244602217566642 9.097726737566546 25.534014736722238 3.2077016873849504 1.0870145679752647 5.118078284866072 13.9907693232806 31.910796924786222 0.506799988194331 0.06776221530119689 0.4236523499216353
81 7.659763332208073 5.491734887650117 11.438234041478875 1.831856420333863 9.239424716418632 25.59772683194321 3.018062402987603 0.9548030407125838 4.587348238440166 15.106550316144627 32.26192647120262 0.5098694455683038 0.0281472629753698 0.4277187913537795
82 7.696330872373599 5.811835804231468 11.18224532776501 1.9818299747202075 10.08867056026198 24.508111933052714 3.184670940812141 0.8901442656148869 5.093594624168464 14.050349362073506 29.551912328629523 0.5063144973123253 0.053372667020363626 0.42501241478861906
92 7.216501590638372 5.6582639083336606 10.705709986701507 2.2787987447253393 9.760669365607107 25.609925990089835 2.621984339563564 0.6801999156718972 4.795605193853287 12.634271075161069 32.13838706537319 0.5087028454194645 0.03868782084800109 0.42638384188631673
98 7.937871517191241 5.100529908249568 10.684400179594192 2.2624543383592823 9.590472824740358 25.268310339572114 3.075828257888212 0.6273298432431726 4.796381165046555 14.422558921336517 31.48633742859089 0.5088342883795666 0.03361372186260532 0.42762831637889165
203 7.256045871061895 5.59820905904004 10.535838963654946 2.427199045116597 9.967723385001678 24.428813098059923 3.2995913551851506 0.810658886929957 5.300210721355584 13.928290030269412 29.532615097971753 0.5029763550261965 0.08818394459106184 0.4207265512329143
91 7.266334958433844 5.677334308461444 10.650342882559581 2.2400641382766393 9.878123158935056 25.398438107321088 2.680861035593071 0.8921023305136192 5.345369707332825 13.502677211223537 30.29405731183595 0.5077825368728617 0.052508152420803804 0.42652529036511255
99 7.6664768034338815 5.556053900119192 11.204672367143058 2.004857932630274 9.890760461976015 25.48568766198987 2.6762540654746525 0.814713515319655 3.8050857123483004 12.79941512494394 32.185737198268754 0.5097312757578749 0.023502263661061482 0.42794963800538743
105 7.585193428753911 5.542780395004504 10.612499489785483 2.4473932857391203 10.115399174140958 24.722805024027252 3.079954705695813 0.8052403715450109 5.1715801248849225 13.111011789254146 30.08148837184087 0.5075998639371275 0.06380277850318028 0.424804189795095
115 7.412111642707121 5.832263946330248 11.26672262525213 1.9245688247208612 9.733726705328541 24.810004498831955 3.224288593340215 0.5903374149702728 5.511960659085066 13.96929694529911 30.62574003843862 0.5091410562043929 0.03543017301454416 0.4281040612668914
106 7.447778688024919 5.737931070146496 11.306787978205383 1.8492676169884132 9.285787432384394 26.33665639008983 2.42539966005118 0.754315451784753 5.048746846790493 13.708530737344336 33.124161152329876 0.5094472644360937 0.030901272058657746 0.4276281931089975
107 7.295904681154102 5.517433926533544 10.183164481511088 2.7041830197624552 10.114286485412538 25.16036801385323 2.7334256002083346 1.0193394924324566 5.215307481348029 12.763352894532296 29.869837595006953 0.5056437017673437 0.07326218254758995 0.42279848046651725
117 8.050100278067054 5.244002773643803 10.835126754517125 2.418016917462865 10.317989451599084 24.44496430666494 3.3019191984279592 0.8405293697162305 3.227360797702053 12.861041112055439 30.542120066245946 0.5084227591616186 0.04173856283053649 0.4268693303693917
123 7.675618743860082 5.299209425599106 10.352088593941302 2.716231345934106 9.733466317197097 24.839964897717124 3.145887435483027 1.369699717053409 4.552076469776211 13.78262772109829 30.564623276464843 0.5039290442970773 0.07961855176675503 0.421984169676352
116 7.601730003432681 5.50289996492077 11.096676017169633 1.9805303611401812 9.657742149275629 25.792890527678427 2.594669852584626 0.6736475706287414 5.323892234010449 14.037123233913167 31.651593945011175 0.5090651683695115 0.03127096931603086 0.42688160992637686
124 7.827982443627316 5.415526480646306 10.968666563459996 2.3795166754389196 10.277914345701541 23.97493313603325 3.3090266419360015 1.1159561400953193 4.768775421886263 14.687871349390173 28.95609583938884 0.5039004811197774 0.08125154666417929 0.42133222960773525
229 7.533723800188893 5.635150686673112 10.561069454749829 2.480778564023725 9.744099544691656 25.277693484187388 2.83365237250091 1.084741572804141 4.675507735284702 12.658948711603607 31.779996411663344 0.5079353751925797 0.05534721383810978 0.4251610139454168
230 7.21779267976244 5.795441490873128 11.394727838877676 1.6504078131833824 8.580697677648038 26.95549954494625 2.4598619771884356 0.47457757264857436 6.899866362718291 15.341253131466345 33.64290777362555 0.5095861034833415 0.020159324567776703 0.4285511237604331
83 7.266021218094864 5.791906040065634 10.675308391878495 2.3962555926950797 10.109742075613648 24.812163715796107 3.2794455827925013 0.7956500198890045 4.794908220670269 12.383762883903916 29.067297794348324 0.5090158655094982 0.03783824565179032 0.4274473613775549
84 8.023403805224202 5.326212208863517 10.354867992736704 2.6807585697888783 10.020260190326034 24.810503445044077 3.0699742808475494 0.8723467975342432 4.723578181529745 13.984340553423298 29.161689188876313 0.5067440548535279 0.0640825043564087 0.42344713006406104
85 7.855374033112236 5.693663479861398 10.471572636878596 2.403054516295675 9.494287467255555 25.00834662366531 3.331887324871333 0.45849829327153035 5.489305057131718 14.170421626684094 30.60321638989931 0.5081857207874294 0.038629655587429305 0.42793530285870696
94 7.686865316742956 5.806670069101564 11.319748883366168 1.749413221965416 8.59418297184028 26.08569037158835 3.092350701828565 0.8494427686724049 5.587892917547225 14.578892651099562 33.90374541016474 0.5089703360287835 0.03181581310387015 0.4280549840174098
205 8.186805425103106 5.389186410529937 11.328245395009029 1.8817883108678422 9.481840945163784 25.159340023900402 3.162625288657681 0.7094199649356221 4.630544402555768 15.315946054883886 31.228532404743717 0.5086974867841053 0.04099044665347103 0.4264658196024997
204 7.893165402718994 5.495673673971123 10.948803982461525 2.2738030322421507 10.150428240364443 25.13358547509385 2.7979670220749555 1.111825006920587 4.0330493637103 12.625963767970942 31.014929362011678 0.5072860892826999 0.05736710957555456 0.4244066754161902
93 7.917698862232662 5.599317412152543 10.733479727808758 2.2952622058018237 9.69855054373999 25.624978331788657 2.7613395209164526 0.7846814544807424 4.550815516909032 12.843137350343081 32.18968674505477 0.5078345266559778 0.05097223538092964 0.4262486956093001
95 7.626249643382842 5.6363000739612605 11.125546574887663 1.8913454503152796 8.709854545031746 25.49122703827651 3.353093212689953 0.8433199337216681 5.5401357957046145 15.246919765124158 32.917461560866336 0.5076873089979361 0.05726706488995766 0.4246687729720651
100 7.751124161899848 5.65762723475521 10.78640198731705 2.139266413015958 9.380195815682395 25.76367239792414 2.939091781801761 0.25892417699167697 6.344268267191426 14.961739237073228 30.52356858474092 0.508957038043742 0.035402413292451036 0.4280024021751176
108 7.464565977908264 5.7947528121711525 11.282427882240455 1.8840937349979476 9.379894526390995 25.8332326627676 2.8296783357551685 0.72040647468076 5.184260706555123 13.563859671531741 32.42685986164332 0.509097092832947 0.033511559644301386 0.4275489454766009
109 7.588548848990054 5.5701451385935945 10.218063698294356 2.9579630692049896 10.322245915053538 24.03528356323991 3.4216081236903295 0.9845443688590814 4.854072495868805 13.159202863098397 28.109041160669094 0.5011773185299154 0.10281473957586473 0.4149089378951082
110 7.8259792766315925 5.613956772443562 10.583373285475371 2.428977149246437 9.555760406475178 25.873029751075883 2.5983830663543905 0.5940478076916809 5.660023442526098 13.263970276578137 31.815526273612182 0.5080567548183871 0.04810041564724219 0.4256709248192341
119 7.598809165731016 5.719875013333626 10.805545005182616 2.1134456791573615 8.682992063204892 26.069669496155278 2.9336934996768704 0.671395611779884 5.7792572083732265 14.393291114441352 33.88824712411297 0.5085404878820503 0.049645765847732316 0.42506417026923676
118 7.673177082924023 5.689669095717978 11.114869860458693 2.0229207445579 9.536438901372593 25.121482064092216 3.1542227347195784 0.8931948294279266 5.019444226112621 13.782978242208355 31.803281435145994 0.5086558062475401 0.045581896412892106 0.42731003957098534
120 7.461846083204687 5.809338359732195 10.820542492609633 2.2245542349057583 9.322439880260537 26.004303659490393 2.7391325392073362 0.7678254071617336 5.705752211429224 13.17883761030198 32.39779538227109 0.5083187755319684 0.04162243320025951 0.42683375686423414
125 7.620063218849212 5.934349777788625 11.172201630127333 1.9628871366983953 9.48351402069127 26.06607589757731 2.5375134733219276 0.7889136731438762 5.163136241367717 12.530961709738609 33.16021465366856 0.5094708121686135 0.03299554893512922 0.4282838577291615
131 7.455494543181574 5.5676836573687645 10.911098851545523 2.183133838677689 9.391920162127832 25.965507965960843 2.589075746437551 0.7622549235350857 4.686068371183878 13.241052146070064 33.16515089248997 0.5077529855159971 0.05356806221530035 0.42533936129940947
132 7.818516481848818 5.394756342973736 10.967480446340327 2.1169920393684842 10.02974488367076 25.073670983344684 2.8174053257019094 0.5833850823536164 4.953392838353918 14.154022571033856 30.506219423909325 0.509036415583813 0.040765000893906465 0.4271388715837383
133 7.899817736645282 5.6796396083301905 10.923480967354807 2.264231508952641 10.018345798612877 24.965250450325087 2.9114616920142633 0.7201829908488059 4.808711235649332 13.315154270830469 30.91619865978286 0.508326352515314 0.04552732864385638 0.42622148985294195
156 7.441496680333839 5.460244418367193 10.744874139485406 2.197266619702911 9.426885617465526 25.616403183414555 2.86019903621617 1.368792471196409 4.207673735925743 12.772800376756065 33.05730021584787 0.5083836121200226 0.04082901765559052 0.42668142800053466
158 7.921152988158932 5.5168410108722865 11.016311707762956 2.124509404099568 10.015925357472499 25.179495443054293 2.9284200715075976 0.5616622044501561 4.300933463880185 13.348566979804053 30.820530248309094 0.5096431914644828 0.02555280823938249 0.42817366539089036
134 7.91236961167945 5.392099376177157 11.229848446741016 1.767388246276357 8.552849831313377 26.085961614077895 3.066844488493819 0.716022723188494 4.995284823340594 15.371314303315634 34.4095289766148 0.5090942345863044 0.035981038729221655 0.42786576265966947
141 7.362703835737047 5.562924273090175 11.177614177449184 1.896266083986806 9.5209855447707 25.098839342400932 3.2313773252581526 0.8499633179221837 5.318250694054052 14.610839653960692 30.85932044453634 0.5063391067162717 0.06451163919838804 0.424523341646907
142 7.364851228550503 5.583719161126516 10.722020935943762 2.245946914483692 9.494181493977434 25.8124739511937 2.814069530126681 0.9218631666831938 4.191401926114684 12.302408660818676 32.992302931886314 0.5090034928778988 0.03929220849768572 0.42766589525539167
143 7.313513095690426 5.766832160814214 11.024453318547591 2.0711246904019194 9.271598825317394 25.729250465752184 2.8918227907169456 0.4553610446156654 5.805231795677516 14.465829423265943 32.05115074521039 0.5083578364151606 0.04384575389868951 0.4266708219078834
166 7.950427797776421 5.296426483210697 10.716860992985614 2.595096539018203 10.600053586797877 25.03990261690646 2.32602540139904 0.570150463883884 4.787809182803026 13.274615215790783 30.07293900232201 0.5063177427530616 0.06563966937009902 0.42465445150790804
168 7.27264785113297 5.870207116044192 11.273562993779457 1.9093670851578 9.85893213048208 25.20763744423717 2.9184230321486093 0.6636078350588885 5.325077419793603 14.092719357636959 30.299785221863345 0.5084520042093724 0.044893597033159184 0.42679233313449744
144 7.597546923494729 5.802911356910226 10.321665500965862 2.38473024901342 9.804060997311415 25.053112445820805 3.156286381408487 1.028028238719596 4.611780631545522 12.472945734075404 30.44843371767408 0.5083655968650498 0.039527612286933814 0.4278470440259103
157 7.053126340756725 5.681931209237928 11.091692905795329 2.218612417394925 10.317661278370164 25.302887270383415 2.454266130968124 0.8565392712954627 4.386129597784331 12.246915814566943 31.04158205970879 0.5074455425419482 0.05366644397244136 0.42575990199973185
176 7.611476714013713 5.396928582860849 10.231399595246115 2.6785811136730446 10.881875427703694 24.336969919932336 2.9609698150975685 0.9846618337732855 4.034122612251121 12.147074327741294 27.371196286493195 0.505406440149685 0.0708093526708483 0.424226801565201
177 7.446762817574158 5.565225618969946 11.277345005614999 1.8271230115866366 9.422722425160504 24.965226822719654 3.2460859195799325 1.0272056254232271 4.941554449116271 15.080920025305698 31.151166956672256 0.5082486168102062 0.049451477913097175 0.42576209543494675
169 7.5267297341144825 5.635775581902443 10.922887419041409 2.1698396109650044 9.679256473840162 25.231765889654888 2.973300609391571 0.6118025007121591 5.36548024929926 13.685102354144528 31.4686425268099 0.5092209028100566 0.02583786461182054 0.42835397990797136
159 7.722004663973714 5.3317409947494445 10.84133088388802 2.3548257809725244 9.69461339429571 24.842194415554467 3.2025401115479926 1.2801321305104787 4.833006929287141 14.318141832840963 31.106779165767826 0.5063108861536899 0.06652636938584372 0.42395187159617487
182 7.507546689417716 5.483974833983145 11.023819065211804 2.0020863989766187 9.207156996502075 26.495604314197323 2.445871467293347 0.6715231227685852 4.78628745739206 13.950289348180974 33.29708422882075 0.5083563416477903 0.04635357539886149 0.4260292075549964
181 7.742572058990574 5.335065143868618 11.123730414276777 1.9671021303085392 10.050196265454304 25.63035028321714 2.541120427500179 0.8669772662891505 4.294808514873749 13.480911309851724 31.30190454056161 0.5088656281420195 0.03912128484328465 0.42749156242077735
167 7.7767342356920315 5.510668705026633 11.425506117016623 1.9743079577122993 9.897725522845876 25.375151279106234 2.642818703400031 1.001181074676464 4.899262033329347 14.231896712587947 31.209886528829934 0.508353963011998 0.03950266829209958 0.4274740458699842
191 7.304054656873915 5.524333286068059 11.133470317908044 2.1255123256376263 10.144987844856136 25.260343218974253 2.6332654262806137 0.5745345952035456 4.482512820982288 12.942152224619978 31.209759257872097 0.5094461162627958 0.03193797858127145 0.4267122416098052
192 7.539907305246042 5.760082640598045 10.774362731791847 2.3644171090261703 9.728839683880649 24.429450079865916 3.3877430089637888 1.1769798387249848 4.613458145081127 13.384397822481512 31.14628920731758 0.5092862168672616 0.03350938050479202 0.4276432038989212
196 7.598812983129063 5.626629506944216 11.092422634550564 2.085174173026857 9.851847134400515 25.25359864393744 2.8240532726826695 0.642958215542912 5.178239623146295 13.790089767443423 30.87325395773925 0.508828650949758 0.038153409817163336 0.4280945576846209
197 7.636679150791139 5.575435260448272 10.858427335979473 2.1207620960465126 8.990362929253148 25.618712161640826 3.068967489827097 0.5097224460780392 5.93840440823591 14.778675064752527 32.73472261369666 0.5092601550624855 0.02127927890093005 0.4281574746224648
135 7.453540927549779 5.721614711444849 10.841084188271767 2.330834945315107 9.808683952528039 24.937880149964837 3.011275456147499 0.5177521877145843 5.343189371437052 13.412182188539173 30.908373436348597 0.50695181188358 0.06336331857837982 0.42474956579845446
160 7.631298971489328 5.7738351157232275 10.704173284181632 2.2663782541654864 9.336667489184233 25.84752518568807 2.78486490293855 0.6842086120750361 5.28191073792254 12.833082135842007 32.9485102651285 0.5086638128211575 0.043067872221219945 0.42716214077795017
184 7.482809438200571 5.71928661229451 11.082376260898988 1.936307491203022 8.943527179240364 26.546171002268917 2.5359922349125155 1.2883127008054172 5.351573827851805 13.433369649241664 33.94793176313716 0.5089386893199831 0.04289386358130831 0.4265527561999959
136 7.843654689063218 5.778315290291841 10.98135823040829 2.2340981340362323 9.811820654467658 25.22613722804018 2.7708446097827606 0.4842588216087126 5.986617535009746 14.392491505054029 30.725853514045426 0.505435031258427 0.06954163393166496 0.42425296155285946
137 7.782666403720576 5.399810883067497 10.890297004836706 2.2376333094173 9.770803848693562 25.241773693271355 2.835510855070045 0.8509563979613319 4.934579656841473 13.328752797043682 31.914393108905443 0.5075783130043651 0.05412026418876817 0.42490611206716816
162 7.501755405678049 5.45175992631527 10.792933854117338 2.081360868461031 8.784908247139128 26.16958910494217 2.7406793000864473 0.675667220195009 6.150193052583534 14.582263204019592 33.76230147017196 0.5076976075236298 0.05308904592633356 0.42582770688663363
171 7.0260557759494775 6.036797908682461 10.702553348169157 2.3738349823482516 10.06269440758606 25.57759345646287 2.4869991817735513 0.3981447460567555 6.6118014587777205 11.914435284239653 30.749850621086175 0.5084754053802556 0.041360409472550354 0.4274478519219494
145 7.337861209021516 5.603239694467791 10.62057262485439 2.3141556461668222 9.270931872266775 25.65869555467907 2.907329680145428 1.0308511511652514 4.6335433530579735 12.228063273032081 33.88957267579202 0.507390377646793 0.05332989624801493 0.42527271173072523
170 7.63181794378499 5.740884144525125 11.11412932870644 2.0083281642907815 8.925110210023899 26.268664429204897 2.8233395496632285 0.40416950729207735 6.327645540205386 15.020049908689613 32.36552435232005 0.5087716736655709 0.04578851483604403 0.4264516027886855
146 7.202077861790276 5.84542471113575 10.656161965457889 2.281420726008335 9.453099335934214 26.256791782693426 2.4533550094673684 0.6541500625577158 6.082167039341996 12.89985163857288 31.854360114937997 0.5083221885243596 0.04532588881995222 0.42763622369297943
147 7.57655080257892 5.207210485144903 10.055577002712665 3.0360986422513316 10.41925224438201 24.042549802523453 3.512191330854815 1.077731215579045 4.568605994661037 12.76601738632201 27.998926119079787 0.5011344146864042 0.09923377954158465 0.418444188008385
172 8.122610593586884 5.436284421216133 10.816408274315354 2.027783195748235 8.953157108964689 26.09591772041925 2.8674562566790853 0.9317107072252963 4.764977487537022 14.413062897130374 33.396069054780305 0.5087945342918827 0.04210613293297301 0.42689653807839134
183 7.82372603610515 5.688708224788063 10.801298642858388 2.1204279691993415 8.581182424264455 25.784971947229458 3.1644166304302788 0.7858086495772886 5.501897230342301 15.234360222891711 33.60319858111181 0.5096083197063817 0.026916663157413017 0.4280285695969043
178 7.844470617252504 5.72123303028279 10.844972753993233 2.224281215910454 9.722689639877874 25.457852393843076 2.8204521258012276 0.6749949114745254 5.087526581481981 12.519950486071357 32.10418480048451 0.5097878813073301 0.030653515437151106 0.42780856514889165
161 7.76991676927001 5.8953241806583305 10.954741236828353 2.0224861767852724 8.967803698934238 26.321950760751516 2.6436439186472818 0.8777494272549952 5.565131437932991 13.624478897018417 33.57395360379665 0.5093445425998898 0.03900833552891635 0.42730721090084167
179 7.797125237303613 5.414483912190215 10.765245248614582 2.1864496455083415 9.334146933266462 25.50202532879521 2.985039202261001 0.7021715812054445 5.625730310506787 15.0329822906928 31.13938719063912 0.508355182296746 0.04432698380900134 0.42618127080156926
193 8.071294700035603 5.681415659817765 10.918113758169644 2.1451684300107443 9.482336862069529 24.936200833127472 3.41569847373677 0.48863488879164246 5.898929707760561 15.082168342748977 29.809382280802065 0.5081344082673915 0.040903063359661644 0.4276154206742107
198 7.537461539678995 5.937635957293905 10.522479292939371 2.2661256780272763 9.460543351804521 25.531089996634016 2.980015817231297 0.9631302094670763 5.381916352768692 12.766675990752228 31.28975134971954 0.5082834051655325 0.04004346367718741 0.42655866539261683
185 7.226077754119106 5.531454789212814 10.467918268207317 2.276751711812852 9.737292287736016 25.337561017810437 2.9627913411594005 0.9175042138465231 5.613243717514209 14.41254375219218 29.604050442683505 0.5032266691009913 0.08635073926897074 0.42101625156952194
175 8.299230796834452 4.893933784897763 10.64442700133931 2.5234392399052905 10.359336519157303 24.775819914656342 2.8232862352102837 0.9787030119979923 4.122427285986044 13.236779429004839 30.634049270144416 0.502189452627582 0.08951430183479676 0.42048703659307063
173 7.623693383436025 5.420496071511065 10.322489991088803 2.7879152545996178 10.447632123224409 23.826052709193046 3.694210301387941 1.150902191972919 4.004517427604263 13.19309236770228 27.671311666989336 0.5049416929572521 0.07407889179023822 0.42247892802090975
138 7.653843398262515 5.652998225062863 11.134438323892702 2.0409767980344213 9.680370325881189 25.096826964795223 3.153897921656321 0.8238589976351477 4.130462554291921 12.979273708876757 32.08744685326961 0.5088402044652418 0.0408208899560494 0.42763169001328566
139 7.710899351553881 5.67037876116819 11.009792476940355 2.129306144641946 9.82598836120133 25.097201317552354 3.0398760805264065 0.5514246200506733 5.279491654876897 14.035920158300815 30.498782317372665 0.5090030038831712 0.031635825208452165 0.42790982653263204
140 7.893284029612991 5.446422094825831 10.905105130954746 2.285387273731055 10.303487720924451 25.01349848290579 2.7058165972653203 0.8585196572519644 4.527088537290354 13.048145219118307 30.3087545277458 0.5089697783184081 0.031013738280764848 0.42842581403316293
164 7.457850826642577 5.704278568721787 11.032025595106385 2.0006398016619054 9.298907634089382 26.006856703378187 2.8604882374581604 0.6983009646412891 5.155688571871384 13.431773596263493 32.552505130362235 0.5088657754406455 0.037069955992433644 0.42780661008977533
148 7.161888133411617 5.824560240212906 11.016923575154054 2.221892908977804 9.867490042732278 24.591402787938055 3.3188279953020388 0.9785362532672045 4.04417339796097 12.431117197748359 31.4470881930425 0.5084277423006355 0.04773549489404338 0.4254986776781285
149 7.811841698463164 5.479109084723007 10.95262506289398 2.1548929511379145 9.814442542705548 25.22970146038809 2.854758386781652 1.1365543968910001 4.168972548870656 13.032340956786634 31.931732895858694 0.5084022271833717 0.04681031625902419 0.4262300981785609
150 7.35275945498963 5.501355109689098 10.75650908183222 2.4331564036491597 9.884583143097808 24.525520400065222 3.324476137379362 1.111609073898675 4.704222990933424 13.348964166176698 30.800955181148122 0.5061215423345446 0.07146333613323631 0.42269999637954137
174 7.730415000723486 5.57679579433752 10.892844126880089 2.251442394727195 10.16765622184562 25.175924676757656 2.8021030072476347 0.7689730852102239 4.655726434440197 13.237965437589658 29.83646684046751 0.5098998062175041 0.02959016025487993 0.4267813642513456
163 7.488756272860732 5.554780686461346 10.586621852323828 2.576171215936668 10.161508035158475 24.9640905355484 2.9013265094175003 0.5280151703619742 4.8454440391458276 13.08839588824838 30.03338337312305 0.5064588656242669 0.06462902230453298 0.4248909414770849
165 6.931832282101186 5.728157540819783 11.501352388424175 1.9222903765360746 9.75606784731585 25.334634615650554 2.7003479780490367 0.8680601521487612 5.839885627052533 13.904457736340126 31.559817398433196 0.5074812774763224 0.05390587752921088 0.4260597914842723
180 8.205977969714448 5.174725691599586 10.971652006448304 2.1421592455335796 9.87575152639494 25.412524450339458 2.840778365078203 0.9662693307033317 3.977633719680839 14.136319096723321 31.123931003153043 0.5079231576878223 0.0519710760329731 0.42493306859329644
194 7.18675357714936 5.731822842137632 11.409558046808117 1.8577134545129128 9.807856131247489 26.15229280077795 2.2723924913664977 0.4784282120331473 5.612943227129516 13.105906296145658 32.002355451210235 0.5081771966075335 0.04398717558725359 0.4268938878227453
195 7.328736155866457 5.463853882738213 10.413896491345792 2.6259386134270906 10.912982884004112 24.563341726988916 2.59045219177748 1.2964070212285626 4.152452339220288 11.80640852972312 28.957159146614167 0.5052852554586192 0.073505443076836 0.42274447630884177
199 7.622840281509564 5.40294886793191 10.339468166285574 2.7604701335254855 10.2658621973376 24.745443019875857 2.9304353541197274 0.9355463234163849 4.538003413716771 12.628608268141312 30.232194284622025 0.5072971225883353 0.05417717805490273 0.42485104127081075
200 7.756355627870898 5.197934648795998 10.282183886746045 2.694344169791394 10.408746610494516 24.330714642467264 3.1503441184014216 0.6999805316312455 4.60231086253297 13.42214057437677 29.134518474233733 0.5035425309890995 0.0857337824517259 0.42060304253437714
206 7.050483733404677 5.608647352745087 10.700459612742135 2.337898454835207 10.166087749911421 25.29528956600916 2.695268581045247 1.0099054377567704 4.428957047560033 11.457563500574247 31.215475045654014 0.5062061488192662 0.059051814646536326 0.42573632018725394
207 7.409910011220215 5.62351405027527 10.527429294860402 2.33006719427207 9.755016106116864 24.797050348730703 3.296772691452625 1.0185111937478952 5.334100922815784 13.253596996576267 30.362036226018212 0.5072035685255594 0.05383442070790748 0.4264631216651441
208 7.814395313238644 5.385819877023785 10.681877140915198 2.412222443153002 9.597780471233952 25.507369938898325 2.6424863501114935 0.5095667975680422 5.3448378722704 14.520697522694173 32.116385327665235 0.5081827696390674 0.05672082351407074 0.42376902520221216
209 7.5130863686955385 5.825502186368187 10.597805914175817 2.606394968028901 9.73698727727286 25.233368222306904 2.8975960966917267 0.738681118226336 5.991588940058558 12.370367536524128 31.524541316645905 0.5071647029936477 0.06051404687936136 0.42421556710840014
244 8.08228122350088 5.11058671776221 10.855854629897603 2.249731724581616 9.497893045947293 24.55121439990507 3.622367029062827 0.8048985328017907 4.75399034513245 14.758559348207411 31.05572222749685 0.5057953266362935 0.07106533828093209 0.42279138724304294
243 8.092509630487909 5.428791945076475 10.300807278607675 2.4112929068942623 8.992163901098198 25.976019971868 2.87472823984881 0.7779127121174852 5.6132326670228885 14.19627485947115 32.96165409014787 0.5053540931090603 0.06861640675178075 0.4244572964720769
242 7.376752083759162 5.773408754228557 10.992340879904036 2.011716597683448 9.023806846276521 25.579501236746594 3.041876365245036 0.31254179297898704 6.428428724778546 15.566017992844042 31.687455716576174 0.5093590308899869 0.027547050087441405 0.42781513139759597
234 7.787368781576765 5.323949178739668 10.042326198547082 2.838872647210528 9.655913096561846 24.27596005818587 3.8514063892074057 0.9824753964755524 5.592731241041228 14.814211881516112 27.923074448560634 0.5041993204346802 0.07964716410847779 0.42200652463357663
241 8.075563889003279 5.380272659462334 10.921539362679221 2.229852649304378 10.044041577982226 25.346971791726308 2.6421255594102195 0.5358880192955336 4.590927636620443 13.694084829083938 31.091583059659403 0.5093147875152533 0.027106094041085025 0.428491651324543
216 7.67081381631616 5.534867456887059 11.263767355283907 1.7744040615710293 9.373607363651013 25.530831696477314 2.951370747271508 1.3031840670610166 4.134497563512816 14.41916753011264 32.13786458238278 0.5082641041175465 0.046666823103521986 0.42669989261924723
217 7.534399215069136 5.502125632599309 10.571742226542 2.501519186079399 9.910447334511431 25.32996565714874 2.6916250225818366 0.44526474829288004 5.865623650185634 13.221913882353176 30.987615263982573 0.5088308375231209 0.04038588846634803 0.4275554101642244
218 7.868772095779703 5.918014975166603 10.807960600825297 2.129293171619669 9.321738951539524 25.89051335174684 2.7468331104187858 0.690090647391596 5.725121983298353 14.22062346623735 31.123364583945698 0.5077318979779556 0.05321517992582931 0.42626432249557095
233 7.429738323325628 5.755896297161766 11.147970332645365 2.0470097578203803 9.50215548818717 25.111722782642946 3.195120769290972 0.6242171865092837 5.575415911585603 14.207102757352176 30.493916758912125 0.5062883783131099 0.06600350015488286 0.4247909679381877
219 7.579169603798304 5.194879527002559 10.277510884257516 2.671777584907209 9.41299958073199 24.71169943741312 3.214726858789543 1.361519056272713 5.265362413640215 13.239173216356349 32.44713813488084 0.5014270357751597 0.09383935251533386 0.41971479526306826
232 7.339372733505021 5.682919373568484 10.72224417265533 2.268528762603142 9.467013939227664 26.00568066419827 2.6972738311666156 0.8557336256762537 4.972666593037356 12.491126116550376 32.588035237223245 0.5067676675572166 0.06313926900547966 0.42461651219610275
231 7.452964005199482 5.561014207584717 10.970650934605995 2.094569721699098 9.803931641888543 24.93828718635199 3.073159972443564 0.795538144318795 5.0048260342154665 13.709535067605595 30.870963610227964 0.5075705771077141 0.04979317979770633 0.4260299784832319
236 7.57725032446417 5.864262106518116 11.249203987241778 1.7362189091708118 8.872763152414255 26.213958143133237 2.806184170875287 0.8551928169488452 5.242941004465525 14.47042113405216 33.09990856243202 0.5083931756953884 0.04644713048718739 0.4258306494925865
237 7.554560647879071 5.61569569820657 10.967992941827768 2.1126390300649485 9.97258900395045 25.71770277804005 2.541717962792753 0.47209514515538414 5.747159999922908 13.176259499469069 30.746299382438544 0.5087046402420198 0.04459058949942647 0.4264820065116861
247 6.887154931036186 5.880673582127567 10.960478079328384 2.06850067706764 9.515839648562604 25.935764957608907 2.5707886971092297 0.3997271588050225 6.912183809652468 13.848743681475417 31.16528618492143 0.5088921161518947 0.04142459449895527 0.4263240349873508
210 7.579297678844425 5.747789219526374 10.744599802571713 1.9951333873854535 8.509212684290297 25.55991448098108 3.4129052252355345 1.0032912911367753 4.971658599085037 14.581939654074882 33.99857585037836 0.5083998769779314 0.031486103481869025 0.42779618696176286
246 7.963357285023351 5.362037398350486 11.064497374168678 1.9957991294487567 9.14647157619211 25.645069293235018 2.916218424028432 0.7363925770902903 4.9408287569526586 15.662067911629688 32.10819169892193 0.5075081988877012 0.04506605250740906 0.4274092553495576
245 7.565000740778132 5.746085455955758 10.552585296819135 2.4163092095400116 9.483772296998918 24.872449282662387 3.524089399107993 0.928710056542754 4.552065307861969 12.261985758824821 31.918150791406877 0.5065389138757641 0.05349118651853869 0.4265897658847113
235 7.684298481137302 5.50067687509209 10.736919971470748 2.2014401107916637 9.268645259499118 25.575740808283303 3.1939027039007586 0.657119706542842 4.800933437699895 13.6579650366402 31.875396128815662 0.5086127826184471 0.043374136231662794 0.4270995635786899
211 7.987646046568198 5.525771231893118 10.179423608163058 2.612593471724738 9.567779121053553 25.636182897266945 2.7160522225537846 0.7451853194263147 5.671132008639861 14.037407821130351 30.547032675368698 0.5048271497919025 0.07953053851358709 0.42107091762997356
212 7.360889455515703 5.510209083614137 10.348007639924036 2.5472918603171872 9.811126461146042 25.5161591212017 2.743835364732234 1.0506487509159972 4.852885202923869 12.556556127434645 30.935453772394183 0.5056320527508731 0.06688307755249236 0.4238011441610499
220 7.587941845941612 5.766305035765369 10.543864438354715 2.4603750401960482 9.585806356830208 24.781496248975298 3.3274816476239253 0.7721220690698326 5.15936610233346 13.004746190669579 30.778611693033945 0.5096964448628153 0.02463869063003872 0.4280735642652174
221 7.994839665010281 5.14414246365881 10.79077973144587 2.3118926195934817 8.767191269014347 25.65486337761133 3.0921939418769933 1.0808884565514996 4.64994647046458 15.28886618010561 33.71760091704142 0.507055173097274 0.0564619100235083 0.4247164290479006
222 7.112839850462668 5.657319189925357 10.219591151973502 2.714418510456525 10.245995940732708 24.066250775370108 3.309290769918393 0.77967927844025 6.040300448772723 13.221678116006647 28.530526815352943 0.5032047459067083 0.08660703595816568 0.42120947491792404
250 7.658645603486924 5.513542196850044 11.059672435731429 2.303213331411225 10.302697859705845 24.959934318883647 2.749412321679575 0.4544388728254999 5.458295909888634 13.429313850676182 29.962715373844972 0.5080335353662523 0.05308900570905496 0.42592977937860776
249 7.744504868100833 5.6672789682383575 11.068616646119079 2.0593388001845407 10.008603558109794 25.333615824575944 2.6989627927188566 0.9195370209245387 4.397145903786267 13.058750676419573 31.26448154779055 0.5086891841277914 0.04044866267680143 0.4267816489764572
248 7.676692105099296 5.684895932304266 11.133449418794806 1.9983135256952846 9.82335915287503 25.340088271173737 2.7519569668335504 0.7269088464121576 4.822598580407927 13.604307850521177 31.27153977235741 0.508915331605998 0.023616829914930453 0.42921888988504964
238 7.725302942963379 5.556922886259333 11.040474475640412 1.9837528138004068 9.045430905148653 26.346080705025322 2.5811426769285477 0.5341388092832986 5.154428776548774 14.407144706155924 33.55757102884047 0.5088259263416299 0.03132930987760708 0.4278955439826419
213 7.520028038846323 5.726188431862071 11.368770669057861 1.856894063900083 9.447249372304034 25.52626668125264 2.7951173288162026 0.7781706800215241 5.75223837688442 15.490957343744602 31.053048145352236 0.5085339208948323 0.04749752028166952 0.4263242715992321
214 7.713290520661546 5.49065840640874 10.907298508984507 2.0576895122710197 10.118599754245935 24.606091020064113 3.2794643763284426 1.234379650509524 3.443594036232893 12.504876832770414 30.920032041030225 0.5080795363102765 0.04138464628827317 0.42684937556831626
215 8.363345183745786 5.14319793774998 10.842562466249245 2.572797192546321 11.26211046525966 23.959990780919718 2.742423507876639 0.7982611223786131 2.785514417098922 11.97985517991438 29.48586820562928 0.5086586924809735 0.040419351907221596 0.4272255615022936
239 7.322965982531081 5.679194730067384 10.61683943341227 2.2665564231752615 9.511047347948944 26.13352735451091 2.5067163800639287 0.8966804309312468 4.722355862541317 12.077253432601061 33.087643592603776 0.5094703576731429 0.027516181967139654 0.428492785143791
223 7.235725683457691 5.471856588137851 10.530169432870691 2.2211750459395567 9.219536152241819 26.191183116803206 2.6168166992430906 0.48165467506449655 5.916690295492624 13.657531309189983 32.231517352994715 0.505898584863423 0.05870118002977736 0.4252947811471542
240 7.60713037372 5.598359824942857 11.15222604074646 1.9804764389894065 9.78688471775483 25.4645353425279 2.7241955954995105 1.1375924444194438 4.699433221893466 13.256973404000629 31.69940047058256 0.5086582532892645 0.04244070155349039 0.4267700875309978
224 8.12783314502716 5.042076631621829 10.84802310404104 2.143105928272884 10.097026965236429 25.087927181292528 2.849263376958679 0.6700119004956053 3.967050658088555 14.113037465757483 30.74381584664846 0.5069397245810746 0.06093867869673543 0.42529682959801574
225 6.880936101428226 5.71717985996916 11.059468091816022 2.023362196573353 9.494468483240636 25.059646218022404 3.248157466878426 1.4745358990127517 3.777344968511939 11.799264635644008 33.09745972729233 0.5088987301648468 0.03430611801314071 0.42727901703646887
