# timestep 2700
# phase bcc
# id f1 f2 f3 f4 f5 f6 f7 f8 f9 f10 f11 f12 f13 f14
1 7.894120532605825 5.564072701662937 11.021415214586597 1.880288718738534 8.651409787068108 26.812448760304324 2.5190306560270455 0.47583678889713216 6.635044878968002 15.866976701268339 32.99599830533759 0.5085583162375662 0.048928662196291155 0.42552426056701576
2 7.564814656657776 5.792470933565785 11.008847690233715 2.0820615299370084 9.31625102232101 25.478340929040336 3.038114496735814 0.7420546055235898 5.489793624688861 13.782555810267732 32.37459507616894 0.5089454106508344 0.03906883843140154 0.42740224528847753
3 7.585587895781115 5.679096164042576 11.06599763182737 2.033596039069484 9.054254733109424 25.58004458458866 3.0750215379838046 0.9547121072246371 5.501135902378778 14.920412277906543 32.27629602259748 0.5084266026753826 0.048053552281408445 0.4263949781048866
11 7.792967862128551 5.779000815256009 11.013796799480732 1.8485747116963989 8.03313655852616 26.492061423692697 3.107643953059036 0.4276503675392134 6.5661364870762196 16.256879821150036 34.0595033190752 0.5090812724605135 0.03104602499614091 0.42877470074198093
13 7.589231247895965 5.8150123445538755 11.054427767856861 2.0022429648884814 9.046439032471373 25.335271082646678 3.288472615633606 0.8404265495865229 4.998154326439362 14.127555846695019 33.0061561645473 0.5094548578716223 0.02397228908209267 0.42826945441262276
26 7.55836115959831 5.826711830088285 11.2839221503135 1.7187140941539867 9.061318744729236 26.54994797622665 2.4991734181638754 0.6651631712106932 6.208282371148698 14.391879127451807 32.7397635009759 0.5095579768462908 0.02467159676919761 0.4282400358603304
28 7.687106093926186 5.471019976264397 11.131517115013509 1.8510850085795427 8.849561739527658 26.352406679535285 2.808195203946919 0.7945848558879511 5.192736163974927 14.911291616479915 33.4095133248605 0.5084228882050925 0.047517437119823674 0.42604740389510765
36 7.999065890546708 5.664978796368437 10.651392982838889 2.2532349835078764 8.956703179746189 26.265979290430465 2.6980065540321534 0.8978894995209601 5.1928260363060454 13.611933643270081 33.54085495689882 0.5092678768289743 0.03509975689531335 0.4272431003793019
38 7.803523255351105 5.6725316507980486 11.214625907246923 1.8972968315112688 9.31448248720366 25.387853958743644 3.1429327158927975 1.32856088961685 3.701545963757563 12.909016122499022 33.269699651996206 0.5096456762006207 0.030283609885806816 0.4281165797656782
4 7.390945354112167 5.8714280889637624 11.330986243983894 1.8158250117530108 9.377962884102853 25.660705164387807 2.866082496769433 0.6465060486956847 5.786363145358111 14.362463435397556 31.699502326527526 0.509444320771262 0.021363696231452192 0.4281593741306176
12 7.843159248077552 5.505029863849757 10.662226512648285 2.2993233628758794 9.491021397533213 25.106385522400153 3.2686254416308906 0.74465259459025 4.3809951587831515 12.939153019686099 32.38101883956608 0.5086757118990782 0.03992188068994408 0.427764774598245
21 7.688903081281867 5.812289981973243 11.006600781374395 1.994961345856863 8.800495149210342 26.146606647490827 2.889360023182354 0.7556827186928357 5.590552861930176 14.466479333174325 33.503165232697064 0.5087709380078447 0.04132983405745755 0.42732123872925887
22 7.191879473490751 5.585996600870249 10.209019727798232 2.5883784317099083 9.36102239480045 25.183251343030957 3.201468885512813 0.910857598487915 5.56450048557146 13.222948190985782 31.238740885797572 0.5059090629186604 0.06779709298924061 0.4234365707955789
46 7.765542023830328 5.58151196903722 11.087352026995857 1.8346456111409497 8.681749910268017 26.132639979569436 3.0248520749773284 0.502041221629586 6.031343288360978 15.863516789542462 32.50089188596073 0.5084788906806663 0.04312546402232203 0.42680649172026563
47 8.068198845018605 5.088193116928843 10.659249532448996 2.418971591653715 9.70729921933407 24.90362410515518 3.2081740988960252 1.034887742508245 4.254988178737005 13.799774902926515 31.568753959529214 0.5082566874126344 0.04697353620603236 0.4270879246531637
14 8.00812215518807 5.486347628562464 10.76395503304442 2.2486426166918987 9.75781486832215 25.64519121013549 2.6559605017843224 1.08390244490189 4.642741413956861 13.226474478305887 31.632913231350084 0.5080084940769636 0.041441042558704115 0.42753862613898874
27 7.619212302274019 5.6552900339236345 10.845737373439817 2.258211598925614 9.824004626448534 25.003950454483007 3.0454320034482856 0.77683241981345 4.018313016404986 12.37152581456649 32.159880680522306 0.5099935966648248 0.021496101752711463 0.42901085901856056
51 7.647365239942236 5.369369721922083 11.031126154977999 1.903802188997978 9.240647875389074 26.25398849165944 2.5278150793378806 0.8339454055050951 6.382492547248268 15.251929966862669 31.796206036450222 0.5083043747927751 0.04969258991763893 0.4254743119632887
52 7.729808033840466 5.6599010720715395 11.058637525158 1.9546450270614626 9.07753865327776 26.007998791409214 2.8317761848107335 0.82834954880988 5.759196136811605 15.093013936377767 32.048878616577035 0.5091873722518436 0.036945985066064814 0.42660124811684874
56 7.741374695161802 5.5131043041399925 11.094126077485964 1.8956066685615867 8.65881352457255 26.142975735171884 3.0802639563304086 0.5510682544789932 5.801521960375653 15.33742122605995 33.15068565866376 0.5079382851852899 0.05523136537437591 0.42509173354386254
57 7.773270610862011 5.6360916276160555 11.002539493308834 1.9565790309357605 8.835745412610013 26.069798524988034 2.9660012238951765 0.8828985215160938 4.897493562222099 14.433373009174986 33.66477750356221 0.5099042924163354 0.026251449321092357 0.4278006117195809
29 7.579226208871666 5.822492609438813 10.827270715280212 2.215365846089202 9.73268236061662 25.422487177950508 2.7997753213675978 0.5214421120020092 5.114911802715056 12.846400353255332 31.803655863531123 0.5097393602071136 0.02061820286965495 0.42879881213305054
37 7.555588763073886 5.742302628317 10.94808419420173 2.297404952026263 10.032652686682342 24.593247551474967 3.291445768497329 0.9440164703469763 4.183680288895789 12.268544007089389 31.308330136027465 0.5092302393804342 0.03834957048657596 0.4278881331276112
61 7.603098477057655 5.61398361760514 11.017309602532311 1.7780001959335086 8.477105861273788 26.75466589542692 2.6724887182581276 0.8320837547972565 6.050500763868138 15.378825117765176 34.028706883793134 0.509011874643886 0.03493783094845625 0.42712549835120933
62 7.671519944520864 5.465596821623284 10.73826680572854 2.150182527778464 9.357269818148373 25.660114954670686 2.871992845480746 0.9351387361690471 5.021587757777823 14.120180934344095 31.81171212303727 0.5084146977872521 0.04690813728304804 0.42658621385442413
39 7.65062358169286 5.824633614440278 11.079719210452248 2.0713713190835885 9.591770218515425 25.331063824058315 2.93777741943425 0.9683910339894777 5.165913249798518 13.814187639186525 31.540755514036324 0.5087559688023957 0.03504227157862936 0.42785226563062595
126 7.14939119669648 5.831541449096077 11.134995185518191 1.8341511005337603 8.900816646001305 25.70817781720316 3.093056633449195 0.7009326366300791 6.080767427152611 14.872162548936108 32.33664266870145 0.5083965628166939 0.04454483691291111 0.4266435025582671
127 7.453307227916133 5.7881349538845015 10.989345657634798 1.9404556646878492 8.631276983992784 26.349785515617143 2.894006498678717 0.6677615191506762 5.676986163077091 14.60691422231686 33.25621728123246 0.5081913718275907 0.05053701746096514 0.4252771052459151
151 7.222726245917993 5.539671499726314 11.097651721768132 2.11600908560714 9.837001921128472 25.20179102178476 2.831295141753404 0.5555025442929695 5.067618322083822 13.214072454060915 31.72691789024387 0.5081079243059964 0.041106882768100844 0.42736556851739993
152 7.74428247170271 5.563085789948176 10.957658705505715 2.0702562453898357 9.305936252511147 25.35611407388245 3.056101821457824 0.6511461388183495 5.215304868433295 14.68129829567211 31.821441987100613 0.507659120366324 0.05078685005238676 0.42595785074130726
66 7.5806240858203 5.6866693417355645 10.96123593432311 2.082291116677663 8.952895619172589 25.02685265604626 3.609860434321706 0.7108078586530592 5.186793432564591 15.045519286592603 32.27657194310941 0.5079611426799621 0.04323889342303763 0.42738363287600134
67 8.052438934595553 5.780186931714263 10.95374497360506 2.0392570757913 9.109019647953296 25.700803639213277 3.075035619757095 0.5460848792216643 5.434871687618418 14.481247080577015 32.05302837147024 0.5086530141248814 0.040912800075629134 0.4277059884317894
71 7.43071099947821 5.681356726084239 10.756080166334245 2.2779493902323544 9.25973415816465 25.62562299700566 2.8039683012205403 0.4443885082422382 5.938199965585013 14.612722214622549 31.99487291070175 0.508553330930409 0.045998744912682105 0.42700922944944797
72 7.511093080108709 5.804715752463776 11.24429664035579 1.7116393986797263 8.24379416521307 26.89967112007557 2.682050105546446 0.5883689286604028 6.218822265265722 15.239286122354244 34.94345579317922 0.5099286614430361 0.024133737969557464 0.42848032470782826
187 7.927546531399656 5.638152746982336 10.906513413122251 2.2737309831636274 9.815165685023768 25.25627375875728 2.7905699894122638 0.873387328762016 4.2764599497245745 12.857531964865691 32.09661327509248 0.5078654373131044 0.05155960154038925 0.4255868811936088
186 7.3430343311527295 5.724437454983896 11.303177059011412 1.9636614867965594 9.722705468993698 25.159756602238687 2.986824766950481 0.886601479591653 4.6876601627594106 13.225208322291094 31.539974148113057 0.507872082026083 0.043636775514380756 0.42724887137335843
5 7.665066082500121 5.437609559394199 10.700880446685746 2.3715090237870906 9.828084892327958 24.91286350237892 3.0268423344392086 0.9456402021758704 4.669823152020427 13.59178623228134 31.25073610989289 0.5059234984122124 0.06460475294422416 0.42475732079978984
15 7.550355823862201 5.576351709191533 10.681009324517175 2.436488995501876 10.184021694539757 24.667293237248824 3.0253649596031527 0.8094151580926602 4.223731153664323 12.837838343215171 30.576245927116535 0.5084464760647215 0.0472137535565591 0.42597909448771776
30 7.655679445229923 5.436036370498502 10.761417311624 2.1194144726835775 9.013160619227007 25.680901579432188 3.0951456131651156 1.4317432925908142 5.003566887200056 15.4650382624026 31.15361234967573 0.5060169286175569 0.06637170239589162 0.4247090874070174
40 7.682817788924819 5.625160126394511 10.994826369130074 2.0060502203969515 9.231525759329282 26.536425128451533 2.318996151879052 0.5277167965296683 5.725715479716432 14.424238175764799 32.73721646347856 0.5092564226039227 0.037617149062401094 0.4273818516936346
6 7.425491136953082 5.548181730896987 10.83541856904735 2.313635547942816 10.018398228298226 25.49900180926188 2.503657663456482 0.6724250762722876 4.88581655282807 12.895542440737776 31.444536533941 0.5079806911773056 0.05027227236872641 0.42632917393047365
7 7.578693073792282 5.714963744881797 11.148784372126752 1.9821006968792505 9.611790516875782 25.364358781204043 2.9474338470789365 0.6106967908754062 4.9689209052136025 13.825476849032755 31.671330779200787 0.5095496721682813 0.028681210071421864 0.42843406790934446
17 7.668337066390707 5.727765165505286 10.70313492593313 2.3236412150430397 10.147034857410544 24.829703969667115 2.8435471819114073 0.6546282416663741 4.681932888314431 12.800040131188599 30.789350634397742 0.5084514274152414 0.046681910164867155 0.42611697528587217
32 8.084108116606677 5.206985004209888 11.03211989423091 1.9958080607613637 9.339457139957592 25.919266207469086 2.713886734707335 0.8897130145088537 4.197550529527792 14.03199435361992 33.40424113573812 0.5094070337704183 0.023105156818639398 0.42836582016701663
42 7.357229031226806 5.415906502277416 10.611433244322718 2.2433088062470374 9.361402370242732 25.35255392578097 3.0599189391043535 0.7847285016788723 5.74426890094219 14.226717984413009 31.548323342644295 0.5068067658597105 0.06547286836331953 0.42391291208768483
23 6.956182112123252 5.916511206987342 10.288707069591549 2.9542533668182402 10.806780220067358 24.180564423344908 3.1567576330359217 0.7857386916017668 5.123297947609113 11.322430795059207 27.366230801694805 0.5048520602532627 0.07857166288480018 0.4212964968768378
48 7.32580394627702 5.901226276681491 11.278572016362508 1.8209805836923572 9.498884484514122 25.621201360336908 2.803862363219297 0.511853130746439 6.085629540121063 13.957164817604248 31.591263359872624 0.5095834638589838 0.018540843107050654 0.42813126649094396
16 7.2279828753199125 5.780745300144737 11.576526286960952 1.5021613480692642 8.459204937621303 26.34368945409291 2.9354120754147455 0.908644224397644 5.585745318455118 15.304615339893292 34.37775009652125 0.5085277541265772 0.03646320812077282 0.4282020785132833
24 7.430717557238556 5.4922300801300254 10.690235583268212 2.5322035239808507 10.245622612773083 24.1736224998452 3.17602630108891 0.9748165436446237 4.6665552431615405 13.152209951297955 30.01458787159672 0.5061357067024927 0.06802758237584056 0.42415562604529966
49 7.8743586022865335 5.203568988256678 10.671562125064202 2.4226055324583724 9.960483980288062 24.79605806780709 3.0850740207351404 0.6002358853074162 4.89676046107022 13.972545401691905 30.668813415419628 0.5088172490697558 0.039904090024986766 0.42753528920146117
53 8.033681127370716 5.6167055084984625 11.137049400226159 1.8369312678430856 8.90468735387753 26.047430792754852 2.9350064873380033 1.3176034620100883 4.47387836777542 13.855520787198323 33.81937551458945 0.5090730853817931 0.034160085578607155 0.42760186383485965
58 7.482673031169187 5.854770717268317 11.191614543476955 1.8509730017656802 8.865061752194407 25.972758814409612 3.0126257144441513 0.5160262138145546 5.934673505235932 14.607425679370131 32.900988400072386 0.5098841442149229 0.02738799268284316 0.4274869800900972
31 7.361742002657191 5.742095763863818 11.014588584766619 2.1398267828529236 9.991550874782492 25.083134059215556 2.9369771099040776 0.6957785423873412 5.097558539377968 12.684336466392624 31.032746273321816 0.5077140523081477 0.04853539052450154 0.42623536069708473
54 7.854482733172082 5.470547637417874 10.889643389844421 1.9873715603538307 9.412086010460824 26.116272664124658 2.5939914676800484 0.5206764740522939 5.028846562746192 14.534946838773742 31.780916745830783 0.5091469345114925 0.03213562620662931 0.4279445237210062
59 7.65381556909958 5.793606380089353 10.849241766916867 2.209913830147199 9.629848083814808 25.64292604177939 2.7585747204196505 0.6618873746745247 5.112567061186269 13.24757212439263 31.654194402316257 0.5077719205786673 0.05104240638568042 0.4254185092029736
63 7.42376931768771 5.767758637172995 10.806596348998104 2.5056104386619915 10.096739453628128 24.660642606735472 3.038252479116204 1.0349215880816856 4.585698605863385 12.777345648875738 30.56556090877967 0.5068345449412204 0.0616831236777046 0.42469375538863313
41 7.60576470113378 5.453114441732368 10.82026658164076 2.146859509427913 9.000959966401245 26.34436084876494 2.6582807280071954 0.5652169435445777 5.475988373545974 14.637357284573872 32.96678144771745 0.5079898686216405 0.051213559815331586 0.42620817304995456
64 7.43299248534065 5.64233055693508 10.741453917594791 2.275360177889463 9.756533005449544 24.808691970351724 3.1122316788433446 0.9203829051926745 5.074009115221006 13.547137641134805 30.920213466312454 0.5086684009919635 0.04542479481607723 0.4258842121537311
128 7.824016832931669 5.396835987215998 10.63952585040201 2.203116302390763 9.01227064049397 26.528217350460185 2.5459487159680947 0.8275074715395084 5.451629239142637 14.138146912115904 33.06200538214681 0.5080141389134102 0.049841888553950345 0.4255667163762817
153 7.766697647584752 5.550900270433791 10.99757356144847 2.0078932925378243 9.098441678268104 25.658966537384202 3.025029645426773 1.059701310771482 4.065583619425716 13.992039648693952 33.4721117922475 0.5079082676434192 0.05354240385259139 0.42536705165783417
68 7.721061736967229 5.669785151572423 10.984009542103687 2.2500768178024355 9.757226407471302 24.685482599875883 3.2400746818694066 0.6594120044146996 4.918330580032819 14.213020406308946 30.61488580458095 0.5085018832576543 0.04461881474948344 0.4269526264253045
73 7.7402282102690885 5.818049703061716 11.134009512472334 1.9182119220663152 9.449783356266627 25.890387004693768 2.67889104531839 0.8048986145834868 4.853211391038068 13.326051844173088 32.34917583779441 0.5099255821749732 0.014805297069677112 0.4283126588411664
188 7.818797850180287 5.630795776547732 10.731579156607063 2.0679384154154192 9.364227623400469 25.848770417767586 2.728580088313775 0.5921732827524863 5.5838924281898095 14.679046227858526 31.27063983321086 0.5097332085349398 0.02943019349938488 0.4267318904850238
8 8.137266476860011 5.57747532605694 10.430295982445736 2.7036912992413757 10.11964670653284 24.688206840986698 3.0216605717228533 0.8478926057140171 4.4262872485543 12.8753200406399 30.48542289060917 0.506131896860895 0.06878270267563505 0.42350228858711353
9 7.735904939384193 5.781478205856867 10.961376951785809 2.2287452922331514 9.862974924284238 25.382007423722904 2.8428999555492904 0.8391313238483686 4.449860701462129 12.446524636522723 31.57221714941117 0.5100557364319737 0.021113318834349158 0.42796736242992633
10 7.665314394001345 5.7649618672158125 10.705074451226245 2.1853773392755307 8.721761821559399 25.55906393525361 3.3116582902036575 0.8429874477654362 5.867376608519244 14.284746476698892 33.32191302562103 0.5066650503795825 0.06172497857016337 0.4241209457309096
19 7.6150868775723515 5.882730944569917 10.644584175971035 2.219356703768495 8.757479424579103 25.678271963884608 3.2888839226071562 0.619943761968137 6.220347946768388 14.603307530796133 32.2569828956223 0.5069814532689646 0.0566712013413021 0.42590997463017266
34 7.4905780358827 5.68431144542932 10.714854296297004 2.3160527450232027 9.718862890630387 25.118841245121374 3.0559060963992004 1.092230670133934 5.177084873894102 13.101328812755844 31.057301835232025 0.5073768867292836 0.05677779309608296 0.42529448047636254
44 7.65390586259791 5.614583489357322 10.82983505885647 2.082760375315352 8.439694047753122 26.157728474726206 3.0510935462893167 0.6856883467976833 6.406411115812135 14.656853160851485 34.27715176779395 0.5052936496688678 0.06721519413700106 0.42415003901479953
18 7.700236538793623 5.683551414493417 11.189647114769416 1.9552901196751584 8.800821857899448 25.84943870036775 3.1167265992543154 0.6396591183138715 5.833769842753821 15.31634416142614 32.73229567785199 0.5085837036762755 0.04073081930973306 0.4278246106310308
20 7.470732322752444 5.881171713521866 10.813723649244043 2.1230250950687446 8.688378828997203 26.063622491918238 3.038611559682802 0.6208161768906053 6.207318650404953 13.940912462289008 33.33534799106013 0.5079597137492853 0.044271887315723485 0.4273188936265935
25 7.635848294522678 5.884087420235833 10.996864449333682 2.0463761069026485 9.299082944609346 25.679313464007283 2.8911450217630073 0.9452476595674669 4.838063034677434 12.713251650415451 33.19789556653053 0.5093178495242058 0.02841986911755059 0.4284774618205337
50 7.541795647679388 5.861712366078435 11.037810880283514 1.9043861721874042 8.492526284622961 26.091822323867696 3.105981190386117 0.7457700822174582 5.678915554955623 14.814988976281692 33.66840620635883 0.508473223419619 0.03978051146051239 0.4275045869745551
33 7.375159635150483 5.840971800324151 11.132803465460992 1.9953541747967936 9.425992408840889 25.420317660167548 3.0261541113443036 0.7099291159979403 4.962363808128476 13.552648399211577 31.785546879501673 0.509575220324404 0.03632443927343677 0.4267646937240401
35 7.900819230262714 5.699002869993748 10.885259081270014 2.1958493216511568 9.324095102625753 25.332479057736393 3.0299059542624454 0.5824948683859021 5.386701518524705 14.304321596580062 32.20259135166288 0.5092826191440938 0.0331769552923466 0.4277221732285856
55 7.320757013728698 5.730326312519481 11.17615926265084 1.8271091613407449 9.065294205002825 26.40564487872787 2.5653577559492815 0.6515008777066674 5.411936079934268 14.160190806686984 33.03319925599763 0.5090056339599615 0.04047040525173455 0.42685420662972795
60 7.941116882037164 5.691020523812146 10.808596220399616 2.120170892898704 9.238882626933277 25.99596774192654 2.786479244611908 0.6607004813753125 5.4872119797650445 14.118446078513129 32.13072064667907 0.510040430845759 0.023626455711232695 0.42797251654480467
43 7.5807970200546535 5.756851183519881 10.576118106188778 2.2513790412969583 8.997166490207682 25.88487738540185 2.9710496108015407 0.7245401861238315 5.588154349729715 14.199976209524525 32.0127089386985 0.5083417532998442 0.04642429991137072 0.42690523405842246
45 7.431407353636823 6.004582011795462 10.940423819359271 2.0217861445891585 8.82164800387696 26.07478219439008 2.9357087173649137 0.4141885325562275 6.8753337489222055 14.499440538774694 32.53822833774118 0.5093510239680791 0.0339385889981518 0.42768353039825974
65 7.587576893493006 5.9368835064717675 11.065406200833241 1.8890342247616432 8.781194667294576 26.546596882358592 2.6175012214342943 0.686922502424308 5.911921686974648 14.14805732011573 33.512218896978105 0.509518016632116 0.023492168332569518 0.428545592718436
129 7.733206082159799 5.702740413755346 11.128432055776331 1.9837605852901565 9.525048064249932 24.980910464135338 3.2161785726979017 0.9307428876633228 4.151010078137052 13.384287229413175 32.125207921735395 0.5091855556291549 0.033371906300501006 0.42773796399087594
130 7.401420565106244 5.805895168597723 10.744886293954387 2.27285128290898 9.620017408122052 25.84648349858714 2.591123138396863 0.6999264081719002 5.276887070515322 12.400621292103105 32.39841167961302 0.5084037995398621 0.043220017556339446 0.4265448452347937
154 7.839403544598923 5.736959109811476 11.124165056850796 2.0628532173437124 9.713144805078901 25.182074393132968 3.0398122354359924 0.7794013703010964 4.568859475040095 13.26325489632431 31.79001284544227 0.5093316506288487 0.02763324669855078 0.4279250551307523
155 7.41080316686458 5.5967299859975705 10.653932869320487 2.6548996033917893 10.4534759302913 24.112249974474604 3.30928466026703 0.6097179785575206 4.920166246800717 13.103369780984304 28.761626580693754 0.5079840896552599 0.05276567588628355 0.4250712217232994
69 7.472842702308302 5.609020218321697 10.648742686160954 2.4337189327836994 9.955147808585378 24.74744348445494 3.0244025528946894 0.7985408650655484 4.084322229018428 13.008021060458828 31.34136088690799 0.5086036208936253 0.043232766203346644 0.4270521520552712
70 7.233815976929759 5.735769926312043 11.006982496015974 2.0914067267963086 9.3715882847677 25.373231352438463 3.0832476610713693 0.8631378573924623 5.156890918069416 13.397515602718418 32.17181904903769 0.5094652700674611 0.03238596673196726 0.4277779733857402
190 7.600069246588463 5.651096757412974 10.982133593345207 2.09019883952401 9.505322209637468 25.62868257981202 2.74468589219377 0.7000246425715133 4.8828659811362645 13.382604955562012 32.56648210849185 0.5086985478371696 0.03854629117555556 0.42708611388522355
74 7.614757180841614 5.75484073587279 11.013881552178594 1.9995843199762249 9.239253012382026 26.177471637058865 2.644982431358678 0.6688963409672353 5.318680747002633 13.625920183028125 32.923984297427445 0.5094542814810415 0.028846114417486468 0.42760297677223547
189 7.499651154237295 5.823018262911937 10.994856389869696 1.985878065348676 9.499910582295756 26.090768201340712 2.503045442333605 0.5845926506613535 6.068811603366758 13.957905108934428 31.346426903778664 0.5076372321475768 0.04902729848913154 0.42610717126575587
75 7.69053199591109 5.799381454999252 10.607067968842847 2.4654393912122834 9.672541700292317 25.333559599104703 2.8561682204646 0.8419309722236425 5.540099297259255 13.254258631308973 31.346532459775823 0.5059941026349831 0.06721109106678716 0.4241969861871037
76 8.058601406451416 5.096391224506753 10.828628374102822 2.2806620259125188 9.480122517495019 25.307843434586356 2.9256034021268715 0.6661903565226187 4.743902057972835 14.39621774289714 32.179412956293774 0.5075409684096687 0.05807627474501922 0.42448255464152274
77 7.78235468850245 5.988717065835592 10.694804967230017 2.2275622294973094 9.038203725599764 25.67469179478663 3.117236711968515 0.7788449256737286 5.35493937844376 13.135352840580138 32.897004453245195 0.5089251987374499 0.030500445432344186 0.4286773952256846
78 7.451825504988592 5.698269774035415 10.507377155576519 2.4204563896195164 9.435605376228688 24.865135201040715 3.319256826798028 1.3950607629036293 5.272125267642107 13.368761672947704 31.298825295640732 0.5060391510116274 0.06552498174811718 0.4249152435999364
86 7.746832641896008 5.582676822371085 10.674591814597607 2.194117745622179 8.924262168006427 25.391544211914145 3.3348462082125514 0.9284387862215779 5.4965700852595205 14.265492470156103 32.53305668188606 0.5076853364471774 0.048995929170604115 0.4266910758742753
88 7.5605541137692835 5.7042676245601145 10.669384251206537 2.165009062746989 8.57880600303708 26.144597773797685 3.033096403716323 0.4568313756091233 6.7015227185196595 14.973671058173313 33.234263414111645 0.5093201856561903 0.03331127827981206 0.4276701113110049
79 8.047651702092523 5.818475714817181 11.112386194107414 1.9324582635153842 8.810106320039731 26.134785211489543 2.780178582239009 0.8745309976260405 5.442588739967373 14.61121729484975 33.46489898324929 0.5087713636353979 0.04278345454504981 0.4268741399691057
227 7.6538740435562875 5.543951151653643 10.845126927777605 2.0691497918581465 8.933075248760074 25.831181944472178 2.9244032425414943 0.8025374405319569 6.080467341631799 15.301351960993328 31.90830767652908 0.506024912078291 0.06535660383818792 0.4239059570851074
226 8.012717085841285 5.417679628206558 10.785838316169219 2.1172235929793666 9.117630517643992 26.504360926584127 2.4556325349125574 0.5328718391461749 5.441881341443553 14.78326548387197 32.70707397802355 0.5084649579283561 0.04623759011201347 0.42666053166763923
87 7.652890805753377 5.948435001224257 11.161400842231044 1.692929185162747 7.94159260345932 26.979923503705177 2.80818392335405 0.46911186631558693 7.1113305941609 16.078695580565274 34.377795027958676 0.5100018583548686 0.01899775414262161 0.42818481185573265
96 7.48115365291158 5.558586731059216 10.586150845203502 2.7005822469418566 10.068591269789817 24.592752588422087 3.226199349685228 0.8312790615851766 4.5033431503205 12.351913169731699 30.40943249382289 0.5068059136595038 0.06274395147250536 0.42436060387991226
97 7.592782736693843 5.65437024945117 11.254397304349867 1.916929176642406 9.143511552447578 25.828957807397856 3.017371697992889 0.36779551356301876 6.548372776292693 15.129361487986108 31.940516850978568 0.5084072157673607 0.04455195781588672 0.4261602438049783
89 7.5101083824982044 5.602089754455289 10.931685346203986 2.029080259106279 8.434642722037808 26.039544884866395 3.0261638639540513 0.8857605269886548 5.921244251804078 15.839514537162772 33.70460118211159 0.5080643993705521 0.048932456744839266 0.42637371207648855
202 7.619471500906314 5.334665943935824 10.6171251101673 2.276906905871277 9.297801534959662 26.035849372007398 2.5803409748932533 0.7657448969208804 5.6260945335399475 13.40790545538485 32.943125688474225 0.5070316336779207 0.060371986462866616 0.425006426102878
201 7.802048277763531 5.586017509745847 11.114196407063826 1.9095797039511502 9.114309145521428 26.115237471176012 2.749518574242703 0.7741158205496322 5.096500148415906 14.406067912687732 32.84011231776738 0.50849788932143 0.038514466151838636 0.4279778620305319
101 7.846671043351137 5.395365074787385 11.015559542305782 2.056357104519015 9.071474177211126 25.699311006070033 3.0163851402162902 0.8611114755083379 5.329098029357396 14.929767319034887 32.5285851743094 0.5083147877628629 0.050798272890814095 0.4261583654671299
102 7.469343251210356 5.925208631503113 10.828085707634761 1.989202826180251 8.382574165614367 26.61003380987201 2.869239675755894 0.5519948446957899 6.377076069262635 14.415088596110023 34.14052388820849 0.5096918971694111 0.026372636952682858 0.4283950716462684
103 7.720354839928969 5.781812124936011 10.625860503396959 2.244287390865892 9.101928388783842 26.000828917577973 2.809867082542664 0.8338667722943984 5.286380786008692 13.000784612635673 33.26693114800885 0.5093931207764179 0.02855240874025615 0.4279584229534633
111 7.744095073678647 5.9140264846542845 10.852370116656134 2.021062711974342 8.515164514400976 26.169801934648017 3.108744177440425 0.5033748397913753 6.517999660279727 14.685836707036753 33.42339802145658 0.5090152451167008 0.03757258599338786 0.4271563879905978
113 7.804199923560741 5.773696758491969 10.507358445908368 2.482203814617338 9.692336395617657 24.941292272833362 3.2982521575878776 0.7165061921335796 5.400278600682893 12.85395780049921 30.86203038646939 0.5080524095265615 0.04920674561902812 0.4264252372930762
104 8.016345651181405 5.568477363810238 11.16402136429057 1.8978564689891735 9.027322318744098 25.9581083125368 2.8609657216791584 0.7572120340349178 4.9805151329961 14.600517424099653 33.335597596703856 0.5094367899983329 0.031599210254368446 0.42829175190837215
112 7.801419814110691 5.535779758740438 10.664758264316408 2.102034178673602 8.572269158601506 25.625176084056285 3.339053132344189 0.9272195407467497 5.950936507892569 15.521630607637295 32.95559119437114 0.5070202533347165 0.061657173361456166 0.42436262164288535
121 7.538932175220667 5.842388108352481 10.717370295794916 2.344267076224223 9.726021073540204 24.873606285508814 3.1865061742760847 0.5926748003302561 5.147391113837302 12.927645680573557 31.37705723503491 0.5095442262898887 0.027271365910092726 0.428044443698501
122 7.154224981435579 5.907107493719204 11.046815803611812 2.0285441709367964 9.109764021216868 25.52420254446085 3.2094233555508036 0.5788979116043025 6.1447810519172315 14.073349444526674 32.23146772414731 0.5089234451107542 0.036674630243915374 0.42713117812817936
114 8.03850996367264 5.507849268864874 11.093517051069833 1.9330904148275976 9.00642185019083 25.44372313622144 3.274372151074189 1.1899955606431702 4.6597901101629216 15.275463727100501 32.26951746101447 0.5083296706405571 0.04499094264287001 0.42578040378550047
80 7.556004739216618 5.639520346543841 10.668050098549392 2.271303275298012 9.295690744729775 25.5642202064702 2.9787713246953222 0.8043766979559989 5.857128426819177 13.61423199782945 32.281888069230554 0.5083652825840879 0.04053658702745365 0.4274477104447883
90 7.636306516492282 5.809062840643685 10.71374697590824 2.253220608263626 9.742780924434369 25.129032481860975 3.019235740886549 0.6099939204677828 5.096845355827201 12.678786008545162 31.41258077101088 0.5090823381916304 0.03169177258580183 0.427906961500834
228 7.571521883473711 5.576096692294376 11.298501248605872 1.6655630859790698 8.655256966316315 26.86698570139398 2.497753329125829 0.6035882268085042 6.455913893287795 15.183782677484484 33.68163425542825 0.5083631477845693 0.04280360642965447 0.42705074138718463
81 7.6043704371024345 5.661509969509407 11.512958255868385 1.6601851024952168 8.877197962984571 26.333428531364508 2.634125998283932 0.82047550884552 5.16187151528737 15.131268088076656 33.5100661853219 0.5097930355215736 0.02519406355748197 0.42833838642702193
82 7.171941935319341 5.7510779784464 11.193098875423388 1.911966369046037 9.595272870912707 25.556029437081193 2.8665906846506415 0.9717419661342775 5.24548322610184 13.708657171354558 31.193948716952367 0.5084016873810822 0.04359850115951098 0.4273470906784406
92 7.647321939479756 5.622287731961957 11.031751945060742 2.146481636706597 10.26811281743098 25.149524331574437 2.7676918114442004 0.6505066180526804 4.527013879178703 12.56554033102239 30.5941913490916 0.5100225569048247 0.015907560587438644 0.4285024089836917
98 7.8891954867134855 5.662943957391267 10.844423756609075 2.1948576176142582 9.76748336747607 25.58555170733543 2.664542721367422 0.6660436754018443 4.608865829293267 12.84376075579122 32.1012273171541 0.5088205313784423 0.03452878704750466 0.42824661774222605
203 7.485338397761577 5.452761000397396 10.713644522515152 2.262901502467966 9.549643711323911 25.59144978286565 2.797613714683749 0.7432489137371129 5.970119606534248 14.141788871725824 31.072227822203207 0.505766632234455 0.07242806210182094 0.42127246426152454
91 7.50747741923001 5.475373615647901 10.966520561458989 2.273034793337272 9.826116376706228 25.075059963589496 2.8142380295311695 0.9008954657179252 4.04353037652141 13.547258512857882 31.810290669821438 0.5078151232892221 0.050935854568057895 0.42589781653287573
99 7.24075164888753 5.848069957744122 11.25113516145253 1.9412591696799069 9.652433424168178 25.65764365939676 2.726482869685193 0.6775507152762974 5.569562238228563 13.664653149411471 31.4376711521574 0.5084316303749296 0.0421846066028749 0.4275588635484464
105 7.458967753968825 5.686950815569249 10.856509484028411 2.228065191365562 9.917312514447547 25.154454502843247 2.8492068021839576 0.4843923087464737 5.634950415718258 13.029107891694967 31.226323680070724 0.5095604129788672 0.02987038266378318 0.42788540860461893
115 7.438205340501728 5.695889043464408 10.801521927889883 2.233504318327571 9.996290803367978 24.36567332877371 3.5887025493855953 0.9613973319155453 3.6455098746974617 12.285025428093691 30.616747727194987 0.5094217953780867 0.03141470797255242 0.42726487033980215
106 7.774813064730852 5.420100099510983 11.218403401348187 1.890553632135907 9.300793324315658 26.151244299225333 2.527743796828074 0.8495779824894613 4.402533709035592 14.247602939657945 33.34250781903124 0.5085062099634623 0.04116525920675766 0.42740638723299584
107 7.12960656777026 5.769922374077398 11.044947499130895 2.1178217181185204 9.805838268633908 25.78563541459386 2.6366759209967547 0.5057580383089717 5.548418337546171 12.960939906807972 31.494262026452173 0.5090039501833149 0.03758274695736179 0.42766231647306086
117 7.628490114671557 5.543867665868987 10.973801006843201 2.351860931776513 10.950773685630345 24.42618874729402 2.7369928696110417 0.8648400485420508 3.7386280669290675 11.703569757241782 29.62416972657828 0.509798492575203 0.01805498006362971 0.4290332302372763
123 7.552513886997 5.562444073873769 10.368335566565658 2.595508084693305 10.108100071019527 24.69549350777056 3.0600585783657213 0.6887823060623223 4.46623232421648 12.834038698649346 29.71868853222266 0.5079226466477915 0.044858862028560674 0.42726355090315177
116 7.7166245087109 5.356444815487175 11.007925763082838 2.058218962227749 9.716994054864456 25.78603885763535 2.6081450806757323 1.1031680989933133 3.9119564934680398 13.111100177550103 32.208902162239845 0.5097347600728745 0.026956692371519854 0.4283150818991063
124 7.16498841110188 5.363687475162815 11.239646344305228 1.9250338561515588 9.642531538505038 25.002711215086592 3.163830293276616 0.7305298938252939 4.7003720147126495 13.711151486669056 31.932922650644727 0.5090982533980282 0.029150046403596468 0.42843751523000023
229 7.851297411090294 5.536897759206179 11.069587818282072 2.0117125000727336 9.180916524063901 26.580997230891835 2.337628001359996 0.5485812816290918 5.465399993466223 14.82280127530135 32.77580974554005 0.5083053772770173 0.035559882779908306 0.42756026038992484
230 7.717733648470124 5.861975057623471 11.454569801443304 1.6452004796925819 8.869516571749385 26.329093330984108 2.7105093088321435 1.01213135417629 4.946816062411628 14.078984595975113 34.14423446343414 0.5101666590154015 0.015273690754460294 0.4288885358518951
83 7.6741271841013345 5.495215311223271 11.255917645314609 1.9283187172040155 9.534779293225357 25.978824737986024 2.5369012576606766 0.5671832398362082 4.949590548871977 14.075456229235371 32.41046803187772 0.5088155552696217 0.04018977056478595 0.427253102146225
84 7.802294342968262 5.4856599654503855 11.093379186178026 1.9572056212204654 9.27652551318269 25.7474660954603 2.8691825328417315 1.2167018009714192 4.794826881577147 14.399451554091799 32.282301217524754 0.5070565965478323 0.06018830844169266 0.42399320064360324
85 7.769444728211373 5.67415850686735 10.800727916315173 2.204255956499466 9.59219827673792 25.08659502753532 3.2085548293319537 0.9124404204509526 4.589568240661842 12.826057420465286 31.880530771022137 0.5082704552776732 0.042736487577464975 0.42730530216822704
94 7.700124303279118 5.505579732632253 10.70125092524207 2.374950317261001 9.62625508113998 24.933819227842204 3.2670507233794135 0.9959076496095209 4.319785345482711 13.52098480482304 31.300167065408697 0.5076495113951757 0.05185331588522447 0.42601763505889706
205 8.000912136527097 5.431069188891077 11.210234248894203 1.8502801034026728 8.998928931300757 25.84482588970449 3.010465611708321 1.2612318523904174 3.8453822297529907 14.139781144510637 33.967963237385355 0.509736738974041 0.01936599004207234 0.4283803674968121
204 7.279400490334402 5.365251168758053 11.121966273595824 1.8875358638269621 9.044704324517074 26.435838404011015 2.5128398019837195 0.46648235792520987 6.1036607668523 15.312764874635768 31.925468563142257 0.5080643821209454 0.05241061034985319 0.42599375620649405
93 7.7399798178273915 5.41369525600315 11.49619366086954 1.7376779200789236 9.054922964013292 25.795731173045407 2.9245596387175716 0.9060707061112251 4.7106926273839935 15.457643337537801 33.13853968692389 0.5093141270261444 0.031423942384495196 0.4273338059831949
95 7.957426173514431 5.632498417845823 10.758658815149815 2.123059880580895 9.024543667010255 25.77401815062319 3.0938526894084273 1.0439027200444797 5.073013888775322 14.405212693389572 31.964666474555035 0.5090763377936717 0.034498909649431475 0.4281069507754858
100 7.633811029253971 5.68224544190275 10.807648829271065 2.441152752713665 10.093532234301694 24.880403010323345 2.9437437517642926 0.5517199480896575 4.846668044574388 12.929174691868404 30.83487263184706 0.5088481826099773 0.0379294148795771 0.4269329208896186
108 7.531495871171386 5.890692190324163 11.341346706758737 1.6680644453036468 8.644095106913516 26.595256134947974 2.631650247242824 0.7892013994797888 6.128515747830923 15.001873840592776 33.78808211714008 0.5099556971624931 0.02060986025032072 0.42845849207741016
109 7.600301038877606 5.711541688933999 10.978591310408218 2.038263179880007 9.105442140326577 26.00515058981735 2.7424856969083047 0.6426438201934446 5.3653844323974464 14.36980541995714 32.95935619630387 0.5091254834823125 0.03328448025539885 0.42771022263497765
110 7.463131074907976 5.664266717350333 10.622443501836855 2.228162231326883 8.63231839018176 26.320172203503436 2.866528051158889 0.5575019660495057 6.2245428860832455 14.143634995635443 33.91862098392044 0.5074836058144531 0.05415724077791512 0.425742050829942
119 7.563686132607793 5.770987433855031 11.05749598586405 2.0684005379300703 9.379087148503487 25.21878083015897 3.0732414699721446 0.7760618931086296 5.219998420637419 13.964400278723243 32.33764407738805 0.5096521624487287 0.026651831520769408 0.4282118354079647
118 7.993183410356255 5.627213229740705 11.073930621500022 2.111244165238064 9.583895138570481 25.654980793096314 2.639759961977749 1.0585334769845924 4.8209517057111615 14.193030939384524 31.95081813490637 0.5091445138056625 0.032966905666058845 0.42812171153892137
120 7.874118822431005 5.59346169994814 11.002791659246403 1.8921926708071763 8.312149563490708 26.546486746194027 2.9490423841173845 0.8478457244386534 6.281882019240074 15.51259862468879 34.16761737016046 0.5092136472798026 0.035997800469545004 0.4275869224807725
125 7.388701765108335 5.709464542503484 10.663098328820734 2.442767909445714 10.089433911557535 24.7216347210661 2.9909949111070375 0.7674500040942488 4.523657632211806 12.399025402379815 31.260789988181553 0.5097885841373455 0.020651749031592708 0.42856907917049336
131 7.735737852359149 5.752554682526298 11.511328080175144 1.8746345058869773 9.945289268857463 25.83014301656542 2.3390660901844362 0.46815676969292913 5.451650240408289 13.75568391139779 31.5462461717833 0.5094129115704176 0.03400937101679428 0.42759418107516894
132 7.778015960126357 5.639683196997278 10.971435364008475 2.3439228146131317 10.58370506602279 24.826492053876347 2.5951479139027174 0.6572028444724854 4.247680421879498 12.3349683883091 30.35286894936433 0.5099531724906401 0.022474336517206237 0.4282354104904472
133 7.573416885066785 5.795014082810289 10.710240796152009 2.258198017015857 9.594272473590227 25.13600299830291 3.139422609768447 0.6482294769596644 4.904501454499965 13.005792967260936 31.55241745222998 0.5099642750434693 0.022280677442330997 0.4280350609745339
156 7.715378348723783 5.360687373824603 11.250494543816288 1.775761577533035 9.135118531156333 26.675410738932754 2.3267015043986117 0.7128628401529497 5.606066971157379 15.001383643001866 32.799377066854234 0.5077184417709022 0.0536081590570318 0.4249433433132449
158 7.707576799420381 5.7178070937374175 10.928972442195747 1.998277558747655 9.283172884621004 26.080804043020926 2.82025710079338 0.712003308966735 5.273948367121173 13.536061130412348 32.38738901880722 0.5098909977332121 0.02404071464735336 0.427448230453028
134 7.761525726556978 5.867650278955881 10.933038381950052 2.124247957295298 9.081785916198474 25.30594489944408 3.2569644332642 0.9871636229120372 5.03179594431824 14.209004980238465 32.20898428181182 0.5087778825505964 0.04255158341953841 0.42720058372429254
141 7.733933862240736 5.5274700323904025 11.404655301134424 1.8255362404879762 9.739363147716086 25.776445005697294 2.58422350539127 0.8796710220715875 4.35370810879953 13.862350965778479 32.109559864428256 0.509745180534807 0.03382323961777262 0.4275658472499044
142 7.439962205696582 5.678546647900007 11.268151846661143 2.0084433608728562 9.684077797272796 25.272263144984166 2.8695251617819704 0.45516229167581385 5.222972460123668 14.270796355369471 31.511451100698164 0.5094093474116284 0.03235338816863961 0.4281078868757652
143 7.7179611326410535 5.717568818117504 10.907500589888869 2.126450325269171 9.669857449796254 25.35382975590182 3.112235890662094 1.0414522221044271 3.9682010386727664 12.177072231652485 32.210996805134585 0.5100117111910019 0.018152986482254815 0.42818694526656104
166 7.6521799267502315 5.3551848968493 10.996164922321164 2.075078635058512 9.999087468725616 25.551922439177684 2.5660274046789886 1.095091962728437 4.131434973980906 13.484744514206497 31.26326833500086 0.5080564768147067 0.0528578233180172 0.4256212710108258
168 7.48798900863635 5.4800404370920495 10.69987678386509 2.1385191296731842 8.922619911830695 26.11456156623947 2.828052741564869 1.0379780354388863 5.41872697064571 14.217186416418588 33.19087156637295 0.508882700135585 0.04344621524806669 0.42679700936913667
144 7.4899784085148955 5.622272090568126 10.877557474934283 2.286484140646317 9.986282416941647 25.014421412706977 2.9343610737795953 0.7322060856416396 4.901189051702763 12.756474133992072 30.806130796701595 0.5066708439812329 0.05487775558392807 0.42666713353637775
157 7.499524801940554 5.613812365184878 11.085646180491649 2.168024357757908 10.423334524113638 25.257938476582886 2.4444812217600913 0.6941248773814355 4.60004551629543 12.131231913521201 31.187999485784427 0.5079510011003534 0.044033232711475 0.4269175831773575
176 7.64831531402991 5.267813067056802 10.962187436717588 2.2064477496228423 9.81812743780351 25.081627482723427 3.0530092684988457 0.9280879219916583 4.868915772556106 15.109174025807325 29.750761872216714 0.5047902258891979 0.07982975128163243 0.4210584365314084
177 7.410901510729659 5.614611581358709 10.692019425040915 2.3539827292187856 9.648555436352352 24.890243701015443 3.4256244826339084 1.2184524160874177 5.109540531674067 13.719557997889018 29.738665461905445 0.5043056625047283 0.0831715124538931 0.4199149724759687
169 7.47057066749039 5.854962467557105 10.7553982244981 2.425420434528448 10.010057124457221 24.710969130724138 3.1535370840084243 0.640551327070254 4.92920040597565 12.655544731943149 30.722549396454085 0.5085562442603989 0.036069598124537354 0.4278942564794846
159 7.703642443159453 5.727973068022028 10.826397999411954 2.2281547694630066 9.48222803410739 25.539607740261637 2.927627085008341 0.6760266337051699 5.320814754565106 13.61716104910698 31.692690858483232 0.508435844918472 0.04558288993184694 0.4272206817402331
182 7.728963827829224 5.66638116232636 11.033192822560213 1.9983668493008322 9.370829392567726 25.89766472586141 2.5736863625770625 0.5739563995101945 5.750333191690168 14.517335622751283 32.11833062951885 0.5088075294655079 0.037522708014326035 0.42776153251309196
181 7.831656685081832 5.194384376603475 11.11720223212098 2.1352998930712688 10.132895195961183 25.5661878143703 2.2829803697523987 0.9538662560165385 4.498216734572276 13.616940436804729 31.692514273413092 0.5071369969512479 0.05731245045029646 0.42554303422339906
167 7.006012887259336 5.790106413466925 11.473027641367866 1.8222755499347163 9.336567413561598 25.414114978532506 2.960799257721543 0.5522029947209585 5.555958671619153 14.701355720190737 31.976864654576318 0.5089116857017275 0.03659393334642569 0.42762699662416964
191 7.42500360709492 5.6987477411893215 11.148539926616188 2.1525282110277084 10.278704334472428 24.833065012709337 2.8832752813236335 0.5659722928958323 4.98955074322253 13.090450154549538 30.297757325087776 0.508004315658366 0.040600231131243184 0.4273348267340627
192 7.792843287700794 5.868072367436528 10.960535493036268 2.088361053479421 9.610960509806468 25.42780326857592 2.900047444717105 0.7590414171300467 4.987024150653589 13.10770733307425 31.734149219117526 0.5099451030346235 0.015394538993276186 0.4288591941951889
196 7.345671475901568 5.7184018626967505 11.009742206830708 2.090074921547556 9.593895382913237 25.567371547719333 2.835671121978872 0.5472720849103782 5.002235621040198 13.25891159563344 31.90596743434261 0.5090773664975184 0.03223813157195467 0.4281227391179789
197 7.7472941184538495 5.876690479322033 11.0949396283129 1.9925053626947218 9.398154473713934 25.730704600409574 2.8358775363502597 0.6783154744004598 4.946863603200103 12.840106007725526 32.927012758490854 0.5090582705844519 0.026410431469362398 0.4284973459836277
135 7.54958551545682 5.938895672973011 10.825489106770828 2.1329574298373566 9.015925751852755 25.7304341640737 3.111900673945219 0.4835008881819792 5.920900136850824 13.821421913415264 32.65084305498011 0.509207164040235 0.02907046208776999 0.4277931201539146
160 7.651000491409454 5.738204026250606 10.427448708396915 2.55130810692236 9.392252896364596 25.777802292701164 2.650739637679828 0.585909714231823 6.242229457404905 13.972541340239784 31.720469109557165 0.5056442439146589 0.06429445149120146 0.42524610354372827
184 7.475003776854652 5.559897649242323 11.28451960659875 1.731878255185514 8.97702358680771 26.585947410618015 2.3700820065832264 0.6066040233125467 5.955162036047354 15.443072562456676 33.068514026453215 0.5086828489160973 0.04076807267576488 0.42541938356296466
136 7.462845207235607 5.662166714270881 10.895458043090315 1.9922912974499396 8.755444870963185 26.167305861197352 2.919803030501088 0.5433763800718993 6.387104676231455 14.676813567554836 33.019945285387976 0.5069159068198765 0.0570398756160727 0.42536184746215755
137 7.293187396127055 5.83827408589716 10.931149201175534 2.080305756522436 9.063753824037388 25.752487982393077 2.982558254596844 0.5324642697347123 5.460457808916126 14.002253763564537 32.74612668066267 0.5089020481242953 0.036904487710155504 0.4271543811718889
162 7.638700417343862 5.919885143323149 11.26189464564005 1.9475413829286328 9.545414978335954 25.774749819047635 2.5991039851985662 0.9144762643718873 4.64859690524983 12.567531173830638 33.2880458328946 0.5094977044330489 0.024545786473400867 0.4280359952798419
171 7.166461480082337 5.835392370338122 10.679900222501693 2.4744961709549695 10.46919115450342 24.826370954232804 2.683422267370473 0.5700188070848912 4.979752508106288 11.518463883500367 30.771387611125082 0.5089096728342996 0.030664935738700907 0.427264158555762
145 7.810220877132574 5.864548929571325 10.760834517124199 2.254253857789289 9.59016757578678 25.382354627139676 2.9162843469461737 0.7565647533664753 5.238380801651123 12.93020309243645 31.881066358049623 0.5086774984084216 0.04051070095572178 0.42687398734137694
170 7.8082803299943215 5.386604585008262 10.940357442031463 2.0316136669530795 8.95670292589423 26.079562544980558 3.0100706801635266 0.7966824155616823 5.409110704223501 14.551735940547092 32.412309567578724 0.5066043561833271 0.05541915638052885 0.42590330660172937
146 7.212359076965652 5.627962843693841 10.638523093615245 2.488957085448993 9.880236229352288 24.780145650821304 3.129394716619637 0.8935621315702413 4.877599718518415 12.788271780299139 31.130412444450442 0.5064282633204547 0.06296448713392218 0.42462481316163614
147 7.642659894467564 5.639500786808091 10.917048721724873 2.211945401943389 9.612427531793251 25.62176322664572 2.7370153860105777 0.41009956991192814 5.665664020629089 14.15741376027356 31.27545036765746 0.5084291313041348 0.035710203496470166 0.4268732679063772
172 7.267306855488869 5.752674203367883 11.302601160781107 1.7673389455801307 9.033997753410318 26.51525109765184 2.4690609489720967 0.7628109306060471 6.217187005052977 15.092649397404177 32.019980358506366 0.5094059757613284 0.0315815882314316 0.4282576754510529
183 7.7091473470915055 5.611045516401464 10.660160877290012 2.205173858656822 9.332287611601847 26.07890997072394 2.601275611068901 0.9400307677580866 4.980240273170769 13.3383961748822 32.280373812185346 0.5068764468207436 0.06354460503990951 0.42412334368839777
178 7.529462639887462 5.469320725880523 11.015903335244944 2.0215582490832884 9.148249867021518 25.453573443847137 3.1656114145942924 0.8301768097602321 4.87625028186794 14.031819516880008 32.89523236755655 0.5085611658641372 0.045809787761389456 0.42658446873667194
161 7.194312786065362 5.751622123012541 10.736779830712644 2.270781178097101 9.547145818800436 25.52131499339767 2.728855751057577 0.8954285329665135 5.8794806473296095 13.531589925415714 31.424287471002796 0.50747532771956 0.05222557873432497 0.42581295722204865
179 7.57648407891361 5.662966004650799 11.2142941390936 2.027912648488591 9.639379503393824 25.669161382945994 2.679608445292763 0.5364784639340128 5.167298532729117 13.943253511111127 31.87470893066394 0.5098196336791317 0.027599659923784155 0.4270055253061375
193 7.5401367535108506 5.411822950807871 10.984916395232375 2.0797657958096916 9.48313180409446 24.988288225003274 3.267990482901507 0.9694538530071883 4.770872215711839 14.602880857147799 31.25842477815135 0.5086001669582495 0.0370396453288177 0.42773403743126115
198 7.21740853933294 5.673887782184432 10.793300243745028 2.323390362191085 10.051626819364872 24.789235913433416 2.987454883696526 0.745145688848856 4.395566156533308 12.562504348208646 30.941548020856096 0.5085485846549616 0.04202054098313965 0.42717043939621485
185 7.513351660110547 5.678872146989004 11.402406219542755 1.8451297057239942 9.612408663230385 26.17598295096664 2.300978888011832 0.7758668365532911 4.783985508797339 13.705844235927938 32.47088900153855 0.5094420108235822 0.029543058996725498 0.4276236275825863
175 7.79589889442119 5.505815868603099 10.967444251486219 2.3155186900978415 10.601511167980416 24.70908512212755 2.7692663255111567 0.8930145581064906 3.5027444728169432 12.1898181944398 30.466089241294647 0.5080494592750083 0.04851116578993436 0.4259750034358907
173 7.364085910200689 5.597632619508901 11.082946426130398 2.126955459061063 10.054006772108549 25.05870544775459 2.928518586408289 0.5024369518075111 5.342458841838184 14.084194701582677 29.767993299431986 0.5088060911971334 0.042967536534427773 0.4264852443325604
138 7.600219994145536 5.606184777222929 10.655492862263023 2.3757307935271004 10.084153049668284 25.170138606693826 2.7131465002602564 0.6560060616236102 4.93089648234951 13.094439876454333 30.65059793769959 0.5087597867623136 0.04244174709526944 0.4261984818525313
139 7.704915565180344 5.664815725479068 11.09520005609109 2.038611496166239 9.82228223822182 25.52353940338012 2.7303693141294927 0.7946166627341987 4.914038382068481 13.538848758134387 31.21581155827893 0.5095312751205319 0.02721177264053984 0.4280857545102334
140 7.282963002210996 5.63970228658938 11.30743755771134 2.0155563909646523 10.20988443732753 24.804976140478004 2.8771517810305247 0.8392001082212712 4.101298879072078 12.76171473267564 31.187410374968287 0.5092111956137867 0.033245425280032624 0.42785259620701144
164 7.991095535113673 5.367989659906625 10.980702454334747 2.0612958318087475 9.585855652321365 25.7518157468564 2.6653763378009536 1.0380143756551052 4.0371361036660245 13.455117618124268 32.65300250628312 0.5084755197585653 0.04049556055663197 0.4273136474057045
148 7.7057557770580605 5.614764180786262 11.292029002132294 1.9529858957522523 9.80270699369456 24.77696622881471 3.2264349654442905 0.9330392846619747 4.466107981559646 13.916061521805416 31.234875214465458 0.5093464740379081 0.026399737854301046 0.4283427718940338
149 7.340315358107562 5.510741920061335 10.945783339814568 2.1489314272652154 9.794870307160558 24.917009424378616 3.2228248385301566 1.1459431959198239 3.983724920374922 13.380562360018422 31.116451786146982 0.5078115154891862 0.05413450705163065 0.42581184583715953
150 7.674119192066019 5.632786024397006 11.102074029805031 2.236580606246924 10.489987668821096 24.76801972164289 2.7117769828695653 0.9495000866833425 3.5988780708090893 11.88347089784395 31.002349271701767 0.5091911464584628 0.03477533165842126 0.4277703044153669
174 7.791125131092807 5.35199094297111 11.217783740064682 1.9674728104294508 9.906095673498161 25.283961507371725 2.817559709990731 1.0326329667266232 3.653679171975934 13.460891644780341 31.861839626012877 0.5091445162239444 0.03628340905670614 0.4268587464015995
163 7.605990650279074 5.802057946044548 10.926952191206794 2.292773711962189 10.851587358775769 25.053866111282968 2.390391371174459 0.6673169372471635 4.508253765534825 11.314586737559395 29.811244562832634 0.5089074938850872 0.03614659760636954 0.4271122297568784
165 7.037745936072185 5.735943889373217 11.226121644562072 2.1194300852618233 10.43121977479923 24.584963430122897 2.9521439590233545 0.8951099369858375 3.8926764952111332 12.036115454058923 30.786508185035338 0.5090700311211025 0.03840496406307836 0.4275435726816855
180 7.8253643964941935 5.57527023470352 11.092926887773729 2.0102477467540965 9.521202357539012 25.610303416796857 2.6867694794323644 1.035059519409922 4.577560240327861 14.175629101955272 32.214777049593465 0.5084633778213117 0.04315522787867099 0.42665544244039816
194 7.203134010444719 5.7785608467242655 10.929693965165518 2.112323248964306 9.531285520681676 25.964345821247136 2.6656719846725494 0.5973480688865467 5.189561803966841 13.075783005959432 31.916989801036685 0.5085941671413783 0.04237716432798389 0.4273023229637363
195 7.490200452138595 5.701751030907897 10.905295682377362 2.30567955439498 10.727151969068712 24.416015847227218 2.9371989575096573 0.8150106804629312 3.7721714484774234 11.456848873330749 29.747557467150635 0.508744965290442 0.0430059168154144 0.42611493769492037
199 7.225376076457889 5.568942612532851 11.235395332744837 2.083986770305941 10.157125026391583 25.256126290489988 2.7160375059372996 0.5353446388073405 4.842946087709414 12.811955346201703 30.765077307951973 0.5085763700475021 0.04704644451983211 0.42626113984463015
200 7.666497273972133 5.750706013595404 10.623048417344307 2.51804078994809 10.6655015311856 24.900356496274153 2.5715878904257763 0.6427192128249943 4.6094511820731245 11.710114990209373 29.820856380259613 0.5087841681477772 0.03483853738608164 0.4272985619270101
206 7.711196215997625 5.503483709323775 10.981929163451237 2.099243127090304 9.826071354210233 25.326504018938387 2.8293351556658335 0.779973130204921 4.166044162741217 13.35698113760057 31.678584755292626 0.5094072445878497 0.02764143926553611 0.42774211790230526
207 7.33489059281408 5.520561921755818 11.117236196814263 2.1631618444696543 9.92867248068507 25.30356731627116 2.6822573536313676 0.7228761996921835 4.93375990398495 13.72245370966178 31.49719539122332 0.5084288693014907 0.04524482740306068 0.42610607079768487
208 7.974867520245326 5.443152930038932 10.76682314497278 2.3415733613578795 9.949133375806245 25.38693410183711 2.586833084199866 0.9081700093102738 4.362804461899218 12.778526171651205 32.058624869970174 0.5087081372613859 0.03776284615915819 0.427227625938922
209 7.663477260839321 5.434205182455617 10.987897371552275 2.066027046138588 9.119119170980738 25.69045912465222 2.906403766260718 0.7154510089048463 5.728876349640751 14.476197941322893 33.06419774389391 0.5082069233275118 0.04830079402556351 0.4265555815039367
244 7.951995386172103 5.719601535368905 11.142437770627499 1.9235690890961152 9.083054396639387 25.8317810953525 2.916231767953426 0.7968131923245422 4.797626381915383 14.004155438553356 33.307072164676036 0.5092991476953346 0.03616063960743387 0.42784867462456017
243 7.683263842548073 5.601534953581904 11.13979268928701 1.9484441838744226 9.42734135574409 25.569437687502997 2.930981906201008 0.7695191765408808 4.943043038945899 14.312648317378212 31.94145413712646 0.5097513643835878 0.025003677223700786 0.4288422707028679
242 7.325536744839358 5.8226283890978445 11.251794082067933 1.9262803812297227 9.649449747522265 25.440671640464217 2.8946392761812496 0.4603542743677355 5.340913899891322 13.574394209158722 31.59632515007955 0.5097642604911726 0.025618157458052602 0.42828101228204357
234 8.12683945341572 5.488086733167599 10.772187933915207 2.202814334684934 9.029506521360066 25.62663333891596 3.0902224875522566 0.7185803749961003 5.0510522279603025 14.662701612124582 32.7885579628193 0.5096002138613612 0.035393430465703576 0.4268979133885364
241 7.445133689389756 5.393172772550223 11.326332515155993 1.7909460120806013 9.325017239446952 26.46090070188526 2.4057580266592327 0.681313190335068 4.911285788412041 14.3955988949712 32.515930430483714 0.5095854423496248 0.02780849773211347 0.42857499095205004
216 7.333699132690244 5.680976201318968 11.579063508082209 1.4623954978918565 8.735329908916244 26.545339934321156 2.673287908508803 0.9535040435803349 5.466586348962194 14.977045199881191 33.60905919016674 0.5094481069357499 0.023200715724901576 0.4281894658251396
217 7.4407862683791235 5.625568722056597 10.520434041174019 2.540641770567802 10.09891762895851 25.099883358019554 2.7392343235118375 0.5689446380921049 4.827681509645504 12.675392712661273 30.831301433146955 0.5092973343446779 0.029817593735923326 0.4280722437717378
218 7.6665325823281005 5.543217402280477 11.203110700509544 1.8571145285309818 8.829718903650884 26.625429000797293 2.5043247307558634 0.4799606986309533 5.961468289265293 15.171079068192876 33.71523680245488 0.509925856143921 0.016933687160082565 0.429122475957358
233 7.549934939105994 5.605306767219088 10.874389077453277 2.27796292321736 9.513639887907097 25.3201196907947 3.0632726743579037 0.9537579460044205 4.789007672224743 13.609755986232802 32.15327042171719 0.5072290914337054 0.05457852009095883 0.42657755596797625
219 7.7301938787137985 5.728445771951591 11.267489582096944 1.726925335702405 8.293068783429431 27.000283082326447 2.5549352337418942 0.37291171408539797 6.5674723004897695 15.922892821899337 34.519640431714535 0.5098543539902188 0.019264221417195398 0.4290552984117682
232 7.50590806666678 5.749504494935198 11.277498445396079 1.848004927176815 9.595599237720181 25.77558464205182 2.651320291985113 0.9936756905574115 4.07395898419494 12.79955809153023 33.020271877923115 0.5100430432983876 0.025118962469706567 0.4283403630360015
231 7.409580369785208 5.727594182041489 11.170408198238174 2.096829418795647 10.2248773586365 25.02255447058241 2.726928107046671 0.7386811707169405 4.853937637722433 13.100160271608116 30.50026172712568 0.5084583495010511 0.03851100301834808 0.4280940325373299
236 7.610851812080444 5.815269868118975 10.802898154718697 2.09372188127511 8.857481419569519 25.901369224078515 3.0992904027018695 1.0575779121305047 5.650047657652717 14.452300953880092 32.29764445335867 0.5058304789114052 0.07038199677029233 0.42317511991325313
237 7.394902190333656 5.580753546112175 10.395146302106394 2.764004443897422 10.500164559570656 24.330270124283615 3.2003669569615676 0.8582901893837855 4.396447467332667 11.890694839144961 29.149596325747016 0.505899795966942 0.07194038741021039 0.4222460088901829
247 7.462063229289015 5.831799438241001 10.901645321987942 2.1647473791529492 10.073723008980938 25.202037995667457 2.750793925015265 0.807004370133339 4.776487583786489 11.601084311573496 31.573590754331956 0.5081465957964627 0.04469218074950077 0.427013323047086
210 7.633380503871987 5.838235163947817 11.220329797432 2.004292848146617 9.541986737943859 25.138146411338496 3.114262624806925 0.9265360871448247 4.493275001809882 13.298737732260975 32.10384171460893 0.5091259610563634 0.032183013889004956 0.4282449828738056
246 7.753947823167719 5.636490944571597 10.893787724693736 1.9657655058980978 8.756859344440635 25.999711072710145 2.872178991548765 0.7050838673268245 5.5240159652679 15.496703881511245 33.2198993607233 0.5082195353828984 0.04917648425740185 0.42634678475151855
245 7.407490539205806 5.906084185785965 10.772093750608668 2.13153184640669 9.127878086446369 25.819952954543627 2.927255394650552 0.3125859549379387 6.550738701097084 14.401230627898462 31.772554520221874 0.5097829277444285 0.02900209497576305 0.4281192354906358
235 7.8874186354239795 5.799860906384943 11.018291581331463 2.179465045558877 9.77969049546252 24.632158363957895 3.2805878823056647 0.7396873507726097 4.623299596483913 13.469019766808321 31.24730820927704 0.5081417065649341 0.03995925738000159 0.4278437352567257
211 7.8964554224649754 5.465482948085378 10.536615028237161 2.4460554880324956 9.602776890637193 25.61319761931715 2.827204694907042 1.1908666683993185 4.294899245520861 12.848103720624678 31.996358023996308 0.5088113964476789 0.04610107230227528 0.42606974631619926
212 7.219481531073341 5.720907348887702 11.001794786216337 2.1224532103484774 9.458192148299219 25.68500349509216 2.6798794489917253 0.7319318172728476 5.509721055733616 14.003525376611677 31.8283432752988 0.5074657311478531 0.05193669709510166 0.42602010708193755
220 7.783597429220609 5.663540509497875 10.91511507594611 2.1166561052408244 9.505405998843251 25.240229319760164 3.0831401648062413 0.5881359340697403 4.917087179377584 13.931123865061416 31.86473386719996 0.5091852145838327 0.03415776903082289 0.42797084810271174
221 7.6272545304733566 5.646213711049402 11.388630115615644 1.709443923426102 8.715628035992037 26.347734091493543 2.8124544467363033 0.5908497788841295 5.683678927440593 15.839688178824005 33.17675863187943 0.5091226817960711 0.034769960453754946 0.4275049857782918
222 7.725136141373855 5.465079614645287 10.900914706074055 2.229816952690558 9.963338891231173 25.553666435065594 2.5026049357151305 0.6681838062018938 4.295274283187561 12.83110465893145 31.913958270307685 0.5095840581998121 0.026598454066569136 0.42822545114125327
250 7.459837468532614 5.49186659304679 10.905450030312013 2.2724872811286723 10.178615306423263 25.031875654129525 3.018969113055278 0.7737125436033964 4.424312134450946 12.666270565193381 30.635134803187974 0.5090248892465835 0.037978874920729815 0.42727691930865436
249 7.538091577427699 5.633009098734139 10.940883891640388 2.2230235585997433 9.72644155755864 25.336350834467392 2.8782409503162927 0.8137610213937716 4.540061228259105 13.216548189545657 31.763018284616994 0.5079882537864521 0.04724416872475033 0.42676240999942333
248 7.870340914973408 5.521340646401718 11.109481716904746 1.998497889544597 9.574150787599779 25.978983910623388 2.5024789369426284 0.501545262262475 5.2011178748892934 14.067815254509972 31.973480397641943 0.5103088140510493 0.01869255023948956 0.4283678345465021
238 7.535441858292445 5.708547559900986 11.148096547330583 1.9623447301646932 9.399330120783777 25.9559503397612 2.6707112638223443 0.7889916061346509 5.145085763098548 13.919902951401667 32.099076813392244 0.5083740946657695 0.05022070488506516 0.42491409595394175
213 7.72419606806107 5.818371995064405 11.233923736813587 1.9245862736009147 9.577169301297724 25.61735984365636 2.7848870317275347 0.9932664135217976 4.546343388609234 13.153385763676171 32.34113784970966 0.5079105085298535 0.03918083348377158 0.4268831075993337
214 7.321622544988311 5.825135647346939 11.177681559896321 2.088765069641546 10.074021181380028 25.02645528522312 2.8457184630287 0.867287046692455 5.21875933307601 13.245886986237442 30.10485591821339 0.5072517600309756 0.05069378226297228 0.4264000905900466
215 7.498642393965006 5.388145899603092 10.7666117195469 2.747450664208908 10.51100597935855 23.832173115455774 3.268446023333334 1.128109577941385 3.9882961039614377 13.295998909661535 28.804207305406898 0.501620146700843 0.09565526363473431 0.419839863799286
239 7.35819393925023 5.717184303159893 11.206959540712454 2.0471929934734936 10.131669620203931 25.23272314061573 2.671059901223589 0.6580016571908507 5.076080781583644 12.580275280613934 31.11535234365811 0.5083773918834228 0.040731595347337904 0.42656945025239534
223 7.861075227164176 5.438482681780428 10.683263414092412 2.4960688156623787 10.252161432393242 25.182527464063497 2.572731074844416 0.8400361105598595 5.1852724898357785 13.294550676905684 30.094967753172497 0.505017527488585 0.0712381355027212 0.4235532816961971
240 7.494571019901831 5.526390181747245 11.335816934050087 1.94622303776572 9.843076361990146 25.577423675692234 2.5929989754520957 0.5154080638146787 4.888791798968351 13.880474360657033 31.710756303296876 0.5088762411139633 0.041208155441980095 0.4269857027595181
224 7.842760708076939 5.71146863217928 11.19742773297252 2.1505733428521165 10.30794330183271 24.89994176922923 2.7591784513222377 0.8678482144399896 4.289523440366965 12.942301149827305 30.35319521575395 0.5072833952284213 0.05226597915214688 0.42650261894678504
225 7.222534654765725 5.783459728054877 11.214940288840682 1.9589811586174382 9.870076231249948 25.15131177057479 2.995242646408568 0.7903313946483397 5.32101441539219 13.039561863348531 31.005024480439683 0.5091158086072353 0.029262893428328607 0.4283380755256393
