# timestep 4800
# phase bcc
# id f1 f2 f3 f4 f5 f6 f7 f8 f9 f10 f11 f12 f13 f14
1 7.777846982447294 5.542202514676803 11.04571406917507 2.0021401609964067 9.133266626647806 25.371493681602992 3.223321426063991 0.8202720621341033 4.521992837795505 14.448143106934841 32.72701187291724 0.5088073003747339 0.04013927282364763 0.426524176864521
2 7.5262021467077105 5.790204777225598 11.02600504824121 2.0437554868961993 9.613537261785465 25.861519460501583 2.601846151836324 0.7809955162905959 4.744867890974403 12.502398961951577 32.75620939911453 0.5089509893950377 0.036966706846248504 0.42769449141145355
3 7.600685268328066 5.440430168921202 10.399826072568754 2.468750719817648 9.762469338077281 25.13837683013064 3.1538461083099225 0.8760710253304576 4.846196446279334 13.32271603596626 30.463155079662673 0.5056365804223719 0.0755458892124126 0.421157585770218
11 7.680783656907798 5.881780752022415 11.211021357379813 1.9533567005845083 9.68371922208023 25.430063892106148 2.8176148700445216 0.7432234683665548 4.923080169683981 12.62254382431408 32.25961588401492 0.5094151325923555 0.03486373412945248 0.4276918684215276
13 7.588365777748637 5.764385654840326 11.095608275904985 2.0853649378616956 9.867392168956421 25.71862310470888 2.618533836253425 0.7554438796495991 4.902420989098285 12.437645698893792 31.73469617967377 0.5079428887870865 0.042773408266833 0.4272813548394814
26 7.784309674621778 5.4987981340250105 10.866088493098468 2.1638589681588365 9.351343002649108 25.419775444133833 3.045485833199881 1.1496498225409626 4.218577230213464 13.666985325090664 32.65907038168913 0.5064607127603683 0.059311406476477105 0.42539599767188635
28 7.6323097051301 5.572512813463294 10.96131474909434 2.2757290112480195 10.300792672942672 24.871074061176778 2.9459977024250854 0.8701713206776808 4.174507560090882 12.4130032125589 29.968427978999923 0.5066771810595607 0.0641037111751284 0.423509971684172
36 7.655686879895722 5.5324225598476415 10.92528550516043 2.166717663329786 9.325057023879854 25.872844958351433 2.6890003962191065 0.7635954781165352 5.192950810988492 14.129316962893414 32.675632315737374 0.508889837262943 0.037060822819869964 0.4273801240467524
38 7.264640402037266 5.741545118798332 11.328404942542415 1.8845656160696411 9.490820964043904 25.788949854225176 2.6618866997640125 0.26415182350330285 6.309135248543902 15.199024793138669 30.84078858452405 0.5090856504311913 0.03166131503422276 0.42724323060205593
4 7.592188771589202 5.631843831584387 10.988687772916705 2.0323808015402625 9.284934476214266 25.227158205002592 3.3875657995964294 0.8073355440655208 4.452472677874874 14.070790258953496 31.515587205723946 0.507784082098093 0.050790444647877166 0.42612259235815836
12 7.490461004731008 5.648815224400448 10.981550752976887 1.9763476767279904 9.011182160792409 26.24777928123704 2.666014452138267 0.8210008315890301 5.417590112796695 14.292197287583667 33.13779117673867 0.5076729860985405 0.053829148616197385 0.425068213500665
21 7.288362361873114 5.768333480075792 10.958806337439443 2.119170422434496 9.363213280349068 25.379534615412204 2.9506777164331015 0.5705648894839828 5.231963212841038 13.989577527072559 32.174046923662225 0.5081114633856217 0.050293110349491806 0.42612581206047434
22 7.803877720449609 5.6654983738176306 10.903688303884763 2.2037802259000703 9.787735101843507 25.526286578397357 2.6277964338293662 0.5223254621447709 5.289441353462294 13.858404131485253 31.115284191414474 0.5085991006893367 0.035595966360129745 0.4273308052809403
46 7.592570854607989 5.541783319208377 10.793053909316152 2.433326470849974 10.100057446679234 24.35255231029704 3.2832050474675545 0.7306609127365584 4.663372303717412 12.892744709574037 30.623821008252143 0.5065060288606124 0.06343501134253172 0.42503102192870496
47 7.48160478406039 5.7490948645299715 11.269489395338258 1.877702671667313 9.145145443502363 25.809211697282603 2.9485773802738375 0.7640238071214848 4.6449696801898765 13.787358744194984 33.46863489888962 0.5093975217693107 0.02512049292824344 0.42805762271370196
14 7.761512791483041 5.218610781591931 11.027005670315043 2.232646318151184 9.748627015651758 24.675138316267606 3.2851916387920985 0.8100596567823031 4.039892574787077 14.740017758348245 30.901310006673715 0.5063582012352105 0.0640255809505057 0.4237852977807872
27 7.548091907346975 5.667734933536057 11.105948844766008 2.0932628526639268 9.751345155943307 25.595020797276415 2.7926064059605067 0.563047477467699 5.591903919146189 14.06378062309785 30.56562894827723 0.5087595868774044 0.04292959797550623 0.426541039887737
51 7.382866722870747 5.7884501636135335 10.954356512207646 1.9877438545540225 8.945309379481799 26.20508501033527 2.793110004370607 0.9999676384460018 4.457008490646212 12.823052186642002 34.47299931361587 0.5090598719792722 0.043620334108032725 0.42723727779872417
52 7.380631182317076 5.850844492327278 10.972480386451192 1.97871329458942 9.048889398162324 26.2196097245923 2.7542736459414394 0.796318066626854 5.6554178708669065 14.060173837608065 32.67418398624238 0.5085948910206909 0.03658305917772537 0.42714356582264135
56 7.597876545707651 5.523739205416484 10.800289213618218 2.1012940203392976 8.856228775580394 25.741325659169373 3.2415742812201973 0.703065276352991 5.135734820099504 14.5667718347815 32.875958182660476 0.5085756069545335 0.046779450539094054 0.4264993712764058
57 7.695384619936972 5.79095225381882 11.188181655405609 1.9551121865739773 9.531343887466 25.749336082431256 2.7661498381379865 0.5972785503027537 5.158443605184719 13.457731806692747 32.12872027562409 0.5090605737731059 0.030575481731479656 0.42789092473631074
29 7.295893400033378 5.718609063326486 10.847909262775246 2.158992347237473 9.330135517867548 25.590031003445752 2.922411869699012 1.0250045625377067 4.205282553129246 13.027006079379824 32.947588339540644 0.5065139223937064 0.06257721340334076 0.42400802016950745
37 7.400214704576967 5.68449591821185 11.300065541869015 1.7082580310240996 8.722169980295206 26.49347065776059 2.798870800258939 0.5840134749679036 6.299074581359028 15.536419494772883 32.74939156327937 0.5089460891688673 0.039125662608874234 0.4269913159276412
61 7.641762821114576 5.7319933585259895 10.830128616668949 2.0828454840740345 9.061922359835453 26.150918311758414 2.7316883362815614 0.7457537933528164 4.8750272116232 13.23674716908575 33.57351019536325 0.5095789371833552 0.018173844667533 0.4282004134584841
62 7.570737573891429 5.798465540578545 11.021496712375846 2.058592189687789 9.37485497998984 25.930517094909717 2.663053724124278 0.6418908142142388 5.199671984680112 13.54265659885435 32.47335482671074 0.5087516687756921 0.04239334304180353 0.42625286665856166
39 7.492326951785273 5.59287483238638 10.959779296783536 2.102407615706549 9.285615698427726 25.982084536272705 2.665463565309764 0.9111772679267537 5.459651139273865 14.0416566134263 32.403751159069806 0.5090262004848186 0.03405302585317872 0.4272735086314311
126 7.826769139649496 5.702182386406999 11.128076110421418 1.9490322998728802 9.517717829639519 25.79713790917044 2.708467873986914 0.6200011094858426 5.899075926421955 14.336036593244096 31.416123116697282 0.5093418347342694 0.03747533385130754 0.42728224248427854
127 7.482041384876194 5.878444521324074 10.945482122788073 2.0814992387192 9.410185542730463 25.842696015536667 2.7802145516753405 0.8130069134122463 5.050388422100916 13.134556589717672 32.066660499802246 0.5094588965744228 0.03094052931002829 0.4273043460214515
151 7.998406055754158 5.612455240267494 10.879083604612742 2.201282506309493 9.776372686625942 25.58242000513716 2.6702303328999206 0.9236684633464504 4.2114739756639565 12.623567992820039 32.37196766205379 0.5092142550302897 0.031530029921183214 0.4283912722963315
152 7.6476370214530585 5.809955837143695 10.868126081343638 2.1989403560072773 9.718985919952424 25.056701610980074 3.075105888747114 0.5111942018025746 5.2800210532020415 13.434943613065258 31.037029499611915 0.5094744302611478 0.031017362091292678 0.427640198436095
66 7.867543319636832 5.8536861503266975 11.265223313218366 1.8930575132815122 9.268266915931994 25.87044235128506 2.679273417878878 0.6488335898194708 5.321366358555808 14.206303735331964 32.87314300476466 0.5092988700748389 0.023915954228172623 0.4287376361499886
67 7.393145098536646 5.714854678754561 10.702402773340408 2.355832099509491 9.799991180862724 24.996623694156437 3.06405687445189 0.773124082563763 4.944606933669977 13.146919235817709 30.934769151489462 0.5084941007254425 0.04682396874209124 0.4255485406217125
71 7.89243094455097 5.7282090470052145 10.835607698637343 2.202647373875739 9.755821097415883 25.340739936240375 2.8365667615603263 0.5766189227773817 5.254984641994431 13.767254700994302 30.779831131730667 0.509498910474504 0.026003588813545617 0.42764774939581135
72 7.6613356364964815 5.923030410957827 10.990825903867345 2.0868266989687125 9.621880262785513 25.46088194087409 2.884173254282791 0.9912418878090795 4.682523339927056 12.820355846334918 31.759287261818375 0.5080416318033728 0.04994789982798485 0.4257687743918107
187 7.299317678594234 5.639605193542219 10.74561877937079 2.1811981446803297 8.84167422649297 26.092270855898093 2.9959315985819175 0.6825997289193468 5.478790451507534 14.48595652735117 32.77739938901819 0.5060556680809082 0.06570146361613179 0.42322432688380707
186 7.224143466135963 5.606087295487127 11.072526793619831 1.8548422685407657 8.765549624622262 25.863471519579768 3.220868895014704 1.0494258577129527 5.324853697921808 14.454633365756681 32.74064050671606 0.5084362970307754 0.03833735040646582 0.4258647097918028
5 7.516012169780829 5.828613003621802 10.972097322198199 2.1543136126994593 9.91305568039504 24.853247717811563 3.082406510864241 0.567054044919256 5.19493044117579 13.63732036799214 30.018519731729025 0.5079742909840615 0.051152103960092316 0.4250413401334217
15 7.268935120848619 5.802872915527212 10.691713640797282 2.3589221549440746 9.862400507137792 26.30960454932005 2.1151289687801733 0.7632602458218841 4.747946334774058 11.133595944150018 33.174808275944656 0.509780083713602 0.020044301089982366 0.4280114248965529
30 7.570057379128748 5.780432678676987 11.073062840517528 2.1571180652007604 9.931288766561867 25.17406859758178 2.8974930561345484 0.7211505662847948 5.082902771057653 13.262766636944598 30.61527839972726 0.5077035594459195 0.05395578185028926 0.42526589147564114
40 7.2611390034318175 5.7391825122188465 10.931184420376642 2.316275099295951 10.283438865953 23.958920012784226 3.375136863917017 0.8434362274686023 4.334611817293175 13.052363569006204 29.574448831374966 0.504988875971427 0.07229536424031709 0.42296984811810595
6 7.771921770155201 5.740318805405354 11.097869645194875 2.0279377459531145 9.700960345437714 25.74107616878348 2.6728003622845766 0.5743139125178949 4.921874847107972 13.352192112297086 31.87337712260395 0.50946431079793 0.022773352452753096 0.4277171843673892
7 8.093470258523826 5.437486733603352 11.371142030717188 1.8310571870327048 9.477845335481089 25.249278620658576 3.103179246509563 0.3340009165611277 5.62844743502958 15.969699120257015 30.66460996381415 0.5098918800442584 0.024191149084564236 0.42800613350787375
17 7.4918576273308535 5.72905418616182 11.306173234900955 1.8226559001528686 9.260665930965452 25.77922442174096 2.8412427256833133 0.7615935289681205 5.076899826284995 13.880160281618766 33.02077200179718 0.5093514496853332 0.03275614992377984 0.42774837341840233
32 7.628874253261761 5.4504856512961695 10.49817003891572 2.2372666122174563 9.355804375817472 25.5943790283242 2.9850464660993263 0.9850724348358191 4.84444397779997 13.647373522386765 31.93000406966415 0.505653104099833 0.06621547148080685 0.4239741076278695
42 7.320155189696826 5.689278474529269 10.585181317639089 2.4421632101523496 9.669667645832606 25.130189276436084 3.0341072647232794 0.8200071540020872 4.693524835702311 12.78578755300446 31.509143464189535 0.5070096278827749 0.06123759267394743 0.4248373807883648
23 6.910981250301688 5.732396557060544 11.108602509989426 1.9911840691630769 9.341185973715561 25.209520106051468 3.2298262490462566 0.7048841464000587 4.827430015657342 13.596580635667136 31.776162108389016 0.5086901859391727 0.03471283870291462 0.4273133522435719
48 7.406365912454928 5.641167534600434 10.431150560002067 2.7596214556931975 9.857388347553453 24.54812295232808 3.2253524236784585 0.9436175312402156 4.140660708942091 12.900825613608705 30.769322678379858 0.5063304971416664 0.0654839339919723 0.4242990424496949
16 7.835327874784622 5.639882355432204 11.234312250667122 1.846197228907655 9.48692697984146 25.674921324226354 2.8809738360420902 0.7649317450049973 5.300162477329797 14.636673255111758 31.07991196101803 0.5077197056992913 0.04049315898206273 0.4262657511376996
24 7.690108577165449 5.565851396730291 10.779961831467883 2.4030275631112183 9.769662186862037 25.10061655204685 3.052014621930469 0.4503691717280057 5.391155818312665 14.34507029472931 30.328437103990566 0.5053998173710889 0.07464075222081214 0.42265654195312746
49 7.601820842279948 5.895683004678383 11.160746492207656 1.9287324244896578 9.391990235067233 25.599169985736815 2.980743117779287 0.5577113992630375 5.411134995698488 13.828556338783617 31.546161451040366 0.5090772731949827 0.03804877915768058 0.4262763415241683
53 7.464231050790553 5.6231831103205465 11.124092721929403 1.865796769530517 9.131893438638786 26.118130994479976 2.766708174336841 0.557915034591972 5.517899317069622 14.288138945343736 32.75881405775151 0.5098368858409507 0.015496183263506432 0.42853505501248484
58 7.688110541934106 5.579059605927574 10.678127767845448 2.383985010565226 10.377183133013197 24.9552186878312 2.7898643010592 0.6336171250665428 4.425177781392922 12.53093171344804 29.9321813499255 0.5092815064870982 0.029638910442259032 0.42757489438595775
31 7.611905829755914 5.690388999036575 11.119428504887532 2.006374492123693 9.674349840906006 25.441466038940433 2.792136633607367 0.5791318835347277 5.182855872837536 14.219830385719979 30.979410907407434 0.5075280356746144 0.05376629074860119 0.4258974343268517
54 7.481245966162724 5.507711767625264 11.129102964912125 2.05325460610386 9.61654540875745 25.655140005975902 2.715543026416197 0.5515091606310624 5.580851198176598 13.645369933722177 31.853214856295363 0.5074154626841243 0.05491678072787166 0.4261439722916757
59 7.238869524968962 5.786350502148182 11.26946702298623 1.8274107692132986 9.120941410363585 26.09895100732315 2.8381681068678217 0.6803799899893466 5.079060073042178 13.687188798460499 33.128853660750735 0.5087269673960155 0.03188373237727151 0.42798072886990207
63 7.7905179973019045 5.918609036666671 11.053378590079276 2.0423126907211566 9.632762478545706 25.327113657546267 2.890873206267036 0.5905939474253795 5.427166654989969 13.854665728811986 31.382891027883897 0.5081703545137577 0.04276401613009964 0.42683006275623536
41 7.480089695414698 5.797353364379628 10.852408611033526 2.083446256634184 9.639908478107705 25.989021167436498 2.5630354337272405 0.8952652123641406 5.460457537023513 12.910809787943426 31.24680441009029 0.5086563458088528 0.044600493154597624 0.42659005429886265
64 7.354692689995821 5.839429913923377 10.865675141048316 2.134209613503987 9.422323590180994 26.19650963198924 2.4722090938973724 0.5725641104430774 5.566137979953616 13.259070440896137 32.045491639541964 0.50886126401267 0.03802602107002178 0.4279705710268222
128 7.595380086418397 5.762349253097278 10.857020204356791 2.0822339225365467 9.40776272977681 26.191434312328397 2.5001454976780773 0.5284003344441242 5.669845316821072 13.481944045006536 32.20799408842946 0.5094414457635176 0.02134446286548079 0.4283501930299429
153 7.440575140319927 5.913078174156104 10.96788827500249 2.0402341335001384 9.042716534509584 26.514470016940795 2.508343099118948 0.539401163359724 6.108974236754173 13.38127235796621 33.536871079215366 0.5093709024745793 0.02232654390631196 0.42838266007445713
68 7.239699550051137 5.462254493296244 10.88147493026813 2.275122469762237 9.560406908534349 24.934730744519346 3.189095065563707 1.0077611882952229 4.771654402693748 14.55226640576867 30.90803877927174 0.5063465057580299 0.06453269379777622 0.42433090404748164
73 8.050278236030824 5.243812714401287 11.051916193823798 2.0709228493016716 9.979012107422049 25.054374837191755 2.9935535405564138 0.513926707884707 4.942823459194328 14.853379495508186 29.90602292638467 0.5089125138573809 0.04004612124656124 0.4269704143659804
188 7.634219655800084 5.52578457987278 10.676113116699197 2.119851773694539 9.209832285272478 25.6622261563571 3.0801008301281807 1.2654988757250616 5.016947601872301 13.999553100496126 31.94145037473535 0.5076791090405678 0.05673326159908347 0.4244855538839432
8 7.242813465706847 5.660232786201767 10.940821929052413 2.0113562372418894 8.953302288164563 26.380736122195266 2.7232447934000024 0.5929049067286438 5.285160448009015 13.399990886323122 33.772144104785305 0.5085254818533811 0.045249517184990255 0.42680311267719157
9 7.833909538377344 5.482689196498269 10.529412876635064 2.320428203477882 9.458908861444534 25.48349548901076 3.089250290573343 0.5248485058111715 5.335755583099239 14.260636949337597 30.57418173525347 0.5067262085429606 0.06650503054174524 0.4240635110726712
10 7.656350082013366 5.611262134937844 10.68338193058143 2.451943801373487 9.842500317188422 24.56869999947592 3.313616910345532 0.5409797569786717 5.147436511342077 13.789308247627691 30.451253753988922 0.5042290298626443 0.08015865909261416 0.42270538853760525
19 7.664313676107721 5.572158738100422 10.443349090699867 2.537464459657855 9.538760078134578 25.301950794652083 2.9770419275106716 1.0792675986192335 4.768037146402042 12.755060740480687 32.31347135079448 0.5047141527873148 0.07663019616873308 0.4226051162715572
34 7.68749879262455 5.710988623086101 11.286512838490408 1.7888808416742341 8.955489604003523 26.48950621775192 2.577390067070602 0.46997717222062224 6.0313381158307 15.166034466505474 32.64339212227357 0.5084937038183786 0.04942405750411805 0.42667971367701124
44 7.55804996305246 5.7319643075888465 11.126982037561394 1.8660007754147656 8.844588466801165 26.24668124100479 2.7813244794060945 0.5267855478838261 5.847865283496963 14.621219237575403 33.29457431734944 0.5095415091445414 0.02582181226657065 0.42856767309991606
18 7.779689829549973 5.665877641219842 10.915883759046404 2.0411593155750456 9.226265875847453 25.694216954420003 2.951633504386459 0.7211059472064185 5.444946322711183 14.304869707847157 31.961186989394125 0.5085787971693464 0.044199501157047724 0.42647974892544466
20 7.768234101616471 5.722165343815031 11.044407359080507 1.9696436558587855 9.098959477105558 25.446793028622945 3.3036954868462383 0.8445825187462328 5.231269912846502 14.782849245369661 31.43660303548542 0.5088938498403097 0.0436773629960175 0.4269779321486779
25 7.523758831677388 5.835345273261388 11.0911387246088 1.9749857764927916 9.326675487381904 25.587200907723904 2.9611410210651314 0.5269582765683821 5.665515310175925 14.055419577506088 31.796025716114922 0.5090297764992439 0.036426013507071954 0.4275035570404228
50 7.660355869919377 5.894612145534362 10.77666823612514 2.2385285319966477 9.60646820328 25.896060129906573 2.5629921479180546 0.6157944320203281 5.330066559150454 12.678861743434366 32.18067707044279 0.508450559292685 0.03786411324299184 0.42780038868412956
33 7.554985447139362 5.757843849382121 11.133167079971566 2.025442620358013 9.649208207368074 25.119005328425025 3.106139754504794 0.5275199731467693 5.6647994406205795 14.365083111123278 30.540029196229266 0.5079118824627026 0.049899007019695636 0.42696498486599205
35 7.774143460723653 5.493074052772401 10.914719568491819 2.2232640417144234 9.669709575947282 25.37087841978462 2.9501755691390597 0.5951713552185084 5.239035308522282 13.661051395644478 31.63043213920095 0.509211513601375 0.03916288113425434 0.4267941211698418
55 7.702337275776531 5.687369758702557 10.805552396346604 2.131259733255454 8.981958581714693 26.125907457253465 2.7826719572612775 0.9596246419903479 4.583248419491021 13.56333168502873 33.56163410030571 0.5083851680422932 0.040661884515717416 0.42741950552807473
60 8.066253464366522 5.752690947353073 11.314217375809665 1.8899682548275092 9.586734416526065 25.442049346847533 2.943440967901722 0.5756376710533487 5.24312786017453 14.472821343259108 31.022293796467782 0.5094638117475311 0.03127343474154172 0.4284919214284789
43 7.68524037744592 5.638048154828401 10.677406648408185 2.2951905287205863 9.434618229288004 25.863598950732985 2.749036545782084 0.7720542842184944 4.724034574746847 12.856280485689554 32.6005107428071 0.5076518180602935 0.051869317650317916 0.42581738655578105
45 7.3782224652429145 5.863825549105665 10.95595122955027 1.9282766213512312 8.637419636134064 26.481627368321885 2.8046938341921206 0.9546894187740633 5.206649364841819 13.592244274810751 34.64954276234606 0.5096322928801092 0.03129932637080398 0.42784559999287247
65 7.881863511365486 5.55629342744089 11.274653759593717 1.7294100854140875 8.529192443988379 26.16628030192096 3.1146142134784767 0.6628730899140665 5.3652655207573305 15.607495906483097 33.67863410239766 0.5088346786381331 0.030365947998596605 0.4281008381398055
129 7.236277264883956 5.845965226433764 11.109523937824862 1.860683913981091 8.513358914317465 26.853578374828096 2.6374915486918296 0.8253467996614239 5.923184435514105 14.063865590332904 34.602072472826514 0.5088486422886387 0.03658685064113917 0.4276486389785665
130 7.878593118234777 5.568784964857652 10.784943160470393 2.2479030823156703 9.472193970823907 25.499738992591183 2.86245734207936 0.9737660524526678 4.576727319885678 13.684622628860605 32.21167316868487 0.5061143796469757 0.06555512845471997 0.42514952752124635
154 7.575432603494957 5.673409982006313 11.040580869394862 2.0296728253557426 9.32165021453337 24.902670231514133 3.4609023179947234 0.555997515782569 5.114609873643247 14.951358228891339 31.20013159945684 0.5092147744282454 0.0358823892396158 0.4270443861407354
155 8.116510429020273 5.620853917770901 11.072308918074036 1.9976854228040282 9.427104971616933 25.600324124760576 2.9136648544106336 0.4709794359903494 5.494139076517636 14.38066985904401 31.694430733673602 0.509612758546922 0.024137720763793762 0.42794693192524597
69 7.19927247821127 5.828064946671042 10.656783445738867 2.3289030250376492 9.552141554565317 25.73787819836164 2.636612662174046 0.9647485216765908 4.899853251153974 12.172764636305402 32.43476070070574 0.5082005673114975 0.04691142898540639 0.42622633322446
70 7.894551191596622 5.712276432144291 10.855573718058197 2.1844296684148836 9.706762106548318 25.345506239833938 2.9256487266564193 0.9137324513641873 4.750585915757885 12.858550822903004 31.78312313145237 0.508681332400991 0.042530763810018836 0.4265133598585204
190 6.887880328839303 5.853784471236334 10.69500246727036 2.5069091499872402 9.98087519839176 24.679382453146395 3.1837963156108713 0.7316700501268018 5.6971460465552415 12.671598034263972 28.924715759306707 0.5036332066190923 0.08716353283592691 0.41975862457074653
74 7.420964039179223 5.554558455759571 10.632441645880819 2.326141798295565 9.72922605752272 24.6299185940245 3.477815997265926 0.6759870064114993 5.297397688739055 14.147227278775356 29.807179866040485 0.5060743821799153 0.061995359172021876 0.42539947838169617
189 7.493902744527104 5.6500803726565305 10.810484815825651 2.2488723748490567 9.43262213859926 25.692976726811548 2.754030273716044 0.9798144337586475 4.173251227401946 12.656930888644876 33.50213710426564 0.5081721292306941 0.04697152842547299 0.42502031778639043
75 7.5775230211256055 5.449873583852277 10.580328579204142 2.3255381741145946 9.253205205900551 25.707321390822294 2.8712571784735967 0.6274934105285535 5.631631870265412 13.63683177543757 32.86448296841026 0.5073172363628778 0.057967284122449315 0.4250207292457792
76 7.5103446814391885 5.73931205669429 10.87755985989636 2.254812897991926 9.938514633279409 25.192562903751817 2.794448431680129 0.7272479615405956 5.9307364193072 13.873097767615752 30.123156231582154 0.5084279093373453 0.04524853466831703 0.42686397010732163
77 7.492047949797733 5.5191183811865505 11.157382906190014 1.8008627318444947 8.436475183043843 26.276178856000463 3.0231042005220097 0.50208463686894 5.6793343413021535 15.871848051708342 33.76481854917424 0.5094039934058914 0.02310814709142853 0.4279066110246932
78 7.799841466398723 5.73064824268819 10.88508493401512 2.2446317288306994 9.723942659169316 25.147281287377055 2.958380341555215 0.5915498592468624 5.82474877420974 14.61523423718991 30.04254672043969 0.5076894336843214 0.052866633153590754 0.4252720937843007
86 7.472301873549012 5.516007769926354 10.943408294807366 2.083815241493627 9.257891378140124 25.686073057361057 2.787941328187864 0.6656408150070682 5.609896376597473 13.808529700849911 33.24413836471133 0.5088967797311689 0.04104615059405756 0.42691739247773497
88 7.85618204558393 5.577040708116457 10.711427988384893 2.2141975064450183 9.499079417087048 25.573209846286318 2.821714946533082 0.7806532542224508 4.932822310092595 13.08202183418886 32.434243855999355 0.509087069690801 0.041381059706525315 0.4263281789615903
79 7.451032083902818 5.815250921828161 11.078597092329359 2.038330208627559 9.569883264499754 25.326145093217978 3.059089337758029 0.8604041222083211 4.939171627440551 12.96587980776826 32.10711932390649 0.5095485073517797 0.024950946332416058 0.4287585252613417
227 7.307671086770519 5.470070717396208 10.256880976474843 2.646736371720507 9.87055062981988 24.78502020078291 3.2006354343660512 0.836725713175561 5.0230134331590595 12.682815144963156 30.189500712663122 0.5055028510378224 0.06763995046609345 0.42410606216129176
226 7.234850669038728 5.51784237458393 10.918032566372453 2.113381644440591 9.34428763213684 25.86107071806968 2.814992808788693 0.9618467151754162 5.16477297542258 13.185922090014442 32.61550598986759 0.5079445577056614 0.05180551883676648 0.4260304825086294
87 7.199959397903066 5.673937823721657 11.086665343846693 1.9029459378571894 8.833281489741838 26.261529546260718 2.921706904285865 0.7624224957274226 5.12893850207563 13.982677918289225 33.28764877869473 0.5093946305001328 0.024663611412203804 0.42853256182002925
96 7.363063792286272 5.878245053829831 10.995700184395648 2.0629018210840577 9.327438226627262 26.248634025273155 2.4702962162977107 0.7024295383898165 5.543111357696057 12.954898126427098 33.11568214638745 0.5084820946169482 0.034589073882874105 0.4259435392486522
97 7.4404218095169945 5.566286870101542 10.395813782378816 2.7335864861800734 10.160059803917697 24.059078154184537 3.473484756606337 0.6378327513966896 4.903641719421038 13.4350001091771 28.786484558126176 0.5047284510237312 0.07798483825524832 0.421595081708051
89 7.800478748005893 5.675898494851541 10.96438032072727 2.088921327137318 9.785783852665562 26.112903335498952 2.380687820177358 0.8671965783196781 5.170172663568517 12.553152202868004 32.06757079233228 0.5094008881286565 0.03199203226088779 0.4280050514839641
202 7.482232109082723 5.522387249589511 10.772603822579173 2.1984477074619075 9.625883768386084 25.45029003692415 2.8602771831132467 1.0282253746758572 5.093131949273441 13.683469878188761 31.035935798034192 0.507014256113523 0.050906089827368044 0.4256732205176739
201 7.673230383247839 5.447883193956555 11.0277536628095 2.0562065084646757 9.446036511692446 25.583097550682403 2.9905824257255547 0.6763057309280552 5.040499458811388 14.068336970480358 31.6295416129885 0.5069619289196982 0.05158690225919315 0.4265785549334591
101 7.146972281734332 5.695257425003259 10.694017670209021 2.2850499858043096 9.247323203140652 26.07650902367112 2.6918709254194497 0.842376983671812 5.426500092484455 13.078332882569253 32.80104047363232 0.5082607147621311 0.04469700122939361 0.4260296907540514
102 7.654775198560571 5.488329566478318 10.645763454478175 2.4358096491656718 10.280359347362728 24.906397378288972 2.787195502500357 0.5986044338398557 5.533031080986468 13.370811418455814 29.26451664443094 0.5054791179932826 0.06789041334255475 0.4239964659369679
103 7.016826234910518 5.741749034655416 10.79972141320056 2.0916228724562456 9.196638262120295 25.992697028334835 2.7943784736460873 0.9759407450551182 5.4184553200147825 13.21747419577544 32.38450739858395 0.505762857041781 0.07376649059515263 0.4218660992801015
111 7.38612778758844 5.45453729394229 10.709758943538898 2.243503392314604 9.499155282168648 25.01488515631326 3.3470547172918557 0.6359329809138565 4.90699518355915 13.827665234515914 30.99430766419772 0.508231336642199 0.04152320995289877 0.4272117553480838
113 7.9585891157648065 5.467597771860866 10.431944646632253 2.3678664317189044 9.392461985832322 25.495513453280786 2.886768510215621 0.6074012819306758 5.289042610110295 14.51456672010769 31.42209066088607 0.5086157639975782 0.04694956181215468 0.4268397526573059
104 7.678632143206851 5.751020385997634 11.014393224023332 2.0148505854689573 9.27173884076639 26.306887082945977 2.491988225829483 1.111988110196858 4.381065118730284 12.580826987408091 33.692387429367436 0.5100891400596046 0.024538889162609386 0.4276997458642373
112 7.41818573754978 5.566506552954513 10.712677570219942 2.1226013510331705 9.222509805030855 26.080640274431325 2.661282728991189 0.7667109231305872 5.530235637971167 13.585735651301277 32.948784583704274 0.5087361343284956 0.043707687778478145 0.4260713671808372
121 7.13405681744606 5.691711273135574 11.010327058563705 1.9570665826358409 9.072680389037156 26.015198089710253 2.9033926404054444 0.4233094140133227 6.103462946774557 14.660188150933411 32.024647419429094 0.5084807454467087 0.0395218781697976 0.42652854744182656
122 7.975322006125499 5.725593084158207 11.172893649997642 2.0063992908418418 9.76679037598028 25.506900093569744 2.656741326549574 0.7906548410829576 4.43142681933365 13.120876243627723 32.15124281510686 0.5088867252769033 0.024363976234256544 0.42837616148479457
114 7.668608292148477 5.7172729044846715 10.844287546438244 2.194781840538442 9.789124755242826 24.986137771055926 3.0207470445656517 0.9252371189692732 5.331649169854546 14.195927618653572 30.23484189323734 0.5073754225380804 0.05308697500216177 0.42538702802061285
80 8.0367249044399 5.441618526589381 11.147927185126067 1.9787709296551996 9.247501037213784 25.74177664095226 2.8794465786018337 0.8752958594090773 4.675408930845926 14.900164420131341 32.34603885937188 0.509495531219137 0.0307919469748559 0.42773740706492386
90 7.383863664718002 5.681175999315537 10.967400011399777 2.1460627110897 9.554846711958993 25.493815912399675 2.7975171298205117 1.1013546380723986 3.8451158404030537 12.450948439119319 33.06094621238029 0.5085669659652386 0.035613674295738286 0.42803120403073197
228 7.615374713684243 5.484921862118515 11.094058804642447 1.9260459191224535 9.030493931151792 26.131772372019643 2.7838776232714824 0.738589312431344 4.725534828145018 14.119579157692845 33.71711019905628 0.5096698406132406 0.020812649535363388 0.4286874955869721
81 7.462686694294658 5.6616980413013644 10.651107454833394 2.3439547746420875 10.108989554228355 24.745029482820865 3.1439712119784073 0.5232988055377473 5.104487260522081 13.653661575846062 29.061902720843268 0.5063444442236179 0.06258438480614925 0.4250829448392838
82 7.754647731106537 5.587966813403963 11.27653850091824 1.9028925921396074 9.74543152129408 25.42933093722771 2.7841753115031893 0.6328410356569257 5.608355802811892 14.370069767611023 30.80694320826937 0.5079345189855218 0.04411854554684395 0.4265738357300213
92 7.228616831189283 5.667415685219914 11.207708746359383 1.9081071705916532 9.167893192649919 26.018137133898218 2.6700341154918235 0.6041397942128572 5.1729762069077685 14.22016550073419 33.15432299144213 0.5092649950834045 0.02933314148793633 0.42776091644017306
98 7.071534514560735 5.786067500691191 11.167922819438365 2.1302324163500526 9.68134528903477 25.194943749475957 3.0104663300447108 0.6728993490962024 5.2217303458266375 13.546991732713735 31.3293595435628 0.5080553708460862 0.05107906489780875 0.4259966468543717
203 7.666687587931281 5.519138077236835 11.366563677162679 1.8199994347878083 9.245266141635284 25.500792359961157 3.0033910914327446 0.5562775591186541 5.07288085685093 15.495477350844691 31.811933221964207 0.5086412204009942 0.04647825751524728 0.4263527096882673
91 7.7358337725702455 5.601948102677246 11.294921000092849 1.8306399310483648 9.436149012438053 26.17181995406386 2.504663661162997 0.8093187500144151 4.741223128694342 14.206560448561428 32.509253022385984 0.5095214274857771 0.02836978944751992 0.428125627865867
99 7.498660144352599 5.708166566599429 11.025272801338641 2.1167304347070504 9.86661011985877 25.515588214116384 2.6509476775953207 0.7244082650222227 4.325446200576156 12.629894600707454 32.13496415478768 0.5090837708658545 0.031575846954864505 0.42758449499745294
105 7.811656678506522 5.600181523651168 10.854779373217427 2.197444886048699 9.546967900229829 25.50422255154876 2.856204728834756 0.6866376854558365 4.741599084481594 13.825327921286563 31.699087702209887 0.5087029673469629 0.04506140620601247 0.4265771175795304
115 7.6310221317369 5.930569017478579 11.399760834925672 1.8636608706639433 9.96367830532213 24.70298777756264 3.2310184267426085 0.5962683228474434 5.117652570588671 13.828117868770168 30.127126974027238 0.5093040260430811 0.031125349402572354 0.4283156692136362
106 7.575606993389879 5.796107017966563 11.30327940542283 1.9304014322973055 9.381164519021729 25.912341633823743 2.586976286223302 0.6954828418977138 4.935969556929623 13.54428096296433 33.34301002471563 0.5096012333523094 0.027452821629801477 0.42795551473634896
107 7.449396960531527 5.733569309870054 11.121701425650226 1.862096146813653 8.768834175975964 26.953009422289743 2.4416305424766267 1.3252706615362266 4.420347615853285 12.713125467841405 35.502167874220476 0.5094198259828474 0.019311862716832655 0.4286069092407512
117 7.422405131613206 5.663237139025837 11.087157341258637 1.9884506640103852 9.360651180414306 25.741004577753262 2.8638511043407875 0.43679378943969416 5.651286488713148 14.379981606982607 31.61408504652322 0.5099260120709879 0.02401332436152475 0.42869913397628223
123 7.291473315470651 5.655729752803638 11.002431724852759 2.0963853530560432 9.511852176350873 25.51719108063439 2.9162179203962126 0.8354680828148512 4.558312368592582 13.15693569130272 32.46771895660763 0.5098212425932515 0.017244354021942028 0.4289643913225527
116 7.7006565907377516 5.458477140718633 10.945387548875532 1.9399336492099895 9.166464635522262 26.07739138661491 2.799627677235497 0.5910633577840214 5.40456485203881 15.044426409552198 31.971113042552155 0.5087768132600576 0.03943668056204741 0.4271199754228468
124 7.644073227811773 5.679721172146649 10.994101052007448 2.288088058267549 10.293821104592585 25.15513000380452 2.5885576133384203 0.5731499293570264 4.92605374696622 12.933965252883858 30.483597011078928 0.5082177510305106 0.05221370976630681 0.4259676790311686
229 7.404042327316669 5.915326372038263 10.818307134849041 2.0643104854300196 9.125281333680721 25.85243672941508 2.933041048126618 0.8665029171861416 4.884716805000755 12.89965382040678 33.33280299764263 0.5092467535842395 0.03352498199509961 0.42791824379092924
230 7.603614687263033 5.487630731855778 10.595171780999438 2.2995089238490634 9.410811046151792 24.938807277301482 3.359328545326035 0.5058478470334389 5.311858767090274 15.195373585175286 30.310543493112725 0.5071541593974778 0.05826265098063624 0.4247140905569981
83 7.950063243839105 5.682592134878814 11.095697982059278 2.01638955983448 9.494751395915628 25.428630122604353 3.0025200536429186 0.6404871589140472 4.984428981346765 13.949002448181059 31.82402976463045 0.5084127003830651 0.0446545628171762 0.42604775228607544
84 7.664006166234945 5.567299745462096 11.177171874353759 2.0532659807986278 9.66517593870529 25.332403196951045 2.9048121232277633 0.5531840905205284 5.512553153778406 14.13710134306079 31.174581126996053 0.5085366312551132 0.04613467318786358 0.42608025478845796
85 7.9054331079874025 5.5852478955155584 10.784226290047828 2.111545854468393 8.962148215467622 25.64885518174544 3.2812681573929257 0.6168330409856807 4.966268999155133 14.859195006973303 32.163304670199665 0.5092125655306623 0.02828053189350165 0.42854402554804466
94 7.917423858968005 5.6768845403628285 10.932191938565056 2.1866710548020447 9.403107271494026 25.5334410928068 3.0040476007505417 0.8722713840375099 4.676286716724972 13.306370826069875 32.28328227469427 0.5075098851841373 0.05229093197028005 0.42612096135804045
205 7.961902089685396 5.75382725144369 11.084360758479246 1.9606849179645098 9.520601742136916 25.678159476121575 2.903433861414112 0.43535122020548384 5.810958249092254 14.693621216544766 30.355775975777043 0.509021524195053 0.03311102848006113 0.42636041781040046
204 7.569820342428886 5.790169670398576 10.90818323764156 2.2201805659406513 9.760930688141995 25.28172997868709 2.895470620610924 1.2252102111786718 4.533029343249945 12.55808476895346 31.644062634798576 0.5092904342623981 0.03249089641765332 0.4279562153448953
93 7.480750951830782 5.849985523034286 10.947415161302212 2.0011927524873014 9.356997381509597 26.386346209075455 2.4657112524477456 0.631374550014065 5.686585845173882 12.999317204484793 32.754408932443724 0.5100768590554927 0.021187545256568907 0.4281512602651759
95 7.514247509649387 5.747548792893922 11.11127987931692 1.9343138540651152 8.979649102671095 26.02337358763876 2.8251058490320524 0.7574634806598503 5.596556242037518 14.409296917203307 32.958650583240946 0.5085103822777014 0.04105078779750857 0.42746928437254067
100 7.861556928295466 5.5148387320005146 10.625533499355925 2.2226795644954347 9.21839583617284 25.22603536822121 3.3372807373333915 0.5468351614865256 5.556928745493963 14.917120587188133 30.446284860608674 0.5082553474036762 0.05181631681975108 0.4260540536587921
108 7.56806571031864 5.6624372260391915 10.854815589713175 2.069267037420204 9.173079140860617 26.001645750234232 2.8175673457558963 0.6556316625904326 5.540460242102643 13.827186273397809 32.64442232596097 0.5089204881849911 0.041960032495061354 0.4265263443808627
109 7.599559362063299 5.815492857870192 11.106961215424867 1.9893697727946407 9.607858441690198 25.867789256467706 2.5399638034848877 0.6788625485905495 5.832793040466341 12.907877238125199 32.49901394033047 0.5097675448196994 0.02360491943896399 0.42861048405892305
110 7.998766902605765 5.720577540277056 11.166212372776181 1.9857278604038762 9.36541199731171 26.07116857434533 2.517646178588652 0.8326339068636437 4.952735716580756 13.198511606062269 33.5175535344125 0.5089096776345918 0.03908918769504094 0.4270537355341724
119 7.7633561021381 5.718186096586379 10.862615365356307 2.154065304496627 9.277971190167932 25.34922517606889 3.232220723298171 0.8692821836655293 4.989921533300819 13.676288490723822 32.11202163513663 0.5093823420313711 0.02896823863064459 0.4280078193511819
118 7.518963733441457 5.764543678464572 10.855812503064874 2.1017089151820016 9.15867980464961 25.88487807715835 2.9225217175847993 0.7618205120172719 5.149676895290416 13.658999415316364 32.58522382322273 0.5082078787215578 0.05103475606685157 0.4262397434935144
120 7.980291169756795 5.4266203315079355 10.907595458738795 2.1361031883801895 9.360006793788576 25.50395906256805 2.941593166707199 0.7616173243137662 5.262072935798162 14.64770310806107 31.889792200398684 0.5081721191836753 0.04556403626033138 0.426333861523634
125 7.713174598437074 5.793023192611961 11.073975446369714 2.0195708743831755 9.43227935725383 25.700085106984933 2.8108595138232095 0.8618251853099078 4.791651605825548 12.95214569101899 32.8588779355239 0.509107546756811 0.03172119230619822 0.42764862940410964
131 7.758783326092511 5.482082016961772 10.904410939003396 2.1272572565785017 9.465468318466378 25.561009783595807 2.835735844776329 0.9784364390111607 4.03355219154752 13.341057868686116 32.97974751474522 0.5089067465720906 0.03703336631568303 0.4280109789869585
132 7.503079793494559 5.740769961111485 11.070719466840849 2.2429779591749006 10.017675733246335 24.772065258795973 3.042342682076374 0.5456003790577689 5.232114930761882 14.09580416902697 29.970848544009442 0.5086947943052123 0.041925608033914416 0.4269815052322006
133 7.855374741296085 5.854921195771615 11.145030648489957 1.9383374887422504 9.648444899661106 25.685415587231404 2.842206457542107 0.5240585438578715 5.929385866844753 14.313525649583415 30.30348532398583 0.5077993919208825 0.051851385068146925 0.42525527571465477
156 7.251220366709163 5.637476487098442 10.649884164068496 2.239054604784229 9.1209411397921 25.607219145654923 3.0674847121451805 1.250500099724549 4.9596208064492835 12.876789375482852 33.23763356739997 0.5082505372350545 0.048760104630204845 0.4269452652541872
158 7.745636492470193 5.613534150454288 10.849006109067401 2.069102381977515 9.049132410708092 26.104974338602798 2.7849718050034347 0.7150991817316512 5.1681490817940725 13.8480488746369 33.225406269153495 0.5095480634316041 0.028299697080606083 0.4282397775831554
134 7.65562807225512 5.777857377248592 11.012524279570913 2.0978661899540327 9.312024188323644 25.395317902525914 3.061999016789915 0.746800407515137 5.036662284658812 14.084887335499978 32.17716204239003 0.5074766149998519 0.051253753050686975 0.42511472325945265
141 7.630512794195171 5.449347465407506 11.116413721644713 1.9203728914737896 9.245618880884447 25.542390353404546 2.964230034363273 0.6634325945317466 4.849366409867271 14.980715345309886 32.23843348102538 0.5082801466195416 0.046150337949653196 0.426843977233624
142 7.226084713683063 5.7507070789168235 10.92146224187606 2.2057924900217585 9.886872606632858 25.862293415503338 2.3921093761062147 0.8049204498764548 4.4013484333285335 11.66488777861531 32.676101004422925 0.5082895135990882 0.046443141575832736 0.42651472780861016
143 7.234941575334353 5.697755180554437 10.888397980728381 2.141267293664319 9.581888284703258 25.896783232378347 2.7338969546364176 0.5150724429500946 5.6079790515924275 13.6510765539438 31.22758079425997 0.5064478386016491 0.05969212862356143 0.42466051887047956
166 7.710803582155393 5.632039800388079 11.190236332415557 1.9348353617660072 9.402461460075319 25.811157898968787 2.9378359258258047 0.9201835118723507 4.8953567326097165 13.902278706013039 31.982486157033726 0.5079862650993647 0.053742564744286174 0.425365377112814
168 7.76924775069773 5.492894875479354 11.088689648304673 1.8881648589929543 9.2598727733625 25.83321711212163 2.881137490585619 1.0558066302876685 5.106571625395409 14.415545291258804 31.960674594203695 0.509085893021787 0.036287270379796115 0.42718999669939406
144 7.243622600030112 5.5846957394104875 10.785092172739127 2.2312909455037406 9.763220841908922 25.214298440502375 2.978294468307318 0.8766645100728534 5.233196029144546 12.790873999117295 30.694350211884583 0.5060390873322611 0.06531952611190049 0.4247011738640599
157 7.20050325256586 5.724375549946415 10.92881281854539 2.256510775957815 9.561340749396404 25.085177656921875 3.268083530185 0.9224225458672057 4.8649552572636505 13.606119365339417 30.967167201190943 0.5071291409357264 0.05961845468792772 0.4252070660592204
176 7.462334115080613 5.849252991986106 11.207250399238417 2.0650326831944787 9.920696012136546 25.559256240433143 2.56393606042571 0.5469902108911795 5.641229855232806 13.378842646418946 30.635059844846907 0.50808821140026 0.04603224336502073 0.4259336669892744
177 7.883431723231946 5.3909079719136255 11.04555928100632 1.9845420080111464 9.415880937351018 25.251406626287782 3.1045171487987915 0.6908823797998809 5.013562760944835 14.906904933890676 31.7824770414598 0.5079875538407868 0.05217753920748334 0.4252280313972952
169 7.625845782677067 5.269027205997986 10.737842233539922 2.5044209818786545 9.754340294722562 24.779227579987136 3.1096526613359146 0.6214558990212221 4.955362612225571 13.765165651391898 31.18105774304957 0.5070779808176226 0.05442375612472432 0.42588306939467974
159 7.351101437830547 5.6361373478081465 11.02297282856184 2.0589577477919825 9.23097831187484 25.744558661743703 2.856566202631071 0.7086861501158445 5.141550284046067 13.281631425969362 33.408232588523894 0.5098270564587458 0.025332298837867657 0.4280268590588757
182 7.400289337500569 5.477878508926991 10.63480033520974 2.132560675029711 8.957727944460153 26.2106221490645 2.7497598154805014 0.6946141425804381 5.178510856814559 14.157588738611146 33.11958160245422 0.5078855616938761 0.05021865778623355 0.4267524729760892
181 7.701783005500261 5.637443657051947 11.396189156267154 1.7612110622324677 9.38753727301875 25.90383704829057 2.7991195479390227 0.5284921070979699 5.4773578270716 14.781590085828501 31.630905128988644 0.5088525048985852 0.03844368709574335 0.4272682513033491
167 7.45749000979697 5.745040581090018 11.109680010560075 2.306569624592648 10.398428776888126 24.607292666971137 3.0770183406247735 0.592019668120279 5.12903017813663 13.06167434792467 28.85758304446739 0.5068561891427679 0.055970413256720294 0.42539603864924713
191 7.530155419443322 5.450665106083458 11.008159464273106 2.140724508432074 9.567134349643425 25.2766306722895 3.0406487267106486 0.4937349015018947 4.8243453431880585 14.181480423431967 31.69212191074326 0.5072936396554104 0.0502806467877991 0.4268679422372037
192 7.31320498007385 5.925677123474202 10.758116263269788 2.1921771903861815 9.492205170077778 25.468828452235037 2.9096545332923234 0.7338995826933012 5.046520683646282 13.120020060035642 31.397486115185853 0.5080410328352659 0.04640378957277872 0.42696692651545803
196 7.749150920416807 5.67238802463676 11.139538857775367 2.0587481909066545 9.82035354333185 25.285795865325028 2.848395605583767 0.7141116762821287 4.7561508331605395 13.509690499198788 31.429511023294683 0.5090009744863112 0.03670344909269736 0.4280771504815931
197 7.4491907349435 5.593882156691261 10.65436138769268 2.268835287626933 9.225524409535103 25.576258661594444 3.0372940557893084 0.4352320131903856 5.676666410078594 14.247224306860742 31.725192701173743 0.509116362614005 0.03018006966184465 0.42839800445194737
135 7.423001307792007 5.846702494694988 10.557777908407536 2.478150959767417 9.952662658317925 24.695414267392362 3.140189737351398 0.7132416025410935 5.275495634186777 13.13017795095236 30.16172108237494 0.5063054107751139 0.06768878252366062 0.4231770800987636
160 7.894844644324839 5.692237387201563 11.207624527169411 1.8799319773069123 8.951953652879798 26.124336280921725 2.8378956543857483 0.8770916568721284 5.013096364686584 14.075471660977787 33.715139329723605 0.5093000626238074 0.03168576009479413 0.42710796885771707
184 7.182509003044309 5.89533605125819 10.777106630355487 2.163012125338865 9.200724487055169 25.769164549549572 2.864341300606363 1.1101259181754624 4.463386521314914 12.209496530016954 33.74794513355405 0.5092707780970431 0.03853920559281628 0.42675981779623684
136 7.831582634928866 5.716279811494359 11.208973336522861 1.9958731758170254 9.547583016128492 25.366100152658195 2.9240070532459814 0.3856821226818435 5.5180838379576596 14.695396164539302 31.15805076363874 0.5079839019419228 0.04270668558036669 0.4270532480799341
137 7.708870055145696 5.505859994138835 10.4749482744363 2.4122087218914094 9.662617129444161 25.56921927031223 2.840565488350472 0.9613664671812436 4.736072686911297 12.617176418265801 31.553427776869277 0.5075660354715406 0.06093178497381042 0.4238897567839032
162 7.462995429242123 5.618801591355086 10.873392579408945 2.1365927633079287 8.881677597077235 25.631857509291898 3.157016651407429 0.4934933950424088 5.851529002473691 15.546857635490806 32.02007581015697 0.5077646620577716 0.05432178239836871 0.4255516987208004
171 7.974072936794471 5.669982680723712 10.974528641220033 2.0634315232187985 9.534917416129607 26.079668828424733 2.5050829752084556 0.5881974120884328 5.153225294858775 13.700353639292995 32.00201557481095 0.5096454778381454 0.024796650511016247 0.4279441338934874
145 7.017684160369453 5.880467619772539 10.373359325173128 2.4507205071097085 9.281694916109839 25.981384900644038 2.7704168404351237 0.7546682697271322 5.247452026238402 12.368514789603477 32.19597151799768 0.5056433300199228 0.07060147242575465 0.42414273122477797
170 7.82226603153766 5.691919476429031 10.710067586608188 2.232571281651497 9.543919711256274 25.272474092500897 3.0817581200294666 0.681399694320401 5.223813000985055 14.158314419776495 30.78986526742116 0.507656539955511 0.047867623096750564 0.427124091459696
146 7.2143390536167855 5.858241070781156 11.094818636105964 1.9491810348507927 9.099538001292004 26.47981801581124 2.5236774389930012 0.6201932019160284 5.384169744157775 13.035076097151306 33.45986460539312 0.5089756573942118 0.034023638799166256 0.4270090144480946
147 7.4905750036855085 5.532517402999364 10.731033736010454 2.325174667130718 9.784752755948432 24.829614506495385 3.1612472618787244 0.947603787543142 4.613329219256398 13.121781372451279 31.264268093017993 0.5061095123633025 0.061752899907489785 0.4248409066302814
172 7.558142453282575 5.590803138289592 10.870331522197487 2.1594883410365724 9.432331373712596 25.399468546229837 3.032346338042818 0.7185456168200316 5.244010109421515 14.212402823153402 31.563863793232706 0.5076951307974042 0.05517301669858114 0.42474900192160014
183 7.488118631417997 5.825241505537945 10.80211592638658 2.134140745644946 9.02233747039713 26.02792853343236 2.89106006780293 0.6325359362288137 5.387658786434867 13.532920558901292 33.20599225385581 0.5084342786751886 0.04285967915890595 0.4264740674158545
178 7.824893144617481 5.848046642213049 10.872225017633765 2.189229747204713 9.576038263945494 25.68736665201509 2.698689014915136 0.43043416288798475 5.996348122138746 14.163271475668395 30.762148675193956 0.5077815498772567 0.050716382908154674 0.42632646957559717
161 7.509597004571989 5.758210116884586 10.540407420493786 2.1916528743934274 9.007399154780034 25.942030814153895 2.9670390426268662 0.9244522806244319 5.209052873095159 13.578075367373316 32.62347943125997 0.5078115171836629 0.04829788090085248 0.4267141560167199
179 7.6601561416837205 5.589440011803573 11.028697284131612 2.0356316989808914 9.387431382690073 25.579223947506414 2.962906810230692 0.6301779660410283 5.0505862000359025 14.147606056219242 31.831472098800422 0.5099928103177865 0.01640340789023447 0.4286959085187242
193 8.120270298316573 5.65064179915245 11.054418907793895 1.9748851428190106 9.413008654650465 25.969322349785227 2.6720714031293715 0.35117515489638695 6.272352429922071 14.561780040345663 31.450462433636005 0.5090657221651138 0.02646529692138425 0.4276647057566201
198 7.556861864351458 5.944916044115065 11.215098208931021 2.086417086224377 9.676760146138538 25.05978245868299 2.9583386043425275 0.8510184996776887 4.903090830113509 13.53587971818185 31.680757954390092 0.5092399470720885 0.0321362770783665 0.4277072770069041
185 7.835792360922146 5.615246923847777 11.199146243907489 1.892152088217793 9.343227988124756 25.570591014690617 2.9302339022597446 0.4713072373378346 5.229304439025913 15.092843215485379 31.514824255392472 0.5095298997121355 0.028998433822468504 0.4279479350917088
175 7.693357658278034 5.505751703292704 10.76203992702441 2.424935541593787 9.975407776952565 25.070046574854942 2.8557929711063372 0.8604629452279893 4.351982538309346 12.358629444083181 31.92461640683012 0.5073806301065135 0.05743187991624411 0.42559713692814305
173 7.743036882744904 5.768310063577848 11.199101786614282 1.9333345777430184 9.651879329350864 25.083039761737258 3.1532417492582643 0.5289655169924076 5.066245165504819 14.094861330985502 30.969026407852198 0.5094086932280758 0.02350413029257689 0.4288576791562867
138 7.7354876957830125 5.618218319079263 11.173135897432662 1.9880679261413252 9.428360195332452 25.496358869219144 2.959951536478819 0.8481332098754528 5.194766002093184 14.112724368860784 31.901683155484793 0.5088905297747074 0.037961527957313515 0.4274701974422199
139 7.799789614416888 5.718820482118268 11.095626518945668 1.9475152093177905 9.422598146163438 25.064119632660272 3.346102175869817 0.5122192628553838 5.5171725894745265 14.841335665368868 30.534788047971304 0.5094404699679075 0.025335158956322226 0.42807134278718334
140 7.91497198233079 5.621130960269769 11.179673902956479 2.2216510412561066 10.180277979767466 24.641152622381128 2.9588932132808563 0.34762690958604975 5.304249390463777 14.214408636466597 30.18038350117914 0.5084287842580104 0.04842140577916696 0.42593639540364836
164 7.397073284751092 5.788102482554473 10.73099358785476 2.08050282778758 8.93846912294352 26.511287151788114 2.58755996475218 0.572931116117828 5.619935311189377 13.507405316445753 33.64299880261888 0.5094359903910003 0.025792615214201144 0.4282057456467371
148 7.094829063339398 5.809815892858679 11.050904906593294 2.0605733450187533 9.175791162320769 25.972338968703966 2.7430727353978845 0.9632076207251967 5.095702011789579 12.985821450489032 33.66570682185374 0.5086078168607213 0.04088641764920843 0.42684890148635407
149 7.509066006144624 5.894273817352161 11.119658981817743 1.9334228461824552 9.105211028757097 26.518319254235703 2.445808199776412 0.8648470092928388 5.445371982604307 13.435351675520995 33.425867811987274 0.5090449505234873 0.03527742140797712 0.4270077643919861
150 7.5523451368289765 5.449817894697986 11.143020433540904 2.000994695289643 9.485949907539647 25.25371955473862 3.1586722227810227 0.6971221861977195 4.81821095002174 13.509490048405064 32.58928881553495 0.508615623641547 0.041033181461842386 0.4270127384103435
174 7.700081050437427 5.88846736896374 11.235342722210621 1.9967030760711788 9.767903524949483 25.925538002364398 2.348383388839302 0.4503607949334646 5.660967687792036 13.558334311230034 31.655467541018297 0.5089149893887505 0.040138477079185324 0.4276092027882401
163 7.7130282063911 5.392930982228299 11.024259063149483 2.0809502190558566 9.293118302103958 25.4861784740863 3.2606055457341765 0.7206384431401869 4.408628245480091 14.258049918498454 32.12654567064301 0.5088872591482714 0.04436699957126063 0.42701912755015214
165 7.456835409849319 5.75619155491266 10.943726733288434 1.949726762370175 9.016738908755226 26.28156834354657 2.7443897816219605 0.7625749148298648 5.203987531716318 13.018652212496125 33.72184230414585 0.5087610773459237 0.03901824803784745 0.4270257672764236
180 7.783686328315287 5.733463764268233 11.179714948379482 1.8501695128514049 9.041123382027669 25.854444495819806 2.976919923777991 0.7845582302879619 4.684269817826425 14.19349177230119 33.152782528976424 0.5091729774440261 0.030180400372971577 0.42799914954987917
194 7.49972972548346 5.693580956427028 10.767870921192966 2.3448560662447666 10.1614837961955 24.6201948459317 3.111940416156222 0.8455590823770871 4.7603118760600704 12.950633614357065 29.90633622813156 0.5066982010384019 0.06166819192725886 0.4253000328818938
195 7.383522984375478 5.654738144352713 11.032299582318448 2.0043952986601568 9.445998673612548 26.418914454323875 2.3219332357027453 0.679744728575528 5.229909969574695 12.333091159050907 33.74556096669211 0.5091746582366212 0.03211364546096359 0.42765708788001316
199 7.457028421759229 5.793528040715663 11.121776934899831 1.9916054066508369 9.419314433031552 25.772625539711814 2.830361190925428 0.6216392414278247 5.230923777277665 13.359929335276902 32.46518296886077 0.5087344680045027 0.031595028652526246 0.42748778753633987
200 7.31616348751744 5.644387598685896 11.032407350447958 2.1687391267806158 9.630562331215677 24.999413713669036 3.1486990068680756 0.5161979504665942 5.1313462616600996 14.262288235546349 31.146406088566494 0.5084616686471063 0.04753803758835255 0.42607472598284707
206 7.043882530961297 5.669580779232157 11.03020867429842 2.081651166595551 9.290654406031027 25.80339184488376 2.7715871160869496 0.8741027883405774 5.960947996359109 13.748945163395607 32.09964551049112 0.5070670047341788 0.05376864144238839 0.4255066184553639
207 7.588306269192267 5.667572415330004 10.957115382514496 2.152708846581609 9.770980952248534 24.82870203036626 3.2302468061835947 0.6553445916921722 5.110242311583088 13.912625059600108 30.13417726736998 0.5087679377049638 0.03649041075604967 0.42731609123080966
208 7.542958092342512 5.099233097726203 10.61915112753389 2.3862009618227185 9.444193215214185 25.133282847933174 3.1950017657042147 0.6554186078630423 4.803707974468937 13.935423365102576 31.980523200680686 0.5068139714133975 0.053894576892694765 0.425447940549984
209 7.6904150136819 5.705310080051093 10.77922105106248 2.5230954997378134 9.968509604936143 25.091229039417176 2.859877967727324 0.8591029743372023 4.863526754752165 12.637719032333383 30.74850557581473 0.5049951283018712 0.07572257377981677 0.42166352311126404
244 8.095146366014772 5.343687547875162 11.115620843137847 2.030259767708836 9.463867667541727 25.36164782338587 3.039534590085654 0.5539226687377229 5.147393924525623 15.374542704446265 31.43003132124064 0.5083393581146828 0.03148619332523254 0.4273716246157395
243 7.597329231386815 5.734759374082522 10.80373563788118 2.2239291767930567 9.603347723740354 25.437087091915345 2.971725272527764 0.6692811319251025 5.309577112430143 13.262667147767647 31.472677941847856 0.5050840290791939 0.07194499359255178 0.4226050854801985
242 7.31962492745892 5.590335704092614 11.386977237148807 1.8542100961303618 9.45511417177917 25.376693222985452 3.0236633306306735 0.4702666955887606 5.6141129217948675 15.315526034534603 30.760477309581013 0.5091757513884699 0.026946768937301666 0.4271297741294572
234 7.873515153403623 5.310154929648683 10.43424372718673 2.3896577650574993 9.360083698808278 25.162172589515524 3.2429909600649935 0.7895684387920808 5.0976941252526755 14.437145077292564 31.38008254573817 0.504817672526861 0.07509351849974559 0.42194590794579495
241 7.914611768194499 5.532526423364111 11.006073251151555 2.1846473321270645 10.25928300675708 24.728567293169558 3.074004660018779 0.49344739589626807 4.689391525298047 13.635481554185887 29.32893230071035 0.5091547598783001 0.036813655660805855 0.4264047568810111
216 7.64297373727873 5.445421828674157 10.8806465879009 2.0390539419063916 9.079210169164849 26.403999536070014 2.6820102225446636 1.013343785454742 4.5286447603595645 13.466911890837151 33.68257424615233 0.5094587193607122 0.035777656384223554 0.42673861598127827
217 7.485101226857211 5.831212936267928 10.999973385058992 2.049403292224323 9.581668175966495 26.045229973886503 2.4851373858676853 0.752536032527163 4.9953780547342586 12.738405310082479 32.15547778672814 0.5092006210416107 0.02555184661894403 0.42841867147803386
218 7.486317706905393 5.746964134945199 10.305388777414606 2.8805020096117464 10.07648209066431 24.143903980046414 3.4781470809372457 1.1427811571865745 4.344279108729196 12.654956062407495 28.966245473502497 0.5030856810971394 0.08785386256252711 0.420445009441648
233 7.50793018877719 5.71898968237821 11.01495639541389 2.075262543357461 9.70949424824253 25.340668540295283 2.851147461304639 0.6872378629538237 5.2107378061576854 13.2438038203849 30.88840578789689 0.5078927379345418 0.0537860211810998 0.42547769037842126
219 7.47619220695575 5.713390298553154 10.915372052567347 2.197897520330022 9.398466457835932 25.528578997284455 2.874626968207685 1.223833599363071 4.862876149599765 12.503028386381825 33.439955259935644 0.5070558970564004 0.04849690372871903 0.42656640371357696
232 7.037865559639385 5.743483478447522 10.87158739043917 2.1606809375633977 9.36828096054595 25.66572144533196 2.74553807017083 1.041334715928474 4.3510791381345975 12.230949250561542 33.712341924789676 0.5072835576842915 0.054652462994475 0.4257830284822204
231 7.3442445592309875 5.615297876359073 10.65132947340945 2.2788631492382194 9.65157417495096 25.34317438571091 3.2098927319514576 0.9726430119160757 4.823061240592811 13.118265286987448 30.331646425592165 0.5064939709076055 0.059409486274661444 0.42473264462306903
236 7.6063456986377025 5.705806867730933 11.255266550252706 1.9458256584195925 9.494027341995706 25.853145878719623 2.6791830961980447 0.7891674015614343 4.673003216153224 13.276957920796415 32.49477673774983 0.5094798253875116 0.031073284837455428 0.4279695845709298
237 7.733095761821739 5.704820278377518 11.204601680012114 1.9802265724737924 9.857532732136805 24.99913506998046 3.0612430637476282 0.4220481055394788 5.76258990663451 14.61799882107398 30.07494534479242 0.5087241523484631 0.044220225896510756 0.4262014959705724
247 7.517733214306645 5.538999159971234 10.829118595516283 2.092603402118395 9.240494946055078 25.830620088220325 2.9432092049233134 0.4116788298859935 5.57236142512416 14.441290886109618 32.023897569249776 0.5089152247463249 0.04099275656656208 0.4269287898333025
210 7.204051937602216 5.7998859239113285 10.790718121181037 2.208962909390272 9.376315877109676 25.415261797955736 2.8614472095861667 0.9355355084875073 5.007106691169708 12.895076969684007 33.0074166755032 0.5078557506876271 0.0415248648276742 0.42681435007266794
246 7.588310831639349 5.55448511201871 11.118461703233997 2.0540066854090075 9.563422889979943 25.382124276825326 2.852750133315095 0.5478324039586959 5.598972278573553 14.686587117621928 31.393701481606357 0.5084521213410123 0.04140712145856145 0.42760767053027304
245 7.623138364425659 5.578446197283126 10.999457521731692 1.9959305095653357 9.155230752261993 25.55742358554289 3.16382809953105 0.6395835738655926 4.903905468128846 13.8834348995977 32.700705160561654 0.5091615314349621 0.03751146732679801 0.42750024729519026
235 7.559733357013223 5.660917971618023 10.668643152527943 2.303593927075198 9.705161597256824 25.385623857258675 3.017174761249611 0.6582528246053085 4.568285514151271 12.537165827065008 31.642120821752375 0.5090638095959863 0.029589915438351724 0.42764531978074827
211 7.610598230389016 5.652064083372292 11.038842912038538 1.9688012983879446 8.834712384663066 26.000783988781166 2.9276361835991542 0.73988595517475 5.42757832468058 14.776600344849511 33.2918320372032 0.5056187594672857 0.07238824819748829 0.42385622019224795
212 7.489959572967901 5.708157806511111 10.911578809735433 2.2265376958750878 9.7894822747204 25.36054100198594 2.74049836605852 0.5637057287433664 5.43921406053988 13.61038337037312 31.081224101599318 0.5076619713660606 0.054406880492230685 0.42584962299395734
220 7.683215749273743 5.789081219025282 10.40347867265554 2.471520726780904 9.623880630331215 25.128692004404012 3.055908374055913 0.6898765066657695 5.954639854691394 13.729383345699972 30.119181782321682 0.5067364577088811 0.06354215434631948 0.4237508749946898
221 7.367230399575236 5.777182280557575 10.897391062910115 2.1365806622857137 9.403366719968476 25.75396904478636 2.7736558014800954 0.518571589439118 5.46759649348303 13.434910908984754 32.3971956547581 0.5089166594161536 0.03751214818619333 0.42733474735145516
222 7.562251630569422 5.722640797665344 11.125825218318722 1.964590639400725 9.190674968784446 26.035312534388435 2.651354794319134 0.6911883140323785 5.559292003965308 14.037005553141201 33.096097442905936 0.5086091970460698 0.04152301325828538 0.4268855512808221
250 7.681053393106344 5.589078948714809 11.076778150517193 2.0647217133710534 9.588817138377944 25.26870992049946 2.9824064089188633 0.5761920085243127 5.369160726096081 14.368316362663043 31.242805230543485 0.5095526747062928 0.028110516291679613 0.428503565233829
249 7.469811645153974 5.802942223188359 10.91449295859215 2.080852821532617 9.363921650996984 25.796603189556002 2.7538268318448496 0.7280788574220928 5.105519226624215 13.580792920741374 32.221386103037574 0.5093158281818441 0.04008030642319651 0.4267147365461069
248 7.848006091657539 5.631594355401942 11.116044594173411 2.0206601068734846 9.651011603212153 25.190823421030625 3.056964749318132 0.6188525063366834 4.737629424297809 13.854795697675417 31.536030864013533 0.5094602350022991 0.02117079574827485 0.42880892164966933
238 7.656155016757349 5.8145058916002945 11.007667029227644 2.057236978923991 9.577283036709913 25.644290335825133 2.7360950576967027 0.580753326621886 5.356688506932692 13.600517957450949 31.545808720478483 0.5096790082723348 0.022683411625856114 0.42803786169669744
213 7.530171670674794 5.583713601959408 11.35992954944879 1.7329427225313478 8.762715140425076 25.95148887173503 3.094785872598035 0.48899389419178285 5.716415826906348 15.515729280001217 33.20292291223957 0.5096465953077709 0.02793336563760603 0.42806742272590287
214 7.828083353788179 5.718263395409268 10.907675543924302 2.1145094256749686 9.459527338070698 25.36018570389393 3.119909478942553 0.9757408315370948 4.453693464719765 13.399334462202559 32.053657043459076 0.5078030275959496 0.0473702905579526 0.42579600471083723
215 7.705821632510136 5.75458472593945 10.890634809076039 2.2108660489972305 10.123790004896673 25.611941982645032 2.358179995703568 0.45412505701290967 5.127790043520123 12.780368763819084 31.029833041634916 0.5094639989625434 0.021143583656937352 0.4282433285225986
239 7.569403405175851 5.7419460206478705 10.888743672424077 2.121786289321134 9.110573247765185 26.33319417958744 2.6721446642190116 0.8342438872136784 4.459967155643367 12.755796570263868 34.02434295023759 0.5090386782673064 0.04026546219255906 0.426578982960786
223 7.5181568613522956 5.642236873650151 10.665866879072002 2.3490442649704506 9.722517757205075 25.49886757824445 2.798207067086921 1.0871942762530222 4.765808875972384 13.050708904968166 31.295342298877536 0.5085612662915838 0.045967909473615065 0.4262082867141339
240 7.3790226336629745 5.837414590760634 11.04647388244473 2.0406049130447985 9.656455642631798 25.779810730455143 2.5794005198115775 0.9274883216301996 4.867498392973233 12.572768940099193 32.4990205237033 0.5087305637708601 0.04183570050505599 0.4263175341541425
224 7.801302047632654 5.457961073404534 11.215704099323554 1.8368438432980045 9.073552443355718 25.826228960275834 2.964577899442185 0.5682462755442205 4.895885854805376 15.300691031073967 32.428918815412246 0.5093749084233162 0.0286784436714955 0.4279306455677704
225 7.344794352032027 5.78319692927278 11.288528306217747 1.7951358593161455 8.913803679183381 25.91589467389073 3.0773775964431835 0.8864441602190478 4.606047430929881 13.896655135280703 33.60648900109039 0.5095563223703409 0.03204800708090282 0.42774579366203874
