# timestep 9700
# phase bcc
# id f1 f2 f3 f4 f5 f6 f7 f8 f9 f10 f11 f12 f13 f14
1 7.188708561642583 5.799026390343875 11.005037633201246 2.065392783183016 9.37872848657134 25.987771110804452 2.651212490613587 0.7219098054952113 4.97184915181543 12.565358874557342 33.365945345365056 0.5087540514466897 0.03970501847887845 0.4274275379972146
2 7.803683248774379 5.342840606596096 10.782503297675449 2.109603779630717 9.346738979187746 25.825805074834214 2.741999208123724 0.808422219441814 5.16736422419163 14.583554725740655 32.11983448210714 0.5066885277260661 0.06082019870200429 0.42503356436230455
3 7.5153087144906 5.689130199649179 10.957936323695785 1.9933502867248034 9.150424091620437 25.989502826568994 2.8159129335677373 0.6467902518091054 5.567365539340618 14.361157945884955 32.424769438170834 0.506155055150475 0.06503011576545131 0.4242809922776142
11 7.219416596303248 5.47092147249252 10.694292820652153 2.168152283318319 9.497692763475849 25.174918856465528 3.147250817101326 0.5314901670947889 5.599219983444178 14.577644602716259 30.743341482871713 0.5082939010646914 0.04175074188773698 0.42704741415759845
13 7.729644202052284 5.611912517482686 11.176899493478263 2.0023576910698133 9.989732846091322 25.183524449500744 2.771361828984429 0.9091843468839791 4.762797206434752 13.497633915016305 31.045874657679736 0.5070702626351827 0.05665727905203123 0.42602392674079065
26 7.725380462805702 5.659995919235717 11.408149529493858 1.813194797424334 9.293167224270942 25.801822285002466 2.752201827254631 0.4226411984659949 5.704087892746676 15.07452216107662 32.106015439169084 0.50937986308665 0.020953268146689852 0.4277248323730486
28 7.125637536863884 5.77424334116998 11.190004402523774 1.971392267096325 9.58881456558295 25.82499281566297 2.6205250422236377 0.4871503016678386 5.808702873708201 13.592088172823589 31.878241827767514 0.5084766585097406 0.04531145963815976 0.42707325185804584
36 7.641767056706988 5.476869690764051 10.728073870084337 2.5532974613876966 10.61690109421745 24.697426417375187 2.7141061040012384 1.2125648762772856 3.5218878611903515 11.35701904261037 30.557506570833162 0.5076831456757533 0.047572390537993774 0.4266196099729493
38 7.871329499966768 5.711039313923901 11.063908563135529 2.312473795349956 10.72055276951917 24.599523148534264 2.747556385160653 0.7643234142235239 3.8547631231085857 11.521739276363668 30.55621472182427 0.5090515139638317 0.03930679190836038 0.4274653467074635
4 7.493047241198625 5.542359502092423 11.138586035961291 1.9217757320633913 9.205313660587937 26.05846565739333 2.664932596230721 0.742427870078421 5.673044770386657 14.51602736797213 32.647658963117586 0.5077920287261581 0.05648158450130585 0.4246677190827971
12 7.80957051759577 5.422804510245766 10.851288004786207 2.1278956005458043 9.561107022910774 25.471366497090994 2.900423129994593 1.1291003473969765 3.349709540229752 12.822589794387847 33.08387733737457 0.5086922550104174 0.044927404483541135 0.42681918533038077
21 7.630957311972846 5.451949026703349 10.665640846703395 2.4401118489380194 9.996172887590554 25.217697522673074 2.6641012998935936 1.0871702273241644 4.397922412480025 12.782637108095416 31.55195567405949 0.5073259249494134 0.05889465501928967 0.4252806496137238
22 7.59260711754579 5.65628414182829 11.16601550543563 1.9822515807464218 9.693887224009083 25.91417052508072 2.464849175302047 0.6681331107061844 4.757551100383644 13.176456607053565 32.342595825289884 0.5098008626075731 0.028226573605390094 0.4279560176371101
46 7.158017546256434 5.763255228393056 11.077305946189151 2.016326900398177 9.345206779624869 25.62067913055781 2.855996399880696 0.4080891007007672 6.133050592702647 14.341846552855746 31.9284549894161 0.5093743469409687 0.028946068971222726 0.42790476730770216
47 7.627669932723093 5.6337848218872875 11.075391786598372 2.0779550391735975 9.71395780203462 25.156101943127517 3.0059719726816736 0.7707124572681447 4.900300882751221 13.31531938530986 31.621046249605875 0.5081233478109909 0.048766296818923874 0.4260418242279879
14 7.640462872023821 5.507427243815978 10.795813779232168 2.4825095439248455 10.229578346348188 25.316475824383478 2.5550133270411686 0.8160862430886355 4.996065381470467 12.246505003474729 31.164211545825726 0.5056401728140034 0.07300537131179345 0.4222944701273246
27 7.601767471560246 5.737399394651103 10.906867529656594 2.234436104388868 10.248090497208986 25.413448731988797 2.608691783292526 0.8883913201191402 4.237726272123346 11.883119386703603 30.71712019114147 0.5086365499303172 0.04082256511610703 0.42779897636832903
51 7.659609480004633 5.608063981574895 11.108241494922874 1.9705721420796307 9.083697519612475 25.79020401521244 2.9117579536763945 0.8051157011173911 4.677678097624142 14.30119851571217 33.08775869742674 0.5094798355377141 0.035183171544998615 0.42778997049514805
52 7.692821454569445 5.642544746901279 11.18833203936195 2.1004211055324697 9.748772546969908 24.812534820269903 3.3462405644344093 1.0168922583498148 4.031774490795771 13.819656769498284 31.160282384724233 0.5080950343696738 0.04847777609442563 0.4266668291905017
56 7.337985592580724 5.596761610438696 10.813652432897554 2.11584209945281 9.004464527978705 25.682923060687163 3.100482520613404 0.9395036551561076 4.9807890419295155 13.731798766858505 33.103978385427425 0.5059813999135315 0.06663454944188865 0.4243641311535842
57 7.789492058036669 5.423048102090533 10.80790862165162 2.1744442457936115 9.62484691312782 25.521669119108676 2.8478804672320024 0.7641617652439598 4.321348617886414 13.30435620158766 32.294544513884595 0.510025519330824 0.027885762020603198 0.42775447899536334
29 7.5528917507622175 5.65922634817838 11.010897115544187 1.8901593846533322 9.009202515451989 26.213463919463546 2.7598394244549125 0.9896605315904178 4.373418128072594 13.658814909638345 33.4510931737944 0.5091480159478419 0.03916876296817829 0.4274330814933329
37 8.170105227226664 5.553678120376185 11.157245338366593 2.014167170834865 9.740485240216213 25.25513381066431 2.934349143595766 0.6886318436379225 4.54934159702735 14.175189137507926 31.37500241898489 0.5095278724491126 0.030975089474199538 0.4277019744077443
61 7.200429523174908 5.7951377102393655 11.190673839312932 1.916082212852638 9.15269296128063 25.949598243796643 2.801461673872357 0.517010083610592 6.094509588659072 13.991429742832494 32.732415735269704 0.5092185609772044 0.034814826653138994 0.4276672229496861
62 7.778674165732355 5.440210182386232 10.138735209093223 2.820335621875358 10.391702239115544 24.764092587908365 2.9015357938620996 0.769201480727875 4.944188986554795 12.125203633866894 29.84625641109055 0.5065328804993812 0.06889942526246423 0.42271536153727113
39 7.852799249539706 5.4217934130427 10.811250880015946 2.2385382924263655 9.793408375217206 24.618547233058127 3.153199824185991 0.8595796517931501 4.689886104945522 14.403836104364954 31.08828910860914 0.5063508679977813 0.07053305144118074 0.4232886809032537
126 7.6941410974079725 5.691376013200894 11.213766090178538 1.8329047765270865 9.239925788192194 25.793876380469303 2.8675613766990673 0.3302572685035968 6.777636831747302 16.12850478787723 30.577041035428678 0.5092576978722152 0.032689102943990474 0.4275117743346531
127 7.373600451992559 5.795507565002393 10.718341501084147 2.5247800582079862 10.154816657947821 24.782552059005507 2.9532148579862287 0.893678481484177 5.600364915257328 13.302208184016761 29.515152055356204 0.5056944252177836 0.07140051615891196 0.4223170158746111
151 7.502842574856649 5.813950472751681 11.000165559287469 1.9059483733642977 8.800996166570595 27.05447701392057 2.324440674484762 0.6805617426444148 6.075628942412728 14.076638647527293 33.77588397451714 0.5084042852597305 0.04831228278118711 0.4259759504130188
152 7.510198936989477 5.669688978742627 10.874022605476686 2.102640960297923 8.933630376839762 25.82399240280413 3.0981226318216857 0.8469379104197872 5.537126696127351 14.380591247732127 32.627256148263285 0.5069236474408378 0.056911842770781866 0.42523410988061405
66 7.227370662432127 5.847641553715999 11.02428208057769 1.9434708544214006 9.390024138833798 25.995205838948728 2.616927848318925 0.44473276981982396 6.088486874922507 13.951425838403782 31.77899988517083 0.5095464952961787 0.03330942415997642 0.4276801045586167
67 7.676470378255414 5.640063883178813 11.054193411716998 2.1553833307451895 9.899113508576972 25.055143518500497 2.8859096006082146 0.5070214796779893 4.902002255520541 13.702120916432172 31.327604049965952 0.5091435133678145 0.0358375530297891 0.427047171390372
71 7.545514639987213 5.644543459540593 11.012638433516655 2.010472829065071 9.341276629840985 26.15044151492022 2.5425179559209212 0.5548412007080588 5.824120064446701 14.26533253124099 32.286995790753444 0.5077898433485416 0.0473053787302306 0.4270310495894736
72 7.300421564823663 5.654898454438327 11.31322464166674 1.8889396362155526 9.303977172890875 25.865353552932376 2.6793133081555394 1.0101152607951118 4.4049565484043525 13.30032154824197 33.748400643262514 0.5091440968736864 0.03414774456700181 0.4279849800368881
187 7.901985245802621 5.697499036672227 10.643676423571371 2.3441767330880663 9.906217481382177 25.1524654026969 2.9712532009504518 0.7043004097918089 4.457546431296409 12.933582144304712 30.478107763010595 0.5094529473791072 0.03218638367262495 0.4279181755489981
186 7.726654404600908 5.814234148791079 11.031360863543007 2.0509433927272678 9.5306328992316 25.553813143231444 2.9807612763067355 0.6179193488927408 5.046063634539249 13.523041279624952 31.492165071270662 0.5082189803821323 0.046362014118786044 0.4272969321975598
5 7.561221165937136 5.696813020921504 10.933907532523174 2.0126764171666007 9.49863856056283 25.85926695828253 2.739604206072788 0.7555276292369876 4.7774748151127255 12.996445971288212 32.19462363366558 0.5087212068114186 0.03820265719938398 0.42737901641494885
15 8.056417103639646 5.346756410526336 10.917903302736264 2.07899560753482 9.440151454734327 25.883382613783574 2.7146462652269907 0.5336907921419127 4.903549447665755 14.706103013721158 31.65387009769352 0.5090650313564048 0.039112597561899436 0.4275124274239737
30 7.327240920651127 5.711178048677834 10.739296669205823 2.4793674292481813 10.39071029417878 25.08672277162514 2.5158725538924647 0.4856941628414012 4.90126270042723 11.833085694660644 31.16895775100219 0.5086243346464802 0.04424323502456125 0.4267829083604305
40 7.289864660777489 5.753978409496971 10.665498246937172 2.358959084917247 10.16787455610925 24.798403893083595 2.98878662510283 0.6103857600050934 5.6549850749136725 13.504194213207736 28.977923582929655 0.5053081557967838 0.07625098108195795 0.42226310899606356
6 7.865181183294549 5.4120378290772075 10.525503668914288 2.228558106017459 9.292446695913608 25.811778113898757 2.834382785487845 0.9839639397276831 4.487411506594815 14.092857865236097 32.01337119208081 0.5055836655353431 0.06997958739348548 0.4234577079662632
7 7.097278562795788 5.871324782091903 10.82601756053312 2.0710254038031595 9.100237084188992 26.36073865444919 2.6956501493983236 0.6007172511905534 5.72082658062666 12.90312117060223 33.155749768185075 0.5084003440020605 0.044036317068098754 0.4273815427574433
17 7.733877198839182 5.748139202156459 10.792722556217178 2.1922621341852535 9.94685135606145 25.215785913205064 2.984912460051637 1.0266681239089313 5.18798755148045 13.334633971629412 29.959122283589856 0.5070164737104574 0.06076297265211133 0.424365874089861
32 7.356302229911467 5.579661561525933 10.542660065364418 2.480133484233057 9.881569515415732 25.34069562782469 2.782678425721213 1.0133007320057095 4.713631014041057 12.08842874742879 31.95869796464901 0.5078208656606108 0.04423521174429088 0.42749903863822897
42 7.3625877535969115 5.545439764700925 10.808136114571452 2.287361610527175 9.86307884962503 25.265405984539044 2.8389724889471717 0.8681948592550512 4.504403570528025 13.230804601131995 31.099330950574984 0.508020977617004 0.05584473002108724 0.4249108020309771
23 7.688684531869566 5.831894450775383 11.247243134662224 1.8023387127512316 9.386842346419737 25.517007275873393 3.02553995301671 0.9301438500377723 5.127465291448319 14.448890415276512 31.380545657087882 0.5084690952111425 0.03669345464285767 0.42765548956605953
48 7.428238213112817 5.581457310584678 10.895900565648468 2.23043964974044 9.329860066007928 26.038203735202703 2.568057554076329 1.041045477820589 4.962265297328569 13.40301059534017 33.28732244393765 0.5077822142891979 0.051855768961127306 0.42539480698644727
16 7.192919901742781 5.848220812913978 11.06019933111784 1.9240692740774161 9.654431710122843 25.932475098691203 2.453812205995474 0.8101381322726233 6.09927754513395 13.571571210032406 31.034826972308025 0.5075891630410554 0.058274551777216736 0.4261722770065561
24 7.665449074278437 5.545363405739331 11.174321459025123 1.9142631737894333 9.198015923291486 26.103264419891822 2.7539907735262172 0.705865650252737 5.282294636023805 14.10291202360172 32.974623678318544 0.5097729913098508 0.018097892271307918 0.4283923063657848
49 7.603720823540398 5.337294116610691 10.337339365649926 2.5467461697774256 9.477853302230935 24.907186165383916 3.2961519547892264 0.951040348087776 4.369881450799854 14.06112296325876 31.480877696187186 0.507473225438211 0.05869051015263568 0.4254511978223273
53 7.827664246910981 5.687488171269399 10.723351680557114 2.4469871355900845 10.18493458460378 25.06357549720608 2.6592167281889862 0.7168242616491177 4.843057880466812 12.458538519730297 30.91776170824668 0.5084141688658148 0.04866433026340507 0.42622434973455264
58 7.463012571838637 5.576982210667771 10.994851554565447 2.0584610158613827 9.920618607595731 25.704028158661835 2.5018839622832756 0.713714068333719 5.480569884845855 13.153823290308027 31.419591726396845 0.507555866227238 0.050759473836677 0.4257676468617376
31 7.9511978734402184 5.485091589003266 11.12536225924993 1.889165099318132 9.34263521066863 25.929512308354205 2.7440236773281867 0.6364086231980299 5.123727640013883 15.048078302978427 31.74833900587214 0.5092023212913529 0.03608732684861436 0.4276085335377262
54 7.701123047694174 5.534582990107819 11.018149898670247 2.1979215675974877 10.081696513007167 24.29653507720723 3.372651506281679 0.6036294564814066 4.78378070294544 13.748406149064989 30.333560783194205 0.5092383619543158 0.036259633603763185 0.4279236889827686
59 7.475256215205936 5.482483797933948 10.772985129201853 2.2649280193766144 9.738103640477034 25.0038119752997 3.075345642775811 1.1393834483596241 4.226348035241148 13.025362294936503 31.74637574465925 0.5065838635690244 0.06289414288426043 0.4247784312591656
63 7.565372299526467 5.59843659641392 11.082741780497555 2.0945556365430185 9.977728470954098 25.20098298502546 2.8603213801603973 0.6673308283965955 5.012480056985254 13.648127158970144 30.50880987476112 0.5086319852791494 0.04359317202287257 0.42707827663068076
41 7.822033251018467 5.284544895932641 11.294408117410608 2.065358328801933 10.12237983748342 25.23326797352827 2.640352024859551 0.7277985190752793 4.423067235386274 13.99517755184057 31.29718830669958 0.5063331945431049 0.05761958206929617 0.425701517566307
64 7.905848352540467 5.458139410097336 11.141432051293656 2.0607394347481525 9.732207186866898 25.300921950977635 3.002918605184013 0.7576171693096807 4.414686654638321 13.98537050763983 31.43999788019382 0.509425047118327 0.03355885837288565 0.42724995113813113
128 7.892293310562003 5.454961390611193 10.699954538444214 2.319738068931598 9.780592813734614 24.93428016633479 3.338712340309192 0.6361409423487124 4.980210269949493 13.974332661237042 29.951542038967514 0.5084336970664802 0.04449774404567253 0.4266259473877955
153 7.804948040218716 5.47945860493001 10.958571488110454 2.064542118542197 9.161563898777956 25.753328437361866 2.8761918515396285 0.6723535564252953 4.594661687450192 13.955182027311785 33.60253899846689 0.5089224189640512 0.03479192775177608 0.4274104101361427
68 7.669521503968107 5.773848007736475 11.073293679200646 2.1990354135283168 9.923823361031557 25.12878547021505 2.82211107358166 0.7560558579340739 4.947735936043314 13.391635459590626 31.249413694979044 0.506787849666 0.05610236908059157 0.4257175787176917
73 7.369173353839707 5.702422722479138 11.23279686979799 2.04530663527662 9.94070820312474 25.736500527759155 2.3922368885708494 0.69017062564292 4.719446709401243 12.535099633770184 32.454636638495664 0.5094582277662856 0.03235171235032253 0.42768116080883656
188 7.451079749524831 5.725306285726405 10.97160977391198 1.9585427396386936 9.032510089867925 25.665562960155086 3.04863195783373 0.6571417421941346 5.452913817816433 14.814989707392858 32.49882469356861 0.5089756731187366 0.037943899526001336 0.4275158586123265
8 7.85928455096249 5.633669878032198 10.727820068589269 2.385874057787721 10.145748282039484 25.10649791059009 2.748949082624945 0.969934747328677 4.367751849406151 12.268888967120873 31.122589602014173 0.5091797728762052 0.04132519060115581 0.42607005471413534
9 7.949688593689439 5.776146195073059 10.793440010422216 2.2278956435825736 9.471757672423992 26.149781620905525 2.3956872337584123 1.2276333455070456 4.158426793326872 12.256630014029547 33.58368543748829 0.509076547631169 0.03790761306724447 0.4268402401232981
10 7.276517762396602 5.691092728771219 10.805998880001583 2.238093135439679 9.717135736254207 25.41499011259715 2.999196097575731 0.80312664614029 5.130738714576452 12.614134590748183 31.178803927300322 0.50874763437961 0.03840064010740011 0.4269740257900987
19 7.951265770229129 5.427105439489127 10.95899236468843 2.089027732026222 9.243251993654777 25.82560710079897 2.831919997708107 0.8144754799744333 5.0719334855201454 14.238042217923566 33.01137626887193 0.5085216305919937 0.04341339310892244 0.42684163354256527
34 8.081274312891054 5.598580495661047 10.7367392868179 2.2081585480752497 9.807857862878416 24.885110759166576 3.335400768862324 0.8354359214740907 5.1985311810090025 14.535484322787708 28.945572189531866 0.5070139417820185 0.05988276476646492 0.42465042689500915
44 7.908926369181292 5.497943138484613 11.370713258030495 1.757154141268787 9.190345710522678 25.532905531280868 3.041543107511021 0.49525557417657473 5.479142678222255 15.827120726715568 31.646200230190768 0.509118813517223 0.03431676328814509 0.42754790597591086
18 7.411242703629495 5.668922659537448 11.184211414510054 1.966360320695822 9.48424715177385 25.46555802619145 2.9272785706715814 0.5617718168469985 5.296475459468935 13.838697261529829 32.28016595557544 0.5087533285316049 0.030255576198056716 0.4283374941015288
20 7.262733155496533 5.585907122899624 10.782599243194886 2.1319971772502817 9.119399995783176 26.16676616590414 2.6973880683120295 1.0482031407042356 4.927430813071451 13.575220357473595 33.187207145176295 0.5089966031460407 0.036598380041738876 0.42798334799296256
25 7.8839063189160505 5.5918744865179395 10.546015850043082 2.488351846278085 10.055229869736115 25.21371173011507 2.769119703822723 1.0235841325793975 4.740626823704504 12.599181016545671 30.648180712555828 0.5062981606011384 0.06992862441990547 0.4229011853929675
50 7.625994224501463 5.779064497882114 10.959808241221959 2.047588266415777 9.178255963838222 25.920471727273366 2.873243942839862 0.9093759729621634 5.670648163574134 14.4888718378865 31.85471682985666 0.5082980083757216 0.042813055806215826 0.42635623676205037
33 7.523011186816392 5.449353272619343 11.427019521706946 1.8828314288400296 9.549087126608676 25.51557155797876 2.767064283512537 0.9377026950989847 4.758262559501198 13.502847676656835 33.102312439601505 0.509196970448554 0.033258663752570486 0.4279772371672284
35 7.33670075231959 5.615526817601719 10.415772695043229 2.6710165835190756 10.237169946604407 24.786546044635536 3.0696731235716532 0.6707767265192781 5.158442034282109 12.301225839640743 29.556570308671382 0.5053138018958451 0.0739524694008911 0.4230374343079202
55 7.688403213599411 5.401984241009248 10.911901026333432 2.0575921430745727 9.201407794994887 26.116880733586886 2.637974022974959 0.6764048346873268 5.5111909682831834 14.077046231129664 33.211511239946084 0.5084476089932266 0.04177984688878122 0.42738630173845593
60 7.769757406205992 5.747055165857748 10.79777577592029 2.2270634043704485 9.59208316404204 25.868648642191353 2.704649027966905 0.822188565438551 4.728827716122863 12.882336240882974 32.229727664522265 0.5086653689504678 0.040251539430653585 0.42699923390913613
43 7.2517828575677115 5.517544442065863 10.729905301164818 2.3577494106886943 9.67035818061811 25.554296805539217 2.7184681133759616 0.6907423282878649 5.5351882314642324 13.667707980117813 31.293510339702525 0.508440140342544 0.04083979519770737 0.4270932913848445
45 7.771504884492029 5.576109397879728 11.31356587747877 1.7921543332562213 9.29001100512801 25.637663217914206 2.9351112339115355 0.64918130508301 5.812039886263537 15.04459891362739 31.78472949999273 0.5082352017482741 0.0412059077883203 0.4269917685724897
65 7.630181865354332 5.827420088825522 10.727573273186277 2.2603935407892815 9.786257816561786 25.753243641274317 2.645097227712833 0.45281402344553473 5.90009915377382 13.2258796348555 30.41664298123273 0.5085413883673826 0.04463660106197682 0.42638769457473163
129 7.982337865953376 5.500412853045627 10.676501382886599 2.3944442593443567 9.649769688823246 24.357694382912594 3.600095308244609 1.0582491555406695 4.85896721099963 14.321700182046147 30.254844759148483 0.508760926624985 0.040712426579099924 0.4273331963777474
130 8.043789146749804 5.647433983603198 10.994466864980152 2.098028958056669 9.536352428417336 26.085187465156892 2.447301714697831 0.8913324462737374 4.916745256972245 13.244425437522112 32.71040364167187 0.509515300032541 0.025239803208356167 0.4280700832068595
154 7.3472373900599806 5.842311794753592 10.920301639431473 2.235319525136574 9.495635772880087 25.48339149194358 2.9688431770993287 1.140521286472621 4.964178594118755 12.402499431686795 32.20172678045648 0.5089192233778546 0.042399702758682295 0.42622984645189294
155 7.615401672752325 5.4416183387036545 10.881823738268244 2.013034525818457 8.681063253077674 26.34393823452645 2.8555669306062472 0.631949134112845 6.168855635421442 15.415648240749395 32.890312568852075 0.5077859802839003 0.05261431221213239 0.42506651449580984
69 7.933886093479343 5.462507112602394 10.898370576003817 2.2948716889783034 9.752839933951774 25.40231270880197 2.7550603282472848 0.9048819850676002 4.349387066074732 13.507260871330772 31.902978923855308 0.5084914850443253 0.044246172650785044 0.4273334423245029
70 7.650076990817708 5.711310550174693 11.152923591516508 1.8306986985023963 8.792836354496497 25.860797496511445 3.095376767506831 0.6154833977118856 5.843458833177686 15.284311416212523 32.81977940561773 0.5086237353798919 0.04245541827900185 0.4271165178962119
190 7.833382414472261 5.230569478450344 10.884081696906732 2.2728059957802893 9.598003555429251 25.03867581066914 3.09087279147004 0.6858457665232266 4.411277345915808 14.059466629257525 32.29399619410631 0.5093476055563028 0.03826111054034627 0.42690365956372855
74 7.443973844690145 5.828821435690036 11.10252142356055 2.089951150195182 9.718707246482984 25.11798668309958 3.0715411229218064 0.9310288963769587 4.9073940009769546 13.210018583268122 30.687684280668005 0.508727409998728 0.04509419899551165 0.42597827821007045
189 7.565926971231771 5.9017841878281105 10.917269236553478 2.0861506449900626 9.343576646600873 25.862671849504963 2.7967857535041576 0.5663595029329118 6.2296805814612055 14.227193849535928 31.409169142272038 0.5089821644509691 0.03542503080071518 0.42736778250243906
75 7.826576258024696 5.469185276110138 10.808185813603297 2.3735002895333914 9.625010651135865 25.02593946642591 3.1701623915537565 1.2860712738167852 4.641915236224174 13.670503468131077 31.32177954731585 0.5053602934703862 0.07348348927927924 0.4224145449132755
76 7.771407020584464 5.654477536528348 11.083975635856655 2.0883802473242032 9.835040995495039 25.104161518067997 2.8932823435556854 0.45266549555003344 5.2473277409681245 14.068311854512578 30.998036015728356 0.5093191519590803 0.031192070332610962 0.42796180350367313
77 7.7354817297659135 5.772004576231382 11.110214670031809 2.0167002853931493 9.644531019716288 26.045704489761434 2.5618052049795477 1.3373316003118587 4.029996822119646 11.800519111757954 33.33239598323792 0.5092350490688322 0.029519156249885898 0.4277985230536884
78 7.576978666247624 5.627811341130504 11.180522163535098 1.9320110733881966 9.171787206417923 26.198484394345762 2.6463738043671814 1.0532776835398499 4.3814170101408605 13.213815782174104 33.791220522743515 0.5097734279997924 0.03040338916860516 0.42787921802206463
86 7.898381063859994 5.602024348743275 11.345990615734852 1.8985134477198613 9.75752586589701 25.215636122839356 2.9886011626887465 0.4441981008415143 5.750994178004687 14.712839803148917 30.40497284273373 0.5091777025909578 0.03559377953579935 0.42784584980709695
88 7.74514964410453 5.609781824704324 11.109146672259449 1.932906380746124 9.293072331120191 26.02792836300022 2.6057285143766604 0.5957943951626985 5.356304774078443 14.723746186418808 32.444898819728685 0.5085727364967755 0.050263036553921725 0.42619243024865433
79 7.557735571385628 5.740453143260711 10.892828529477002 2.1772297681693455 9.95559127454992 25.045541738900834 2.9679067534523975 0.8413387499591554 4.021630624440127 11.960694379994468 31.91974078736844 0.50986735561458 0.02129784997494127 0.4284313904534436
227 7.551450973462723 5.7414366397069685 11.178087930701679 1.933078159153409 9.479224665201027 25.567556039366536 2.904855307861704 0.6706251068159992 4.8078420623962 13.546484108690889 32.27008876688622 0.5099942230083508 0.021846795321989375 0.4279942845249527
226 7.72890617218533 5.417812928769573 10.729930067077584 2.2883888279947815 9.795960828750275 25.395933923268277 2.858718825712321 0.7323252253678393 4.225115756132888 12.973009970390086 31.937344732415333 0.5091506276599594 0.034131185773357234 0.4273526714669805
87 7.49596119679356 5.716372088529625 11.089618358206394 1.9973054991990726 9.499177569699917 25.717113110793363 2.7126015346982193 0.5269611540732735 5.772588771304912 14.072101307140862 31.876922568254297 0.5083165159815954 0.047477194505149874 0.42675674398686925
96 7.91287953405914 5.400453523673634 10.682506109889362 2.2727352416053868 9.421718089748307 25.450026375494435 2.888186267359176 1.0004894330216836 4.088044667095441 13.881893723941927 32.603155043859 0.5082371740955591 0.04349859965143807 0.42718325558978876
97 7.430780136572886 5.568821935086376 11.042376463559462 2.0379233340564853 9.086945845074 25.768755571845983 2.9728472527366643 0.9690253526147155 5.3361830890823425 14.31080659002526 32.70348735425914 0.5080797021799454 0.05052594847116717 0.4257134672833218
89 7.7835207002235975 5.470087178159205 10.754570619422305 2.3674440935871273 10.407157336417688 24.44901367486981 3.1628018552362405 0.36505523389671807 5.198449635088804 14.264847250859948 28.3504083430926 0.5085132162530622 0.04934530699631179 0.42588996917823946
202 7.99908574585117 5.636812517011985 11.036288136206627 2.036178218170161 9.52943821584785 25.568737830558497 2.8254789441879744 0.7285398914370962 4.585796530636132 13.611429125636135 32.26782913641203 0.510133547916513 0.016923815143516378 0.4284733369379879
201 7.260794154900395 5.4777205738874235 10.717199899831579 2.260873753704057 9.657236311231465 25.658808316168745 2.651626294815476 0.7924774618319017 5.2006275229327885 12.49951715130282 32.576173014398684 0.5079407061218629 0.0485864810824906 0.42719261329573405
101 7.358793209065473 5.709648648036632 10.724964261050383 2.3999715472131413 10.082438221717535 24.68121993450975 3.154736832390059 0.8125159614757493 4.217554763218428 12.142771025783242 30.850816010177915 0.5076036253169058 0.054289374015302524 0.42594180398585385
102 8.012571011112113 5.497858363058691 11.06195298161392 2.0377279706800997 9.966481683434283 24.831173840105386 3.18934637640934 0.630358542192399 5.1586943291479 14.97256111830244 29.06467023786409 0.5071425648779273 0.05282621786556243 0.4262793669428841
103 8.008711130071694 5.537201909909849 10.931994085816527 2.278295492900054 10.172151108675049 24.150283494887578 3.4404277642289296 0.7813692108257014 3.6932658850147346 13.422410403628595 30.075315074580494 0.5086605361084882 0.04030844790223903 0.4273083737928671
111 7.2699767551995915 5.729559749545816 10.86998785743764 2.158884261580504 9.6074685275127 26.1057062114924 2.4232541940515495 0.9833648777130449 5.262439118101224 12.017626683661032 33.085965540526395 0.5089136232860181 0.04137533694191753 0.4262370476264226
113 7.344980207045988 5.756721266980931 11.106417267097392 2.0407578500226466 9.764348853703762 26.094295746602448 2.2861567016724504 0.8019834215198173 5.530374300992278 12.92182017905618 31.797536950820295 0.5076503775263015 0.051439278455971314 0.4263962774421339
104 7.287551545039864 5.733991725481131 10.763172653068407 2.1907140548990127 9.657919561727379 25.72363790504907 2.6180211412145407 0.6753324474286851 4.798455022113411 12.214891724894802 32.78522010891286 0.5088827792118327 0.041501268182047406 0.4269338692417497
112 7.434016177419809 5.6689324845837685 11.0006938366691 2.0580189771870088 9.50024683196576 25.54457877209126 2.906218612518927 0.977766631634607 4.432463684789902 13.624015243816567 31.67140022148584 0.5087113669998601 0.042770966914340826 0.42605005052299455
121 8.157808626373583 5.442479861339649 11.338131782888851 1.8683078410138294 9.596545111413569 25.403603808147242 2.8530359766473508 0.5631959805595067 4.692752830555087 14.934036336750575 31.648972221674825 0.5100268181472053 0.01662343110071474 0.42851403155916773
122 7.364693733360299 5.702135898733275 11.258691566648551 1.7983980928000376 9.14812971443411 26.25009600264759 2.5882811413227205 0.48578539860621284 5.826250736233061 14.736550007517359 32.61408248500692 0.5091874862474051 0.030050349941578257 0.42781394317983784
114 7.451000155531406 5.574548391151225 10.70620376956465 2.388867535446466 10.401926801948317 24.768620897458224 2.9599579375908887 0.8774979733023601 4.327409317421095 11.93168193224558 30.163661852956707 0.5075958398492418 0.059799318567176504 0.42393994413307834
80 7.490242139732054 5.849066519704624 11.046102385327234 1.894405037498671 9.001980880470493 26.347463988786718 2.7681114149632906 0.6246317436520213 6.051731636979247 14.063985648551936 32.55802699732417 0.5077282548930853 0.05335881031042169 0.42627655205847326
90 7.6706676418710735 5.626581846444722 11.175437919419652 1.9623633662811204 9.663459628882672 25.751865762857737 2.689430630172155 0.783725821543412 4.841904334664746 14.038705235675817 31.196776694549907 0.5091173017879599 0.03777141466876774 0.4274059618294879
228 7.4455837632573045 5.697102657061432 10.90636726505663 2.079620217513688 9.354360373875169 25.525084326087732 3.033536994259863 0.6363460166584884 5.060551020842318 13.980079420990714 31.775750089412238 0.5094476626370106 0.03308481013647535 0.42759735678163946
81 7.044180826631142 5.82261500138611 10.733663701343154 2.2350038623296307 9.635618964060813 25.811152374123772 2.5280760067982864 0.5379619095376004 5.628151248387273 12.701237840088508 31.85379415364603 0.5076994960128003 0.050992345759562414 0.42666795800799384
82 7.558490794613023 5.654883581171477 10.802457188939238 2.114163949485703 9.000179955454168 26.095641933359595 2.8033134877838704 0.8176867296012107 4.971541572604185 13.815599472462555 33.52305691348165 0.508229090407661 0.04645287466562272 0.42648733321467364
92 7.8315547554284874 5.540763665725258 10.665360906255897 2.245657367644167 9.661088707426913 25.070610843344006 3.2049245955462 0.7884419826039758 4.561861519749756 13.725547895970248 30.650568308977924 0.5080363475181413 0.0474965214723736 0.4264955357890992
98 7.696026594449428 5.460971641900775 11.11190139194225 2.042388560487077 9.539610589263704 25.434627536188604 2.92779754065616 0.9925002474131754 3.7879545616241197 13.263003423914041 33.06335232657394 0.5100062511529937 0.022272949635390966 0.4285650075488681
203 7.497842703809608 5.849606491885732 11.306582246572551 1.845735954465331 9.300635592191602 25.550079175240217 3.0329366855410527 0.5388172766365956 5.438403134512364 14.510533143668546 31.95217979535159 0.5097946254002418 0.02342608333113781 0.42848095882918374
91 7.470904686867264 5.722739186304339 11.149302081496904 2.1632809482178104 10.231756909784501 25.225647978784163 2.58142085978634 0.8164616184577853 4.252879815328894 11.994207628922506 31.89444924325185 0.5093537966988277 0.027788212484148145 0.42762137750448065
99 7.53531978798337 5.709536956156982 11.374440893825382 1.8259810016191977 9.310674783991484 25.664057660685348 2.9603091664188343 0.6935395061057282 5.502501939195596 14.663406262077201 31.983700757240406 0.5084972540585551 0.044840790742612484 0.42667864528801214
105 7.88963405810045 5.624354227684795 10.889396346950454 2.002811460138653 8.85374721840496 26.432991939487753 2.6201814208850123 0.5926429335661106 5.970951112257429 15.433745577647626 32.842132081073316 0.5091725617762667 0.03899061866511103 0.42703140364619074
115 7.858780163210093 5.5464344862480415 11.39811345504495 1.7300777302068153 9.092559986790473 26.203917607368616 2.6156543391455642 1.0724494793860377 4.026977363458794 14.233904899257956 33.98430053613849 0.509537271426887 0.03258467149194542 0.42732501812938894
106 7.65038640258819 5.628197062630624 11.03838928157147 2.1561549764773815 9.912690261959977 24.806812742775584 3.10391201699394 0.5635224815596342 4.889689864464202 13.908968008732112 30.78501938912412 0.5089816718918296 0.03985977388618394 0.4271412662819206
107 7.714511427166461 5.536030590241694 11.179255748413924 1.733753646059483 8.456307455255695 26.473806453844453 3.058461880770528 0.5864071019369199 5.593993439957299 15.929488908473735 33.36273398527129 0.5091165075445252 0.03909746346413556 0.4275232042895189
117 7.674922405238835 5.542148853977567 10.806459620539322 2.2321497232532317 9.57811466594019 25.59040708661452 2.8432934196598607 1.309225262299712 4.651785078379097 13.42270402246843 31.67428306539716 0.5065331599046033 0.06651768537834081 0.423754488755385
123 7.629656344615892 5.6275368113898985 11.054131937583062 2.005963193002873 9.413424221301018 26.029811464246567 2.539347027384662 0.8514734342597745 4.481300699706043 13.42645903898762 33.111191273775084 0.5100261975702365 0.023447582622459 0.42809822454615515
116 7.415012084367286 5.716507855384236 10.833855504348445 2.3785836899176402 10.291584181944025 25.039951086110978 2.7245642321528605 0.7423201386909328 4.379127313546272 11.7973034459657 31.19853569290008 0.5090468173573668 0.04251817185714733 0.4270358142411709
124 7.555573382669714 5.6894922099750564 11.128936134212775 1.9218515091257624 9.351216186844702 26.23930569299124 2.456589876051732 0.4691250589416382 5.9318875404658415 14.456159817518891 32.148925954966934 0.5086182361544042 0.04696683796109637 0.4261207300400796
229 7.5694254336875515 5.52797358465117 10.845845447055474 2.169913126627065 9.23211019954235 25.201793618144592 3.3053512840948773 0.8512843318195438 4.4946251192939055 13.995167854844606 32.451785986067776 0.5087342960639665 0.03519063078104795 0.427620998944377
230 7.461741083690873 5.896646293078967 10.74382021824386 2.091868579657925 9.804419591389179 25.463888359402624 2.681536418818261 0.8504368306966773 5.373884177409825 12.195085611495742 31.72722243078042 0.5067858688283304 0.05755594486361705 0.42598643868246905
83 7.33289650717774 5.8459666684966605 11.201998640750855 1.7714973491987447 8.759588531304907 26.260587243529987 2.8589348177687626 0.4773623640235156 6.12378348075407 14.816718093058872 33.22855957350303 0.5096391410382273 0.023467976799348176 0.42853387331979836
84 7.409409072665134 5.650625447444051 10.51810559982914 2.4408865351059936 9.846950239094173 25.289326339063983 2.825999465034159 0.6211171105126612 5.543730187214519 12.86395614080542 30.80422068236569 0.5044088128712856 0.08095633929895246 0.42222883549052953
85 7.636568860853959 5.650998916867839 10.708586715661745 2.1158287043135378 8.65274620364522 26.714873398817947 2.592355877679568 0.9159474245030239 4.972128539415852 13.612867582026071 34.859336784693156 0.5080768447914505 0.049841154709607746 0.42616866394203307
94 7.532970530188058 5.9150910942151 10.861677943400974 2.125933941712488 9.432702615146317 25.93612298399647 2.6998038931273856 0.5836306495197929 5.521630109467827 12.842929722899557 32.416143888825786 0.5089409572523046 0.04005407918569421 0.42637980972996586
205 7.032147409754909 5.752646639740897 10.775514800386077 2.2927398173510376 9.978956453055092 25.368653071166957 2.5976720471562227 0.6953098941078422 5.2500107117253165 12.197793401146964 31.699444841279444 0.508540275645616 0.04298788739590433 0.4269594802408825
204 7.396318674302353 5.626026638537412 10.944041810083009 2.080354121771074 9.286111407222348 25.855247505336305 2.753072826366078 0.5108961396512764 5.235528921183857 13.989649040055781 32.61617851229039 0.5098453047264307 0.01962787349063302 0.4285638136482684
93 7.978965272350022 5.583578602051721 11.004206334687813 2.095883106454554 9.690902117809246 25.21340552140301 2.9799144757598244 0.5457492566802001 4.942034918307361 14.02675339680498 31.18809549478754 0.5084290791423841 0.035554786334464676 0.4276515768893504
95 7.784967371278622 5.442284305927957 10.819485155353739 2.2384741798790593 9.8131786647446 25.197825484766412 2.998854470101612 0.7518930332441895 4.8843979993970335 13.12783242343223 31.113531903906413 0.506989549793943 0.062380063668623725 0.4243946337119789
100 7.272487445307881 5.748614701351184 10.685253406004003 2.276511702064915 9.376488859678647 26.039383356799686 2.659059496745192 1.1028270542069583 5.576649969107626 13.055581210219293 31.83456157565758 0.5067668637436784 0.06301852526776343 0.4246022083234562
108 7.789938303267782 5.780973796214891 11.074454618509414 2.0841522586191155 9.821249411506633 24.9576591554387 3.0697885033560013 0.6616415128764241 5.1475023706063485 13.713238049884442 30.951315418226773 0.5090335883899587 0.03732168583704819 0.4275437749975744
109 8.02240708651705 5.58503701289738 11.265147742944709 1.9621213054494384 9.849941818393958 24.44177942369782 3.420348443437358 0.2433446461879371 5.951906835491558 16.225183666861522 28.49971233373639 0.5097022547652764 0.02842684945109986 0.427908473705087
110 8.025135860827108 5.527433048504076 11.279131449488194 2.0271240429265873 9.706902764481997 25.441232312604207 2.7052055474069734 0.5689752180456767 4.892189197457176 14.511904188784287 31.741169482333124 0.5097994394432699 0.029951416843786306 0.4276918166544762
119 7.319787024581443 5.782227490824002 10.843668136182691 1.9786927621680332 8.724232197756836 26.53381323828686 2.626366376573058 0.8084621322252902 5.653782028367433 13.55141475147882 34.37514537206568 0.5089853230439956 0.038250523841318405 0.4272563424215876
118 7.622870567248803 5.815934307271177 10.949864022036982 2.045812783619622 9.395432067227091 26.00940373787066 2.6254237193873733 0.7895168219318732 4.673309418123917 12.539961912621866 33.239369679054974 0.509087451057895 0.03465662447226594 0.42807068338451193
120 7.422791964759274 5.662999068652958 10.96609068502055 1.9852505157816662 9.297256381028811 25.934361798755678 2.696296321176188 0.6206831245020528 6.347722874961553 14.739839190668981 31.37978397240742 0.5082571582374212 0.04435645317059623 0.4268716270464293
125 7.828286569385522 5.46465684972731 10.735472511446593 2.1865101755514393 9.292335047386612 25.422949719672687 3.1721904388713256 0.574907964491625 5.392628307324836 15.000291624302008 31.03252181915146 0.5068398640421968 0.06437784444535394 0.42241626439919944
131 7.235099052355401 5.814435584837418 10.76271975538008 2.245535612986953 9.393612063341987 25.781959964503002 2.8081962626495556 0.6085643754847441 5.394814603944109 12.680047480090053 32.506678881552446 0.5086474026692849 0.0474602910981266 0.4259209379264168
132 7.774820383480486 5.736365083607051 11.127618498234359 2.098537134365951 9.936707277478789 25.386211391316095 2.8075077144525027 0.7656690203986964 4.303444394471013 12.776336853825331 31.45733923384316 0.5087713558650314 0.03979465908457234 0.4269914560032527
133 7.708997532655099 5.522880279951097 11.044221023149728 2.0210649214942333 9.132552015827352 25.634284162389434 3.037469202172789 1.0653100318161624 4.434510496892374 14.234758345128826 33.02939301219418 0.5077788813625399 0.046577502701834306 0.4266730778159913
156 7.412327215304668 5.668843112568449 11.218057156399173 1.9542113880118948 9.347029362966428 25.030661718149368 3.439978255305225 0.7396552288366524 5.025361440042495 14.216804277671189 31.69255347509815 0.5098517340606231 0.03102277749489603 0.4275688461352051
158 7.898253724949541 5.483364537245903 10.700893983135028 2.4187506570725152 9.74449173874099 25.29074444380199 2.918240739111567 0.8567269553815609 4.6509900844796945 13.6203915880737 31.20047482701196 0.5068390599718574 0.05627352101961819 0.4248701533764517
134 7.203430911584742 5.742994234688774 10.218590011585965 2.6271079532364183 9.519146820403378 25.44271690320834 3.044023877522652 1.0731346545807061 4.058303200350926 11.493740379873643 32.36454880333309 0.5074356054233556 0.05785400970551271 0.4258296088781963
141 7.458666754483062 5.740588041772472 10.926206601477949 2.086556202743329 9.731333316550748 25.78567346912448 2.7024761728194897 0.4583397962904727 5.902055013947802 13.11074057786332 31.14193475306118 0.5085387552094449 0.03702498359004175 0.42661295066642424
142 7.806857721962771 5.538121619126679 10.97297994449812 2.1256560873651744 9.56737350210816 25.62943190832599 2.698548022548865 0.594281856793665 5.803297317378629 15.01446245133274 31.05669118647098 0.5082766073573585 0.053887966613178295 0.42410410417999156
143 7.948843545819534 5.532994660739639 11.22952883800547 2.0853375784307286 10.125106469350163 24.660201253977053 3.1554954288654407 0.9455690037362128 3.9432937416456935 13.103808189469591 30.618325508468516 0.5085841037210863 0.04539794361281238 0.42666240723008036
166 7.7177337344452575 5.556112292333249 10.510981817215526 2.4220644082453093 9.812258551553517 25.374314758550753 2.854346205573139 0.8573504695966864 4.383187785374814 12.877800944288145 31.287981482832496 0.5074461584439974 0.05636055048790821 0.42518545408154
168 7.1403448113733585 5.763903602645988 11.013163960167304 1.8889693076454264 8.812762511629634 26.381521922598782 2.736706650727205 0.9516735387055727 5.322718686344629 13.778141807868412 33.8592626646779 0.5095180126475134 0.027524651973782302 0.4284116489122163
144 7.8571967567323515 5.357576541904541 10.537082147565972 2.426157917583751 9.7699975126168 24.657545574495163 3.522901303018846 0.8561800931964829 4.348217670025719 13.914720782420813 30.164709276433346 0.5052931212184651 0.06953731749422058 0.4238580768678028
157 7.754618657137793 5.544054903986395 10.81057630342991 2.123419299931599 9.536662796034104 25.825028502479185 2.602912258751941 0.666020006084846 4.728555611268524 13.343705771103798 32.59555324452098 0.5101306224551195 0.0157633670605115 0.4286797098541784
176 7.703498307597956 5.614275371312045 10.903563754192803 2.2418948534882905 9.864487745953372 25.386892876426014 2.9205529772412238 0.5675689123193626 4.581509620624213 13.087233455924899 31.370627751897672 0.509182131871077 0.033931246322354745 0.4276794126978803
177 7.503621843227367 5.631098375364988 10.46526911923788 2.5016928663761298 9.667210643171627 25.013992187187164 2.9891850346026856 1.1087351739053273 5.779901907391217 13.214483395382379 30.823782364777145 0.5059650658272223 0.06584723384285338 0.4240590629007189
169 7.9777746761016575 5.399880879151195 10.942245872343463 2.058397140299705 9.231447944869059 26.015031300099857 2.7149982760199207 0.8006755075828437 4.501042047035055 13.861890056235895 33.52227833794622 0.5094246288043477 0.028608127253353707 0.4279811909908404
159 7.452514568509969 5.6075528253854 10.632424745964062 2.3682564531850767 9.353307877387541 24.86188749359853 3.3480157806837516 0.8076226497248015 5.454451446538212 14.30691619820731 30.953123619672834 0.5072602163715669 0.056743444646740304 0.4242927816285271
182 7.6889216055145555 5.5615711463640665 11.170681850103822 1.9321506993042759 9.075332523851959 25.47643891529122 3.1808058672064354 0.6447910124534498 5.317642986774921 15.003049803649303 32.51249749907334 0.5097535765580062 0.01609575322598604 0.4285736385420926
181 7.894689493484332 5.587542821425787 10.844661707764876 2.321419111065917 10.406760329458407 24.881481019137638 2.785589489999302 0.9084493121572298 3.6642334898655964 11.997105748958164 30.888522045701283 0.509519621949498 0.0362114608362715 0.4274418828533868
167 7.51843537650806 5.651086802430021 11.193772830311238 1.825598626463528 9.55949749039917 25.39500429173303 2.9658536812226033 0.4071348108342425 6.092674333570736 15.115645218039285 30.49272771095028 0.5091761237104776 0.03324401121349898 0.4275195904178293
191 7.594749752671939 5.749154179427849 10.93310631281015 1.9814817104638711 8.824444864928005 26.29099104129241 2.6781877569861883 0.6868342577329446 5.40804183040633 14.363961018289688 33.79942097377551 0.5094300027764939 0.040389855524813834 0.4269066191554536
192 7.6256745784383355 5.997994878879568 11.152211795742463 1.7989566914711415 8.526370783344543 25.96978713186768 3.2476485066510468 0.5558436640565377 6.0970451674735004 15.146686915947882 32.97662801843053 0.508025216677387 0.04531813683801233 0.42585294539417107
196 7.683546483874838 5.515023921270592 10.514106428964856 2.2933870361895043 9.77939865501191 25.86215525188429 2.491565078033284 0.7995123741259794 5.170699008996388 13.091335415996939 31.628143253117635 0.5071830964512966 0.060047522617629946 0.4249678936103798
197 7.640228490521003 5.578139484414556 10.796262565480552 2.241157530061339 9.354035431592658 25.89273165058567 2.762777704935035 1.0265088550047528 4.96631702468855 12.83973427408032 33.07398963259673 0.5081955015071434 0.04713256863070451 0.426486298998317
135 7.777037559041209 5.491933102728951 11.142625155151324 1.8261545287938081 8.65513522185988 25.99681187302209 3.1284993980950344 0.6521291595966158 5.2488077009866085 15.455259085832443 33.21769910691918 0.5095192087473127 0.036376108411078995 0.4262695480797685
160 7.683381558206076 5.731040380391812 10.618865770145975 2.226625243187533 9.281709397633318 25.429278730286086 3.032107446966493 0.5764740852594138 5.540145154380486 14.288621947552535 31.382720234709154 0.5074589539799984 0.05476787858589469 0.42469528981078986
184 7.305813755063377 5.759980211855465 10.872071379235184 2.042924406560102 8.665530729798615 25.84234560632397 3.183687999583777 0.35025886037990045 6.512462699777219 15.377527332288881 32.603690368643626 0.5094869009611287 0.026166421406692855 0.4282358916301021
136 7.312778341993292 5.8858886705873115 10.707326612219974 2.0679625995612163 8.718747612681128 26.234600364955035 2.8779296395476437 0.7161454385093513 6.596920764174091 14.167914769209807 32.765927506104624 0.5089785486162514 0.03743261014879157 0.4274633561996254
137 7.465156801524348 5.700100802433889 10.349989431112208 2.3761521723336188 8.79110752853303 26.595747334777926 2.4365980508138243 0.916738597796335 5.478016415023855 13.58485554562471 34.22603193531782 0.508809671099666 0.033458943761249534 0.427432549413087
162 7.570911517376139 6.094590463260743 10.939613647731877 2.1083785250762572 9.45458129983442 25.0953367362302 3.264257334357512 0.709022448506437 5.506212478035943 13.100888383459605 31.342497172804073 0.509557257195376 0.024399839608410464 0.4285468862680754
171 7.866212356891152 5.6371516635217125 10.83307244118058 1.9569454992549113 8.52029193087435 26.722794111095553 2.670951930052747 0.8337385981303588 5.196920415968865 14.473995318010198 34.50105180464309 0.5086284846111319 0.047791104254082346 0.4258081016137572
145 8.02197404474401 5.425176769182161 10.838267354450597 2.321618323067907 9.46265192584137 24.74378378891226 3.4771090373627414 0.6805824334596905 4.653962279018279 14.820490710342941 30.97259253481854 0.5084392181867062 0.05067791551145886 0.42545925849824634
170 7.652847565069709 5.726530642917196 10.806949684078559 2.263722787953656 9.70367820895235 25.14091641905971 3.153705102400302 0.7845040525084306 5.222814594555197 13.015936577476973 30.999558378145572 0.5062278358845986 0.06019479526871951 0.4261328971903458
146 8.351698986112325 5.16565121162404 10.6539355920871 2.283520914905306 9.328397016439284 25.05656477230946 3.4383132953179834 0.8998362932791014 4.271773196923744 14.934753431204806 31.41904485842678 0.5077473490563372 0.05023463672148029 0.42633770221032813
147 7.614057759009212 5.763508110013105 10.93522915112768 1.9480669240702462 8.675810499300969 25.890645730276177 3.2194894921188753 0.5928266003435514 5.7738563349458385 15.315889780856352 32.59622575112642 0.5086842245951928 0.03852572985361792 0.426799035391662
172 7.33592219264204 6.016616999474695 10.964786963426148 1.9388293662934988 8.609717538670385 26.45935053192562 2.8264062395297556 0.4999946844239184 6.490509289556107 14.07925690082125 33.710002616457075 0.5087919613276379 0.035130673999493364 0.42859048366047126
183 7.9368324853081464 5.666995937715394 10.544049696983251 2.422375166052705 9.668049914147323 25.095473478153885 3.282524197416052 0.7547341005633729 4.485059717899951 12.74080514202005 31.090832571106326 0.5073130280613071 0.05448267864316386 0.42529798477911157
178 7.31493585509164 5.841071529238406 10.627414959948428 2.1431146701585497 8.614208711235149 26.040138871736225 3.126727056632829 0.5368135665655764 6.303488848722782 14.846902425869928 32.430781294500385 0.5077546676926772 0.05312977314745124 0.42467978116406074
161 7.616339263307284 5.835882849788601 10.479660893741178 2.3898099083873126 9.238217499859335 25.07771166785271 3.1730110995858434 0.5608115961653868 6.6391456137935885 14.876173531675605 30.592505053065135 0.5070213127384838 0.06391550633914225 0.4233199800210926
179 7.663785267323747 5.7878409149465675 10.758270565834437 2.1802905656111484 9.115012648468781 25.87619138200778 2.8268118432415594 0.9155997877846366 5.675837935908375 13.935766304109015 32.74884060546728 0.5083091644327765 0.042215090270477894 0.42730956797699715
193 7.5839212537347125 5.656979430561816 10.391358374772993 2.341522110814031 8.483262587276618 26.725356127827403 2.7526316525242467 0.5976001024601703 5.693900661152304 14.365232622480315 33.99810714008623 0.5086011890261878 0.04407076484482537 0.42603513832895246
198 7.4558145640663875 5.788468528704726 10.972946141788919 1.9117101041816638 8.737127976451431 26.21365072687627 2.8010098971321162 0.7128388878518408 5.944279614679404 14.438352284523457 33.44617802929313 0.50935347581677 0.03794383179670582 0.4275373929972509
185 7.0735222542195855 5.914040563219174 10.719428349541415 2.090773025632092 9.289391822991586 25.615552294081034 3.00617482690692 0.4884806914737676 6.1777945680885455 13.836522025241157 30.92076681495187 0.5084093115961483 0.04120551669977359 0.42695375455324
175 7.28250535878612 5.728187126516829 10.667892728807498 2.2939333168742007 9.534961996968992 26.08932954504964 2.5211607681550476 0.8438043491515733 4.516207417634066 11.626365067062007 33.47202394375115 0.5097041606776674 0.02806297798590151 0.42744894656583526
173 7.439176495514326 5.402148913766274 10.896184181923537 2.006789126578667 8.72235128401691 25.920332947559334 3.046067736320331 0.6347323063669745 6.085233795873316 15.546883552599411 32.875187226379275 0.5055246348696133 0.0732487703518739 0.422583723600364
138 7.720312681215674 5.894767591079587 10.694967094151137 2.1033262932364325 8.58902415937013 26.65734357503607 2.6561629928207737 0.5974403744399713 5.957529330203018 13.868169320180659 34.385039374571484 0.508587027037514 0.03956924180538697 0.4257672176137642
139 7.434975273160737 5.933252601907771 11.102195381632548 1.923653511572631 9.144787335644398 25.549239278442958 3.148424625550547 0.8715202970885686 5.907420267644433 13.978299770214074 31.877952843178367 0.5095029805744541 0.029403871538401585 0.4276190099643155
140 7.382605929548757 5.71431839812502 10.919182417836161 1.9123949935137006 8.546987036098555 26.35380301848709 2.9312038895616146 0.6619059497054398 5.953576678419782 14.892554709602777 33.080878843176144 0.5099410126716123 0.024902568903842334 0.4286665225493489
164 7.6698010906087175 5.683645720568093 10.56159399962315 2.5485567997623186 9.789185607180844 24.56709862350418 3.4523428574600965 0.8170849528532207 5.142810395488299 13.290449249533049 29.996891478897545 0.5074165004323383 0.05701391557027837 0.4253750429636627
148 7.7696764394231534 5.636533231110371 10.156501104569049 2.5067101123218043 9.71153088227101 24.818693502760112 3.4235397276939934 0.53554760982045 5.927678821738542 14.311923882562635 28.749173783647183 0.5057419725060293 0.06559387798739494 0.42413995822133466
149 7.45674360485631 5.503971440648422 10.53080040934305 2.3146313455259127 9.1582523210673 24.99759984875614 3.622134645795285 0.9132006412002196 5.426997357891495 14.868981723476944 30.24252800647386 0.504290947968074 0.08007840255167631 0.4212461321584183
150 7.366757865225908 5.676292608434621 11.036256378677422 2.2341328508441602 9.804482295138326 25.049370411871728 2.9380978753490323 0.6940131506309468 5.286003783891879 12.896102989632519 31.82129509627452 0.5059550496462571 0.06332578282211476 0.42398015945703116
174 7.933976355916826 5.466098711973504 10.765299034887954 2.128302992182626 9.004419805104128 25.67093649270154 3.1036077453223188 0.875545302570268 4.98358885178363 14.688311324213359 32.526171986953564 0.5076997017851383 0.0517515506665133 0.42498921296738307
163 8.045425315003293 5.34978019756264 10.754887099239713 2.1935011561388555 8.935386743348138 26.1665515059331 2.7391686251109504 0.7029259569638073 5.772282550987386 14.438186913759997 33.63766928733045 0.5087602002793494 0.03960557580184321 0.4267634170682415
165 7.738646270305067 5.480832224716642 11.175164779632555 1.9765429023963914 9.381351102521835 24.61140546472274 3.684185112390044 1.172445170697464 3.792495502116899 14.152218379768625 32.01295161917987 0.5080260207990817 0.04065042575741229 0.4272892715425562
180 7.472911974133297 5.826370530662804 10.896207843473938 2.216928979073484 9.581089966119336 25.434337799781105 2.9340895138376757 0.8237178988668892 5.024844483335224 12.867759359434373 31.918855541856203 0.5089225454398082 0.03692504211074663 0.4265537992192558
194 7.811475052240927 5.702753152581144 10.79389444543086 2.0324770088319064 8.83697414509849 26.010652353850563 3.016778649703183 0.6468282255358105 5.795066695859427 15.196056739684236 32.031072557321885 0.5076346991884526 0.04943007025696649 0.4256690230712587
195 7.613351560060053 5.492307498449656 10.902795427410771 2.377378450706812 9.910539350566356 24.03862305373505 3.4150845561744907 1.1093586743912782 4.343945049341405 14.60916721816465 29.870824050556667 0.5072242723639572 0.06156270967642427 0.42407746580404265
199 8.051907825756345 5.517732677782693 10.934587919077119 2.079487850718579 9.112642647376969 25.77514011035804 2.991159936694605 0.847006869273109 5.23112210343901 15.350047280058318 32.00312556529004 0.5074780353106033 0.05859161110997904 0.42452523036580764
200 7.867078855620352 5.7415222214945185 11.27271264641768 1.8840719045451373 9.496070997585544 25.972917040479878 2.6358603749829044 0.8254052294315051 5.1120464523174665 13.794614895541024 32.019535063472865 0.5095626710046741 0.03639581040336463 0.42719176522948504
206 8.001627718843952 5.4083965157865395 11.103877821147005 1.9315528329559561 9.37358746173538 25.027285276491316 3.5368137075150603 0.6064531974433276 4.489562381454012 15.039408273077012 31.103849052228526 0.5088822749165882 0.0414034407691721 0.4277124225321457
207 7.6769906087000415 5.339576743764768 10.502447484363453 2.3153798148053886 9.283479116143484 25.57645778952857 2.983834410033129 0.8432134583537164 5.4685690791806545 14.106253374667984 32.12296187457467 0.5048936672551444 0.0765602400457878 0.422660139488224
208 7.8262611614864195 5.674346063651992 10.540315185596747 2.5799362476621113 10.059901085869049 24.887071616320494 2.8397402807127183 0.8690651033943243 5.61358742452626 12.843395489506285 30.535131782843365 0.5064014198992519 0.058496957525178285 0.42609635968897674
209 7.939595529255844 5.766494777243659 10.886862634870049 1.9863860128806938 8.59273967307193 26.163292512301993 2.9701322755618396 0.5783689273446656 5.681100813297892 14.856169783030463 33.65533153082802 0.5090754327621944 0.0332335592565136 0.4276013297459796
244 7.181137344896802 5.962190968476312 10.800906761947422 2.187695942875158 9.550098476794725 26.377283174316688 2.2835487844574933 0.7004769402873318 5.409355418509362 11.273704884541058 33.51059223559642 0.5094340203072776 0.03011132322758952 0.42842413923492506
243 7.659469181641163 5.741272545895309 10.8517642909957 2.0940879531864915 9.203909259175242 25.83164748111262 3.0135779322751044 0.5995193215896893 5.704904354399074 14.409585176435481 31.457542210339756 0.507523143951455 0.04996624229375978 0.42646511508235424
242 7.547464643992924 5.672920902503437 10.849329148062823 2.0528479995816986 9.214427489574492 25.87967354753821 2.8181690664015506 0.9943419002019502 5.202755688495252 13.880913780484674 32.20183296820879 0.508067011074437 0.044658455104171116 0.4271999908787049
234 7.469371632242972 5.819810075580648 10.783474775723011 2.2074385716734786 9.39762414472397 25.22009181992212 3.2011752020572803 0.6097721027036314 5.311361405976664 13.62511170738044 31.83215384709569 0.509295721021391 0.023935116549725362 0.4283701832492892
241 7.058041137203728 5.753629278081016 11.07187846237443 2.094541768114545 9.540995097212694 25.837322438066064 2.548232678299025 0.534729717945195 5.839514044439603 13.139498441977128 32.669723061669885 0.5073951568316686 0.0546819494262299 0.425723559688953
216 7.077512248443168 5.76924666547866 10.933428507841883 2.1659854476760483 9.366832460159486 25.669543804853 2.8417307893560624 0.6973595934466607 5.642305083373017 13.39476543546232 32.50125460125008 0.5063311524273625 0.06304402156880112 0.4251068912917102
217 8.014689829168823 5.031587175689549 10.893169671816864 2.121164064445381 9.352578229037405 25.427550521701388 3.111996343535924 0.6727058213386603 4.915234493270377 15.00589091022311 31.93396822174878 0.507837413565377 0.04987246096141564 0.4259488250072534
218 7.33036134847532 5.730267633962794 10.754883924785128 2.236810530161961 9.253320798065635 25.64957888950356 2.977534867417793 0.5540413873727831 5.675044459568855 13.86946189314463 32.00418219577586 0.5082537528302596 0.05073477798732465 0.4257217106789527
233 7.59740499552403 5.763142460354813 11.192595507113873 1.9262086463373316 9.329012192416997 26.177836046400063 2.563659145017209 0.8622922773433561 5.541935074783349 13.701092810255375 32.549184640599314 0.5090044064088705 0.04119691535459729 0.4268894398945654
219 7.707877952982778 5.64213297407007 11.099506507002378 1.9644036143834411 9.05927512141033 25.214027630722367 3.444667723433741 0.5792422061705956 5.4683664315954275 15.146486250830954 31.79354077272659 0.5087087493554941 0.043500147291956164 0.4267754403677102
232 7.439318872899862 5.559054604519343 10.519574588338655 2.393572475256715 9.510197192668693 24.887105436516915 3.4201930613958678 1.1567939194225811 4.818786332335043 13.820164035219591 30.19291729437566 0.5051859313177266 0.07842336704629466 0.4206375498674608
231 7.912707522087631 5.544724588868228 10.851173058490826 2.0901424738102987 9.56569954593543 25.70411307405646 2.9318078993446024 0.8847464939230641 4.686646815647815 13.584926989283211 31.352686734742555 0.5072125766360697 0.056603729644326264 0.42564221552338055
236 7.364330673611442 5.81321996881029 10.89970256538591 2.1522263038619247 9.476654649845962 25.607467976843484 2.948607406100782 0.42552277657174925 6.220701010154203 13.628679138714702 31.249961599891183 0.5089880729840358 0.029228353170632264 0.42819420360156146
237 7.54164666764134 5.8572279644411624 11.112925581682427 1.8797421864635555 9.230810772486786 25.86102506458543 2.908043586903618 0.763346282240712 5.698775383709336 14.439993774460575 31.642919145061605 0.5081669797580909 0.05247724404048374 0.42551187125135737
247 7.931938893516283 5.694419930898522 10.590414824063545 2.254026303054086 9.279563808199097 25.982120500276874 2.6595522397197184 0.9617031712291909 5.070107320633722 13.761105616504365 32.0908112307312 0.509264096381935 0.03579664548690662 0.42718404465794335
210 7.742618284027055 5.747570741803584 10.641077468248533 2.266828231704328 9.307624609873017 25.22522127392265 3.219769010479992 0.9142007867923895 4.6309828781550495 13.080267376343354 32.705412988034155 0.5099535196093723 0.024742008988404677 0.42810447824715525
246 7.496286952194028 5.910445998677326 10.684247423874393 2.230858574990943 9.625316350222043 25.68165180089706 2.7678129749382374 0.6445752514940488 5.708797220788417 13.19734149468975 30.951355420281082 0.5096282256763509 0.029021632030207124 0.42834323223885823
245 7.545895469623355 5.905275287306764 10.915160733056972 1.8509967143024755 8.075274786474573 26.98097502218305 2.930585244097304 0.8819935123829674 5.808802755341837 14.347981893086663 35.26219333694016 0.5086337220101154 0.041454531879566894 0.4266980220631233
235 7.601022073941868 5.708429468771521 10.541721303371737 2.3765854410178333 9.430072955456714 25.550595475986068 2.9820362311854898 0.5032700819245575 5.965665025621416 14.003001721288372 31.1125793189603 0.5076686183839411 0.05788914071712777 0.4244203709972364
211 7.925932594618404 5.739540283038606 10.628924182069621 2.3551141831714792 9.401390119570271 25.534478067476247 3.03701783065734 0.9596226834430192 4.1948787470446804 12.5294568159002 32.718119527773936 0.5087151947389501 0.04411696684879935 0.4262645456236733
212 7.810056053283704 5.6377570615967585 11.084870734533686 1.9728617066365137 9.289208443909153 25.779163843852288 2.9094439801232896 0.492180348831784 5.577926484770551 14.667004682650568 31.827697451269444 0.5096330473931501 0.025872066479387282 0.428152622831542
220 7.592922892183793 5.719503957993865 10.720620261184393 2.136085300856437 8.840362847277873 25.83848984927283 3.1012328758417858 0.5906128282738419 6.137067085866239 14.474362707574612 32.73688816924969 0.5090223678316563 0.03990938378645819 0.42658466290178165
221 7.880545165088305 5.692453642763312 11.021357104472544 2.113151600509573 9.560366870983124 24.88385302138296 3.261046913198033 0.27390784139122387 5.981493892201022 15.305013610250311 30.253119600024583 0.5093973806569073 0.034049620252318835 0.4279561163515633
222 7.5703441344359925 5.761976585805467 10.776807295065245 2.2908545862615357 9.537425512232868 24.88529643844843 3.370471314193429 0.8108006560459808 4.156774834856015 12.842559145307758 31.813421602730266 0.5092835650317575 0.03320509164198814 0.4278503245612598
250 7.666434443061679 5.5712792251835905 10.91218261649239 2.139154215447467 9.261023772637712 26.08522218177359 2.5508535324852266 0.9513981666094048 4.392810666270312 13.21226650114742 33.92520853170442 0.508848687374397 0.0394054182610317 0.42626483893576256
249 7.87004023687519 5.34472230909024 10.892265101088944 2.1369124202169565 9.557962670550639 25.1227427862999 3.1321589050612144 1.0131637391439698 4.415682083931674 13.83871440569516 31.714868625158257 0.5066252395823645 0.05853709487824958 0.425170001559734
248 6.993758145372668 5.782000191031189 10.960480536672879 2.0186925575862835 8.868660712792352 26.14592802107287 2.9224785789427776 0.7566761292348454 5.321564640868919 13.218194960331633 33.71197216569307 0.5096238355070596 0.03164234919259726 0.42710728332105796
238 7.290454877378472 5.628297418326959 10.593804586702978 2.457537368069333 9.768414969991383 24.85043853188023 3.218778959593923 0.8184430978314305 5.696002021915548 13.731421901651306 29.798255737382426 0.5058063689845562 0.06922743702303169 0.42368732385423896
213 7.582646472876285 5.923710152992233 10.893212944001451 2.1807605422283083 9.80543631069439 25.267551405169336 2.874908296984186 0.9335983524758404 4.331139370595182 11.891276468899623 32.207653733838754 0.5092622138194596 0.03282557662841666 0.4282357148265428
214 7.709186864789343 5.497631283885391 10.680775353960968 2.1363198501787393 9.085741366070472 25.538183977657045 3.099246795275858 1.080864690779504 4.826185780203755 14.527196433283885 32.490398626765945 0.5083276452973329 0.03758533979368839 0.4276067462632703
215 7.68963356870319 5.744655765760818 11.017315323124505 2.0703476237372502 9.99754294307693 25.516089187601988 2.7126817365666267 0.43567743033524536 5.679167787188545 13.756341511282868 29.734204746058452 0.5075815883593454 0.05271840046993151 0.4261619140171031
239 8.050204401132811 5.113539177070262 10.77114891287523 2.2048394580232498 9.122495503123902 25.625432323530934 3.062562487682291 0.960670401887648 4.2175083982952 14.434100210410483 33.409096690535165 0.5071224844468742 0.061519177047796234 0.424344528097656
223 7.522337431847795 5.679370636559209 10.671325943929007 2.260970642009516 9.524571755307775 25.37826994994671 3.1265660751537596 0.9551688743735284 4.379591834279857 12.425635581001703 32.435649290087994 0.5085508811400796 0.042380782632163036 0.42688278024008813
240 7.89251551928453 5.542018498119891 10.825983427883218 2.1478909858299278 9.496156126531325 25.10411364634298 3.2969149930949846 0.6310304400800103 5.130182711958042 14.746304625495053 30.515104562061616 0.5076035824743086 0.05335012747658073 0.42574388211621755
224 7.273310482447637 5.96263519348886 10.685841393403969 2.3826532382496475 10.10856943984779 25.43198886390684 2.6586717346444093 0.893820272981977 4.9532092334195115 11.244874238540666 30.909723486799006 0.5070612453414226 0.05929317509361811 0.4253271732600379
225 7.684953390366857 5.578475946726951 10.99018342700954 1.8683302083988527 8.781877731853573 26.018419018120508 3.00908433279684 0.7223725286443345 5.608473997056814 15.183518183954716 32.76076362182808 0.5075782143076416 0.047463392161869095 0.4265133183150764
