# timestep 7350
# phase bcc
# id f1 f2 f3 f4 f5 f6 f7 f8 f9 f10 f11 f12 f13 f14
1 7.947294708439733 5.84236833169769 11.083512776372388 2.229992927739572 10.43236504966739 24.532347190093134 3.0367812076431417 0.8847288416805844 3.922112166522908 12.006708242470678 30.378829294761864 0.5099720644526952 0.01766649866247822 0.4284813227939988
2 7.58993628789823 5.727756190492894 11.028438786773632 1.8736371377626861 9.022373616181852 26.18066055831849 2.650036070553893 0.6381878745818905 5.502053923355895 14.445648308956116 33.092450211066904 0.5089223142090731 0.03946343926839155 0.42695945217263137
3 7.616065609086153 5.422329556302103 10.6055295137401 2.377783742270527 9.503031028098054 25.153148372114774 3.028528429936505 0.8190939563085097 4.973203833381039 14.502927674976561 31.61924711940468 0.5082701757427661 0.04558573914528643 0.42715818220091173
11 7.796310598939631 5.834887283137213 11.207673793832912 2.0313902643506134 9.923239306755688 24.993114329316676 3.0628797549471267 0.5643686907808821 5.0768632164555445 13.399088700346725 30.756219261068434 0.5099065515929738 0.018268676661536344 0.42885640124460456
13 7.250300929461721 5.7588971872622245 11.075955688898931 2.085059055074465 9.874760646374796 25.694189425338593 2.5525846081187065 0.7289553144710744 5.435936260832649 12.920510825064829 31.5286358515072 0.5077574118095471 0.05002144208207356 0.4269153012010789
26 7.590956222265584 5.763828766546762 10.847959890988164 2.3281797002116025 10.334297298833267 24.59309622849267 3.0929716713238715 0.7644389580968991 4.750095442525407 12.5302924145309 29.69322957785555 0.5088765292828097 0.03696682480128082 0.42749011624179545
28 7.5026447127672995 5.834279822279577 10.714588716794628 2.392947467539033 10.108798049314945 24.897755664922673 2.938617919202097 1.1391312793582957 4.585323014991838 12.05509576204151 30.622062800622313 0.5068367999492008 0.05894665331756773 0.42510355230150104
36 7.245225079652427 5.756179040714777 11.13854687479269 1.9457927058603655 9.245087958392121 26.245444194309645 2.543619603036215 0.7113744583853229 5.533755906444759 13.751825476464386 32.97662624530714 0.5091429125980829 0.030100221667965242 0.42759615960643654
38 7.440550592485236 5.575600080773624 11.247440312762892 1.898447168438985 9.4461694692563 25.9389015711755 2.680815618851459 0.5420334024231989 5.316974560391152 14.081739561336477 32.42092966342573 0.509465105476854 0.02981462015858969 0.4273803180907645
4 7.605379239541358 5.763529580953077 10.953379185190824 2.2527759967754584 10.135325321928786 24.94854862408833 2.8267470526387686 0.8704064915861669 4.800347264454904 13.00664530978469 30.611713478580523 0.5092222413879308 0.02646209949431428 0.4286012415656965
12 7.757626098666761 5.651975692684116 10.885261151760199 2.081238724654888 9.451385453150566 26.002153241516996 2.62939416635595 0.7233699012823597 5.279965490528792 13.965577399040912 32.00059645370687 0.508535967744862 0.043327484184918844 0.4269981076064993
21 8.046143536392028 5.633389130599416 10.640767135594487 2.3170126840006837 9.917288734176637 25.17456548454343 2.9320764670959987 1.037951040175512 3.9983186019666106 12.630115575181534 30.996967236932726 0.5090634959172288 0.03385898458998439 0.4269902183575815
22 7.251748289436799 5.813443255026897 11.032220190034788 1.9790878352395596 9.19669513331348 26.176252269276734 2.671000015273858 0.7215332823474814 5.043464288469016 12.908200305506387 33.58899558665104 0.509546436509088 0.019368377126680787 0.42819086785555033
46 7.618191033405535 5.788172793346797 11.3643600603594 1.8844769384953521 9.439551661742822 25.60121530988036 2.889359387707436 0.5845475723773628 5.549918610539674 14.50175031301414 31.617253607822445 0.5086779777822633 0.040483886344289476 0.42769335309364775
47 7.559632882914223 5.689403714805752 11.005728554656535 2.039675443420501 9.427021879179657 25.611952480929286 2.8959135633241417 0.6034988342676986 5.011633190821825 14.028943624288745 32.009777505469344 0.5097329656977282 0.03178338086214809 0.4277299829155582
14 7.559520688230141 5.352876071801029 11.14241995981935 2.0214232318642384 9.383812713110515 25.07907349802737 3.28854881080515 0.8522952011610989 3.959872627528441 14.642847990522638 32.15910588799376 0.5081942883298232 0.05078247915920797 0.42588767344020334
27 7.796342734799048 5.545651659066522 11.029964567143788 2.0554294068753394 9.411564601355359 26.181664944660078 2.49919322802013 0.8508365115781045 4.682544828323022 13.70085070755139 32.729631990466274 0.5096585275325828 0.02918485163140582 0.4269628488856351
51 7.4055272128743965 5.860858536353133 10.840536315627872 2.3339902195738778 9.950543144638237 25.00421365308803 2.9706266743702994 0.5291786500347881 5.323856145301313 12.910631328398733 30.801760646969214 0.5078354027117238 0.050138456796941434 0.4269516729081496
52 7.37894418364652 5.935235477986268 11.021036722728823 2.1094299386545337 10.072575482658396 25.553776762977616 2.5069198170650653 0.6909525950113524 5.380452816511062 12.040065999277939 31.353790175682782 0.509657260639564 0.02499886537400801 0.4285887413736145
56 7.492288001480436 5.675730945984865 11.21230507902286 1.9458129445406096 9.770482559532237 25.12344703822895 3.0595016322138653 1.0085091621699407 3.9999236967113814 13.267068129305539 31.284308652055138 0.5093580559908024 0.02437173736647315 0.4284250056893528
57 7.624788865835762 5.621793708824647 10.963989831183458 2.04221675086976 9.30708189152515 25.888104711299004 2.775396308746465 0.8368813678869217 5.111749778255573 14.083199979331047 32.24341684016525 0.5088503323530302 0.03467768564699539 0.42759900779750815
29 7.484313160108271 5.643645254165425 11.010214597132238 2.0359229044946447 9.190181122967346 26.370555469924877 2.4222872867943606 0.8252437732980836 5.275719441576658 13.433311817276985 33.78152975396636 0.5085884416715037 0.03542014127796654 0.42755108660713326
37 7.519666896201154 5.69437178184998 10.966551508532918 2.052833759951772 9.430007723519948 25.945377890421632 2.5873941038192445 0.40714208733576873 6.21243737043088 15.123924764687013 31.144253999549964 0.5087202937268853 0.04197068680114238 0.42713661813018095
61 7.501624418413693 5.609754930134955 10.973149904254772 2.0361188476295924 9.177705766487561 26.01941803416535 2.730354572425048 0.7942912146185873 4.787233292142936 13.575749491287318 33.265263705713146 0.5097505420782235 0.02607556760455369 0.4281793369930348
62 7.6901446192208835 5.654088990168899 11.079082190731723 2.121836485577017 9.726905944610799 25.525205042205773 2.738999013340005 1.0149811789015906 4.399099613562575 12.670017412157064 32.474929382988925 0.5091878194012337 0.03515162852204037 0.4272923439915223
39 7.45529457883426 5.789883915449117 11.204727200220757 1.9958523759085243 9.551608544572483 25.76808143463861 2.7235685702554027 0.7712833863047478 5.248248605886002 13.460669396953893 32.066007242721575 0.5085296578535597 0.04880028353521497 0.4264488508243085
126 7.625112813959129 5.764545220652113 11.208544859688475 1.9448714943259826 9.753388403008271 25.08645233271926 3.1485774450480446 0.6804379118398899 5.041243330106912 13.682777093304033 30.82176369852979 0.5093950693407846 0.029296372926167588 0.42787325281911914
127 7.687151475903287 5.541961235492626 10.957817218577311 2.035758203594084 9.274698109652439 25.782482579893486 2.8121028269657247 1.0273080604901745 4.828091384696259 14.031819557374929 32.8024317478554 0.5094808913172567 0.03428220454303927 0.42807006729487923
151 7.443300855892044 5.759939531001394 10.726949279568691 2.1333556754239638 9.264007336421558 26.297854962691986 2.6301649979885267 0.9584860547768764 5.264396070065326 12.775158227187267 32.72187720906087 0.5084450144665954 0.04890618219642986 0.4262446280148282
152 7.831800515178999 5.775994604514014 10.984864565986873 2.0057645510187965 9.51433433637613 26.152144425337102 2.5534112276319307 0.697703986767549 5.223488497564233 13.442917102164234 32.09493377272274 0.5086078767989327 0.04443491681305263 0.4267307445595224
66 7.6234535667940415 5.893132703696796 11.308643626345164 1.91208087059066 9.759865073209816 25.684765606523566 2.679713262986949 0.7642964860594252 4.98624347810995 13.297078166341155 31.619925692068644 0.5097283063573493 0.030745422268311454 0.42785783414074996
67 7.628074021860954 5.554778727876921 10.72202243053881 2.312163725267362 9.83925650173854 25.307723676042347 2.838449842531698 0.5574721968474522 5.1346413773669 14.110143142496565 30.18990716417 0.5078142939913943 0.05232678329891092 0.42480877049712845
71 7.6070856845468 5.722684429072326 11.01003851508953 2.1019612485872146 10.044611253310459 25.19315499456478 2.8073451500776687 0.6703031660638678 4.57985051234039 12.706486159035087 31.065749597547036 0.5095975415444598 0.029560407169229315 0.42738091055938304
72 7.50197753758879 5.790110552457776 10.692859484714221 2.498122134120949 10.180422958998221 24.889484218923158 2.7951878389980216 0.8338998632708051 4.5432415858144495 11.882648866248234 30.992338877426537 0.5078921448471713 0.0496656771019169 0.4255664906970998
187 7.292521387799732 5.605626843136054 11.183547846305425 1.8336354409353617 9.009741326945695 25.89799641878883 3.0187628416927987 0.6634833199245191 5.928052436404012 15.160190569887709 31.96667899853053 0.5081615063500287 0.04554534370791323 0.42621656095949195
186 8.013871635262378 5.471742285373509 11.00001589986876 2.0954953706834054 9.536562674382584 25.296179510237582 3.036770839664687 0.8584200301366494 4.181914272480352 14.13271783992197 31.68237511634471 0.5089652206664558 0.03549441020569799 0.4274101072298947
5 7.8570889760312745 5.449409053156163 10.95549936933044 2.1201811235568155 9.73662889556755 25.30146858625149 2.7029622942642466 0.9303066888478749 5.112840127610983 13.821705969822437 32.024435763078536 0.5085812085932628 0.03429605383809309 0.4277252172348489
15 7.7139470935591365 5.632155231779515 11.159081579446832 1.9760714741846594 9.677571744490157 26.05885797251427 2.3810410412189813 0.8261923768991853 4.373773833310988 12.906694811096106 32.917508414623434 0.509174463407649 0.03319895735265602 0.42754326287109784
30 7.900939448129473 5.570293816619714 10.571934603829968 2.4325845277359406 9.773136771110424 24.793429457406905 3.306837999428448 0.9995901766067176 4.296522577913478 13.339516913834867 30.44283197323054 0.507070130139729 0.06348653156872172 0.42339259799409623
40 7.8402567608087175 5.600498312192618 10.896929711450413 2.1617402736124927 9.811418971136623 24.67733926743355 3.3700245560787225 0.8695016201989015 4.343985419612326 13.828114179589551 30.518692147872148 0.5086503807298011 0.03848457129988213 0.42694316663993415
6 7.767633233440602 5.663442770160238 10.875731733685937 2.2791216302001023 10.187405156029374 24.664484060705398 3.102859819763517 0.846957140358709 4.1414876038314965 12.362239280015139 30.532368693123484 0.5090895599445882 0.03188277749867504 0.4279268337536894
7 7.420066377483808 5.527201079637069 11.011676459357803 2.103155557430291 9.474693984064348 25.237276958029735 2.9852274702510986 0.7106663719406878 5.930408731787427 14.828643157567985 31.006474881963765 0.5070654055624064 0.059206443044293185 0.4256985918766642
17 7.799259488244729 5.508639703122484 10.941257878971735 2.151549020605308 9.631160780913392 25.636997868411374 2.791398606169713 0.7779359982719283 4.811369552195637 14.13070391671561 31.33252804664158 0.5066407402331018 0.06000425113813571 0.4257267260976843
32 7.387950351692824 5.6678912123013365 10.522244504216848 2.2686842183063045 8.932960499071518 26.10372325316652 2.909986135932468 0.9706479957061848 5.294769785067658 13.377119517116714 33.119800385794925 0.5071798438855836 0.052637002597307164 0.4258124737850801
42 7.3228548653895 5.789145850093585 10.578846847391722 2.535073632326081 9.423908807701457 25.182095330245172 3.094952391433254 0.9506168654979287 5.622240526332737 13.677171009545612 31.244730899962693 0.5067180926772816 0.06504567012941109 0.42422163762380055
23 7.252727872023126 5.477934678788927 10.928748228959241 2.083100149776249 9.205954035245375 25.494167081608033 3.0139383527375943 0.8223656592891206 5.455873872669936 14.808346684515746 31.945782545474366 0.5084035046983901 0.04893743980032763 0.42533685455879455
48 7.816694301997208 5.526992047631011 10.73907034844155 2.517526861294817 10.558033005700867 24.4205962156173 2.8809491199465675 0.8767076773931748 3.926060102101612 12.31002674403488 30.12682796569248 0.5091231116510403 0.034915489071635684 0.4277416432624123
16 7.494246500065264 5.571707061713201 10.527104451753157 2.4113858603496063 9.705713598231805 24.86955165310119 3.407576062429396 1.04757535077052 3.9663902650844554 12.815592955726089 30.849327086009534 0.5090216317267646 0.0382117367341906 0.42653551775739185
24 7.676228191593084 5.688060947929225 11.176080863677965 1.854236941365262 8.814731267932515 26.0833515322199 2.9322575282974253 0.8300139375676484 5.468750395809297 15.1340987224797 32.78006155531986 0.5074508724059877 0.051666699370033424 0.4258160830466807
49 7.37488458945413 6.055880829294104 11.288401715513231 1.880606590446187 9.404014177023637 25.82826734418488 2.6935946664355046 0.4366969010598816 6.28593274069936 13.7866310013486 31.702982696017436 0.5097044686523463 0.020576448858103676 0.4286827378139348
53 7.4916759679698535 5.413430671514501 10.741347818337696 2.1328233341892227 9.002683204364335 25.971228330070833 2.871201383555391 0.46340215981351784 5.495358204763701 15.088238642545654 32.3189933712989 0.509588029164443 0.0318821829643076 0.42780763823810636
58 7.542849882076774 5.754454502243728 10.839623225978361 2.106309329244874 9.24774072926034 25.93770856869711 2.7633294664176167 0.7473049749494128 5.442671774996344 13.800701713320148 32.30487903152232 0.5088047240599561 0.039898891722263415 0.42575777672170567
31 7.439071593808546 5.882585125581214 11.034763398812611 1.9240902394756758 8.946774704480333 26.1736372785156 2.898506598212547 0.5254198317390384 6.221286201885841 14.339936432004187 32.45186190801385 0.5090978465895564 0.031400531870485304 0.42832898910221584
54 7.81812735450327 5.855673791552818 11.118322930503087 2.104547634617415 9.88844009607059 24.694233472697118 3.3140417637961384 0.6159997986350794 5.162829157787987 13.766704072143042 30.12783669424287 0.5094310501204169 0.03317667719992619 0.42666466596402475
59 7.599806384925824 5.876021100302581 10.82515135761267 2.222316712445072 9.541835647032622 25.72570003568619 2.7772178644239816 0.4781957058009205 6.082078837428772 13.788689592032902 31.22138706584864 0.5088084352115853 0.045020842826554656 0.42680349677428187
63 7.202163433763302 5.898669918892142 11.17871941417611 1.9909153756697398 9.438402830070485 25.385866371141088 2.8998964579504944 0.7597166855672404 5.571881524961974 13.437740948488658 32.04334277278603 0.5090310436822204 0.04272313977727348 0.4269002403865897
41 8.00425312540898 5.593813020079806 10.819908188213589 2.0814155419371714 9.071045482413338 25.785653101716917 3.0954321895775445 1.0070415311863463 4.981854293513164 14.26110272764017 32.3613748624331 0.5088738292890045 0.03803504616961945 0.4267196906959397
64 7.28251754292993 5.787344649553751 10.464546648307184 2.3365055014041882 8.991712606554495 26.106539056040273 2.7729343080396376 0.6047438690189914 5.731753558155513 13.456239982264572 33.21315114621413 0.5080154066521922 0.043782590810321174 0.42691352822236567
128 7.513382438561111 5.716366465771423 10.974636729107573 2.0407604123412706 9.36525587935264 25.331290292282986 3.2288651821781373 0.9048321822381538 4.776086440447659 13.48427364307294 32.163746125011414 0.507739752116981 0.04981827766238421 0.42493129031490295
153 7.983494468156331 5.459983686489298 10.918328464975898 1.8840962102181027 8.461441097014179 26.69152322008925 2.7360273851561425 0.936328785844098 4.702876094098144 14.695148692460902 34.837036287324864 0.5092931910782624 0.03106354365101874 0.4278599472699953
68 7.575558451933747 5.644747202082976 10.889753207433097 2.0821614866918328 9.228043795562039 26.13415773229227 2.606889732267744 0.6312153185272686 5.199844519779322 13.66164638761136 33.06759504073114 0.5098629822377082 0.024417281080523514 0.428303351291497
73 7.714667072266292 5.696357433894583 11.014154606380968 1.985039509489392 9.265878151061866 25.152534576539995 3.470356864337236 0.5432122944639827 5.487308331013473 14.800971757523527 30.865089270076968 0.509179573578134 0.031156125495822768 0.4268600947877398
188 7.740438223635904 5.431087148515049 10.36878951162818 2.450543140941236 9.570774886393496 25.384542660654645 2.889091655928448 0.7343188485498588 5.6994209736149095 13.890201129094718 30.896327437230102 0.5051544344647508 0.06736456276302645 0.42345802265750254
8 7.608376522296884 5.508474608840867 11.085299364475263 1.9180122826843211 8.960881183123584 26.51258135427977 2.4656510506802642 0.5084113727740124 5.986807164805737 15.211767916830226 32.990526908708304 0.5074493752144159 0.05130353432305879 0.42566263819077294
9 7.453755819801816 5.573091086789609 11.001188372297811 2.25048161148364 9.79124859664664 25.077811501732405 2.9949366041392294 0.4372585426099493 5.2395655057194075 13.874589572209082 31.091453865218078 0.5085449508057163 0.04370660664426737 0.42697836024779207
10 7.6438497369246114 5.587346747926242 10.957132354691032 1.950280071457126 8.951342862458485 26.1658185358915 2.8642428234646813 0.6522167373911886 5.21529494354026 14.521835693299524 32.96466023087839 0.5091709570942216 0.04022218991267824 0.4260714288129485
19 7.54920185309017 5.582488815791686 10.939248739839377 2.0852920288557826 9.47074264427617 25.620248655781005 2.8626707193082104 0.7523217998350326 4.46318424309541 13.522745308541788 32.267889834336025 0.5094583204847739 0.03041713373707313 0.4279746746783154
34 6.9550693485265445 5.898700580917265 11.076554061764726 1.9685531420093354 9.252320807479085 25.89905553156499 2.848008873454182 0.36898518508577405 6.385684024892962 13.639913796035215 32.02016802187737 0.5098996047064293 0.020908358934962935 0.42840641481008107
44 7.515785219327836 5.754484835867363 10.96463955640203 2.144554774902929 9.54741893760361 25.369368262368013 2.9219847470187252 0.8010714231158712 4.724622108156526 13.309471883621969 32.236238132147086 0.5083757555118984 0.03143955261920692 0.4274938570920392
18 7.548590774370075 5.999577343361347 11.124733309199014 1.8975288806318786 9.47500939850687 26.198711828607685 2.4260107932480204 0.4564152053205836 6.461922896502616 13.529536354128178 31.989584872432022 0.5089128466642997 0.03088944940827499 0.4272394423544006
20 7.520024012367626 5.723084147069517 10.75100106451474 2.2802368888730715 9.707609923513191 24.990543830174573 3.093501874102637 1.0786196044948884 5.115069710427167 13.56854628650042 30.560008945470628 0.5075301079720059 0.05394593071311746 0.42599678724081025
25 7.7131648586570405 5.6473053444590775 11.201117656495954 1.8375686440259282 8.895150699886987 25.807094504365548 3.1106719933816036 0.5825863414799212 5.371351005468064 15.313522569976648 32.44037373036919 0.5091149063032279 0.028465555399674772 0.427746924133776
50 7.6427965792730195 5.8029100222519014 10.860270550522337 2.1654341613555173 9.493661355837126 26.29969456664441 2.3095852426707983 0.7002976344828593 5.206770480053741 12.637136750387144 33.02774633839618 0.5087333646413583 0.03644901903897665 0.4279299948292313
33 7.722130560687893 5.741915455943383 10.696365235907807 2.064025964660248 9.133777939794667 25.80827183801166 3.009852645317597 0.9124438591414122 5.612188657698434 14.389082403457577 31.51310481291855 0.507960099533618 0.04828695781455808 0.4265155005697497
35 7.558700789877584 5.431550321142932 10.40319452738232 2.4620391189981676 9.407610715652389 25.13992781171106 3.4216292140446427 1.0990651146492483 4.785711033099294 14.38694529027513 30.216027481592043 0.5038300161594244 0.08380826647161148 0.4199529203515181
55 7.177199093514358 5.763967706322285 10.077055869131454 2.7898756941271277 10.03178108539474 24.79532403014408 3.112770893929281 1.097031263613273 4.8158924808136865 11.62916890659196 30.22432757248373 0.5054314457639132 0.0682477988769656 0.4240275150384578
60 7.9010208410150815 5.554043015747087 10.996551871564074 2.3306839029729103 10.207890772638901 24.187233199183805 3.3464002466791163 0.695391654403003 4.402593382030215 14.234216430325825 29.003855519138956 0.5082468105668226 0.04694089027052621 0.42613286995525473
43 7.771219984905076 5.647621563633023 10.791589436942685 2.0933294594071485 9.040698987672357 26.4975390122548 2.5969995146089127 0.5969995858953956 5.656596216457206 13.603303862466355 33.070064078176685 0.5082205336860893 0.04958828072329201 0.42646032235495623
45 7.578767995310375 5.552087509995053 11.096946611589093 2.1534548724885956 9.928639263207357 25.138434362491843 2.9428720393645187 0.9231020707446163 4.532191074812397 13.250733136342827 30.928067904265742 0.5079633413561883 0.05303291395697085 0.42500052579175757
65 7.620567642818425 5.548014059787865 11.205320471682837 1.8361956686208658 8.83101091228752 25.204371184568245 3.6926189080380967 1.1029689401099765 4.04593300173855 14.57537314316182 32.96210336155014 0.509070556408874 0.028935121337657837 0.42796391709966736
129 7.4368524380080245 5.726159989687524 10.347070834800434 2.5471728333203543 9.545446830808244 25.099722884857993 3.0427663540900793 0.7189404587013368 5.9853970905387595 14.108751571011135 30.35306603236817 0.5068837936736277 0.06486971545889819 0.4221166476168226
130 7.5102273317088635 5.55320381471864 10.594883695382125 2.369420099029432 9.512339789665988 25.37399826685535 3.050127946106221 1.1699630248408386 3.353483698599131 11.74018823924024 33.41629698957447 0.5091784743547313 0.03160213502781927 0.4271024535379339
154 7.4864486160771655 5.687797695637656 10.989838835913071 2.0745990153884413 9.1291537676471 25.913576021520967 2.8538560323394417 0.6689290227750049 6.122401214471453 14.955333294796475 31.444772516634806 0.5070854349781562 0.0577120415919743 0.4244837249447505
155 7.717503708991207 5.58172360037509 10.951384360257563 2.1159007459705395 9.479617721975536 25.029295158638813 3.2539128665140304 0.837071561821836 5.440068252629898 14.39021946432662 31.233064203048897 0.5079475376674123 0.05201139794471532 0.4257198110193763
69 7.345691898869008 5.666843187089306 10.514584461150884 2.3589531071492105 9.291496413512535 25.75144742941956 2.8913299463108526 1.1110573611054069 4.399060515842665 12.032477929436848 33.22497890520017 0.5097530625903984 0.022031734269374593 0.4287088684656037
70 7.321176446745389 5.697417269622131 11.126412745552672 2.0015605335574262 9.753187389402584 25.805628278290502 2.7419986564617296 0.5060955167826601 5.516791423470029 12.941593192888739 31.434616158450716 0.5093699180743599 0.023244073062356728 0.42829504955836395
190 7.646876167910551 5.724703542926332 10.84347869518572 2.0237710350938736 8.816414836004304 25.938428463550462 3.0245963984612545 0.7063872357047967 5.654960185936887 14.703314823696513 32.77850301264024 0.5088523442957831 0.036787978659892105 0.42761517264652604
74 7.51083082704409 5.565540681497913 10.783022663875263 2.245998126766058 9.153710658471633 25.25155199965592 3.3495141295692608 0.5815933653891533 5.167720579779672 14.577087123407743 32.004475320964076 0.5089824868992473 0.03858948070850445 0.42629144817610976
189 7.2778636209203285 5.928779130641555 10.594957872906736 2.4087347373949166 9.816498861153445 25.06376932258165 3.0676925129847845 0.9483956758588641 5.440077358903602 12.780828880016601 30.034849305879387 0.5063958920084892 0.0685786751766617 0.42183265953567156
75 7.277188404225477 5.35988914890664 10.544663256663302 2.4964830427854485 10.271749903624984 24.831191368123434 3.04904008590112 1.2086885027190502 4.400577570583726 12.016961239297611 30.058384660793912 0.506201892638115 0.06813828904569409 0.42296285449806775
76 7.650166852250192 5.748118405213192 11.123544724346182 1.904928424005932 9.06435077389893 26.051999291717184 2.706366804551589 0.6935943694951855 5.508543207890052 14.56193331055952 33.11885448027147 0.5098149591114342 0.026733525141265105 0.42831109728636524
77 7.5671966972264775 5.400359276706914 11.117871144833266 1.9598242807932802 9.3072041983327 25.76058880210562 2.8283761338082543 0.45116137452627786 5.05126584523198 14.883930154439158 32.41011222402789 0.5099359615816148 0.018556297004966 0.42899702197555145
78 7.2632358206252885 5.85233379667092 11.16373133636196 2.0964392629075252 10.093083993807689 25.19348182387973 2.700425133044573 0.9909306580543809 5.402250038558808 13.283913501110025 30.120548929749482 0.5094909997703294 0.0316324488402843 0.42795975923890567
86 7.8185556836520025 5.44319075652592 11.295427854015355 1.8893640959590172 9.587149128718739 26.045744229047145 2.5413722593445702 0.6314039044032884 4.451294906395839 14.003664366354734 32.43964249824258 0.5093025455194404 0.035257859521261564 0.4278232898712879
88 7.864930914809131 5.513854635817323 11.234086411024906 1.9570720253835407 9.68610357344662 25.5407414639592 2.719206835321505 0.8168334017409619 4.406376367961894 13.757454866490043 32.189075928640335 0.5098526789615088 0.023274376605131986 0.42782272830830376
79 7.354101226252025 5.564509010708255 10.785486541163639 2.254990638844133 10.144985946927356 24.90763658816178 2.887962613640819 0.736743212871565 4.885244318107452 13.331706687600414 29.534817547463557 0.5075865084132245 0.050558447023361784 0.4262079818804757
227 7.821566689364046 5.497359249282539 10.640177188786382 2.4113162495488254 10.140810683085002 25.01928491255693 2.9318468197088245 0.712885736900569 4.91286917834659 12.888236339247126 30.17938867805881 0.5075404947741637 0.04990722498799605 0.4256131953499464
226 7.3142021472354015 5.570971317793472 10.717626605461286 2.3972261899676344 9.65093507177526 25.39912546501192 2.812668016016982 0.9325356065861796 5.573169443231969 13.108958940494919 31.456237443658768 0.5074663557425404 0.06039023625331887 0.4243047984498871
87 7.4345372043433375 5.602082130281933 10.678214539894475 2.2828828365549523 9.67347252455009 25.433569315175838 2.8658876274047884 0.6891077392537108 4.798739562794029 13.04870253566031 31.665662424618805 0.5081953959083325 0.04348999074756952 0.42771519652739937
96 7.205708773352411 5.797971355015103 10.89425505839522 2.1233492187833622 9.499130173280074 25.909750124927033 2.580261355595096 0.7425697109296078 5.783219622233922 13.192783615390393 32.08760282461657 0.507088973575891 0.053807066453459174 0.4267927811930292
97 8.006378191119937 5.494298972496518 10.890855645966298 2.1239738359110523 9.800452688918622 25.014863189838994 3.070146148552058 0.721525379404725 4.613298823347754 13.942361018345883 30.723941284678173 0.507956345510033 0.047387821280199145 0.4261645803607784
89 7.264337990701995 5.884144834960873 10.852742647118134 2.192967324769063 9.88227603865699 24.97010701478568 3.081762607863821 0.983056321369249 4.503829264806876 11.627650402063383 31.833862575892685 0.5088422735802558 0.03270379156113026 0.42767760333979715
202 7.234079291400694 5.584742158528939 10.588344374410825 2.553133513342415 10.219015359420208 24.61959200812201 3.0288114738973118 0.6831099223489918 5.011141361122888 12.275812429320563 30.480494048197883 0.5076837187083718 0.052122759506129844 0.4265238794675759
201 7.903524243821021 5.423777599200152 10.850561885680365 2.1342022996803434 9.502905997425108 25.264576139259113 3.231203924943908 1.0261871865885415 4.827432828346474 13.901320124192273 31.210750003222465 0.5047016571633397 0.0717707309570437 0.4231333471598467
101 7.813193533707063 5.758516178202404 11.026258519875613 2.08329739705141 9.796831764265567 25.613238467419745 2.606094463191198 0.6914614109557258 4.7438015755435465 12.617150833186175 32.301041876464986 0.5101707164346546 0.012844482202740723 0.4285048928516842
102 7.564218259213713 5.582495320458902 11.241362320606193 1.9263489352587089 9.293674748924243 25.78744119081262 2.792447749618907 0.6746883572426533 5.797444753854808 14.975495537349822 32.132545416580605 0.5100660927533411 0.023907284721965728 0.4284939268999495
103 7.2981520456017 5.369365219539211 10.833462592967388 2.2051503748677 9.56111182260103 25.513735534945628 2.7754366924014064 0.7832541223254689 5.131502279231945 14.083326223673117 31.672321131660215 0.5080451385419184 0.05318559300914801 0.42604262375433377
111 7.2926581212904 5.594450204667778 10.542811723440483 2.348782983569528 9.655567612757947 25.459538179146946 2.7782346857319147 0.6664647845150188 5.455061822427464 13.851892034365052 30.7162967940737 0.5086203368858312 0.04554400883327139 0.4265797416655559
113 7.34264623755173 5.610310989841514 11.147774823738137 2.0459172717658145 9.450367860105127 25.54440241749382 2.840213333903353 0.8604205542354167 5.2435014030856095 14.258694479518992 32.00842400834557 0.5066514367176544 0.05884688546024137 0.4257414556810185
104 7.253127975248437 5.495089306374016 11.088675962291948 2.0323102005545235 9.594165096637257 25.977854253568843 2.4429760241099987 0.8130669097913343 5.190841724360948 13.242095118758415 32.6754196799628 0.5085051865624305 0.04398366837926772 0.426480972072069
112 7.819974021256167 5.779565871432813 10.803864403753822 2.208648507492509 10.043340258293586 25.971938177991262 2.2326578010517304 0.8647854533584801 5.054521340547313 11.853893707985494 31.65648975139073 0.5091853194524101 0.03767758225947326 0.42638124515419856
121 7.641000256573152 5.781641455671754 11.10381921822853 1.9386563674697719 9.237989831392165 25.917607261905577 2.846592430937598 0.5517909954281229 5.449295501915004 14.155654867185367 32.10469239470995 0.5096836660572739 0.032453961903472016 0.42641473898115234
122 7.841636125522383 5.583846284045568 10.884782526929325 2.2753768104896683 9.690136245463265 25.672523885676373 2.6940072928937364 1.125411245755059 4.5669049152113255 12.681107669552077 32.25796802503774 0.5066732704562105 0.05716393474669807 0.4255799841352847
114 7.70451794539382 5.518543075419474 10.425209108076553 2.4804450833791587 10.247304558524354 24.55622892784696 3.1916435635176454 0.4169731096479642 5.142988797375431 13.83790340332535 28.05499898784214 0.5069788370447785 0.05641260332269415 0.42548058071946265
80 7.223898675923959 5.63161716690971 11.28298284801187 1.8583514814342026 9.069467937160093 26.129824249772753 2.7265088740696046 0.7582726203500966 5.170359368335827 13.979346895676024 33.783426160597585 0.5093359721805977 0.02458842403302973 0.4285583554958544
90 7.403622175305848 5.881767042279255 10.819834115275336 2.0330751977320305 9.192912861988804 26.299819272887596 2.637919512843492 1.134927633347629 5.685281634978153 13.768847645316411 31.318864605514577 0.5066359444999915 0.061070836390807584 0.4243884743684268
228 7.434629695210194 5.935152060468593 10.841060908033693 2.351507237050368 10.400306685316437 25.056131709811307 2.7581209036514838 0.5976267427591548 5.271906610515597 11.663315025516223 30.13670122022163 0.5093131202755184 0.03829084831050904 0.4265916411735219
81 7.617423834755355 5.716325250789006 10.955256104653833 2.348129808889812 10.41902420583518 24.684894870857594 2.8905441462707975 0.7085215656737449 4.805827302667181 12.641575390263675 29.96778220548694 0.5083253683385153 0.0432766671371693 0.4263428538089412
82 7.616217070920429 5.748086698831941 10.666994874880677 2.319153439497133 9.676454853657813 25.508317230287577 2.8825689631922398 1.1164322769244577 4.331878879849636 12.460623999186264 31.733867528948505 0.5089610378797295 0.03601895264795544 0.427048810328292
92 7.546164842894572 5.827772597825028 11.231996661584894 1.806412710139145 8.701831496559272 26.764882187152562 2.480303436664952 0.4332686990490725 6.531958786642914 15.475219070184137 33.281915099407406 0.5100035264103022 0.019121998580569868 0.4277449305354019
98 8.33395736359506 5.299801435632003 10.951676399831895 2.0531967223875327 8.914142150527317 25.758561230619634 2.9959854469205314 0.43531918343468645 5.546335307015148 16.639966777945567 32.296866438109824 0.5080808120278509 0.04590262080231549 0.4261423936376157
203 7.134861852815413 5.85528143893276 10.54548671025042 2.488049234108139 10.247657289329 24.393587690759514 3.3393615040456748 0.5082661244384494 5.601551149201615 12.124898885389968 29.271946383004508 0.508412288729961 0.04956116790249208 0.4266791778391282
91 7.115491312014003 5.937850548100832 10.577653495168962 2.3698302385925545 9.767644445923734 25.515569049220428 2.725970937331925 0.5786926000083183 5.397930339814177 11.668073909185294 32.15259712128855 0.5101446352273944 0.015645473339561712 0.4284003292203562
99 7.778468197879569 5.7581328794082545 11.156902378458609 1.8230599531101126 8.502870287245107 26.257382574948977 3.070169759477989 1.0489591348982181 4.784931279028255 14.560894971060792 34.295163978327906 0.5087117002304791 0.036707128082293615 0.42666382272142817
105 7.837722578406089 5.469449583977823 11.181062229859565 2.0546835839179 9.838727260326413 24.974210218307118 3.0279173905493937 0.9137768922450028 4.110349097768679 13.44578699200336 31.991617811462994 0.5069902932096069 0.05761847500314079 0.42572079389059764
115 7.7646536876313 5.569351040251365 11.05802050426598 1.973033135512266 9.439905365657834 26.208558975768252 2.4285581562281964 0.5320499914418304 5.73542305534573 14.708725627639023 31.23703056520459 0.5068016993774987 0.06199994040320352 0.42474200327686057
106 7.28797365526646 5.62117885251285 10.713208188090324 2.511631963818996 10.167961530139259 24.871585083994393 2.8832043304692974 1.1120950104478178 4.692514640784513 12.102782176561128 30.801467936699915 0.5061768694020893 0.0662503859791304 0.4252809317874474
107 7.786988000334164 5.452552767297662 10.993853635393359 1.9900568591543002 9.00268399221388 26.185498375637394 2.7377942196185407 0.8799705452362382 4.3002984057070845 13.682539626776114 34.24037472079735 0.5097334406479777 0.028468514477260225 0.42809260364984714
117 8.093227817368811 5.4009129210223055 11.323947983938282 1.7527843697135328 8.940245417286361 26.38176999463141 2.577905899985958 0.9011751965057735 5.355399133423827 15.677091860127312 33.15286796400956 0.5084246045627061 0.04026020990219323 0.4274124878316082
123 7.799923787840535 5.702951787482311 11.426080661426669 1.553989260744185 8.266062642339731 26.959834055955703 2.5937017259158703 0.8560044410612598 5.553079735049319 15.612362125772192 34.91963950381063 0.5078560468340743 0.04302148665956558 0.4267143460232134
116 7.161790158673657 5.593828987860696 10.806933410345945 2.330036569245029 9.953780415606927 24.611265284291846 3.215613723453282 0.7781663515242457 5.166871768482523 12.891731501717878 30.846938108468304 0.5071046266600164 0.05159652635679807 0.4259682222177242
124 8.119614515457314 5.501841948822871 10.813657459486581 1.955114622211272 8.691674495129925 27.055937203404227 2.382724976018212 0.7311346550515561 4.996629502654542 14.11703674622661 34.545014365963084 0.509348175283036 0.030651729592482538 0.42802358378624905
229 7.7261788195836045 5.5747903298370565 10.575675596709466 2.5628799742993107 10.044064297203624 24.666241705355464 3.1678404231238226 0.6273947176200924 5.183823551781183 13.25531018864708 30.026399482603782 0.5077795001621301 0.05278131730463544 0.4250446428013032
230 7.222770059750597 5.866458259173978 11.234660261753854 1.855719102396891 9.122422925518746 25.461927965004318 3.177731591696663 0.7119577999339676 5.434147115844958 14.19917815724144 32.37015433328859 0.5097053711822953 0.022208886464725366 0.42780024708336395
83 7.531301381747953 5.769408748617714 11.246058981627426 1.9749167923507451 10.02775339372055 24.7386305418641 3.2341930882419443 0.4111622888996207 5.487551507211187 13.951712695365327 29.662849743116638 0.5092262751192351 0.030910326540006052 0.42718257034657336
84 7.7370176189668864 5.518710796794473 10.845421865713753 2.2172653808220444 9.33522188277212 25.388353655119083 3.1035312528867407 0.9248544332196513 4.976327280860601 14.44296288830148 31.55018599178969 0.5080046878086734 0.04163697071348078 0.42654838833984726
85 7.342830349916053 5.749881112858149 10.887353530621354 2.2402159294184134 9.903027754819439 25.65807580897993 2.5436400600912665 0.7894963160153358 5.141442540168464 12.827436647314025 31.264880584486253 0.5091099856559647 0.03371602245133233 0.42780657357961455
94 7.606690727995347 5.594991961164447 11.27595921694978 1.8120502486310535 9.223529993508516 25.93435877122419 2.7389483608288883 0.6059427758533944 5.275455984087544 14.93904013429346 31.99458446618464 0.5097684976871254 0.02791403348976559 0.4279925747075009
205 7.932244709192436 5.579124895841889 11.068858204419838 2.0104055384032757 9.040275585791708 25.68017996367237 3.0965599080483437 0.8476604185439557 5.363017285601689 14.992592686925553 32.286372719949085 0.5083707055541062 0.04173255419602722 0.4268025324628106
204 7.823017275660904 5.697980809275027 10.596404525814014 2.3429895671620415 9.505208769982165 25.07993070350876 3.3262353790788595 1.2145303533064291 4.503389412710799 12.794447825910312 31.620053946257567 0.5081841626644212 0.04327758567710917 0.4258349987516833
93 7.676510037977577 5.7330223305562065 10.751057569276503 2.3026611549505125 10.143617171083326 24.91159179966459 2.9186134996987336 0.5744487116159007 4.942558261556404 12.835547222174217 30.278654616237045 0.5096991430108496 0.026034238218633463 0.42775399158122085
95 7.379193186892458 5.485065209260823 11.171955158356587 1.8687880067658103 9.297018081170698 26.249495222361862 2.6223242343917317 0.4912388698687128 5.563863040187594 14.04021574131115 32.39397973101791 0.5085670055741219 0.041645373954755975 0.4271581922703941
100 7.635197082272607 5.665522110570754 10.790855778856955 2.271035004094084 9.734957199613811 25.279755057444195 3.129580988736357 0.8486602698151796 5.228394231626476 13.621298931443155 30.112468416077654 0.5080345838293538 0.04376934185943771 0.42693888148327513
108 7.545019974073049 5.429674374267692 10.951839099028483 2.102094565546556 9.676913142845489 25.047481501035502 3.0972980558731886 0.9383041756759211 3.828777131824663 13.281228511834499 32.27393771203156 0.5081761196012881 0.047987322688421034 0.4271679659538458
109 7.713616956329527 5.421917024589092 10.725750279022508 2.3679428640336257 9.928564321262478 24.443523472903117 3.3643912556299753 1.159680106559678 4.610053564209152 13.829606476001135 30.370343260629223 0.504245513882219 0.08397243413764438 0.419956587184882
110 7.938404977701111 5.509475948782292 10.718092411939326 2.2901532487329734 9.958976125696138 24.777445331203715 3.1840923423421787 1.484782362987168 2.851678259299255 11.916524644516787 31.874512734608174 0.5095216387058921 0.03137572664035839 0.42771423273320475
119 7.321178835141986 5.7503470975218836 11.323777757330891 1.891532341721427 9.504924643213904 26.070390700890698 2.447633644798425 0.8519691577963869 5.082429838014877 13.484152299211377 32.91993679474941 0.5089684196098253 0.039502857539532074 0.4263642766034839
118 7.533585368930229 5.430570697798004 10.519201149979445 2.4730289974050987 10.156579424270255 25.105220754361845 2.734728889831509 0.8323023841367936 4.691279590323027 12.267303059991923 31.153782083621195 0.5079837917447614 0.051820076278026 0.42623292688619224
120 7.5904076593125005 5.639271236210404 10.941016216430416 2.1866299567032046 9.62224998596219 24.922784099343243 3.1352191782799412 0.567913152019319 5.575319163654066 14.725908017919252 30.684627783354593 0.5083108587373356 0.044148798642955824 0.42696388849501143
125 7.3664327231731965 5.766376023518491 11.127351140525294 1.8840720330237621 8.707551383966079 26.4258764300184 2.729890781411942 0.680657311471079 5.793220313201508 14.510283009397327 33.941508166235664 0.5099285322128907 0.020385314768525828 0.42844876959970174
131 7.765609656825053 5.335953062617093 10.963959167638494 2.116175223670587 9.297734698339326 25.59724823816757 3.03670476408732 0.7206704336762624 4.337528535601722 14.391542580357452 32.36301614215411 0.5084623525919326 0.045864765818435585 0.42654418014684164
132 7.7590672509475755 5.500894778286005 11.15468353436482 1.9308497151366233 9.28669703836159 25.80205723484018 2.8574717224229507 0.64928291938606 5.251579508872174 14.771506499586806 32.07321622490229 0.5095612742208891 0.029792735479096326 0.42808646462263494
133 7.423748715449371 5.808625622315775 11.315274676254829 1.7976882844398405 9.230848868459928 26.010951169962276 2.6841229551121524 0.4347358537130684 5.8944153553615255 14.468801799098188 32.32859650234517 0.509227454824518 0.02664435040537272 0.42885795427066437
156 7.772919931307001 5.7444694900228495 10.922251164587806 2.1980011998650033 9.480668074802946 25.2577104097731 2.9813450080599835 1.0700692533393734 4.871166032853481 14.116323227405248 31.697012070682753 0.5078924449754341 0.05273663080523664 0.42519900908129565
158 7.7964679235770245 5.763002280893805 10.862417692572171 2.2523164833348974 9.968296487097499 25.053576449452933 2.8632858879890484 0.731527602755376 4.290841934018956 12.451093725955879 31.7944131580604 0.5099995409030087 0.017492271772561192 0.42851041652458427
134 7.837532775219202 5.652486317321296 11.307225268508995 1.8480416307965066 9.19178385588018 26.23359139794421 2.5540140992011513 0.7745625812605005 5.2627892451239 14.25456025105488 33.306717130394496 0.5087930077156051 0.043857329508582815 0.4258831690523084
141 7.358852847440887 5.822599286842554 10.858698466441465 2.112766393164662 9.293542073531237 25.535816053640886 3.0214998452143127 0.6880242266812483 5.58818270712456 14.19119379477455 31.523448431888706 0.5091306658836646 0.031971906149748375 0.4283318921019695
142 7.748676736861906 5.52571217837835 10.698299585218491 2.2459008790115056 9.308134976841627 26.202403501408153 2.66371982197625 0.8864792174720764 5.131020935983801 13.614599880935392 32.30226129004251 0.5073459625703531 0.058544707958754966 0.42526278840422854
143 6.946644983843921 5.864095892981821 11.15958756340119 1.9186451061087775 9.057958233897953 26.73929397690085 2.452112173453613 0.49897428021998036 5.866338234969794 13.29068589645694 33.38353201554304 0.5090155276790795 0.03624252989718933 0.4280969559317771
166 7.753065096761592 5.644530757347026 10.955916600802002 2.193726444795415 9.518002796639285 24.805902959424813 3.3544458997475104 0.7767016912130529 4.437278227535232 13.739577437009967 32.08284408993287 0.5097305914058 0.026341563647718235 0.4283241892958918
168 7.3336659760783265 5.905298747497796 10.835959758822256 2.2378916960160735 9.770263840987141 24.925420661773046 3.1464433706036377 0.6610315906274279 5.103924734446025 12.83714277214747 31.106348209820375 0.5089334157820145 0.03641564757608882 0.42810787456428334
144 7.6623026813797175 5.334012357675895 10.686642430552723 2.2690405799249143 9.460134503936503 25.485369928503818 2.962716794912332 0.7601673416435741 5.649613330386902 14.40512378726884 31.178860065086017 0.5078723334637799 0.054731721076769255 0.42495796733722047
157 7.666659233394993 5.716816762219553 10.93448497671479 1.9304564645487237 8.766346248615585 26.455377913073317 2.6754691735200304 0.9959306452107509 5.471886489154878 14.227879018472423 33.7593406459633 0.5092444622308793 0.029647331577386683 0.4279765931779742
176 7.806944295889643 5.824590839285724 10.908624102192167 2.225067661472596 9.819513129529048 25.07714242098942 2.9376247644973454 0.7865853671810168 5.286948392879303 13.454728503251614 30.76374354056633 0.5074197955232216 0.054111396698499264 0.4259485188304018
177 7.335563222372748 5.715326909182556 11.018852386731792 2.0900521699410333 9.653919055754807 25.34461530058006 2.982724737646686 0.48181816246705733 5.275417538481734 13.454388112512838 31.467316266994164 0.5097778492117451 0.025699709308157972 0.4286064628138457
169 7.744440134961072 5.554751023539702 11.072747700994123 1.9762421129114531 9.39672632699482 26.072635017079122 2.599363058110998 0.8314288316618206 5.420456275076078 13.7983098131022 32.268347724712356 0.5070365656064431 0.05278098570809594 0.42616661845553805
159 7.997260955594122 5.478962812296089 11.149827599427908 1.786892803066918 8.679932622158793 26.73435913179735 2.58204321695672 0.8065355363014132 5.120924169894272 15.169337301681136 33.930622551953206 0.509972955504306 0.02770212838214905 0.42781151906881015
182 7.321477723151265 5.78235325007893 10.785678657586407 2.2751330694797236 9.839539539884726 25.018210357757802 2.989419788821089 0.7835687713259598 4.964037283312162 12.836080578884172 31.294666048686352 0.5099743838436469 0.020484052115927475 0.42856550033079377
181 7.806290445888955 5.69571828839633 11.002196755058419 2.1085569239736546 9.629575082993703 24.82777671014679 3.298292569072791 0.5580607349565355 5.0176915126273745 13.625934239318273 31.595117237008747 0.5096896570790028 0.02234351540843512 0.4284452019964077
167 7.923560652215943 5.710681368040365 11.187522815020515 1.8884298450064698 8.864158569596192 25.523573231470245 3.3148307293935355 1.110933295796297 4.647831366051523 15.028965853404497 32.60021995417386 0.5080459063713598 0.04800461342489004 0.42669240811046844
191 7.748750057502573 5.627032779810015 11.113056610565893 1.8761183021804146 8.802629441962543 26.0748396108529 2.9549612032805586 0.7064838884391141 5.424697467835724 15.481952859354141 32.86268107755032 0.5098914148196938 0.020721949038357515 0.42825429128630127
192 7.745911300960952 5.55449447646401 11.292473496877685 1.81040456766303 9.31994239695814 26.41595218602989 2.3246128358755005 0.745960775288608 5.105535950571576 14.437442074014669 33.0049664659679 0.5094934271928958 0.01993652239928326 0.4288085945699015
196 7.851865392176643 5.625497017661106 11.237154578101983 1.8500138924963359 8.936999954671174 26.19014264227823 2.7230596291727243 0.7792608390372288 4.874981303074032 14.333186022055504 33.7860807337049 0.5096447358027885 0.03520657131803871 0.42765580614694815
197 7.661908606676182 5.459466254353881 11.281599290852363 1.9016053604951948 9.123287104781078 25.998476356464668 2.749263876755915 0.7734842584744723 5.295912949491417 15.302623364374345 32.746256610906194 0.5083914692115483 0.043078182796084226 0.4267576289062733
135 7.844807219435009 5.690717869343532 11.31532857059642 1.8717239758033855 9.309567266833353 26.022867697677434 2.5948195522997386 0.7516577601594889 5.289911815782202 14.232850444013028 32.79204584351992 0.5085496777786239 0.041751231779572365 0.42667521847262724
160 7.596800467401629 5.7906176747992175 11.026213883529476 2.166282619924596 10.105010691599086 25.02415401128292 2.8527127654481648 0.7874174524741042 4.776606562720603 12.576068830187253 30.892984513243274 0.5088402268902256 0.04005590693774983 0.42742438260995547
184 7.525647188354786 5.6897741523796155 10.415942729936424 2.609268928304487 9.87415611727985 24.740349297182686 3.1428474487530456 0.8338852062789904 4.346197289923622 12.424530590509375 31.24802274860426 0.508645834312659 0.04220591843689557 0.4271784030125628
136 7.3713124909371786 5.655050796209011 10.785767446847181 2.284571300414339 9.593999307331249 24.613874016611106 3.5889162344046293 0.9994345504002488 5.018922006379481 13.92559833756761 30.287366762723348 0.5072081156158668 0.055081667643107325 0.4261446780522083
137 7.846797157481189 5.600732265247552 10.91478624846978 1.938657447103035 8.360669269540942 26.715237673715333 2.742315858383869 1.2174633996724638 4.219969741430981 13.808192852842481 35.82456172623318 0.5092538467131802 0.02276291368546849 0.42800434617672134
162 7.542868274174912 5.67546817030037 11.033055346500147 2.008062929506319 9.362076443051865 25.333362096081828 3.1133342703529343 0.4341616427940888 5.637769896651332 14.78138228540486 31.266298658277094 0.5093782957994326 0.02913431851446014 0.42733801157028944
171 7.338290632296371 5.731107902076664 11.040382372187224 1.951574264527179 8.921510014360178 26.3454251499245 2.7070182879589586 0.7267514011633004 5.61469128641822 13.918512198280617 33.71576281908658 0.5086907541747294 0.039938004574346375 0.42692518393980317
145 7.363905047757062 5.73409254947494 11.092874820751575 1.8563025271594376 8.614375108097958 27.01450088656252 2.3760004003157715 0.6445125156224841 5.934505025762785 14.438227154887763 34.347618226277476 0.5089789346074336 0.03611550623392052 0.4274961501736154
170 7.489766547576903 5.688745500975026 10.926851175067334 2.2214872794042817 9.686992563956464 24.830472499480795 3.173083436043284 0.5649714936998192 5.5684939502509 14.278892091963746 30.442941699563328 0.5064333279875614 0.061322165167874844 0.4253107762432409
146 7.4786874791660205 5.690597408417558 10.948260388839662 2.2002417961399012 9.48984846136657 25.35682682312423 3.0219040232480787 1.0290044495152355 5.0396411649615604 13.153584906627449 32.02442944031674 0.5088539419103284 0.040813931877936596 0.4266129738313451
147 7.96119543041665 5.789947750763737 10.95427581383415 2.008852631857918 9.258135894390145 25.745638304792237 2.838285839068016 0.8144443667385349 5.2368369340659715 14.063535252829396 32.38446511239806 0.5094917644228151 0.03447909402701588 0.42699814628491034
172 7.955124170308261 5.445727019173243 10.84373845037225 2.260301928903198 9.955557884816717 24.637186181052407 3.3182896394262102 0.8538012751979781 3.8435078605518096 13.050379429579394 30.94896240030832 0.508581940003755 0.034768992129671945 0.4280504182423902
183 7.353695024596339 5.742028278180746 10.900082360698956 2.168108510201679 9.890837583142194 25.687669579035113 2.4684702602831354 0.7775180188427366 5.137498437627277 12.381820565858325 32.07948966607511 0.5088982677183894 0.0327236474479679 0.4275899768700641
178 7.093961472989199 5.940143320244283 10.863437861038898 2.196218565529955 9.894220979086505 25.706735602350605 2.447773306247189 0.3551088517984223 6.27362901647832 12.78189604491356 31.26880534734628 0.509261593709487 0.024822418443354657 0.4286770450561025
161 7.925911235047819 5.370993389448949 11.122529227172889 1.8235621922322425 8.692942210997602 25.87827116034151 3.31228909077834 0.9831292668005756 4.332893608990007 15.345624503825757 33.334473448526786 0.5078696802128868 0.0471574515023462 0.42684125679241586
179 7.293967519585874 5.60368739996922 10.91018109773477 2.277056351461585 9.7842687334607 24.638794904915752 3.390183103894756 0.9212869480336277 4.541476197058837 12.631051720147994 31.35861428995527 0.5080003478609799 0.047977590449982836 0.4263906317692
193 7.888613852845986 5.603014696420784 10.774728247074481 2.2630674528397856 9.92629050843011 25.542424070441644 2.6616284996915374 1.1765628606966807 4.872873012715388 13.03733980450725 30.58300190091495 0.5080355927957996 0.05260577932934805 0.4262987720077179
198 7.491434785713588 5.638985729152186 11.300643492992071 1.849868026987382 9.049682505634724 25.90308931186768 2.7921128026026607 0.6267574066209508 5.781178217405935 15.124188726953141 32.706429796953344 0.5091545077556378 0.03622732312450571 0.42670444294587767
185 7.3471842288994385 5.835441116764333 10.783064638573455 2.2195181043424523 9.364456077465482 25.22211168850144 3.2778227402256137 0.6267404899022125 5.689730007397933 13.36636218303251 31.604981253752342 0.5087637831132481 0.03377988059064728 0.42792325741789433
175 8.196856394267172 5.437679979532938 10.97447168762761 1.8479188181218282 8.315834453432236 26.826297209250974 2.794443166404506 0.8338858883348668 4.871930042194781 15.427775220315173 34.65149234560467 0.5097989977238149 0.03157622657031434 0.42783578088434543
173 8.179049198884734 5.477966248198741 10.905516942298862 1.9915475772724374 9.1695320821774 25.65091591282365 3.023497258176637 0.944188314920481 4.919556026710237 14.825730852436944 31.84117287131598 0.5079508400911901 0.046389250345374465 0.42560601726662123
138 7.569074516462521 5.773745302489552 10.603630108853201 2.453312162827851 9.574730857735084 25.700891692433306 2.7358551589576448 0.8080526742606539 4.918770010928438 12.656239122782956 32.07596003193567 0.5082357184504204 0.05165070221970485 0.4257037935146592
139 7.61573404999537 5.806369090603083 11.317646413558013 1.8376419040548548 9.287606596644554 25.314998644638752 3.094961161095575 0.6618828632020958 5.549845922032061 15.083569187564368 31.26459466114274 0.5088889385133085 0.03871553190417205 0.4273602723677
140 7.598699953252396 5.704097688849248 11.012943138988096 1.9450763781106024 9.261443950809987 25.900187375422668 2.850355462665603 0.35811196908675563 6.107520182248819 14.88750552544237 31.507717651300606 0.5099138267612287 0.020438181776999992 0.42836361538796114
164 7.203982530672835 5.873783752311928 11.048659866335715 1.8536560428718696 8.569233675663117 26.885770091600246 2.487644708951959 0.4979311037626999 6.408347088714963 14.56334600326243 33.86417548200296 0.5084244925344122 0.040760312025439706 0.4272798164736543
148 7.6780576098434405 5.642481407573419 10.54390049781815 2.2916911124306405 9.228564398613555 26.028149358082054 2.6626868161289288 0.6839465785287998 5.818017821537448 14.054580519317883 32.22824309428109 0.5061414390517525 0.06521446085770898 0.4241855189561649
149 7.7110098476810265 5.82318049398834 10.969114635099897 2.0600312225278774 9.217978174880244 26.077425956842916 2.626311267930631 0.5566704616360123 5.371023923338955 13.662861092917762 33.06012165092158 0.5097104234181806 0.023833388341629836 0.42825600495638755
150 7.516312987425062 5.81140188328886 11.260583310808297 1.7635187579706144 8.673251093760397 26.571437652834675 2.7184871706671476 0.8639023156757817 5.949033619366855 14.80971526562776 33.6255555319656 0.5088075200392941 0.04352496428463991 0.4260876105758043
174 7.474056034075168 5.873892708980513 10.87046105754081 2.2335224609175173 9.640875799635449 25.569716374240052 2.7361413307722184 0.5361207168088502 5.347027457888073 12.748573782422948 32.41310587255682 0.5094696973646888 0.027260090379357203 0.42821882011939416
163 7.59805247237636 5.640147869199558 10.832813526832355 1.944371221180598 8.665410609995638 26.18345046794731 2.9918828617942674 0.807375144306156 5.3096419279651865 15.039842099388396 32.864389594423585 0.5083750155644745 0.04871570994445352 0.42655453737159693
165 7.665536200956248 5.908382320006669 11.135573360897943 1.8187553905320308 8.77909495689532 26.687679960963873 2.545796661540521 0.5120896374571825 6.5377552790565225 14.617833562691827 33.31677225508897 0.5098611251642226 0.023376696757281507 0.4284772699013295
180 7.936486190677199 5.638863276417226 10.787510716982933 2.2051454873612495 9.171291607393831 25.430459102251493 3.1778760711431753 0.8611620197922384 5.017806685895622 14.260132121156321 32.3306063918264 0.5084255936112196 0.04150212987553184 0.4264069334379467
194 7.866629169187814 5.506115228051144 10.911745787658703 1.9765907239358016 8.519181078459432 26.086752332193054 3.215331894091456 0.7072791436440525 5.662613029548303 15.289038288321777 33.64384595488386 0.5084368524890522 0.04815973175857153 0.42594761243289886
195 7.479826687320115 5.8550610412867305 10.725039728128078 2.0601415285054023 8.246150464943533 27.131519560025925 2.577634694486978 0.9770374061486615 6.427872351233199 14.390961155646748 34.8090077667292 0.5075746026001081 0.05608834069490441 0.4250698613332944
199 7.629868332471839 5.625744461234385 10.411278248059405 2.399138262561569 9.581623707740187 24.822497366616645 3.426096846113161 0.837009810655372 4.726802461126881 13.600105804667514 30.160504687755108 0.5055838261996529 0.07358670669772409 0.4211183918212772
200 7.81860024562788 5.586013083632451 10.41671250795613 2.248547519888644 8.860602137957311 26.26706572492576 2.8821789841306726 0.47209152760116074 6.13696056217953 15.13893633825367 31.844761406159463 0.507012705133356 0.06055392908901619 0.4236786881919844
206 7.024295037429245 6.0271159022805225 11.089388232973825 1.927529679277581 9.07053222318007 26.636814341127554 2.4041654853089582 0.3938273243441164 6.999769338741614 13.0689048919346 33.25364976949671 0.5092192243634849 0.0338162961929777 0.42722717224345025
207 7.792988170822745 5.718624152700176 11.160425203823264 1.9230399548511155 9.565057764535252 25.195987784000792 3.1316703623503934 0.5520153886783158 5.460697277731195 14.274667276171867 30.89199025409443 0.5090940736129209 0.030423524704512636 0.4279199910675465
208 7.2311573246536724 5.490293925702023 10.69224254397666 2.194313729079591 9.056808890597285 25.555732819989 3.0884251777904357 1.0397142062118359 5.156533283369734 14.487808680946397 32.24161449354731 0.5079549833946599 0.04954707734501578 0.42647055197823486
209 7.401897644319613 5.269312208944798 10.376570037124589 2.8453159057466535 10.691603663057125 24.23811585531937 2.993956809290876 0.8997881030886273 4.337870327943221 11.432977734926515 30.325061904274815 0.5069731500409517 0.06442494328915628 0.4246866098601884
244 7.624394235296695 5.469185998502343 11.0098073596853 2.1265022877333566 9.792871907393941 25.27328514201511 2.8763047161450075 0.4184120114004831 5.56537862867096 14.728404609702945 30.46761167751504 0.5088505408267502 0.03634382496054959 0.42817721360792055
243 7.885397001540841 5.636008889970901 10.867356991097887 2.279345999842797 10.184885302777356 24.59808182422636 3.042428462644142 1.3203176387460491 4.37834444726894 13.282943213202667 29.98996879782221 0.5056322006944893 0.06754056128719238 0.42466840605684336
242 7.822771184490673 5.748075383872488 11.15256181775847 1.92358121735971 9.440739920926724 25.522557353093703 2.905367755664576 0.9865401848072867 4.986118410882198 14.032397262060213 31.868023012861407 0.5092535634746878 0.03311077375881455 0.427055364300271
234 7.2781388019768904 5.722396927006834 10.877193825195999 2.1464449080385517 9.826270893176108 25.05076082397495 3.0621924612195865 0.6726866633947943 5.650422604857465 13.347579887755765 30.54687292482024 0.5057880153103386 0.06619717947541447 0.42437287667406426
241 7.718722435753281 5.9695273685531385 11.142719919654171 1.9624074153095123 9.345273481782236 25.478610362209118 3.0606708481685216 0.6267821132897881 5.551540530135781 13.852351300272518 31.899705398317884 0.5098119690057297 0.027313265934639896 0.4272940275331294
216 7.560207405943765 5.703788790022295 10.396219232733841 2.540868224635284 9.37003848025722 25.405664688588292 2.9291455797112973 0.9672522770034508 5.253823389368664 13.350301711414787 31.92490353416673 0.5078090620920973 0.04946912245549962 0.4265706611388223
217 7.813462172272542 5.751033413352271 10.993230602298626 2.0988781654493573 9.63010703299446 25.8649890056495 2.554692114968409 1.1877040197528672 4.795254334867502 12.62027884582262 32.608508217266966 0.5097666108302397 0.023842047922513793 0.42846934301888884
218 8.060711929039636 5.354544524893551 10.919840387539761 2.3501318759765164 10.276555206132382 24.186849708794796 3.3158829935533354 0.9016662712098886 3.3052104917063305 13.01545924538071 30.89391168882141 0.5095459487127855 0.024223559683830862 0.4283357727567013
233 7.883578370393671 5.487591828679798 11.253528746257127 1.8063365101203155 9.00407794920387 26.11248712782853 2.80100928269632 0.6418467099854273 4.975583537914254 14.796191097953479 33.13824262726822 0.5084463412187796 0.042690731814065075 0.4271669477918744
219 7.652550175669743 5.305638899392686 11.034364672039448 2.097669282848199 9.941514736333032 25.14351432079603 3.013800043143926 1.2230899726818472 3.415722342419358 12.020594094763268 32.30685821332672 0.5085605058307703 0.03444285537236524 0.42852561367296144
232 7.494866084009868 5.369422098310925 10.499011320401893 2.522838857685239 9.773240114584068 25.142312572130763 3.09572502902833 0.8412960105555037 4.554968917645645 13.079368763837307 30.986663493998126 0.5064354124815792 0.0651178629657798 0.4243835586029514
231 7.57615706258039 5.615181357886973 10.063714189500827 2.7087964712206944 9.7999411267637 24.974479307303092 3.2789171855080506 0.7846958306638343 5.55824581990487 13.610808079338995 28.956879448399693 0.5043080486059057 0.08028349160891628 0.4221289522748652
236 7.41756231410672 5.735554632069825 10.577666951525119 2.501509528937989 10.00946743817462 25.032760469331464 2.940146247052333 0.7522330388990266 5.330793778456035 12.225579256483014 31.06278128184084 0.5070070850439565 0.056216946067863566 0.426156423187489
237 7.829795481574934 5.604831508693177 11.086375830493068 1.934007581751775 8.54051667222333 25.53721192010782 3.477710886934339 0.5599855064919191 5.857448865764404 16.535120232480626 32.42452945626382 0.5087816497414026 0.03856800734815948 0.42780470095488266
247 7.586100463043324 5.731300246417489 11.374290373068794 1.7297450035714497 8.798914738536377 25.9825633883188 2.9623476584887727 0.6707518556734007 6.088697059198852 15.531179227068451 32.79161658891667 0.5091450233843156 0.03259638656571246 0.42797204350925877
210 7.822897379049958 5.20156526435087 10.91837220837707 2.120978201899622 9.300796463773763 25.94857944261579 2.5742806491417682 1.0958996694920677 5.19342398326858 14.657276610414392 32.770477899634095 0.5058658961255358 0.06417817175619914 0.42488160516711476
246 7.728678202189431 5.64782102307146 10.819703872536337 2.263484289790143 9.825523093850562 25.19673476348023 2.906455541645273 0.8226023642907927 4.548530982649126 12.764364995522326 31.730598745573634 0.5080041217966523 0.050737328475654875 0.42683308335346687
245 8.088697406115063 5.205677808446196 10.865555623810573 2.1770692805834035 9.415590159345037 26.162532061076963 2.4436897724976983 0.7884133971683407 4.511763431168578 13.968157160153297 33.117702309543404 0.5060619275847729 0.07061174080432878 0.4246608150299082
235 8.065908194868511 5.436868493373456 11.234313948834632 1.69125395526783 8.408099719805966 26.770655608134 2.686031015048804 0.7641482326792545 5.566878883109908 16.2429354340979 33.9509117108842 0.5082792681414344 0.05542722187493481 0.425364572234842
211 7.28106698711829 5.732880122163097 10.572729390748433 2.3086842626837174 9.285718947679957 25.179566530118784 3.4900221674487963 0.8184978950008126 4.993209126237653 13.323905529233429 31.734430320235617 0.5082328127938378 0.04642024045551939 0.42679561249492154
212 7.4665121293595895 5.64849546385893 10.701415135165082 2.3215771577592457 9.540776103693638 25.428280865844762 2.929863544107435 0.9320467499638169 5.398230919189329 13.292573862046877 31.064956948041335 0.5081949665715237 0.047760036635448935 0.426794323384889
220 7.6710032821819985 5.551140776339108 11.012724504814793 2.122779191270653 10.361633149170608 24.71250054628467 2.9394899086492194 0.891684819972358 5.140798719202113 13.439856067323708 29.13843803403053 0.5071823659214194 0.054192543343256426 0.42636273900546934
221 7.840696673975069 5.581500130183825 10.609221676264957 2.566442806597862 10.36912336772547 24.540949869772557 2.9579557180087153 0.8758081920364782 4.1754026225416405 12.58175954050081 30.161541657140727 0.508412708309747 0.046694554788500736 0.42663995280742084
222 7.382345881767342 5.922860883385036 11.070158696151228 2.0204403586667232 9.292947477568742 25.968944835918638 2.81387105286497 0.6113630488878048 5.794632828446208 13.587083844608228 32.13430728391313 0.5096648768882545 0.021817211639667808 0.42803411572599986
250 7.936576308597075 5.71860490429612 10.860269390776484 2.1342168410721736 9.339866112489089 25.569189975611497 2.9681719513682214 0.6864162379974829 4.9055528011865475 13.710530537390376 32.25413159705358 0.50945378127635 0.0324554852052353 0.42776674473551884
249 7.638479791799596 5.5749252624660794 10.821201913132363 2.112530550941907 8.79184285296924 26.502440283833863 2.567098726254636 0.7642581124033959 5.295324068747851 13.86980938204938 34.77594050537261 0.509571954817425 0.02742153697217736 0.42780045931096766
248 7.487340798902431 5.784931444255233 11.035494646370177 1.9083248338810048 9.022750799367465 25.78833619694276 3.1322222119379712 0.5971670626346783 5.969570577289155 14.94419582283187 31.581307190241567 0.5090276971160221 0.04051969988991526 0.4276538848058399
238 7.7699381482606364 5.814288461630607 10.945489640461563 2.1263781045076326 9.912467950123622 24.917860694631266 3.115129444899382 0.6965860149981142 5.305193896565355 13.137153752394651 30.486201925627064 0.5091074631081844 0.039063203688188886 0.42746013979187886
213 7.769269699214556 5.551844961361767 10.600587455440051 2.176452776517956 8.506597221025745 25.551005272469062 3.637759118393796 0.6547096840909069 5.168687947609473 15.53160252681394 32.78966319863798 0.5099647479839956 0.022516227457869346 0.4286256083550226
214 7.7801585161758595 5.785309423354764 10.870841106379514 2.235372090405892 9.594119568391037 25.29745235962739 2.8974662353363603 0.5629848696833263 5.783825125550613 13.699338852216977 31.44727480326198 0.5089275625787034 0.030679363929749147 0.4279124178180295
215 7.722935762932794 5.646228148206796 10.812264768608388 2.0299584318164894 8.57047422089324 26.75520501555001 2.5981146418284067 0.4838014167244085 5.951162892624021 14.795447637182692 33.862280619968246 0.5098549500055553 0.027152068022723814 0.427895618560733
239 7.551179811924777 5.693378337093441 10.851569836718413 2.217873024575948 9.36289285254965 25.755808817479174 2.729487594247771 1.0116261297804474 5.249001806464497 13.318604419169196 32.75329662142958 0.5085494705854372 0.04604026771840562 0.42652715328149876
223 7.459696426329988 5.773237869774348 10.569344024128972 2.453313391982731 9.632436529196742 25.634688047107804 2.724328636307827 0.972879457303415 5.3206235385782215 13.22320205462237 31.253371964713565 0.506179241975493 0.06801034936494563 0.4231669166110451
240 7.619999291403942 5.552562318942628 10.882009835666665 2.055723225778098 8.981590567023531 26.11878462290066 2.978833447256556 1.0677696221763049 4.921293812707016 13.924881186890383 33.15490506420947 0.5079359243855561 0.05095778918490631 0.42573149231327284
224 7.423366015968065 5.815187652502745 10.870541190538397 1.9906168743710084 8.892919290290868 25.526871161309447 3.2593237858288617 0.44407815281175195 6.444792638076568 15.402941512775158 31.56468733129619 0.508565556885843 0.0417434087088614 0.4276325940677934
225 7.39735410016325 5.995061290905337 11.045665601730114 2.0225991716139977 9.228637816592796 25.687819954623144 2.906407626404259 0.487533835868794 6.601953803443872 14.668597763899777 31.379853078508738 0.5082532392871003 0.0485345964529756 0.4261372931138881
