# timestep 2450
# phase bcc
# id f1 f2 f3 f4 f5 f6 f7 f8 f9 f10 f11 f12 f13 f14
1 7.038586725602157 5.789805763582156 10.259041629064686 2.4463461566563405 9.274972573447757 26.23005460720226 2.6106342909188567 0.5615659335332878 6.538524286000398 12.837063766377675 31.867825017744856 0.507637744438375 0.05209539614221605 0.42600093162890856
2 7.9976120880252415 5.542655460358278 10.810713215152276 2.0639108662558425 8.73009291438423 25.988091015736234 3.1470483535538074 0.8502174876834828 5.1695072989167254 14.545387808367357 33.38134743253664 0.50728544065441 0.050574129640443 0.426688325920812
3 7.342576834657455 5.876077954869575 10.85303843452496 1.955301661426937 8.286402612400899 26.442004347666245 3.0391155490515303 0.918957598833844 6.296806210387704 14.451671616397439 34.34345702197328 0.5088113535138741 0.041036447252626077 0.4270642469078986
11 7.365360338559644 5.639240659884444 10.942186692979117 2.046284304818676 9.13573971139558 25.703150404849964 3.0626591283036295 0.3945266127969248 5.882830838365792 15.12648892107973 31.57253631466265 0.5091108081175245 0.03035745282390582 0.4282246961545259
13 8.114191856087789 5.726490667639621 10.728985324914115 2.1985999123416953 9.059137001921416 25.338224736598413 3.4269293981473545 0.8496266570867114 4.964350801939676 14.253175756457122 32.05154101039815 0.5087480879393125 0.038463103797859374 0.42744688286093335
26 7.58087151094145 5.834304191745056 10.79390824381355 2.2889901949540135 9.821600876903632 25.305727597536148 2.816847778589332 0.8507870038234133 5.335927888358681 12.524663901682969 31.527761147922586 0.50756442819742 0.0488666968068992 0.4261219413462761
28 7.464975908207386 5.634436467429979 10.768987294282471 2.134189154400268 8.847994459142754 25.86079501219517 3.122670292736165 0.6285177268059784 6.293536782339354 15.412446720244942 31.89286548426283 0.508616089510358 0.047141761338325615 0.4265868398040861
36 7.520779009770066 5.651957473606142 10.185631280113851 3.005291108094162 10.304034432488818 24.26504067636216 3.467410424516149 1.0335085793575856 4.282854036888748 12.292274303991805 28.07452891639748 0.5056607373719293 0.0727641028869299 0.4237909117730806
38 8.004854612776024 5.708874298948102 10.47353551008498 2.469547007886253 9.767117395336435 24.89639180034386 3.117334331910477 0.8051369974278064 4.701461280229753 12.611996657107253 31.41742492265632 0.5082889429362792 0.04885489670017576 0.42591538493014247
4 7.610223505715463 5.650798075069276 10.850242925022869 2.0697654859698336 8.71205104777832 26.282581876861162 2.9219927110899513 0.516596798507055 6.24305426702637 14.833296902081274 33.34392187126719 0.5098742064789933 0.02751177707811689 0.4285948497410887
12 7.849735172466327 5.473886945230518 10.35948684261133 2.462438389088274 9.217772779728291 25.31468905059905 3.274302036538825 1.0502789198434161 4.6087875301363574 13.394956168002922 32.52287723992702 0.5095069107344186 0.029291013866913202 0.42646884534933144
21 7.334008739400388 5.7535921618229136 11.01470857946881 2.008075323547635 9.010438519506119 26.336387760808584 2.5890819388086754 0.7333595502119491 5.360798462975202 13.552196247978953 33.90013725602527 0.5088419461529003 0.03433904312876894 0.4274659131830274
22 7.655508650444379 5.6102707784964245 10.996076935842124 2.0441392414834314 8.96683393800112 25.191629707619786 3.4186666248601307 0.7622596835281097 4.642100997854628 14.690878666717287 32.46923592241236 0.5099683145962639 0.021327206864690442 0.4284907922554995
46 7.869667860228045 5.585094638573256 10.768259088329991 2.252638377558273 9.119917683322354 25.0913706118538 3.4773644491787765 0.9537017398917919 5.269950929823449 15.21646073607819 31.1540684771291 0.5058221171193189 0.058882150207115326 0.4246945572916468
47 7.386290890714495 5.792782867868065 10.82720474152051 2.125641997674367 8.93405707369285 25.54277445451281 3.232227957616324 0.9116611950109672 5.284762055148866 13.29376087569189 33.37900602640024 0.5092764618471669 0.02470558646029341 0.42866372555254934
14 7.433997185649247 5.997226681761689 10.684004459771755 2.139501717872743 8.937011508623812 26.280177664052307 2.734807170075466 0.7568946206584631 6.5395028548955505 13.072363923947242 33.29041492436174 0.5087437810771887 0.0385541948553242 0.4268281410969918
27 7.472173914707743 5.869894542813098 10.844073651603116 2.0731083577277047 9.021155009268643 26.18838099218617 2.709973143930526 0.7972147558283019 4.9036273407885504 12.821479583574373 33.80707392098069 0.5095887068875858 0.024864217980402795 0.42857164036962536
51 7.882633329860196 5.779438275438818 11.099396503798461 2.0125332975183716 9.494322896990088 25.23308025682273 3.1556252907214155 0.792285244730129 4.980911610330201 14.092735109445366 31.320118624933084 0.5092618872939423 0.03696112022865937 0.42735465491573615
52 7.957832263221998 5.443207850715095 11.045477492262913 2.2084895539296188 10.02718928047395 24.63337129369664 3.324268841642322 0.7791834453720722 3.919055947461439 13.817965010829313 30.308147410666887 0.5086957804337253 0.0431764913988897 0.42720975289728425
56 7.269524986362685 5.99448430146498 10.835860791897892 2.0747337037793865 8.859722487441054 26.133305030035103 2.7809998915902097 0.6833339076999386 5.98122680931946 13.62255846941557 33.411474557439114 0.5083741624772883 0.04734744721414206 0.4257301498893074
57 7.289641928790012 5.764320503382337 10.442571625573425 2.3172357425997534 8.857002101904028 25.760857411554827 3.1986238030406198 0.9070833131788013 5.588150992549133 14.094756581330147 32.20188053680673 0.5077561360674407 0.05551707258527431 0.4253510793129198
29 7.482250845571057 5.670256836693963 11.19143381007072 1.7972091715580973 8.525723326131182 26.073444127836247 3.090886910484763 0.6444886309187958 5.658307606722282 15.397019769400098 33.74936688177567 0.5095145368649296 0.030413147766793876 0.4280872889967825
37 7.986294931686202 5.849540053886757 10.991620392813008 2.0245028490735515 9.280930887998073 25.255354314418526 3.47308785222569 0.6777892149707179 4.695291631525681 13.55273357215316 31.411656551999386 0.5095257376058463 0.025511704544461354 0.4280710240051075
61 7.87017377780068 5.681310056385391 10.747963439907014 2.1782618553728286 9.339149490862738 25.52815735471368 3.017656096373137 0.7101247273118623 5.495561328237114 14.173309890686495 31.27326479800616 0.5091256590366706 0.03800152522233558 0.42735554701219153
62 7.692802733029896 5.832388050475139 10.83430213290246 2.248996715629431 9.602413792524654 25.146686585034537 3.127125475709808 0.6757569711176207 5.390055267282924 13.36210873720434 31.40129983890096 0.5091260952931498 0.032223432901388786 0.42769818497290585
39 7.936673549797978 5.775893776316666 10.98907910650289 2.0400889737334635 9.116915169031564 25.385836651457296 3.2141163159656165 0.5791577649996189 5.317135276863929 14.807549128796278 31.83822534195735 0.5097882693564247 0.024816640614202124 0.42823556078764063
126 7.636821637368561 5.652334969556653 10.838018774157103 2.1552221917166516 9.365691416597755 25.082005659760608 3.2040856521115693 0.3248253049940112 6.133299627153464 15.542059742272025 30.074087950103284 0.5081736843921948 0.047791101077262504 0.42522869063795765
127 7.621566241871767 5.518529537194498 10.13867081117453 2.8587159327493303 9.896722494211039 24.872237093764614 3.036080525108159 0.7952928043171119 5.069697480260752 13.867344349218188 29.402767907618248 0.5047069901683698 0.07708785297880408 0.42243043940987846
151 7.637591777223461 5.830848445911344 10.58989755041789 2.275685545937007 9.173956333969386 25.98313845428099 2.9056465209388356 0.8256224055929007 5.226779558796089 13.330379590243256 31.929907864605784 0.5061864565619827 0.06384515919518832 0.42461009536933725
152 7.9626667178567905 5.558374641317344 11.233310854353427 1.8578298424981914 8.82429710447759 25.874264273061506 2.9928899391189048 0.7652634684774733 4.590650967303596 15.020129059577979 33.89907828488004 0.5097538770687032 0.028669293594143445 0.42759744099193786
66 7.66286904696559 5.771166562962981 11.010286873928985 2.0456587333182266 9.361514979272355 25.36473998230283 3.0925291998589004 0.6798252377307198 5.109166849984995 14.086632574120902 31.916578996634158 0.5084153122510522 0.041921540556775376 0.42739931119720875
67 7.357990065873385 5.687912832288338 11.343617171996163 1.8988620073927402 9.552066725685087 25.318593247760305 2.966691364503943 0.5767216569274339 5.577904445487028 14.312958694408959 31.43433021391517 0.5090248982562778 0.03540423847957008 0.4278693115668926
71 7.678333330357568 5.799426899752065 10.973437215904854 1.9589331339476408 8.489130030990843 26.73888573927968 2.599747615476539 0.5123745314627491 6.132424662538776 15.010718498406817 34.124193690241825 0.5094676069968468 0.02868503323272878 0.4284054414184467
72 7.543757066897948 5.600673501973315 10.982853371738951 2.0001979438315773 8.836440608808866 26.55747867649522 2.502977767018895 0.4870320077517755 5.6763387555485725 14.625247766087703 33.92098130680422 0.5087884722257726 0.04032214180177268 0.4274987648213954
187 7.722506637191385 5.774448742423587 11.01041243524959 2.032982797070899 9.406439847984938 25.375171825251208 3.0903318929490724 0.8012377889307744 4.693115381375368 13.57453038612946 32.29331761563141 0.5087254258763554 0.04370179927940454 0.4261001510540186
186 7.395856505371948 5.898957166193378 11.18495924287394 1.9597165200778548 9.417602223231146 25.864770312119244 2.6548464517666583 0.5674087515159719 5.660012149352721 13.161100354633325 32.72257150236254 0.5095637092735668 0.03491166257411568 0.4271394606887786
5 7.760364195968415 5.658892298706613 10.6716097845927 2.180038779644096 9.064464937651726 26.168603126315897 2.678359364175851 0.7409774495705796 5.412990416212357 14.291696542063406 32.74879035786939 0.5074465282858702 0.05516726313407074 0.4261336398689756
15 7.881897402314919 5.744123421740038 11.051807347937505 1.889012766532759 8.493268789680501 25.981985228181248 3.1523031709903266 0.4273040906693906 6.2762732263897965 16.338677494556038 32.70267699235519 0.5094347301822498 0.02875441704813664 0.4273883031417789
30 7.554008066983215 5.793931403936381 10.99786156621652 2.0412204922486556 9.298261246615262 26.292048316922383 2.5380844488159573 0.6996558539832671 5.5197151979937455 13.296881531251124 33.1348582017565 0.5099419901303631 0.02586724926867127 0.4279321840227687
40 7.418385398180096 5.960169835472444 11.30107246790237 1.6337959337139385 8.239284505509403 26.987243816321385 2.5954428796018 0.24711851528319753 7.881749067087111 16.624583898372695 33.417706590022675 0.5096582554612673 0.025422065167733616 0.428714291108943
6 7.519313755668185 5.778673636098199 11.058323704144232 1.8903928834959642 8.792831648072854 26.552917764035687 2.6430452860666387 0.5713218535477181 5.905874018656826 14.381513339957564 33.75873220089558 0.5093476564164338 0.033821358063228 0.4275660332420575
7 7.820332964295366 5.555362326143475 10.793577826616989 2.2350339500879124 9.756067112861643 25.55677315437374 2.7254160827999994 0.8742780743066415 4.322067584228312 12.763433796145668 32.16059959262419 0.5090055122226178 0.042909446038147635 0.4268866964737274
17 7.520261058260795 5.780667653573761 10.623257420691514 2.416252640318148 9.762588627849425 24.71817838826361 3.2161566048670998 0.6393797189958262 5.515613410149678 13.530896233666882 30.16258608404014 0.5059315620064471 0.06731254516819708 0.42385200141285356
32 7.621852587773111 5.688371413448829 10.3588035765732 2.627542977525966 9.929229144364273 25.217594878505917 2.949680641543867 1.1433572753277443 4.258732415395792 11.965428275329765 30.966059683772205 0.5084659062225008 0.050304042701899664 0.42580059733417186
42 7.473159796737838 5.470695617285684 11.079958586938018 1.9496605533933906 9.200176080298224 25.916716381233872 2.778889115534944 0.819056603962209 4.761012758908599 14.125447025030859 33.06813466744734 0.5092631614604858 0.034281656460290896 0.42815878917466604
23 7.8052603428950365 5.841112320724016 10.728057736169543 2.1639402727367933 9.366786455453573 25.69826727244211 2.9202597298953528 0.7885368022235826 5.300330097881136 13.888874214431622 30.9947895152349 0.5048533946881282 0.07074022341349637 0.42429094130783807
48 7.519189776224309 5.947458596653481 10.752405938261012 2.169202503872965 9.205452254971158 26.529232238445864 2.3957719440787817 0.7960746453870589 6.329601895721643 13.305751083439812 32.80365038589401 0.5088784044408748 0.035620590875095046 0.42726534354275847
16 7.328553914150932 5.786712190364781 10.864805457603248 2.020208107817818 8.796429728532704 26.428385627530773 2.6292721687379963 0.5429092671728819 6.299109353830859 14.239155104388422 33.29297621168808 0.5086017174407309 0.0357016792470958 0.42798634727969875
24 7.2961089674190776 5.844329329174231 10.781342517138853 2.2738803109901324 9.545698399708925 25.097942598236962 2.9989117877704823 0.744734293295013 5.35843100253871 13.503769991912424 31.51880406175288 0.5071226493168053 0.05573971338679427 0.4247215150454849
49 7.4753860013986015 5.482635039470975 10.403265795925119 2.6383076976827704 9.93872695691404 24.201920878571013 3.53308229103469 1.1749174969452907 4.649549911843868 13.702849352769524 29.355190685594135 0.5071368073949853 0.061327080392186505 0.42432491620007745
53 7.74453542626058 5.8640266243259225 10.861524070695364 2.1284830098598695 9.862442781549495 25.232129732130556 2.8770282030715553 0.7419399487485793 4.562849384153518 12.224161946744436 31.759250010695368 0.5100068439058322 0.024261718393106806 0.4284243296695959
58 7.759942488311486 5.667084639735751 10.844173979687332 1.9278965410933722 8.599076807400564 26.57059040947501 2.792998300963054 0.5641083921621423 5.732051450100648 15.038738907713055 33.47968371962379 0.5093202765650068 0.033812577194196794 0.4278185871313745
31 7.953574388954049 5.6953902396252305 11.217514016922626 2.007143195024181 9.621383664065519 25.33758129458894 2.889052624879016 0.6404656413021672 4.676597914896662 13.893268064161886 32.10573744584703 0.5101429705940805 0.02310766565508844 0.4285000518829466
54 7.502469532053492 5.847120727663407 10.725079388082392 2.117868974848833 9.445905067916968 25.30696122630136 3.2352661725758196 0.7373997600952935 5.409351398091001 13.858565740351715 30.704083111945458 0.5079137056486438 0.054580886583050596 0.4253347828822498
59 7.9682081245304 5.536504074765595 11.022983278392083 2.0589646776349393 9.61310908012165 25.416072452898696 2.929066029509371 1.0447546985777205 4.098002280347146 13.180735488866361 32.232598293591245 0.5076965907207475 0.05222829132855084 0.42633864698419344
63 7.8424059689179035 5.715743099520013 11.005995491207269 2.023887164508178 9.447442308413072 25.438971660454108 3.02738930751543 0.671348223523517 4.765170967976325 13.5153761933043 32.158045139532575 0.5093261794831376 0.030204266453333472 0.42772572733719655
41 7.533947789309774 5.5625775709549234 10.865445324772997 2.1579570388768694 9.024870980428135 25.858373815480828 2.8927597348620173 0.5531019469899557 5.630860862683458 14.593450173095894 32.94453055006982 0.5084772665578569 0.04038853345221799 0.4270786377427207
64 7.954604664535151 5.504019654570658 10.303926536261015 2.684631787604217 10.102635935354783 24.6385386455191 3.2566817096390714 1.102800944923183 4.351764985013284 12.464805720562328 30.12091229339848 0.5058666165950702 0.0666385712329173 0.42389853485644413
128 7.58536875261953 5.583545127517128 11.078492391349586 2.012601111707943 9.478388673963268 25.282120995899092 3.081230092050485 0.7676412234643836 4.829965332673531 14.218190302537943 31.18370139233414 0.5090588890265726 0.0341927301066938 0.4273232874902944
153 7.807973105719262 5.825120632599187 11.051620287725799 1.9661846920512698 9.19592458335692 25.694037538707516 2.947558683094612 1.0510406024012022 4.422958220596807 13.37500862648641 33.160151476931965 0.5090548215389905 0.03601297335423674 0.42754625873386076
68 7.528990746775833 5.853206262232706 10.932725287063064 2.0901229373201944 9.545067342588856 25.650092810754572 2.8272172909617246 0.7922557876761089 5.052372510449965 12.61941086014133 32.285357231927115 0.5093598491212261 0.03185877017439997 0.42794245758822963
73 7.315253403383173 6.001094665089105 10.84993125936141 2.06840748505885 9.406075431589485 25.98714908439304 2.575075328577986 0.7573772588399394 5.525335122042141 12.059806289188897 33.23788042331782 0.5092470131323387 0.034433655604615525 0.427603111282311
188 7.496875916339461 5.619284019764499 10.662388518538208 2.3494537194017013 9.676529102781602 25.544466282369886 2.77251958858932 0.711967404021116 4.870383565000577 13.155216910103205 31.372514144902247 0.5083265225990993 0.04576693711334358 0.4265138199941905
8 7.747736356186996 5.725782670461649 10.938511082437131 2.2122976016151057 10.122574409961244 24.966474713958707 2.851840895957426 0.8999825503429518 4.02667856508364 12.429156684224953 31.22375866410812 0.5081670764681976 0.04929172089663399 0.4263801986145894
9 7.778440048725844 5.571418808667136 10.921684805824567 2.2998662214058876 10.312787424439982 25.443845370966216 2.5184385470703354 1.0314720115856777 4.156374990680972 11.539064827600257 31.44996284627201 0.5084310516394017 0.045430017760444724 0.4266401828519107
10 7.694028030998475 5.509769649184859 10.989760728343635 2.0190354227273044 9.14077397221463 26.275677286114878 2.6325699421467834 0.8371057154025325 5.116470279961301 14.007391293141854 33.193882942691 0.5084994332761746 0.03797507185375632 0.4277457847631699
19 7.664493162294225 5.556981968688921 10.944495879100177 2.043877003488564 9.289122379840807 26.18324155487758 2.524144607919655 0.6590544575981075 5.5596630638042255 14.16408951789202 32.577882586721564 0.5095216667309833 0.030729010854255754 0.4279289272397048
34 7.842938057010132 5.5060296901257555 10.838221651689254 2.273877879052577 10.309796478693324 24.04874231721814 3.3408778180281815 0.7294370675258565 4.362093859281028 13.554009024003625 29.38908236644523 0.5079742339083353 0.05133096759058762 0.42632013749190434
44 7.3443148001062415 5.568270032033911 11.368059319593206 1.7805777300964518 9.326768599604945 25.491241920368736 3.015200893375563 0.48362195494846283 5.413446648347273 15.251661338371687 31.645488326307735 0.5094509286949694 0.01832246968000025 0.42823954420640276
18 7.631798616771887 5.489302805592615 11.021881785364194 2.268565109277512 9.660715476950733 24.691199129407185 3.2647285662830554 0.829144382247385 4.6420214871351595 14.893500942002001 30.8620064911287 0.5068425274362646 0.05780179976201337 0.42584541312383034
20 7.088809446575671 5.486021386057396 10.477499261643352 2.586674368332087 9.69617553884183 25.009683040787657 2.9733284709072145 0.8977352723370806 4.678275518702895 13.071068186904451 31.28786408294198 0.5051702230954312 0.07420518356006364 0.4231563546273042
25 7.817464271446775 5.587828543554284 10.945018153294077 2.193148751371549 9.811960873184328 25.41049858204801 2.746504675611281 1.0007498269209998 4.788096577096588 13.057310370868713 31.813128469351774 0.5093757851445211 0.03448959355064399 0.42752693894918
50 7.753521345711564 5.401976855605425 11.016449470109215 2.0367330254333993 9.508892126994454 25.291065809580246 2.969623429616731 0.7062590501974525 4.456527696419471 14.207018660053857 31.985889029253304 0.5094721436031606 0.024148805727277928 0.42808458849503844
33 7.561264459099952 5.554522300429499 10.872706858131378 2.259583056160799 9.773998101160517 25.390664328630614 2.772899542391708 0.8099050945035899 4.563580080080444 13.563523982476712 31.54188236556891 0.5078063697411261 0.05009336293815231 0.42594878466863845
35 7.5428169165961405 5.634041378763908 11.063019875514328 1.9947209295885207 9.22246661236587 25.800746843099997 2.839553653210241 0.9026803816788382 5.723026836647129 14.451454631747499 32.245960965989376 0.5084939713110215 0.04355514561394017 0.4267241333034256
55 7.874280345982031 5.3289007151768315 10.986237271861985 2.0379193184165962 9.308117237434905 26.11917641989679 2.579129365732469 0.667679115805511 5.2871252563463145 14.571579297625751 32.63457894302103 0.5093182577716909 0.035505481762792744 0.4277423988799325
60 6.930484877309721 5.920081693554044 11.169946613510383 1.9172033197732923 9.207349522378033 26.47182696797486 2.354088068004862 0.7246235469122863 6.452727461577905 13.554421214303483 32.794678281126565 0.5085171258005796 0.04026450388594211 0.42720661939524657
43 7.353765496568288 5.538267906597602 10.74242087309686 2.401786947639038 9.787344600889385 24.754367799387165 3.3469009622360932 0.827547117747397 3.976270872769548 13.57743650652235 30.299958303274007 0.5070620587065164 0.059414140766234365 0.42482539093207905
45 7.628242781902723 5.67721851428872 10.947009412648304 2.0092158231441637 9.157072558661346 26.143131863632398 2.668795280186962 0.4367676375775922 6.459575357481254 14.856751496040642 31.93555759666689 0.5068436659621101 0.05211019619596913 0.4253860316465683
65 7.308941041166071 5.957162387584378 11.060979491243069 2.052321716121266 9.787520615435303 25.88106831049077 2.527905729437639 0.4926279044060467 6.195054443628358 12.841728528923065 31.224133108307356 0.5089844885313213 0.02998425656183653 0.42779383833904383
129 7.868056838750173 5.570367614836694 10.952002591189236 2.1513382433280026 10.058414148268511 24.65105343696812 3.1947053742211207 0.9467522190024111 4.031284767112467 13.020507525364668 30.659608917521904 0.5093983785082217 0.026801805945602886 0.4283117708795753
130 7.079296878842295 5.890042981526918 10.696428392027997 2.333914639054682 9.679523188512361 25.723269338421858 2.527020637650745 0.6201308280923014 6.220711835020659 12.499902609473017 31.797438382155587 0.5076778028027048 0.04918765514934574 0.42614996407459205
154 7.981966502067601 5.6189841762155766 10.891802865989986 2.182332421116811 9.801166130854114 25.589275682662215 2.7867807899931845 1.2226627381207038 4.131090394617977 12.573608964011843 31.614716702078514 0.5086560186995878 0.03569766388547622 0.42723653300261305
155 7.1721901598439946 5.837003954306016 10.68093890161593 2.2073011704497207 9.343157148251892 26.078581374950573 2.64723682824422 0.8265463824424489 5.805246792073828 13.121619733120797 31.88355441269933 0.5076594433777697 0.054212795761350185 0.42534526869119055
69 7.781408849136251 5.594290977461598 10.657382770407617 2.2407763300100414 9.33290607094841 25.442983964724203 3.15886664836562 0.6927200831005 4.993524655282173 14.204673391628189 31.572800166768964 0.5094741577220363 0.0349545351049535 0.4272044491607505
70 7.911466248819358 5.470532011334373 10.976168438356723 2.068643933336523 9.325402620273161 25.29101186772462 3.119926493998832 0.682600826348773 4.992313165588371 14.68135011184905 32.02629446992973 0.5095622972340003 0.028123880493003246 0.42831307910603106
190 7.260863355416717 5.363470495104026 10.066493155442764 3.092317669366831 10.258256638422482 23.821231353759938 3.556451325596381 1.1035773215113878 4.618177979879409 13.705013096179462 27.651716686543068 0.5015851523830127 0.09459913437328661 0.418863080442979
74 7.690183768305426 5.860232192285472 10.321998674299302 2.3957001956781117 9.346629116947113 25.804206481992946 2.8400688261113265 0.6936688291397911 5.483663417328332 13.231981744312817 31.564178197435258 0.506939813328401 0.060074081486853025 0.4248430660149376
189 8.180461433303169 5.498394644516409 11.399136666465305 1.8465913260785085 9.717787928469155 25.402107508836895 2.76788341112458 0.7341955278740351 5.022089763114571 15.311512154739537 30.67053147786168 0.5081629758256855 0.04701855260361714 0.4250796716723828
75 7.63300429437149 5.739432949757519 11.195672480493732 1.9457275067639326 9.110972613352125 26.035088117673208 2.759050842651377 0.898276608867357 5.092335282938409 13.696013230857778 33.30586902590323 0.508375125417672 0.04240403565888099 0.42611577890140284
76 7.941304743652665 5.5744691370883945 11.154073377334255 1.945339036072158 9.333481388737939 25.36166867884373 3.1642883999771034 0.7764729186211835 4.40434554971525 14.019559474295722 32.48339928905494 0.5101077421482678 0.014839628215535685 0.4287273823489307
77 7.6636091613442625 5.835030455966701 10.795616236193062 2.1668350279321373 9.46116722648107 26.011313918688124 2.5876306294585403 1.0345599540293595 4.344814890533441 11.576393457768296 33.7156121463523 0.5100834662333519 0.02330472877317872 0.428514438225915
78 7.653459919949638 5.674480761473632 10.907718278475183 2.2339383769148005 9.847632736811633 25.036832744419666 2.967641546648554 1.2062772966036457 3.794852701128785 12.584521713877391 31.983112576390585 0.5082156006783224 0.04587702082629215 0.42649887259504504
86 7.664631741069718 5.877057440080153 11.254290444174481 1.9294779813535077 9.47562781478035 25.08768820411228 3.289062508351871 0.6002328772510384 5.132100116869874 14.060634763307258 31.300101409633587 0.5100771845212525 0.01599683004654628 0.42842268307803894
88 7.459219300811943 5.7527311054580705 11.08049133007959 1.9082917091123812 8.895016520204848 26.359731215650392 2.6475086245415507 0.33127067658070414 6.551859552805897 15.146897132849476 32.75511377145965 0.5100847246524646 0.020868283630587615 0.4282256873706848
79 7.544047335845224 5.7968876753706855 11.181426917091098 1.8868779420770405 9.342442630942433 25.898316113763208 2.7535555557444513 0.8642935811128243 4.826689631703796 13.17863351425997 32.95444468531857 0.5093539282348428 0.02319444568695023 0.4284492044705152
227 7.1899715612025705 5.8116784707561 10.664676971090953 2.2985224112672507 9.443736976872842 25.574904534251477 2.8299476140579474 0.6496966539471005 5.47326333655584 13.063877836922085 32.22622021997494 0.5076674185730287 0.054117645355402554 0.42554688286747566
226 7.968319901883104 5.4376115258108175 10.90630848545575 1.9872179322240806 8.787970768391737 25.933022914611723 3.1174738143314236 0.6328414219058958 5.226668063086821 15.200561149177364 32.8285463165719 0.5092993061499937 0.04058094258152908 0.4272599111550986
87 8.000601574199735 5.774175649148181 11.195482212491141 1.8158491239784398 9.01626046967064 25.80797566460904 3.085462501148711 0.521963346292289 5.799111228231857 15.291510347035405 31.89073127925162 0.5098573648780427 0.02944794207969356 0.4278787895298125
96 7.945695567199168 5.48784369826907 10.857435754677283 2.147379033201922 9.437554398285839 24.950135561929308 3.3520192654842145 0.8654343261325628 4.125419645818393 13.976823630575801 31.89806585523689 0.5085984581810719 0.03790264300330624 0.42777878545371734
97 7.368571939889578 5.87770799876237 11.111850213090525 1.8689195284189881 8.718418622009894 26.987790441924503 2.3006201076910355 0.4687681469910072 6.408410731229024 14.167995548345472 34.402877680110485 0.510202889668475 0.017891850272002754 0.42868747860956685
89 7.636906730668699 5.571408804270466 10.93757439171086 2.0395870258033866 9.01119379386995 25.457508040435883 3.3464567210933067 0.49261174980352057 5.239440884877755 15.152427284423139 31.95116104998214 0.5091068637395072 0.03285763804782068 0.42810313388296833
202 7.578396287824027 5.610232243527699 10.626321156101772 2.4296125972674374 9.852220201305315 25.21101920600058 2.8952127395085534 0.6658233658040413 5.374450500738755 13.108025060324508 30.822076950680994 0.5078152238046293 0.05488567002960509 0.4249365809420786
201 7.752716128345305 5.627438468010924 10.762379633174323 2.2025523406970167 9.31875131039813 25.79203042265915 2.7522143967303183 0.6490271535679922 5.171665905833132 13.436489386092948 33.05691151404003 0.5076827238274303 0.04904974783160629 0.4267381270275287
101 8.055099546858042 5.344537295033852 10.399336200113884 2.5940198886419505 9.87482999581324 24.578150206194053 3.3822793467973082 0.9269378940528635 4.096646656717853 14.238966417713668 29.96540600121244 0.5060424497564245 0.06758168511428832 0.4240050258343667
102 7.836447903772569 5.690943272500051 11.048847967096599 2.063154499234103 9.318775294641918 24.97428283042212 3.4780971049955256 0.5334996363482271 5.7511219844621735 15.161449147390398 30.59543146311486 0.5082936245540673 0.04227863563450354 0.42740032876367035
103 7.7910251009348555 5.743317162297379 10.552184536849603 2.4582490715300667 9.727308934277655 25.058243252101782 2.99855555961659 0.8905683010491459 5.385247009225812 13.564177728076901 30.59340645567816 0.5068554611035717 0.06552742096920773 0.42366379185499325
111 7.5079509965761915 5.793446072498945 10.85058847500654 1.9824372213606758 8.88987269827206 26.454302620677648 2.7068888814371195 0.7611411646095 5.427129796977936 13.670407000036876 33.36956970549366 0.5087926273578108 0.039790377544589396 0.42745243573698677
113 7.771513796868333 5.948146139726513 10.875176064399232 2.1988187903990792 9.519443588927151 25.549374130887696 2.843159505175505 1.0063289300353624 4.858403797533609 12.54583739039824 32.520143869659904 0.5090935433983946 0.03983580127362084 0.42678254689075656
104 7.795234352192352 5.557794157305879 10.449229117226125 2.473962708853797 9.518075692710823 25.15366062535817 3.1004256184732606 0.8299525563496507 4.641639220519224 13.140760893220888 31.896455424856793 0.508637285828125 0.04501391170858618 0.4265062975494099
112 7.944765767524885 5.504048470167532 10.7011030206194 2.190533836236909 9.230468628894597 25.34314952735955 3.338513800823914 1.05618480729129 4.997307261800393 14.440868196690763 31.48088591642762 0.5086691740765533 0.04371187875341813 0.42661160063340475
121 7.224284462768799 5.79461956252212 10.937219325586364 2.0776112657117434 9.321918729551193 25.169723153094086 3.3670605275228156 1.0102206542186043 5.3996149142246885 13.695464497281115 31.537989401791773 0.5075331924627858 0.05445635190515997 0.42571465007134535
122 7.770047618349553 5.638462925258446 10.635204422861321 2.283747784343458 9.257522508741646 25.62285978605631 2.9091450648396564 0.5655497826054384 5.896863132268248 14.716991242424674 31.695997629658624 0.5078612054213488 0.050538050021959366 0.42653010260389235
114 7.226076122229993 5.9104632413820495 10.28254855472765 2.4874648686614758 9.269870106169781 25.673983176504514 2.952227977902954 0.7577634335985227 5.683156608550513 12.252982038097784 32.411575064078164 0.5082740868203193 0.04752857000419177 0.4263882929969587
80 7.4309482807960725 5.693668230134337 10.958296436342772 2.085458537971041 9.346814082661565 26.138622054090916 2.6028832475102934 0.6974885757908889 5.360446457359715 13.664209842040908 32.311774336876184 0.5084246729078765 0.04605718396529236 0.4268739754342934
90 7.89917337844622 5.503370607892772 11.256648974254153 2.0364645603146223 9.521773942699696 25.064379077020753 3.179651264549275 0.7523701468256289 4.39660090564864 14.69003775948418 31.79166835741978 0.5087797588619809 0.040326814841451404 0.4270799474574371
228 7.356604154548566 5.496975070817102 10.734195161023397 2.4068133318177214 9.92978602167697 24.760113100444755 3.1262089685731924 0.7311884871639005 5.184574322543527 13.5697331722274 30.228693628471817 0.5068246207658825 0.05865230085817587 0.425464793758355
81 7.592541531797083 5.619207073245166 11.003144286062398 2.040088546463403 9.3489524952795 25.70828274115917 2.826227748254496 0.64923804545886 5.015547031187966 13.804062100386721 32.7164969274684 0.5096600111622555 0.02317280566363176 0.42829241474421287
82 7.478907846613229 5.7615993245180075 11.187470592862105 1.7969754941562106 8.911335911669234 26.49846149898709 2.6531316719367823 0.6820349051366927 5.565274514922149 14.05134233459841 33.483844683400484 0.509512317245721 0.029598220438831393 0.4279322924474715
92 8.178866938789026 5.677472618184856 11.129951291735422 1.9954284605369632 9.308300377236375 25.31086897963335 3.083290528026339 0.4784331327597136 5.366005341913893 15.028490548458077 31.603325230649716 0.5095264745947277 0.0212298824122215 0.4285209917261628
98 7.531756022113367 5.687042610727529 11.235136165851584 1.7938342033451484 8.725651898087667 26.586097399421945 2.5767674558866 0.6895555245130096 6.002086938311102 14.990086660741744 33.82424473506408 0.5090012572823905 0.030639008614721783 0.42793446697967735
203 7.43949395253541 5.56988206308097 10.580742583420152 2.3830196556821828 9.846125723659146 24.74981348324558 3.0654898508752746 0.598205439955232 5.393343970492342 13.556785939958559 30.823346500607485 0.5059945635093149 0.06858947381376387 0.4228744295629546
91 7.764428816910328 5.512418166538101 10.325877220903878 2.501352224321198 9.790029218299795 24.902104292382994 3.310582921317543 0.770603574747441 4.36809610129247 12.600184672616823 30.824653086443814 0.5088462928488439 0.04237730428853517 0.4265016756979083
99 7.15978492562374 5.885398476687417 11.108452578291166 2.0091928843530353 9.010257803261359 25.726808744779262 2.9164088546137443 0.7906692045121329 5.8313357676535436 14.307512653096753 32.4392186434207 0.5076081246886872 0.05632982767539249 0.42534400700582525
105 7.377913372797125 5.815262654094654 11.375447504211127 1.7855602972135043 9.079998153651424 25.92678426230247 2.8085929720551586 0.5109137133787913 6.139352754418058 15.374676235507758 32.16164504381552 0.5085395060024532 0.04570166952544393 0.42607589126727746
115 7.37578959020596 5.635684771034879 10.619522411505535 2.2417157135978476 8.85126606781484 25.993216964897126 2.9212405461350395 0.9070761704171776 4.772293645769775 13.898996331385941 33.38714052718074 0.5082917330658021 0.04993856886651151 0.426340065479212
106 7.69489656148684 5.512614304519592 10.689083702351898 2.2675079329140995 9.302263615132214 24.842139003273374 3.4625443086785954 0.587029551247024 5.432671709539441 15.23962988701415 30.899774372657706 0.5069453875621607 0.05680274476583084 0.42508859218143985
107 7.3788380126908075 5.645730370513157 11.227847526069398 1.790302189739881 8.717706914007639 26.680327103021305 2.5269206267390993 0.5720400148705397 5.967530022275389 14.892055791185202 34.01044480237596 0.5094374284811336 0.029656935345254633 0.4285667185289588
117 7.700172339066947 5.665554056390675 11.013247590312481 2.0200465942270824 8.975443562799969 26.018606273206174 2.887215351970773 1.0195585152960682 5.155425562293486 13.244160451348012 34.00371975263904 0.5083740139066268 0.04351688433844613 0.42691459928799214
123 7.848755302426098 5.590105998476493 11.275148043973369 1.774427452180124 8.71443094646082 26.115263680180085 2.9465027909191384 0.8438567268138796 5.044184209131249 15.222975376218134 33.52332918229248 0.5094505629384062 0.034973847762697276 0.42751803265056176
116 7.854004830569115 5.773900854849057 10.777485582676908 2.231459327071857 9.597381817269188 24.965746292432588 3.3489286869917185 0.8490499055117741 4.388821689551953 12.64699185128916 31.83817563012272 0.5088076238825096 0.03269588322871173 0.4272782939363758
124 8.121669120992392 5.119450533388829 10.352602119209457 2.425336530469669 9.267900327525416 25.19349459806545 3.1347170673672413 0.8904379485726472 5.177413325820869 14.654043320209334 32.41829916063524 0.5054855829193711 0.06683743667101033 0.42480979811776215
229 7.701434660361922 5.289616860925533 10.627573839995218 2.3331147094187106 9.430195900890373 25.453691169991448 2.847585115063023 0.8047599192337507 5.165832961917639 13.811795556700432 32.836646732876474 0.5072492483334397 0.0535814945906978 0.42624969508572685
230 7.936991971040756 5.823887882758542 10.844070526943353 2.1375932686024273 9.676274893809495 25.615030424284406 2.744251949714028 0.7746713387165458 4.579131449332111 12.575247403297103 32.109138276645815 0.5082842952843277 0.04618700062888261 0.42685285382927135
83 7.641134142203485 5.599325591111179 10.86984013952447 2.1261747343423236 9.300994027578536 25.635113699608787 2.814318992793989 0.6343905918880102 5.525511579433787 13.952011102902185 32.8434629457076 0.509453552883366 0.03339326362452531 0.4271803944713613
84 7.3930047358331725 5.682579392123893 10.980649075660413 1.9825786605989855 9.16045801759097 26.209487751343712 2.5662137289644393 0.7773455038171554 5.295338222557667 13.58692975530072 33.54461059969762 0.5078463783677866 0.053479237454117326 0.42651732744200627
85 7.124385588231055 5.696558342426352 10.787603392026048 2.200049108429945 9.351528065155751 25.695238607193396 2.858267586108988 0.9165202984321252 4.958632534061533 12.761757393423206 32.85796866020391 0.5070470127961955 0.06008163561135802 0.42516685146486105
94 7.621669917561237 5.641536007391092 10.758703057383457 2.293452832135408 9.517887821928237 25.405533384969925 2.9060528455708377 0.6325417401353135 5.547729582631064 14.009779633201292 31.198239599023715 0.5067114972867146 0.055384091063842754 0.426464256535335
205 7.337574509736347 5.596364442593911 10.954346017140029 2.166702048482019 9.370909545118344 25.771227067392452 2.7791694453699565 1.0335694844976204 4.102037609758939 12.814886858684796 33.27507732005736 0.5088292942784659 0.04435243197796412 0.4268659806376774
204 7.214891173755136 5.533097049240284 10.707397307386978 2.214738740878443 9.210980751744605 25.8242247857577 2.7090198239246717 0.6405206338221017 6.334487647370155 14.809328499701076 32.17167809748628 0.5062291167368932 0.05921537477096058 0.4256027419252719
93 7.4762028130673475 5.86952791439173 10.589928991994825 2.3334521859746533 9.5562361880294 24.956201110529992 3.118947539610766 0.5230169456436191 5.949906963682538 13.608297417388028 30.892735576319538 0.5070141502898566 0.05641671027007506 0.4266400414595576
95 7.615591310176297 5.614494169104751 10.875415776946747 2.303879706353377 9.783750463637094 24.420024622976385 3.439201943340505 0.7399153759218808 4.40164295255676 13.701660154866119 30.709730728193694 0.5073662561954705 0.05391026587116578 0.42583456574202455
100 7.419446895247657 5.697418359520917 10.882473273741907 2.120052412906031 9.420501442807325 26.02591523206479 2.566514789014457 0.6837225317199672 5.219625841826337 13.110672727663125 32.81938462877277 0.507989071855072 0.04550909544667594 0.42612977056196316
108 7.596573255413183 5.876080903503494 10.617862577754808 2.3487360602909453 9.962502299077991 25.288763656635147 2.7203929544181245 0.5465959511572134 5.735891315303553 13.037424608763134 30.293537139856344 0.5080556555968395 0.051859472158180084 0.4261918692571479
109 7.7943063758627815 5.409992243810579 10.974609528800917 1.990291185528098 9.38416788108572 25.261912460013185 3.12585584547145 0.634276825490506 5.832064178702039 16.187580280108346 30.338611645419665 0.5073212203693043 0.05844243318178871 0.42498969920160584
110 7.135727118252335 5.736095185967439 11.261320539727103 1.939633185433539 9.228735229506198 25.767292520984288 2.782084720485159 0.5964260150412292 5.891256586555253 14.61254586885409 32.61119700770524 0.5094162924930821 0.0307635725177115 0.4277334816956524
119 7.994067978032924 5.62319408345741 11.043915651986305 1.9390109922068217 8.991751211092692 26.22743767957557 2.8281784797730745 0.6860434909198115 4.8814252855351565 14.090422812094006 33.301769854998824 0.5094923678005381 0.021908372207746985 0.42840720221449713
118 7.648814339396299 6.031996087936789 10.96263738883199 2.1800897820811467 9.744876432952548 25.279150283013227 2.8456969395234664 0.9843362775625117 4.692784790913911 12.166171028189083 31.910234584450905 0.5085690466691349 0.04784304871906652 0.42714711771973257
120 7.871308998897016 5.370128139803397 10.893756889588763 2.2085513154495837 9.579258507032 24.988941998044236 3.070337106019514 0.7139536687660814 4.675290534770334 14.386086103553017 31.984107111910944 0.5070390617190426 0.05596309881438715 0.42545884188265753
125 8.047369046022565 5.4391877889761036 10.734437544388054 2.2710212050311727 9.49033436442152 24.906838245766338 3.2712344944059537 0.8290617633696639 4.967660536140527 14.644019861432978 31.462297909973557 0.5063798915022311 0.06761205736768018 0.42418017366650607
131 7.742963758599661 5.691082130199508 11.030080518959894 2.043139572601928 9.318158968491991 26.271005349780783 2.4170724253136755 0.4033860826147439 6.5616583668401125 13.904124197187604 32.63572455184799 0.5080398758072219 0.047112200608924015 0.427051193279218
132 7.567258518821624 5.804611169142957 11.174126317097473 1.9959052303051534 9.370642907400134 26.065293869428405 2.474965649334594 0.944483087234773 4.760748222103622 12.94896858868584 33.71430349168765 0.5101840342197581 0.019592871016471232 0.42833879373301215
133 7.502396054826013 5.59520215032725 10.767500160447499 2.0839160418005216 9.110600961320607 25.887092127082287 3.0568314707572233 0.8623697592759797 4.959156274528638 14.046310539918633 32.124069891225126 0.5079153686238282 0.0475588552812719 0.42685480705167533
156 7.679857547466702 5.6449516574667635 10.838335190143598 2.221162890026139 9.790908437395652 25.13613904264116 2.9401673118960185 0.9768818115991179 5.304404438927133 13.753597146910591 30.43473949680179 0.5074208964497167 0.053666240424373714 0.42590758821325064
158 7.179139741433992 5.751096048321368 11.069857762701576 1.9732249699391688 9.50513890640292 26.09781616944293 2.433618757804395 0.6930091682383442 5.444780502398504 13.20715852363079 32.63192356961137 0.5096815110288905 0.027264053693344757 0.42746320396992965
134 7.279443488497748 5.390588517938643 11.019280424121932 2.05442082090112 9.699409947041374 25.897270295119306 2.5523831811274684 0.9095423886667664 4.2792342143583175 12.422243434439402 33.09860530228052 0.5087911759136061 0.04005932124949588 0.4274684324082237
141 7.800018571670408 5.778082109139876 10.732761942832472 2.1948389789091136 9.56217213404029 25.594727071233137 2.851901018416899 0.6785680545020227 5.352846896122962 13.129452309608629 31.747811522390773 0.5094064442067302 0.0325371677330051 0.42758154308580565
142 8.145276823934095 5.574217521464075 11.060922354129316 2.0324479366115 9.267791773905628 25.409472776484662 3.082096971868283 0.2931769558990087 6.194316436543647 16.163067108643034 30.623507064990548 0.5093621673929799 0.035385170048026 0.42707695680060903
143 8.175194797306283 5.441387177343468 10.591719041145758 2.386286366754172 10.13614539587508 24.199001920812798 3.6489298808625215 0.9977688117615213 3.568754869399157 13.292950069975303 29.148687862163296 0.5087780945713376 0.04244753258512045 0.42721828309655563
166 7.319163874795171 5.811157648879554 10.733319856384853 2.2971139783681536 9.704956021953425 25.670612069754732 2.69880408542456 0.9188377081463319 4.847545760247556 12.054715887323724 32.36592708847191 0.5088038712131898 0.040927390312248735 0.4277687657068157
168 7.537798750668149 5.440872876801396 11.207442238176737 1.9497354647483323 9.463038278647756 25.398703981100383 3.079201883279856 0.7861582828565601 4.382401983265098 14.193792424712276 32.248152051314115 0.5099899886076031 0.026787525952034867 0.42839797709150446
144 7.485429971058054 5.667349891683119 11.037206488021948 2.101327659468579 9.80055292522808 25.110000276612578 2.9315694951059923 0.9730028316207534 5.087743990101363 13.490707086807687 31.311906282678855 0.5091134140799011 0.03230617956438367 0.42823908456053933
157 7.953916201634696 5.5632682233535276 11.314320304112927 1.9395230549109257 9.824169624458321 25.70764849396603 2.4927937578403947 0.6773440752612505 4.430967650369701 13.806941399022413 32.08506227913529 0.5095512337506224 0.03287882185448701 0.4274345033186421
176 7.479235421167083 5.593722439795882 10.776354989120213 2.365158161997799 9.95810137822692 25.021817473799125 3.050626954076481 1.2022902293812963 4.863123764070142 13.546026008056023 29.670218649065166 0.5046767726172978 0.07404757494252029 0.42404999784523734
177 7.550956015511049 5.755111171029342 11.225006354427542 1.9816680472995722 9.676424069487998 25.430774625797167 2.8598514780557753 0.6884151417944625 4.8773576858382794 13.505971183196927 31.801867166214414 0.5091337178677707 0.03187466890179665 0.4280305695510997
169 7.69718081012329 5.5316201589043255 11.224262446293585 1.935797609879414 9.32251464353117 25.897223386661704 2.7089954842979105 1.0122823728589412 4.371211679518946 13.812173146767602 33.42584449031311 0.5095913589671454 0.02889679912915794 0.4284317070762877
159 7.4750815661719665 5.5725063949846545 11.069914564663309 1.896698458006742 9.395510023459165 25.661365841931993 2.804701430332796 0.6604558879101572 5.516486081068165 15.252809312481173 31.382808063854423 0.5088073708696046 0.04140329911012677 0.427913668332457
182 7.442188706453617 5.694814936224449 11.332636928385092 1.9031834770291964 9.838681344126124 25.40718056276833 2.7917462358807703 0.7188942168538525 5.0769556916623495 13.763474163282089 31.269185051531636 0.5102439458321658 0.019651575633895194 0.42866949061073584
181 7.588169360240312 5.663761142340087 11.104636631607072 2.1024745190709697 10.261720249882353 25.5158121556435 2.3473375289548555 0.6098262156732764 4.697943910323391 11.84557214162571 31.893921063819338 0.509619674250206 0.029263099261905453 0.4281498171135293
167 7.5247680333250875 5.6809917983078355 11.16431182064218 1.9046057719898997 9.069082387974218 25.986124922197103 2.801236200601908 0.5863316106223957 5.712051936287343 14.90907350263771 32.72838507219893 0.5091786355553418 0.03716140369078895 0.42748691421773244
191 7.6132009500300315 5.7222710382438375 11.056669271811973 2.067481022538787 9.570461561695145 25.811233784175755 2.605623884216921 0.6366650224605224 5.197663435705249 13.901398252415866 31.95639394316459 0.5080774093032605 0.049647905882501946 0.42658917250329265
192 7.528774606012315 5.7315435596042965 11.209079332796303 1.8941794374393133 9.295151049770803 25.76136007162521 2.7819834841249858 0.6396768149161535 5.392128721937406 14.605335649877041 32.13548540449566 0.5095599524798367 0.02914929930692766 0.4281061439893421
196 7.693145777829454 5.686141976512632 10.781614765211398 2.1774271660879143 9.404763583863422 26.056283722696616 2.5517786254125077 0.6988616621476574 4.970696838784127 13.30177651538838 32.806212436991125 0.5081123378262442 0.05091586220236524 0.425888371309679
197 7.778835596278724 5.5391134144250795 11.174342710018253 2.0199772887222736 9.781390548277649 25.557071040233133 2.652559880296476 0.9601979468726259 3.904254227198068 12.815799260327726 32.60093712653284 0.5095698234282752 0.03209787549984568 0.42783642881150624
135 7.484246551476391 5.51287863728213 11.360177829677228 1.7249125189497327 9.084109554738726 26.175398563099268 2.792370279824519 0.6908426504137604 5.420538833876019 15.046243586297482 32.478899504448904 0.5085748120166632 0.041205389185670106 0.42725391786566963
160 7.512402282052708 5.573407772217147 10.92544299766064 2.1782205125367056 9.783605744448241 25.693209192445572 2.5898142445463943 0.6430647888506704 5.977664972683574 13.838428129823447 31.081370207748463 0.5085411835989653 0.04717810159572659 0.4268217590145727
184 7.474226350010823 5.356093863889844 10.063707186737092 2.869551073961297 9.954478157508994 24.723717695598516 2.9908443193661163 0.6418101434402773 6.046108443935813 14.355563277383096 28.704317458604713 0.5045986446721252 0.08263724095419517 0.42066958497240386
136 7.504538533864772 5.71740344894002 11.001359328251368 2.0977359747934594 9.697244289254964 25.68402515697172 2.618906390695503 0.7867783522398 4.75452847657098 13.289124483893447 31.969878323158287 0.5089657634303638 0.032223202915289 0.4278900225465992
137 7.116678330864845 5.522421823633888 10.817110188932952 2.1372058815312696 9.071927598389987 26.497129067430702 2.422498973237934 0.8842553907744193 4.872411552874622 13.384175879371131 34.110125117236585 0.5086863994731713 0.04344156424629228 0.42644450995776356
162 7.817253439116703 5.7778735471589675 10.67028987930904 2.456167154044576 10.633023954238434 24.72936346037836 2.7229145603537748 0.8564406897647454 4.8459808573012895 11.873345352236486 29.365457114349763 0.5087284528607514 0.046378830626117744 0.42629649709961936
171 8.183953579300908 5.682198287226605 11.099479919332298 2.1433912321603015 9.89762807757181 25.285091030483702 2.8019823165609585 0.7255985453765572 4.132214607693402 12.88033723712009 31.57514367352511 0.509960148442043 0.018744011636162718 0.4285730256112677
145 7.998101231464345 5.495613755956268 10.988738063004057 2.246852971610171 10.193589119576053 24.450845264365853 3.2254234660354895 0.877343112284913 3.768276709180035 13.843401574200206 29.451495982109734 0.5079736840616144 0.05214927685835301 0.42551100477263404
170 7.653941114787771 5.41768605283088 10.145641776361527 3.0573142978771 10.296043398249724 25.09242125758791 2.7331241498709566 1.0372446850498762 4.703186289501723 12.21901707464831 29.737441757675306 0.5060832209283763 0.06545191818033466 0.4247628949469961
146 7.59199699359964 5.6883718136836015 10.702852701967695 2.260447539590848 9.772595874158291 25.045723044930075 3.038802366298392 0.7973185011081602 4.741863179646602 13.231135695921552 30.740190224187973 0.5068569906464833 0.05587163556754967 0.426121364342257
147 7.471325855235493 5.683116473618677 11.212832196240813 1.853125421154761 9.469707608577176 25.437573549619007 2.916949983327153 0.8228201910911761 5.052019941311874 14.562382100516029 31.74674144224996 0.5081397629903498 0.04344999042587842 0.4266367142241738
172 7.485515186032436 5.740387248901614 11.283048632917485 1.772161338051303 9.165600755061432 26.464681004242337 2.4668021125716466 0.43444196562863246 6.568869346896465 14.12444597315823 32.88686916949851 0.5097072165832786 0.02678135470245861 0.4278390414809345
183 7.7055574282828525 5.763300298063627 11.024214992154857 2.0968236562208387 9.95563067958195 25.468819690054033 2.6544147394267097 0.908900954130548 4.679567059354768 12.49029717221477 31.72971558056052 0.5100431307881811 0.023954302035261384 0.42729234158360246
178 7.796664695979938 5.389354108287526 10.911520909944768 2.194784746202928 9.653426574472972 24.853957819511354 3.3131139152377354 0.7345981343610806 4.351388154971976 14.231108328499113 31.15375066487686 0.5084893581772825 0.04775194989374196 0.426564530869539
161 7.635811780058927 5.943473519841213 11.306949240900524 1.8346332916410963 9.340726212575104 26.553139668677815 2.275337031982881 0.3847273247111398 6.386313463093036 13.980985873397309 32.37867648857931 0.5086621151430067 0.03484830186391322 0.42852426576902997
179 7.396429008328317 5.835868618891486 11.089472553404217 2.030950695729783 9.58344485896685 25.635581360286228 2.6596263801828477 0.9486091999291021 4.994028220956689 12.98267496842103 32.676239598938785 0.5079904958104121 0.05520996834622543 0.4243643067444484
193 7.240237743421135 5.633197028102822 11.239031859283301 1.8832589915843696 9.115705078641238 26.032635807388548 2.832702300935491 0.9070955610332241 4.7780893755346385 13.66261855851825 33.54149256465124 0.5098095013694166 0.02218437236849355 0.4285488451187166
198 7.848219811915189 5.667194044453398 10.940405817210591 2.1519047672680376 9.7411798639025 25.32330036748806 2.8814992021385546 0.7999712784132494 4.0347083675971405 12.770253407354382 32.29995733030694 0.5090189102019901 0.0346165293405761 0.42790157293475706
185 7.720987043335727 5.2077875836297105 10.535247952735835 2.4709394290341877 10.25544189429477 25.04337404641649 2.7218114770276993 1.0044798661241912 4.755373571319396 13.451823967156592 30.001393706374873 0.5050321797038293 0.07560903081580975 0.4220558168490142
175 7.502297173996305 5.736297867482716 10.60785048721915 2.266505849514217 9.568474800413247 25.98642025637752 2.4930544027178594 0.9191032692821703 4.958068353351625 12.65699895779515 32.369741928827814 0.5068824224949301 0.06002698126673743 0.42573926822557245
173 6.99439547305027 5.844516377353473 11.130979888677945 1.8215389153600596 8.806961564324396 26.805000217891916 2.366499986162504 0.6566759156424734 6.502167259523612 14.523061754690238 33.441102223946935 0.5076201196246966 0.051224886610939956 0.42646556612884906
138 7.437306066623411 5.4399506266287965 10.77331652767081 2.2981148312973385 9.580499251704534 25.692968905865555 2.6293535376588624 0.5073723466618655 5.547836056810107 14.111729684777684 31.60290775704395 0.5079037250257127 0.05242071332223314 0.4261039103625829
139 7.702485381370147 5.618270522293577 10.943479337944218 2.026727632745479 9.183254556263801 25.878850719889144 2.725197431147926 0.6885064986740215 5.848561382297775 14.916827593625749 32.224724189190255 0.5084131158342737 0.04655010569314938 0.4268588351407999
140 7.5130086438412285 5.533968180783613 10.726061083765758 2.184502568124618 9.288219384654097 25.634672019281552 2.798614722892681 1.0793419536624782 5.335252042194294 13.649822792297348 33.061728978495964 0.508045274187701 0.04662566291934659 0.4266799006793059
164 8.175014134715292 5.248658382401427 10.827400353209047 2.3610186251626732 10.074678563789371 24.536621874097484 3.271574211619973 0.9566534745335629 3.7010514471427003 13.674038606614022 30.499059617976002 0.5077707311394757 0.04874565356449916 0.4256285002473128
148 7.998226289029115 5.452275563709852 11.218538606741447 2.125507466563742 9.900433726869952 24.433620580927414 3.281452836884821 0.7915202010980216 4.1536260110408 14.419007819197283 30.930152468746925 0.5095589244022725 0.03092524249742312 0.4283004151370295
149 7.641479463039569 5.310313974654935 11.30582955222685 1.8804133380045627 9.325589373404132 25.72027606850281 2.841648896962974 0.4265370739036147 5.417552941856322 14.878451428891372 32.6316457176856 0.5099080752900806 0.02704489647468353 0.4286505878611276
150 8.269010313642937 5.4906270020242935 10.906031012402593 2.3792552263585853 9.973566742285069 24.749419253304538 3.0546879122006954 0.96499715889811 3.54437237053769 13.305634326793044 31.32993960170195 0.5086559161244488 0.04180791602449504 0.42718843335370255
174 7.614521197347265 5.502418947848217 10.960162132316883 2.0698083044011213 9.564851761283792 25.294774461695663 3.126746435219903 0.8862593913733292 4.827551222197191 14.367980853408696 31.047960393254193 0.507970041443913 0.04403915949459208 0.42720204874602924
163 7.385503929558614 5.658867606435884 10.91567181776476 2.091001733299098 9.834382034468382 25.804370372403742 2.4126826974871562 0.698607265506539 5.787786164968213 13.340029605085666 31.17162889012904 0.5079583187763242 0.049491681241381105 0.4260914731475727
165 7.836769508972218 5.25244994596497 10.72415317615804 2.2554705590372612 9.967147810986646 25.04576976432513 2.9557419008144343 0.9011050977075836 3.954284816040551 13.614259566482621 30.79366117532962 0.5086847671647969 0.045053839193249665 0.4263737723878822
180 6.7427985876391485 5.78744702987439 10.528965198243538 2.353058104075729 9.85427633920696 25.73592339741493 2.5728689685463726 0.9999393446789432 5.504823697936276 12.498693341783625 30.590925889373885 0.5070242941279414 0.05718221914345218 0.4240115390387001
194 7.572598697306269 5.322430192207099 10.985127470402439 1.9819706453221588 9.374614895700633 25.853466831227433 2.641701413040314 0.5000945649844635 5.243745812594199 15.166560719074246 31.886482725305534 0.5082894561613976 0.04095599493227501 0.4269683956136475
195 7.930468450716991 5.199907383343601 10.988243271463817 2.1953309969958275 10.119580734660802 24.274980948076767 3.3485349497546557 1.2156540322426586 3.355205224509742 14.047794324573406 30.379576494273564 0.5073158698762846 0.052409365100139285 0.426292469106037
199 7.316286126588118 5.832026478688122 11.31629633632879 1.815791222636114 9.370888422594808 26.203386701774892 2.4119596771686327 0.5401833942344897 5.814120335882604 13.96198255171932 32.51539548663812 0.5085327006164625 0.03484182137026482 0.427913911755324
200 7.714524958693592 5.934844239614688 11.209945541009473 2.0486587982653885 10.092190193565475 25.408331651660298 2.49710876844813 0.8811867334064436 5.320676606922165 13.18394635904103 30.816820882260785 0.5092575502574072 0.03991561037099344 0.42776963619144354
206 8.18942887516695 5.212221525379745 11.062297746028749 2.117921259002537 10.047817022805193 24.27614260853521 3.5226998490027865 0.6355401146565802 3.9049373261128904 14.310403413118665 30.05299255515474 0.5086034858180539 0.038925592565822294 0.4279573236724045
207 7.719666803821841 5.522681805594301 10.825372423592007 2.1202016472599086 9.232542376908922 25.847012383818935 2.6904348476171687 0.6507300449679598 5.952645599399518 14.396844865724104 32.51405012553574 0.5064905683359168 0.059662432566093854 0.4255673896757328
208 7.803612055834203 5.836831025923363 11.053319123523451 2.1391479497444252 9.609141246264626 25.482026277489908 2.7375721936603097 0.8033228850931795 4.838870444262984 13.122327234589383 32.53388070514756 0.5087976384440573 0.036727637252211384 0.42772763908154343
209 7.67441873380181 5.590216325884691 11.061725363830794 2.03932348693185 9.500562916311136 25.69877951227429 2.771052281766502 0.5551662525384496 5.560569980303735 14.035602882545998 31.520953793222763 0.5093334179247628 0.037969292388937086 0.4271226829894516
244 7.488381782195949 5.7831376919773785 10.916393622504556 2.0734829289609213 9.312298993930266 26.24470327938801 2.5129595973494103 0.8814067349367477 5.059524129052282 12.106354785946385 33.8950049997885 0.5091213406322964 0.03287835918108698 0.4278881331637293
243 7.3830382968733534 5.793275106186346 10.784806469449405 2.1610919198993206 9.254493428978105 25.450206293056173 3.103912939840322 0.794175231525564 5.565523389762827 13.857538937752441 31.854542837043404 0.5037991477783063 0.0791667553466746 0.4227408507384146
242 7.766498487434828 5.7380960770819 10.920405776087827 2.02909133672111 9.061220984998391 26.03632489526543 2.823816533063688 0.6899761694683095 5.24046929044844 13.51687028197567 33.30183180954583 0.5091786651579729 0.03158267417757335 0.42829927349959496
234 7.60904512188525 5.508274025352243 10.773238567844446 2.3400140242344136 9.85762745203139 24.783031429337036 3.283748674204876 0.7556291191097659 4.367204023378069 12.99825984680469 31.28221717567376 0.5061095351694268 0.0641357581613975 0.42445189534876676
241 7.568107542159822 5.7219661464426785 10.862192020618528 2.0426375632962848 8.937230595241997 26.19951543830215 2.7693875743454344 0.6332107907025583 5.2442052076706105 14.079860346193618 33.396838865296644 0.5076142612142266 0.06640536323701968 0.4245135701844663
216 7.543329323207787 5.810090646884679 10.738784357684928 2.283753272026622 9.69429137149748 25.44557073876175 2.7727249273019634 0.7476348797080081 5.15544247917264 13.19134833500513 31.516888909792446 0.5084306795607056 0.03620947523408596 0.4283796774902218
217 7.766320925860054 5.446471393884273 10.912003196566374 2.1103893540436585 9.27882504357161 25.77677028617649 2.8523353851666275 0.5390371504367333 5.278572831752472 14.196723149402144 32.625393310749715 0.5084675775349027 0.041913824123833224 0.42662629179305633
218 6.977847160092234 5.827586554860973 11.051609220146275 1.9493358922578559 8.8503466748148 26.866212970366956 2.33524904874961 0.335445237214418 6.7600968715490035 14.189978428598542 33.50615476061985 0.5087591935595536 0.03699736867675415 0.4274878314393922
233 7.371797964756588 5.6311121478396196 10.784901930034309 2.2002412581369364 9.193675462673683 26.01705642574401 2.763959951587753 0.6808880243845707 5.741111437639144 13.609361148835964 32.458646113740734 0.5071000772079229 0.06756054668451741 0.42396484842282217
219 7.570757664336171 5.584407383640496 10.787163408950574 2.0701811850970335 8.95837196356786 25.751375194050105 3.0321964876034775 0.5494164208657222 6.393019197401408 16.099484413067334 31.143693605188766 0.5062998602778018 0.060871642885376956 0.42510468875216134
232 7.748258984043926 5.592646625206137 10.7241269783552 2.347963439128195 9.557878599032048 24.90629899968429 3.239306963532918 0.8727128829759959 5.059382206128099 13.76785424042587 31.293495557408963 0.5056984014213453 0.07164012794006919 0.42457885581249355
231 7.777964411518925 5.463149396189395 10.399428795595714 2.7015295184479937 10.102017341129551 24.338686137566874 3.288379365782608 1.1992570016806738 4.940753474615534 13.058527768423403 29.836621463406686 0.5044308423684384 0.08007555578664356 0.42172138276409854
236 7.746332199925096 5.514968857786011 11.065204995848008 2.1775839298738306 10.432237916053253 24.675919188312676 2.859156759298503 0.6508860041232197 4.119986120844322 12.619842019483995 30.560898516335232 0.5100246076374415 0.02352118590091718 0.4279776499233592
237 7.980519382253042 5.360467104438968 11.142399853251364 1.9165607623839893 9.425388035330037 25.922366674976367 2.6197248088988325 0.594560480661486 4.939045688464355 14.319967048657078 32.630395744581016 0.5086197284819517 0.04161739993139665 0.428592023558082
247 7.8974748314244545 5.644881361238769 11.195218744911294 2.0867970227666666 10.305003622899726 25.164759031560678 2.632735758308736 1.3753829065065473 3.098838383884231 11.461057412183715 32.043012611482 0.509765606746361 0.024704368385164727 0.42829784674994825
210 7.734259033672248 5.569468212024413 11.03255947347548 2.0548376791722007 9.57889547866772 25.548863785906317 2.99950249695907 0.8047646969419425 4.45201692657398 13.406711364794361 31.586977222603014 0.509497202910523 0.03028076272082923 0.427730002658441
246 7.214549293623098 5.82925961794742 11.015885557319857 2.005835454403196 9.446621157028593 25.844957395553127 2.688498388946011 0.6428979922664244 5.263649662256485 13.171989064807756 32.35770614464572 0.5089611714855584 0.03705069278301111 0.4271759983581888
245 7.703815180684096 5.726292987788705 11.12998773620003 1.938366232403783 9.111534864200518 26.51177214298275 2.3596354953189165 0.4450661886031737 5.908261278794535 14.469439596605248 33.31356344442728 0.5091166603838628 0.04105638341538729 0.4268110575513719
235 7.7929207151335005 5.745283236732568 11.195838345200572 1.9029345278776892 9.22183256045881 26.101413348422955 2.5959284386352994 1.1024862111614655 5.008944823379305 13.969519535982261 33.04380375586879 0.507753289897954 0.045892562377701916 0.4265691504378688
211 7.623385683435344 5.790843104403792 10.885355038983041 2.4283004666765744 10.40369981014667 24.748230167861735 2.7334936011651885 1.0954456844754834 3.743435876702383 11.356971576908379 31.665701548280612 0.5087751935688788 0.04344499481802524 0.4270373250166293
212 7.527836672811561 5.602565815694545 10.986330834049342 1.9531446580284708 9.419277851711936 25.72910816134041 2.797350335436556 0.5014826550404899 5.640770889858859 14.8383307749897 31.286125745745547 0.5090373049702035 0.03491775622082692 0.4274324876456105
220 7.502582414305716 5.777784195828952 11.238848982240407 1.8992626587829737 9.515503085929543 25.51811594897121 2.8885801368292374 0.8162359987726733 5.6155005847243835 14.373122197916995 31.26123654012578 0.5096215932570464 0.027233820002368306 0.42805446747881903
221 7.574468880597295 5.675601687439723 11.36146803646155 1.804059744873724 9.29639843499031 25.674941168243535 2.981901726368456 0.5365278576642096 5.506011450357783 14.78249718439767 31.966834361219963 0.5098694871252789 0.02960976867888479 0.4280923783353688
222 8.162352550011477 5.262072746926446 10.887648112144026 2.275788788777167 10.266989358243038 25.03487139400923 2.7845101444221894 0.8449396044906492 3.2395481108476405 12.373662241426144 31.62262384737362 0.5098165436524383 0.023199509342946248 0.4283816769496569
250 7.202019211638908 5.692686350655365 11.015202049554198 1.9793782097768389 8.945605719799971 26.55968392346511 2.47519004406004 0.7391203120356724 5.15325345978441 13.558424096796706 34.12920861901384 0.5084237937589623 0.04621273327779491 0.42736223132578505
249 7.634331456578325 5.297733275692925 10.664391502207208 2.760766125675811 10.28569538033867 23.90395002250132 3.4559805053883768 1.1390073724465755 3.9434139094929734 13.191013434510825 29.78081760656701 0.5025648588855132 0.08776454949716957 0.42046011807754313
248 7.5079103656176285 5.60582272724018 11.087193710411032 1.9828693624677125 9.59803015787832 26.040565445550595 2.5487486533822787 0.8214671555032689 4.286059332169747 12.673412129321978 32.917715502809784 0.5095065858285324 0.027943352508823006 0.4284777574793605
238 7.559524639058561 5.508899368809106 11.060904351478307 2.1535471357537603 10.141172257695414 25.18774229691046 2.7504410132099832 0.5243448342643724 5.0027506099673404 13.495115689991325 30.489861107482334 0.5080856812539295 0.05276826987410131 0.4267802495611057
213 7.662787806465325 5.693102032795567 11.051718265609013 2.2607579741718564 10.544774546908886 25.14564761432876 2.490847111553052 1.177465877969873 3.1893621454962515 10.623545729662066 31.709074701804507 0.5088733282606583 0.038202336509948934 0.4278792610045016
214 7.020689746072319 5.700474930421515 10.886863130719464 2.1746788798090844 10.171710947513693 25.581179926394586 2.558399466155412 0.5202758754431764 5.407607559709657 12.620845551555155 29.853919016624374 0.5090817337464988 0.03716045748955979 0.42688682618736956
215 7.606042827783343 5.588825308464089 10.950890782031536 2.1417168772131534 9.674494515381614 25.302880180057738 2.9323485383481906 0.9385771961887736 4.719631206150515 13.580183070721661 31.298784196146087 0.5072980019705724 0.05143443839895749 0.4272951086269589
239 7.661535756411533 5.61772263573211 10.70870210586969 2.401766710498954 10.161518700080888 24.823857867044897 2.8155222751928375 0.7067240359426042 5.009435379687168 13.363284417394611 30.16457381789146 0.5047569962932978 0.07997778436335273 0.4223330825533165
223 8.042581036011658 5.433366371897428 10.782778513530815 2.4326426082633703 10.590790518102036 24.750812854173788 2.6571781376378447 0.8025113642297732 4.324757789149284 12.699161630162527 29.961610621863827 0.5081124547901513 0.048986083886067774 0.4262191727452578
240 7.5583136815561245 5.8373640328764145 11.238122617808287 1.8721449100086147 9.096901984269012 25.784124831481144 2.8845785509817716 0.4113458299724724 6.274968672056583 15.128629311204996 32.14592130893587 0.5069953305635996 0.05892115681265141 0.4260470407773147
224 7.461124481438216 5.516869340455413 10.742132052091836 2.581686917344152 10.538312215059971 24.844783618071816 2.58979425561599 1.0220734250302632 4.362502778462057 11.67495506853411 30.708300373932463 0.5073876639986803 0.05883401448667422 0.4252558202721714
225 7.685528807885639 5.4583819691717625 11.226633126014956 1.9458198139613767 9.728810508150955 25.080080749109804 3.0588313365073283 0.7296609160442385 5.137177796451261 14.25070776712206 31.151945005139538 0.5081812611497903 0.046740466806657194 0.42676436036490634
