# timestep 7950
# phase bcc
# id f1 f2 f3 f4 f5 f6 f7 f8 f9 f10 f11 f12 f13 f14
1 7.916653183433186 5.65258807157042 11.100459993490597 1.9146044827440192 9.408490350573983 25.49964077528896 3.0332679558938436 0.8990231281515045 4.895729652015629 14.215890928770209 31.708584163933388 0.5093320453003789 0.029860139422989627 0.4279326875431896
2 7.39332055398722 5.499555001055633 10.777993861898326 2.1914437747002435 9.194029915938577 26.249846702150908 2.6040224830335026 0.6676523998842613 6.3576796314076764 14.394930441901158 31.961024830564206 0.5063943552889291 0.060255041364893965 0.42529557800549556
3 8.165398662034518 5.4146332713938605 10.882899814382553 2.1792903972922897 9.452803433072956 25.66638366711388 2.7763446711947686 0.2693860301720955 5.972111613285421 15.887374211105342 30.55518526613786 0.5079672979274322 0.048203190558703354 0.425917407715432
11 7.820288373489682 5.325524899956676 10.87578219896632 2.0196472916172308 8.633489796401708 26.553110114461514 2.7435033159591193 0.5739389733517983 5.8340783158168135 15.197879008823724 34.04812969436213 0.5077083011506985 0.039620193848232885 0.4274506535711716
13 7.439979701203176 5.464491425348167 10.719924110249488 2.0968086380560957 9.387645605104598 25.312691282997367 3.0715058129694532 1.085924833660707 4.655857641148749 13.82335138791967 31.7050683051713 0.5051161985763695 0.07588594847893865 0.42395447487155447
26 7.068567205869519 5.738942187977952 10.398499582256889 2.693560357183667 10.306754360684799 24.494808000981394 3.2480445246733596 0.547271613355508 5.280527856546565 11.839591927117139 29.37468314169995 0.5066373836771576 0.05790818891107054 0.42490844174623693
28 7.298433810586804 5.554287510619385 10.464187635685676 2.556167504371835 9.970171795445072 24.42640346401353 3.547031453166234 1.0560649443187904 4.538607742038798 13.363929829011003 29.139602107333296 0.50420399286556 0.07845438988605032 0.4231346921946859
36 7.367623988193359 5.65131029967572 10.487578496076287 2.479823063571884 9.722108643426566 24.90828717488014 3.153848712872843 1.0889197697587745 4.305717269156202 11.480327324420173 32.598854786390824 0.5094365021252855 0.02982073498393799 0.4286365744151733
38 7.71370525874644 5.583379223109723 10.914188456654115 2.1984841928132264 9.787567308615248 24.93573180343304 3.2656793506428627 1.0350466080040401 3.694565229769726 12.387262506126032 31.830024707977866 0.5089854683372622 0.036250842729425636 0.4275662353003974
4 7.004504747983874 5.816501593789991 10.995872186056205 1.9785496403243634 9.937329722581767 25.038358732396272 3.191725456826626 0.5313750862419168 5.3711525802906035 13.468646645139039 29.231791594904376 0.5087879257707529 0.04503371674103464 0.42668043479224926
12 8.249967533614765 5.261979770243985 10.698982174170155 2.5385846111538806 10.321770467426699 24.401535663812222 3.098442034499075 1.108181311210826 3.948163195746447 12.668372362353834 30.47638286097686 0.5081533168519518 0.04741978062470733 0.4265543526169338
21 7.817627759665782 5.64035160298904 10.905143531299382 2.137564886461315 9.23739959042855 25.48661767690999 3.0808381362468134 1.1772254482644258 4.615426860275794 13.749453102719448 32.755480261480685 0.5063268544330807 0.06260513786599634 0.42536122194191933
22 7.714533425361429 5.555501193616114 10.91170680271305 1.9599942351996702 8.922881450401464 26.1405196225533 2.7926144214583677 0.6104054791624521 5.772565787747958 15.15304914764786 32.810152628134595 0.5080095707243635 0.051271104884209814 0.42604046869579104
46 7.450338449453032 5.776949274268212 10.923604514613642 2.2214439542520408 9.752153851878825 25.156894936064244 2.9288972034279444 0.43868265956150215 5.617920536804971 13.498843651588924 31.356098403756416 0.5085551796035395 0.03902245657007088 0.4283085590538201
47 8.336403856252414 5.587006770025854 10.909984902099305 2.259140443461506 10.499487065771584 24.899821216790546 2.7542922301050634 0.8419512358023573 3.9767348630390416 12.34100126655699 29.92711796557021 0.5099686446621213 0.017181425256831057 0.4284388648895795
14 8.039074261717529 5.529623926022455 10.33560227407938 2.603335890688558 10.469723094938365 24.774336397513846 2.816580046535911 0.8187528124382197 4.684593842685211 12.63318119582589 29.290963574618267 0.5083094400856932 0.04790323306197708 0.42557351975544533
27 8.101313787271701 5.528885104060498 11.407007874690759 1.7443117357262627 8.822160398173404 25.76206867260431 3.1734896944332114 0.7680201344007511 4.691160343387531 15.85431184016497 32.75026993202994 0.5090394429845876 0.02635411426614419 0.42760471847397324
51 6.780444617206311 5.778479071425233 10.28166794192111 2.6424943688176286 10.108658284693236 25.125678219420646 2.869067515772692 0.6298885388000248 6.014997232210518 11.524127896708116 30.195658221758396 0.5067827977095662 0.06032407363457273 0.4250461413998748
52 7.565527605914308 5.770853851768624 10.772761384517011 2.300739187993674 10.122577103327785 25.091711264146358 2.791200480868959 0.7633600329251278 5.150202847837688 12.306710306715692 30.989823143490447 0.5090002596118357 0.0345015700120794 0.4271846325562917
56 7.675671503466531 5.691904386029872 10.748491992219662 2.4568605786416464 10.437228745495295 24.513855442130495 3.0022016994150698 0.62284074258879 5.339896868514512 12.33898040708094 29.598333494299446 0.5074074020332892 0.0531932481806179 0.42610309215165815
57 7.681448853238057 5.5453628421227386 10.85482519104143 2.243452829873188 9.869157614904106 25.027389160226697 3.0516771753951724 0.5231406350735701 5.417762627954123 14.14396593952603 30.305339200678038 0.5088497017330244 0.03472064107710901 0.42765257875167767
29 7.455077442207482 5.690922129997582 10.92259662893839 2.1754663229780076 9.539184331375184 26.0038771641083 2.532238864615251 0.5931010114575103 5.003654830702693 13.193942145449538 32.658582300992805 0.5098209745248689 0.028458507931627134 0.42819490646344305
37 7.800517295074874 5.719405817937145 10.597329078973752 2.348537632856341 9.513424734097603 25.3864102118402 2.983450393175439 1.0813026152856051 4.337934188176577 12.813407497235218 32.176373530124486 0.5075531228586109 0.04802134798425049 0.42698360647647465
61 7.164409335927771 5.7680177747371335 11.285025599932968 1.9138238800533065 9.253178309922117 25.588330325089206 3.072157114965739 0.6271348744346662 5.681948296649406 14.075752919636571 32.27670549959243 0.508893429770282 0.042219228796603496 0.4269890248895332
62 7.9112102567859175 5.5343146479987135 10.876828138086099 2.233187967962921 9.783315804342168 25.433482705603595 2.8077961650625656 1.127426511302054 4.193781969518669 13.322423432099919 31.54517370147469 0.5074558168152141 0.05109520217218235 0.42684004455143215
39 7.2790594247235765 5.901621920772739 11.206982437061644 1.9383891122097758 9.604443578141327 26.06345302292945 2.49627353057911 1.0278011243746081 4.768372664712493 12.174728522106296 33.006080765614094 0.5096845836153289 0.03348689503561344 0.4276239833710274
126 7.266966493070105 5.479478992346601 10.998000445280676 1.994082175984626 8.98507666907449 25.92614389412691 2.8657549687141004 1.1245742098416889 5.558289555478164 14.00497020401375 33.57589858801014 0.5066350942970915 0.05999189586060952 0.42457235238996505
127 7.219466511240488 5.6591151852052795 10.919111277914448 1.9824487285225205 8.679507161575621 26.643467497057102 2.6056042255737304 0.6518536679037504 5.882107656640782 14.119636760316292 34.143535389994966 0.5076434494788459 0.04987398473344918 0.4257745910388558
151 7.521633384113249 5.448830221084219 11.115255720479285 1.9917831591119044 9.405028908845056 25.479743194407018 2.9537943103773894 1.0758246737941948 5.305105500387037 14.7419500280485 31.644184300366124 0.5071576976370675 0.05362235846997441 0.42607056995259684
152 7.624296032501677 5.590139763692759 11.035210379590945 2.0451343223648113 9.741426536605472 25.23676497745723 3.0267120164865107 0.39628696591433676 5.677501472916994 14.351153135310561 30.51450873188026 0.5089077065725714 0.03956009407102559 0.4271711875416837
66 7.852468696079989 5.681184721453695 10.857647509571168 1.9093499081463106 8.108119900120467 26.90948033479391 2.7264546252923676 1.137791332264578 4.814049923804429 14.816482859081821 35.74227170176358 0.5090765655644054 0.028516577576923642 0.42880888306932236
67 7.937332257374461 5.527827040483476 11.377625371900002 1.8044526343829241 9.186945440863619 25.79123430726879 2.8891796278487134 0.5271995464666034 5.2741347307361135 15.251849098113475 32.21906922062655 0.509748772739964 0.02011130882479107 0.42904363959467207
71 7.659598947692731 5.658358271477686 11.210672056649347 1.78679547529531 8.670543530497007 26.451406988042237 2.8308478099322776 0.42102848418606603 6.107691570833245 15.578012477737529 32.75999445515641 0.5089110554279732 0.036213163296821914 0.4278374901721961
72 7.084722012941493 5.646286874938331 11.305681540243176 1.7866936174170798 8.965718132745653 26.149761763748025 2.7213189992688767 0.3684101017259957 6.422270718956831 15.621368914964066 32.52448149746992 0.5086817604241893 0.03718948581633635 0.4282364483697164
187 7.372837199196744 5.775248449825867 10.808461428845582 2.241756284411018 9.665907749635416 25.613213140763545 2.69315147433463 1.0075836517480554 4.148332134668212 11.627586048875287 33.41018888752745 0.5080521117409535 0.043597539525884424 0.4272875539109922
186 7.96002971069647 5.507528342847373 11.317930037642169 2.008592929480529 9.885207757052434 25.07987653566435 2.8743759648584337 0.7832371874831912 4.091537082841362 13.86170979409397 31.31369543207377 0.5094423177520264 0.03256423582525426 0.42787050022562323
5 7.415770048088938 5.347189443309608 10.761996707310074 2.109308554868491 9.370887592466229 25.33509343918881 3.1687829241646797 0.8914233461547387 4.8470620440995775 14.05267997496959 31.559349086847796 0.5070133042298643 0.060768783555495025 0.4241407936752227
15 7.27293624583491 5.606505502781372 10.997581452211802 2.0031941109188334 9.33316621344849 26.74511835426628 2.214568944954989 1.151686102661311 4.796725769529675 12.755932178227473 33.66206569874307 0.5078242177699938 0.045483043948820814 0.42580675526073275
30 7.956578454723686 5.3821999278495145 11.113967870509107 1.8356371357732664 8.776446209838866 26.06026379214392 2.9946581510952934 0.9340485151480142 4.121207205724238 14.974631697025954 33.87148558706462 0.5093855439094479 0.035975887771049826 0.4272558066744534
40 7.334398170865408 5.726410069940189 10.863128092614739 2.170586863563856 9.723874875045484 26.108091804220898 2.274728864515027 0.5625490717501965 5.922066636345802 13.941098041900055 30.836324527955878 0.5087137174470825 0.04652989542827906 0.4266366368523148
6 7.57204603017957 5.546882635687817 10.636475392483307 2.569113711501096 10.567003524534135 24.842904982178045 2.6742265578878808 0.6326748849416467 4.590975857034534 12.255277891539807 29.99562793724784 0.5062181144039303 0.06949625438761942 0.422445851197194
7 7.64934056532738 5.519025117314514 11.351653590131223 1.8317304927719986 9.449586898799312 25.16481575796465 3.357077341329004 0.8170383301521442 5.107846263280965 14.47177177563917 30.887844684329114 0.5079405948955114 0.0538795206177336 0.42551591767473906
17 7.780062239062297 5.733323144726972 10.82469190452767 2.2247123382177585 9.745972721094203 25.558425426800202 2.6518512735261486 1.0565150439592217 5.0819460705644195 14.030579923843781 30.591908634915455 0.5066575156005693 0.06093198000529201 0.4251553213752346
32 8.074899671928916 5.5728312707815215 11.195844936013268 1.949471377316819 9.445647721968374 25.553864669989505 2.9273457683365915 0.9976460390080836 4.056240278880132 13.666787552628183 32.69221647278222 0.5095131776585166 0.027275072297104953 0.428082390167469
42 7.350965833012216 5.697657486187243 11.313082869858343 1.7765851078657222 8.966581603107471 25.74713414514153 3.0809036508719885 0.6140209279651001 5.711339121268736 15.267002096916572 32.31259235318052 0.507815472767969 0.04845909405685652 0.4267658901878934
23 7.409911921483366 5.652810196632375 11.093174097902015 2.105462637894544 9.660676833832976 25.658875956142698 2.7082423775776174 0.36955668300796807 6.487091604434816 14.418707657869012 30.769076875657237 0.5063232476361381 0.06568787381660514 0.42329559310052317
48 7.4310529791527316 5.890852169774311 11.440043427942985 1.7422335127156123 9.131553002368017 25.62129405558398 2.936708255610203 0.7002439220730085 5.628049538217942 14.780482802870923 32.68285712515928 0.5089530911144964 0.035746328555632416 0.42689306283069345
16 7.382746301679209 5.449651171800101 10.798972789560588 2.195171103797275 9.479881055351235 25.150570307212266 3.1466031538427184 0.724672014644701 5.869268288548928 14.417564951833539 30.796744842507835 0.5053640101287274 0.07134049368959858 0.4226663710421737
24 7.985484847836767 5.288584695587545 10.396619532856757 2.4673108945154234 9.611177336917905 24.96464883661972 3.0814265559300416 1.1927828446791418 4.223339218529666 13.635022837584797 31.574626200002847 0.505743451724823 0.07710796598148575 0.4219804533907261
49 8.206717039409156 5.085845278447081 10.360912078978286 2.739845614839953 10.343339887074812 24.689958737064554 2.909063123222555 1.0317376117601518 4.247536901932397 12.70680601379601 30.47518925189369 0.5065967418990058 0.05628393609895364 0.4256527428370986
53 8.071782137157989 5.572348708546584 10.88927249466092 2.052394968282635 9.244671522028854 25.393924713043376 3.340172750250141 0.9543902912249171 4.417337049263744 13.772872413431449 32.14686776682598 0.5094076117471278 0.03298616820435534 0.42717046686016336
58 7.408112667502195 5.664598107570875 10.55379317377972 2.400132926868653 9.821388917780386 25.482455525981024 3.008469237438485 0.7187922284335424 5.111165122113532 12.601770713017043 30.509437565641534 0.5084771378988426 0.04732933424724878 0.4260933973296309
31 7.348718072329875 5.837040782364384 11.061708682918217 2.0237792595012176 9.588379315757633 25.375129672064798 2.875325517397728 0.7834238990461204 5.71560527331914 13.924751587558593 31.29384854873806 0.5087280888606106 0.040372976957764796 0.42739555609881036
54 8.047371977596223 5.260369356540308 10.242363469269062 2.8041722909663447 10.180582272012966 24.55183659190136 3.1884617535172626 1.2643171096564956 4.3131759899041535 12.93024124171864 29.942991530471538 0.5041599117111879 0.08635690316323591 0.4200807241642513
59 7.51231118463158 5.442844781835506 10.69117559168345 2.2852015413729863 9.725682080697016 25.968342622920396 2.4141046412302387 0.7001343215894805 5.123915941889451 11.959650914950062 33.04406085347404 0.5079487283015458 0.04741623231565741 0.4255921066555783
63 7.630567377398161 5.330594802305196 10.753008996720428 2.13029981676147 9.181246485794484 25.661668346756798 3.039555246751318 0.6195913114629805 4.701882481052186 14.502979545946522 32.40172679733584 0.5096236951049923 0.028717704496486283 0.42792062843855017
41 7.688833098323396 5.325848646013425 10.627665851838017 2.3402062146001246 9.45161654589237 25.496065250201738 2.7980401954826215 0.7894049718714047 4.797977940727335 14.38098178225267 31.7441834876501 0.5064030544310558 0.062269998908244244 0.4248675594932326
64 7.146815009659903 5.786964052248848 11.16406256094137 2.02493119305158 9.359133135499883 25.07164352109768 3.2572972511668583 1.4967505896929798 5.489607969854783 13.823392504972523 31.255937923035628 0.5087631362750792 0.04516206955803381 0.42509173649849746
128 7.455057784232709 5.927943302233986 10.876672898403093 2.259390128077819 9.697104974549996 25.901376001876898 2.413504548545807 0.9510886823410758 5.573418089856931 12.823090528249377 31.786562060004055 0.5071102029324899 0.06018610734378691 0.4259980722415044
153 8.010468322370551 5.4243736993396485 10.78560754547184 2.2075129872456607 9.307049444446639 25.249200577905672 3.138116318573629 0.9248031950607893 4.534022475109634 14.341092733299837 32.14694771676361 0.5090008023375237 0.033850864150525524 0.42752929472579726
68 8.082456736470634 5.836359617772148 11.080650563632382 2.070766881021508 10.043164587339616 25.35356209539131 2.586722702909663 0.9965668739731045 4.242946004806998 12.558616904076347 31.26894262374067 0.5082726624126128 0.034887889237871915 0.4278919694270642
73 7.65380860654789 5.687705123795952 11.315354130375356 2.0433131833942544 10.1868114653131 24.41673489874167 3.308904815273725 0.6036079572542229 4.418444575671165 13.903599679225866 28.97994658214426 0.509179646402561 0.024123829159323595 0.42806590942258366
188 7.365815379817375 5.763092376289473 10.25022425263685 2.5760086842773506 9.72790750688215 24.9366665601505 3.0893149041027717 0.8599461332020516 5.366069095941005 12.856314843119506 30.400861448118842 0.5066811292555884 0.059956314069037446 0.4245702174264063
8 7.828308844721393 5.542228724925335 10.57180026273815 2.390134523824938 9.715427720756495 25.540065481376928 2.906064418578895 0.6643813671086902 4.474853946517776 12.815227696514098 31.686953929526698 0.5083266780544369 0.04447870790123483 0.4269637910895314
9 7.793616318506538 5.295335951553449 10.836707367430364 2.312720724950781 9.71813146547942 25.23211537967174 2.9498661102106802 0.5369629109418407 5.124338249306328 14.228239104178607 31.2038532559291 0.5081733571101832 0.044364415328388467 0.4269620488567248
10 7.783352532481339 5.639669838187382 11.483238201327671 1.8276156528503467 9.153709956537508 25.32420429629878 3.141764787673739 1.013624404429027 4.932804566512585 15.108802230406745 32.72714500080555 0.5075626818904311 0.05308772811091386 0.42621299285950265
19 7.308229564448894 5.829518679762447 11.139939200315585 1.8818771517503674 9.320079291204024 26.235475050301424 2.4865049239751515 0.6639852756328973 5.737001154622581 13.684661823804198 32.27316372374863 0.5089534192995208 0.03452021087986441 0.4272858546838845
34 7.336462213623787 5.79178787710465 10.881359868974572 2.341183801264595 10.49016287602065 24.509284085779303 3.0522702092139684 0.9982853301740591 4.405360557907047 11.032551667075646 30.748171915184546 0.5086163720633328 0.04696128721027848 0.4265052689966598
44 7.621585407281215 5.7026835326180345 10.593761071054898 2.6881894224735157 10.224017157395112 24.765842440791317 2.7876592703660235 0.6542359798826677 5.244762112120799 12.567326344978042 30.89905039349426 0.5070354811230032 0.06496266473547396 0.4234164891638624
18 7.641558993437285 5.369918563991602 10.631222786535933 2.3529572168152546 9.905477863228468 24.400481801748896 3.2922530042810285 1.1397715902605536 5.060865356620327 13.787201824964736 30.52821228060488 0.5053638165185624 0.07120573456873089 0.4235740126991109
20 8.084388798558123 5.398827330159627 10.78292919032563 2.177201527015487 9.455651285698124 25.589271767487457 2.8932729036313085 0.5258856370365271 5.926152046366616 15.166482114249723 30.714136448633997 0.5074542048514621 0.05465800547457042 0.4252933553966195
25 7.658697588358952 5.485629251962083 11.06680895132755 1.8927984691936723 8.691577435617903 26.24001878530175 2.887236395304091 0.5725982161467211 5.404102816455187 15.361117192130054 33.66825010252643 0.5092367434629087 0.03111122682394811 0.4281149934830822
50 7.494596744699819 5.848531718857638 11.025662507363142 2.0240784707090564 9.488432705308828 25.20180681105276 3.073775256919076 0.8480598016537871 4.79851374013406 13.177359521821884 32.30904148499635 0.5086194311870681 0.03965143200299698 0.4274776178582041
33 7.747257741756487 5.632923906473027 11.171506626141554 1.819056514221972 8.800769164131875 25.8874612833766 3.0755816727865897 0.7322512609306814 4.943396503426309 15.117492866546149 33.26264191613252 0.5085400945594449 0.043222507978636686 0.42658439609980064
35 8.290379604815994 5.326875000264038 10.668640381911723 2.0807367986414094 8.708196467691371 26.51619572974656 2.565212012483321 0.9003102918434146 5.854007128282647 16.127750113534297 32.82116050814465 0.5058962500430283 0.06604273078750375 0.4247058542500276
55 6.883808375921581 5.860608020402514 10.053657661157109 2.6115046603701346 9.889067073763611 25.334758949041532 2.8099549280425165 0.6309053830798568 6.337115318856716 12.657702555707605 29.669058173388205 0.5054653510704716 0.06961128270912435 0.4236075644134626
60 7.754957571983243 5.5855761541653655 10.91549536356916 2.2009932893293933 9.832448254480592 25.045033182583754 3.034475310904033 0.7412259777746226 5.184840433611697 14.007423033637656 30.515861942097786 0.5063421387173253 0.06881558977023285 0.4244258647409315
43 7.631879658749989 5.644123924706406 10.742292138953784 2.1839600062930216 9.037710794259992 25.922419559383123 2.941563522212946 0.8622565151904725 5.00103209178395 13.915063842362423 33.09238003919812 0.5083727345001344 0.04625249786556171 0.4246268422763009
45 7.580961804596241 5.8532501959050665 11.350685126324676 1.5640087582859068 8.128498018638174 27.53915360663537 2.33373995297631 0.7770256634623206 6.275169783727961 14.804517983116597 35.69089246098957 0.5094396340171213 0.036513018330089096 0.42801466406186955
65 7.885434278441952 5.621169764333081 11.079445283159219 1.9923816343842717 9.325304706277235 25.89040364402164 2.7296612868242733 0.6559893444049752 5.179118554339681 14.245378915822515 32.489439739087615 0.5091890966913719 0.028493917372238463 0.4288456617475724
129 7.625587404489677 5.566938952675515 10.814397216536324 2.2544923264732355 9.399450546887085 25.46794961818532 2.9849085451019475 1.0087203487918797 4.349852429568541 13.281985330984305 32.77429454770863 0.5077777882848089 0.047048171226792126 0.4273948701377738
130 7.8644385570867295 5.599240513900304 11.126626455252183 1.9054227419568857 9.252096719107312 26.006186436895067 2.6595995713843092 0.7355315897071939 5.168206096978336 14.421456626559994 32.81285417946474 0.5096240141081225 0.027359104836024224 0.4286578511849369
154 7.558091145940563 5.771231050323568 10.94240156979511 2.2848066692312177 10.168396059658768 24.19300456962101 3.484413032225211 1.092259055676667 4.265566641999896 12.681691505020522 29.52983928870186 0.5080685979858662 0.049229774585849866 0.4257824263733054
155 7.903587703731281 5.358642893912713 11.168950368241177 2.0465029129485663 9.6071220376333 25.671377216141934 2.7133772624850914 0.4202110672448743 5.3616880714355695 15.112690633432793 31.40383975916252 0.5102375435239654 0.017691606676984578 0.42870020773006295
69 7.396712065670581 5.594093858756493 11.196163141081389 1.8961079044101752 9.190315236849834 26.224466768609698 2.55635630426528 0.7798122406125229 4.711037639115176 13.647549576331587 33.63973131516701 0.5090283272701867 0.03128561516105318 0.4287923761630077
70 7.474212413264276 5.653161011992164 11.199989871106508 1.8475487830401258 8.933531772044768 26.293442270054076 2.7160244803098426 0.6561256837034977 5.892685078403233 14.644566569702809 33.19974219629998 0.5060732506770139 0.06366294598966513 0.42544374586860717
190 7.611923616277766 5.502785794996863 10.889822903304568 2.1157385247174068 9.425269912615066 25.45506499814789 2.98634226357566 0.960805926726333 4.6617766702259615 14.447017836881951 31.81762961677037 0.5078667913091969 0.05055469289854332 0.425713718226887
74 7.6374246549244145 5.678359663626774 10.494721442152551 2.5254775449208053 10.312469658815328 25.024046392001274 2.942802725925868 0.7483212435053223 4.788391200287149 12.299187338459163 29.40360697195948 0.5056423134755351 0.06477621469554827 0.42504864575452367
189 6.84402362497195 5.9912976615769615 10.939432735750211 1.9040377985057655 8.681324621419504 27.133559026237812 2.333463032673566 0.4969965079992732 6.808259107459354 13.200323468937233 34.231043966639696 0.5093491929226996 0.03477071831879842 0.4270651678541592
75 7.671710790353316 5.468983849909847 10.563188976738713 2.610683197011629 9.87370054375089 24.994902692601155 2.8872027778336573 0.7055899737345973 5.350948110733922 13.596642747631183 31.22748266144994 0.505198877850441 0.08050904999726771 0.42103302224121636
76 7.97030149662343 5.50134724747533 10.619866411190706 2.432750764383434 9.900098879224345 24.673635602804218 3.2013025586483015 0.7003469426239584 4.039397387072885 12.698625545326081 31.581579440486554 0.5082164325599158 0.05053880667144567 0.4257094991467469
77 7.755218756087167 5.875004628208754 10.622681748985912 2.427421361957294 9.983652896152833 24.31969110922174 3.578359197265394 0.6775474958101065 5.401764950087157 13.490751107744925 28.77775275756114 0.5079346453753321 0.053949941644736904 0.42557975534179227
78 7.583927581101941 5.705556579743803 10.678829144522291 2.30996311821911 9.555689958990861 25.322990466272184 3.1155053840427436 0.6169029181730523 5.357941436201387 13.16774839879643 31.590845558584814 0.509202564574056 0.039900658321545775 0.42681343417309586
86 7.868740782841996 5.708668658059117 10.63805304201148 2.2496619949424166 9.090760162235304 25.77143226379824 3.0715578382570485 1.112504285166493 4.672530025296969 12.963770017856236 33.23798900055499 0.5084419525527507 0.047583420927445066 0.426731745269781
88 7.378420597312945 5.655038787833934 10.851554127038293 2.1054397485374174 8.876868065228328 26.156214057829896 2.9102766063361325 0.6382070684482208 5.934619509807301 14.569304619720773 32.929630202954066 0.5085156262468427 0.04476950396797143 0.42686636277325707
79 7.927865712258699 5.557557840155476 10.707518739399198 2.274087766484312 9.697052424669986 25.288565864483814 2.962796523464337 0.7207686379421379 4.881337768418353 13.912966717357493 31.008825541489884 0.5080803475765916 0.04435509429014978 0.4273731911976996
227 7.53642309449791 5.436316762335095 10.805291924544578 2.2221126382475958 9.400705686463594 24.858830935582283 3.3583861997238627 0.5426624740084723 4.854494787292362 14.1810635349461 32.01182754556216 0.5095254890501869 0.02969628407211501 0.4276623096605556
226 7.687158482305953 5.5800864487030974 10.219461951307851 2.7824229252982207 10.351130024963988 24.795767083804833 2.7963287477784156 0.6034366695738647 5.3837382011283434 12.56461225728752 29.56887018600699 0.5069803098375909 0.06484109606499805 0.4234798958416622
87 7.6484032402529945 5.753424176718776 10.907667339162131 2.1132127893674784 9.079205738735874 25.901464830612188 2.8658863877914733 0.7717730375679096 6.12047061141079 13.947845849258742 32.66122512179363 0.5065744979345977 0.05597037072985709 0.4264077588605808
96 7.186276443180252 5.810952127480752 10.503048179639315 2.525887931407706 9.617091695165655 25.58402218545022 2.852329804797047 0.9797621824890301 5.200122477907487 11.912002304885977 31.98439531436201 0.5075864493057541 0.05511344165032024 0.42588578694908125
97 7.6334535207005505 5.544517194322355 10.907735619815243 2.0513600670437637 9.393373711710588 25.990515240905488 2.5748652402781635 0.4445264632931563 6.399881346620282 14.694365178601595 31.395058915158874 0.5075537214322585 0.04589142709220307 0.4268525401604212
89 7.004459124616857 5.6724255212221815 10.893450129320929 2.0930981351305022 9.38847378076721 26.262053347642254 2.421547066212468 0.648028455554161 5.217843420372159 12.685685515587036 33.467362973332904 0.509810393977522 0.014191171398513553 0.4287757170299891
202 7.189134740874539 5.586847738365559 10.292825511922091 2.7244143675344064 10.417739309962037 24.6297548407876 2.8212452786183255 1.0633008824629653 5.453390147066486 11.60099311977802 30.0624919607673 0.5059628894659509 0.06646540609106567 0.4252221457888976
201 8.087763396149453 5.468319055373321 10.740482135868428 2.345071340771584 9.902219663829472 24.654269786344926 3.414339326867903 1.3088735196953054 4.148391773175262 13.646235151311725 29.6397210135437 0.5074738864255716 0.052698066120228856 0.4262138152106944
101 7.595736110670509 5.645470412371119 10.824954112758135 2.0172985709020264 8.319531843921533 27.219793330324393 2.5277375544092378 1.0171872695188797 5.184721414206196 13.422815614047028 35.89388324389274 0.5096358822793176 0.029364597956647722 0.4273192740311109
102 7.14413532901586 5.857929327232289 10.80693687439211 2.2108444930169497 9.112295612920741 25.698726907279436 2.9152391093811123 0.7072104138027745 5.4584588945345045 12.994188221436042 33.686449759339745 0.5077643912062911 0.04823000621829082 0.42700737398684274
103 7.574683206647257 5.877556456979112 11.09014552708282 1.9750690886376945 9.113285091138305 26.163924098859585 2.7875378791507783 0.9707440679568572 5.28498189026269 12.972257296344257 33.2544599703142 0.5085365247962278 0.04153948770238685 0.42691903704498096
111 7.852100937876321 5.396667456566308 10.598990399166123 2.1894838637825482 9.029655922024457 25.069125870858052 3.65268485962862 0.8113991852058632 6.066240796767735 15.516414135683226 30.403092963358482 0.5037209804571563 0.08532710281535309 0.4209779470908831
113 8.152777072046979 5.365992109477208 10.854255811225716 2.2975760092725417 9.491451623042424 25.302481748703038 2.933551903626038 0.6873131174470193 5.147254317572999 15.261976769824507 31.452248308973694 0.5083817211514732 0.040239858090111706 0.42734203832885065
104 7.36758915670902 5.642111161677595 10.95838555557628 2.179418027398488 9.860667266177705 25.385259598726584 2.820528577788603 0.6691799459140917 4.515206827314045 12.658264071841652 31.84137640157325 0.5084818601508723 0.04099121968747777 0.42698044325230383
112 7.2253514820698115 5.602538486115764 10.294080108972619 2.5847024399357683 9.700254532696837 24.985491311986568 3.011070796791154 0.7209493644472241 5.887331938907507 12.991906747143709 30.88920486093116 0.5054779999677356 0.07323233336156476 0.42447274723831185
121 7.988145390779985 5.463527522847052 10.361473617558065 2.5884395791654793 9.671430488851305 25.46514943744967 2.9012967447276825 0.9074330802775777 4.360566016029687 12.280780271223401 31.90897814107783 0.5064621490723676 0.06425340204948397 0.4246411710218521
122 7.572778949549704 5.653649608890543 11.344823934552052 1.6764657429632401 8.614978919557315 26.63884218761643 2.638109535650457 0.8052748519518742 5.639292385215029 14.91393527106577 34.110559540249625 0.5090877907333882 0.0312912121071099 0.4282362541472852
114 7.63214233228084 5.346693756968607 11.000014910897278 2.1922239228282088 10.155962584513851 24.168964081538608 3.528114536925603 0.7337161509427764 4.172873829034257 13.755491148879882 29.85728760139245 0.5077982281539677 0.04710238959896413 0.42724611650237315
80 7.3137988538227425 5.733314206800433 10.607702167971576 2.519985951862031 9.880878050917506 24.82679688421489 3.137600143085661 0.6234975849651566 5.4908407631122715 12.797718161960155 30.492788678770438 0.5062148731548884 0.0659170639110189 0.42446465031125236
90 7.300314069112899 5.266481003146279 10.594318457149901 2.359779619681672 9.819865818423771 25.80583988492659 2.4737255161692184 1.0480173288277772 5.735645820140936 12.775932501608755 31.74568710151854 0.5076028966386058 0.04908274632730823 0.42567910666423425
228 7.515672088804396 5.8201660496350875 10.924513616218878 2.2148877559205555 9.842190358471447 25.245802046554598 2.8481562346885525 0.7846978669206658 4.819674884372135 12.217993912952311 31.92664580022217 0.509072501981048 0.036460067246239555 0.4276205250688748
81 7.61117978952232 5.638036645011378 11.268210159842774 1.8867250500885222 9.2761573096006 25.465702401173196 3.1217700085641833 0.7406489643363049 4.601880637975551 14.356194330364406 32.481028054473946 0.5078442289271798 0.044203099345040464 0.4274788551404537
82 7.716747429923858 5.677902368344538 10.390778517602268 2.342023305145503 9.890904362353291 24.991864918750263 3.120265697681177 0.3572309215229268 5.894823933378377 14.227053564646253 28.870709195405343 0.50819935997023 0.050826931792797445 0.42560300216731156
92 7.08447321161853 5.3339414077978855 10.19057815473332 2.7234392597628436 10.103593051269923 24.898860981342853 2.9187863875370423 1.4770146682001588 5.115855734996713 12.643335458158056 29.280042962184268 0.5042220344203737 0.0790270373014175 0.4217515717932505
98 8.185040776971345 5.263720826967637 11.20511736452097 1.8874172108968286 9.072953003053478 26.035100968544686 2.7505455342001706 0.6384145506426777 4.910762315751922 15.438472506788417 32.955736652422196 0.5095863826616475 0.02300737512130636 0.42744172797240326
203 7.406675260351033 5.775340420195625 10.69956662699755 2.4615583693062044 10.421415587479425 24.172241401578606 3.2613067473733657 0.592650636570875 5.494930698760471 12.166413610766796 29.165632841854652 0.5068818535648355 0.05796112875101534 0.42525323170549917
91 7.356227852814745 5.742892897766046 10.693827318887646 2.3886199561723958 10.382978235640122 24.595453547315156 2.9534637525452854 0.7808112954976332 4.120926316428419 11.826254625888058 30.47365937623077 0.508579123725654 0.029589002947152693 0.4278161185681178
99 7.612418251531208 5.387068807712384 10.553193252783776 2.5574573929072177 9.792069388776836 25.539249547045657 2.749676565670998 0.8009055315476388 5.4150825420573305 13.54771444462043 30.422617164770486 0.5037868255699615 0.07969390169280978 0.42069144493941424
105 7.508533431383655 5.69405096447346 10.538990839570358 2.3305249289308714 9.625238658084285 25.987247901940187 2.4758841834911345 0.6220070160965422 6.055012508951108 13.170186501576994 31.38427020056784 0.5090797710455796 0.039063174439202805 0.42730653064648066
115 7.703421156654346 5.328198263061938 11.316407164457363 1.8199771448838824 9.46776761428074 25.005218746871783 3.366458450153551 1.1544044171744037 3.769773534006619 14.829818988557466 31.349013007139316 0.509375175917578 0.03299594240011518 0.4274315103694312
106 7.348985115266341 5.6725072441676065 10.906391890938961 2.4656286969855064 10.595861399041311 24.80338158552388 2.6870510801478655 0.8327633057701752 4.536948243764235 12.055353591400491 29.765049857902916 0.5078104263814512 0.05163357211387114 0.42495825123553316
107 7.5634467836026165 5.7448525447408825 10.708016056683205 2.114322983831332 9.11382403585783 27.0094695925116 2.2044934745311027 0.7638439698108362 5.7764735145560255 13.002241809768472 33.308699885014576 0.508629126839876 0.030139762645538994 0.42773422410115114
117 8.201944677321835 4.955024530990443 11.051504188623007 2.129658141791812 9.6864464881013 25.30189531346962 3.0168824162717476 0.633555179812312 3.9892847598566235 15.080421787648179 31.18955883250083 0.5087895638832342 0.047287556063051184 0.42541177932361324
123 7.998091618239151 5.6035172236653885 10.872133917878402 2.018413747375037 9.160862347957737 26.591917040079853 2.3616442448244235 0.8336269720698147 5.0552198083664655 14.38305415316885 32.657610486886774 0.509489739495131 0.03532475346215068 0.42759251722092306
116 7.420577326199306 5.764714935243044 10.690079306374432 2.6377794488053223 11.327945367502213 23.589667235158153 3.3197965661347055 0.8471712051622108 3.5427625244932903 10.754333885323515 27.21824163270805 0.5084434600314232 0.04199716043828969 0.42699611569627394
124 7.370301326712775 5.903318671317788 10.981460236532195 1.8238323126437355 8.830833217386665 25.873176315598972 3.070855273381622 1.4523990366312605 4.7862843354975 14.51131982044017 32.364583203852284 0.5077955417039068 0.05386154690835578 0.425204822281122
229 7.516814550542513 5.588718807745927 10.885242318009961 2.273278194840007 9.801402431266762 25.084153056026217 2.914885041472672 0.5439796127835448 5.048579893963643 13.746474223337437 31.387518318124588 0.5092390443075444 0.03912274653560134 0.4260833304925285
230 7.365737950554049 5.812049955344898 11.155887652528154 1.9407176139637976 9.393511436952222 25.832235751698402 2.6723333903397823 0.6484373966053133 5.886821300169286 13.253927695342458 32.83574256002378 0.5089857022361477 0.042853651649630946 0.42652335076439857
83 7.033655732378911 5.5962797810513205 10.839164132451758 2.2365480996641782 9.89239095609329 25.198866126951625 2.8953046048874103 0.33025334893056885 5.680724081476066 13.913051546446246 30.092620237076133 0.508698750609339 0.03190568906473039 0.42747001298601633
84 7.812053670054555 5.353345609905882 11.113086667551649 1.9271063251721476 9.163552562263536 25.533224078331777 3.204189820179155 0.7784993837801085 4.835945603795761 15.09037335910454 31.88484994135523 0.509578373706554 0.02510851255328631 0.4280772578330958
85 7.732427554427632 5.714695241680538 11.017618374406638 2.220027267272314 10.402307148127669 24.217450339011222 3.1985622968020473 0.4912388382801211 5.032409864224719 13.069618714589389 29.39114125332946 0.5086958002289096 0.0337430445563324 0.42777089511658095
94 7.719429662414952 5.198636925205279 10.725585632192841 2.188793629698274 9.143289582744568 25.734814487115703 2.908468519976587 1.017579935709902 4.530631920788565 14.46752868000699 32.92627748739162 0.5075769765294738 0.06081541533962927 0.4232042496802234
205 7.97978429063777 5.182558442779985 10.665029087611634 2.3340363273354092 9.658429826538724 24.515390664280115 3.620035813539316 1.0459961490516643 4.141179947055296 14.397242791609026 30.21755912332667 0.506251595234114 0.06591484645989426 0.4244937395135561
204 7.2314478141278915 5.692983573961448 10.118808497018886 2.74568097156907 10.246165814247577 24.531220045319422 3.1254596602728064 0.7365538106274532 5.596242765436087 13.332921499921081 28.213018016913942 0.5043837828588612 0.07634617096382068 0.42308856668681105
93 6.962795577399987 5.748086943713281 10.887086682350022 2.2158332992720475 10.015958709519806 24.930062720764614 3.1359636324573756 1.0199009556662753 3.9363494511957353 11.597993953069592 31.073674431820066 0.5089435338953773 0.038415786056354206 0.4271247887282617
95 7.851245712417501 5.592833896568023 10.62649624157854 2.5450037539762054 10.014066443329352 24.70252383738029 3.1107588346129456 0.9937860109773216 4.016819579766032 12.166685343467202 31.554117243386404 0.5083039490896725 0.04484992615494567 0.4264619952507247
100 7.68968352451205 5.317158453675205 10.943257207223796 2.0945821642062987 9.702417478922424 25.128113642298526 3.0533374984660444 0.6898241606627924 5.252304988358004 14.380459472286022 30.58067972228614 0.506374627629085 0.06570541537574812 0.424193890130027
108 6.868934348330884 5.952292195353505 10.98124729655347 1.9863373319853521 9.635845080357642 25.387700115965277 2.9753907621763083 0.7425383538955179 5.6290023429475395 12.822712226608495 30.979028415422416 0.5073305616720001 0.052885413667045696 0.4258294134760164
109 7.348343187145508 5.551107748070989 10.936729306581421 2.099831777460177 8.964929154869981 26.35078667458998 2.559544774294684 0.7778856394321081 5.107659430325477 13.989414296256871 33.93632472137439 0.5069069418843206 0.06505553089566801 0.4229856742568044
110 7.308633721079268 5.705105916880606 10.568229756697315 2.3703439018068972 9.559251524403141 26.146669025543403 2.3838949877027766 0.6536735193006853 5.3289682800013 12.657983858351816 32.44749763097867 0.508602188260715 0.04265018560735446 0.4271917721950229
119 7.610779091853215 5.506550611694015 10.826952400965167 2.0820639794773186 9.658342357795627 25.147718907016422 2.959415944323041 0.9233176619180181 5.767752231468144 15.33764886587793 29.778759245347405 0.5049531445864192 0.07681899910059238 0.42160893862252624
118 7.484634552694755 5.527967768866153 10.781053382334363 2.5333493797631244 10.929446584126882 24.178399810016277 3.0042367869236206 0.5833206849834106 4.283593364565381 11.544273754649922 29.304302306181313 0.5092143776512991 0.029802604624145322 0.428006008507965
120 7.317644818854376 5.682173177489065 10.328938940350973 2.472889426176192 9.51335427395999 25.129249922488263 3.275477519607378 0.7644540536038916 5.234495531027334 12.94585795106353 31.299274799997686 0.5056581286505423 0.07300645267091366 0.42309767852073504
125 7.7056575010265 5.495175371991673 10.99493059486179 1.9760281093704857 9.163657372043557 26.366108900443972 2.6206197086125167 0.6059078139396161 5.281824653471809 14.319757730728902 32.66872713253004 0.5087362858386352 0.03424087552923026 0.42769419802997266
131 7.7959947858307785 5.654368648567074 11.20292755144793 1.953374455288754 9.482939261493806 25.964425978363092 2.6172698177884817 0.6296956072877764 5.4435994604125755 13.774679078575616 32.289929382080246 0.5086177844998866 0.033457545737249864 0.4268707947169667
132 7.925831112099863 5.306406280267703 10.654325589379827 2.538603437990009 10.151935118561143 24.237669730775888 3.130519827005138 0.8253744696209341 4.691184641162959 14.481076152399188 29.771611940804856 0.5055668223967809 0.0674309067392507 0.42402804845381337
133 7.634523124412935 5.392234695881578 10.532279052997286 2.3174532249852375 9.497213894156802 25.434488486630485 3.0251634540325534 0.7332186309133946 4.595198835610543 13.379051261202259 31.71779577055893 0.5083073643639087 0.045556676452566475 0.4274354810893652
156 7.134487478753822 5.531543206294356 10.989189356500814 2.1702904592344052 9.923498930020402 25.2283848857186 2.7744946325769084 0.8114261506009135 5.247569289136452 13.568717646785036 30.954208883529592 0.5078944759718509 0.052871245666904355 0.425752635657043
158 7.356927281811856 5.568868466251887 10.442401389577501 2.3351247552574947 9.816910482941728 24.754439670414385 3.336145882888695 0.8740116619212644 4.820557566328959 13.562405174048017 29.807974060316255 0.5040564483961815 0.08137113007995328 0.4226703316221006
134 7.887536966870088 5.600449348288962 11.24445170050387 1.8481211781423181 9.0596362767903 25.459685167198245 3.2215131905211667 0.9157591490097 4.53778791418474 14.848168298854995 32.22069878248083 0.5095414843516602 0.02801123504707132 0.4283804103809519
141 7.3003319151279875 5.792555587973399 10.564328683355775 2.415282691149601 9.78751330514676 25.031714268118353 3.2802599320050274 0.9585932254393549 4.612431401900994 12.399229428997128 30.462180708539325 0.5078822098489766 0.05396946587377431 0.4245396384567126
142 7.317214583561029 5.941390631535829 11.047665434934316 1.8806171196764316 8.797425313188015 26.57603989377948 2.5034848141639303 1.1929810187294447 5.332223418490578 13.292918296940515 34.39372357062967 0.5074770147113206 0.04513740796195807 0.4261339945960923
143 7.301598169317524 5.997870592844074 11.103733820129426 2.0608656940534633 9.744275914862166 25.18815685942875 3.1080049475074776 1.03076696015923 4.761468986919086 11.630096265070407 31.757328766378933 0.5066924731775405 0.055449256370934966 0.4258353937171993
166 7.518271402612643 5.596918187026347 10.766359629380421 2.532815904732786 10.76558534099765 23.71185089274837 3.4466468124182557 0.8431731643365249 3.6271811645532566 11.89695212923675 29.224856691464577 0.5081746650658564 0.04547045328364068 0.42494912995925066
168 7.366981696766178 5.781137177895575 10.915148655431404 2.146927407263732 9.893806459809062 25.71426090633768 2.547674695911393 0.5116514944271869 5.727452265304779 12.329779651433892 31.603165211656904 0.5089944363467199 0.03634477868982079 0.42782689166211696
144 7.776737164259082 5.453911472374203 10.75098369165945 2.170895422932787 9.123399768396986 25.785396098144975 2.88326132717564 0.503067463592142 5.170747077657929 14.641538643852556 32.658507633739575 0.5081789545519845 0.04508789227130821 0.42703270392026355
157 7.6548707263629145 5.476263151819993 11.386738708790674 1.7008134865980158 8.903840476480141 26.796847573349304 2.323006523168188 0.5549063818104357 5.340236350932939 14.957323214210588 34.05407419199375 0.5094286004367031 0.03838605808148742 0.427227168939368
176 7.6982849639872 5.285184863522781 10.897544217653946 2.303703683606671 10.348440735632904 24.463422402932984 3.053006607509751 0.9241885380257541 2.9488414321564567 12.161652511417367 31.606378484532797 0.5098508335086105 0.021410214456063125 0.4285144349338983
177 7.496183182190796 5.820385861124894 11.062776782240807 2.066660055446619 9.74662710343067 25.056573938049134 3.141743277692075 0.6894337972077463 5.2725716566283625 13.741726074478743 30.672981314037628 0.5091483365498712 0.04010965651225942 0.4269215116697981
169 7.66082354712862 5.858986494847845 10.93649369145737 2.1904710942767913 9.600929877493733 25.31153508967643 2.9531809232428787 0.9394491631463444 4.733171569479336 13.110983272519514 32.023740230621144 0.5077444910012001 0.05122078972717732 0.42607474864399975
159 7.87296916954148 5.522460982658883 10.780827381945048 2.1272054816989807 8.8750627504859 26.476305200718773 2.5677859957369313 0.9280285520623602 5.137986734374502 14.250301037156989 33.735105795178335 0.5094595370389321 0.029593140122468834 0.42798721057489425
182 7.663215173531049 5.860066173813592 10.790935837922282 2.2332163413754165 9.846751038181736 25.888229325830558 2.463484161463541 0.6714665675853297 5.1264398313621795 12.029362151554858 32.13902793405674 0.5098308305418372 0.020261356432061544 0.4281015852967794
181 7.52931725828138 5.5035689364641955 10.270640141385613 2.7605567685534633 10.737479052534757 24.054555358247423 3.3090061758734985 0.9561360032246184 3.2909676227640343 11.188513114958202 29.184943613917678 0.5067610064061666 0.06642169530650643 0.42451036946762166
167 7.563090246118566 5.6311790291936035 10.9584703060363 1.832946305090961 8.763739757083853 26.33351553260083 2.8353480111794367 0.8479529059642132 5.726690943945597 15.669755912672906 31.877280832872255 0.5065200851684067 0.06271491538705905 0.4252853462190745
191 7.727008015822454 5.783217823161113 11.526427008926348 1.8679546444895836 9.847880975943337 25.416767560499743 2.615832255245351 0.7822334755293728 4.8880429890126615 13.867414867811155 31.584618949791434 0.5092749707067435 0.033229695185201115 0.4279431677152343
192 7.592945984296676 5.7754766083424816 10.880366060446748 2.1425843430823055 9.475820618133609 25.563938122300893 2.848324855827152 0.8028216032425601 5.545352627620664 13.519348631105164 31.75382134635768 0.5076628355943525 0.053522489897098395 0.42566119757021376
196 7.808943075051855 5.627330363314183 11.324280140829858 1.7530835284298312 8.709452630717276 26.396609343664167 2.774017023050777 0.7656451440275409 5.012819681233254 14.941883478765371 34.0427087964592 0.5096360153493372 0.024767354293491806 0.42814910403153905
197 7.679076918632588 5.679987146530651 11.203192154874728 1.8496107323629756 8.673183180041626 26.02894035403026 3.009178286294761 0.6498745806933772 5.314973958414467 14.862125785972346 34.03892006638789 0.5098101734194398 0.023182746529496714 0.4282467651910379
135 7.508541001870394 5.772971245585329 10.882977185651399 2.1663027812176967 9.51653387629111 25.503186098638043 2.754482495645822 0.6330919324156874 5.636336405975199 13.66314027998862 31.811675218173555 0.5086641361548193 0.048197249363165676 0.4253525145250516
160 7.248901332140116 5.791830683088549 10.523054444519962 2.383834455623373 9.214317930571081 26.05623726839273 2.621357286684764 0.55004958295498 5.60244209340765 13.181422264959684 32.903101789094286 0.508223106197428 0.04934067515614989 0.4261046520253597
184 7.393724393606354 5.804763149480316 11.168940646237228 1.7505640334058 8.249353883650208 27.124541434098884 2.5835120822872915 0.4799951101360257 6.488913468140698 14.979403416044411 34.84676376068013 0.5098182003198991 0.02701233581266882 0.4282154818246423
136 7.703554874047978 5.91621782350069 11.251041359319142 1.7287367417522153 8.698825365212562 26.56459590930413 2.715164274881027 0.24594339289268255 7.362951183080087 16.046238302576484 32.13791046375851 0.5095933247604435 0.02789111601630431 0.4280607325975738
137 7.817834258484944 5.653734482798895 11.12158998714901 1.8879824395742664 9.019271790266437 25.673525946201522 3.1096489744530484 0.4535950998649186 5.660656152282349 15.402163156012007 32.06479120551788 0.5095887988064138 0.03126336393075913 0.4277779880166804
162 7.441542162006004 5.813747133967972 11.079738550443126 1.952940981025618 8.952954510406137 25.690136818264488 3.039353652150303 0.821246791447183 5.09218944328708 13.48109909100436 33.907969125149194 0.5087861195948089 0.038762697674708725 0.4275715824358038
171 7.36599064536112 5.938408837872999 10.96599418037165 2.0286103731329823 9.300099403097276 26.27977576747484 2.5336495093668248 0.31222355615460745 6.852665585967629 13.631842875091849 32.25265570310767 0.5088206486760212 0.0379795556414027 0.42749248193599126
145 7.269381027686838 5.527510204259971 10.379093982597528 2.6126362650362314 9.550650920538585 25.399921340637412 2.7770439610855253 1.0847605772523599 5.372126114044988 12.603980487641794 32.29976262936565 0.5060466560100381 0.07045307605840977 0.4231960958522505
170 7.6042743385356175 5.798800912318772 10.985427987653166 2.031392666431462 9.174396583352078 25.391119896966373 3.2812896905117777 0.6882490412857992 5.485638646697598 14.329552202360365 31.877473539321358 0.5084501776104842 0.04122248359685131 0.42729272325472734
146 7.408432437807434 5.789853070078617 10.575436962573738 2.263298314714268 9.477583308955952 26.236021099158766 2.4465063357032397 1.0011329665289537 5.019558716202406 12.026873367895188 32.90289486035611 0.509159662195403 0.0372067150502628 0.42705686530745435
147 7.854816818505177 5.64089222002975 10.787892869338851 2.277776924207702 9.610360587522042 25.631031282412142 2.6992136124418242 0.5463409008516125 4.938038453763845 13.15351569130411 32.33838062640877 0.5092707339897086 0.03879953292599278 0.42680218485255406
172 7.780108066557931 5.825453819774714 11.195175002131425 1.8220837290525036 8.756877453392972 26.194559782596706 2.8910603841867832 0.503009421479569 6.060302058828206 15.0892907878768 33.12294159035752 0.5102312136749416 0.014533228507050688 0.42892050148484945
183 7.565313825490138 5.81222109451627 10.922240074503533 2.076041217803968 9.230062405240222 25.658502554684105 3.142634540151314 0.6694489251662421 5.400853140026422 13.780661864786412 31.598858916179047 0.5092295690314317 0.03558936277185815 0.4274079787128775
178 7.448829272012373 5.830648823792783 11.051048735251392 1.914246073204037 8.930273598841408 25.61712883944109 3.2831940487133875 0.7455252923923865 4.948578061442949 13.837814590010824 32.782101674537714 0.509333768611905 0.02966772763520373 0.42794035451837115
161 7.609121864016194 5.914293196508268 10.96738912472062 1.879475661869906 8.438247776221543 26.840603003198897 2.6307683656512113 0.6604400087825139 6.416449728044493 14.770485741601917 33.86051744713541 0.5087935726856752 0.04378755040889342 0.4266211455036812
179 7.938558144469666 5.83245558533753 10.873782938430569 2.0938347579885344 9.505163150834628 25.890862024347914 2.700145968775399 0.35405584737874357 6.22803385042979 14.096263537413266 31.036454563199595 0.5088808107035251 0.03034648137049192 0.42759638063552863
193 7.828178943120125 5.575263647205875 10.49668805160278 2.4343504271441048 9.548394813909246 24.652274219321477 3.5792290249748357 0.6796941325905763 4.9718163932587105 14.157764892343481 30.140232407313015 0.5067717488471286 0.06651768970758143 0.4231853160877351
198 7.643964107604355 5.701144193093938 10.96906594421156 1.978832420172438 8.697259151344884 25.88381778134775 3.08604752020855 0.6110798664996722 5.163336595313378 14.711497704501763 33.76828893066063 0.5095429927018872 0.03192807968361692 0.42820304705575707
185 7.433759937811817 5.843139891548092 11.00208114866314 2.13083813667258 9.884598570200097 25.421129694801106 2.8114123749879343 0.7553499652935357 5.233768218842242 12.850851648452863 31.059420886873117 0.5076727674872503 0.051051985477048034 0.4262212749735563
175 8.430669094999562 5.155695120601857 11.216575371088885 1.7105390139445358 8.487238644785588 27.081824222490514 2.3736860139356804 0.7645449144686469 4.507424241670354 15.864162650463527 34.981177621833936 0.5087225811430917 0.038816642216310156 0.42770526447593604
173 8.013869090060771 5.5841789846446535 11.092765758146118 1.8886368286072108 9.166753997952497 26.012224094901693 2.776252212011541 0.7940380873616119 5.033326145326408 14.434937827570556 32.59826630835082 0.5087216863326607 0.040453687359064384 0.4275888842878183
138 7.742027797965823 5.595805116136583 11.258482272183508 1.8343229899850315 8.990536559620123 25.95638698008727 2.890602524350178 0.6333271290583395 5.380848040908126 15.064158396670866 32.92583836603865 0.5097831656159002 0.02550214137388831 0.428551766724251
139 7.710368255245294 5.74334805201019 11.198133401657294 1.9750232677204802 9.862533047442351 25.647679627833384 2.623532737866246 0.2855608198382401 6.009629291302108 14.453705219541472 30.21907196095763 0.5093878520607427 0.03286519997999121 0.4282897124260194
140 7.660046467707199 5.527496715419177 11.269364120533341 1.8327255418966124 9.251687757557107 26.012262414112005 2.7832694795908544 0.8126272393925409 5.2315148622995995 14.860205807870926 31.612064592137216 0.5090783506965167 0.03946238942097327 0.4267793367632588
164 7.415106831798368 5.790185460139158 10.965742482265647 2.17332182988203 9.837245495555292 25.786694557205777 2.619831083804852 0.9173653254640404 4.815823899369445 12.264534544774373 32.09902836590657 0.5092990266062268 0.03475080430375994 0.42680649365201423
148 7.552838041696245 5.804855799694855 11.26123008401953 1.806994979530531 8.994887714649817 25.74558891849164 3.0194892890669434 1.0021231890941509 4.517428354119043 13.700621409314966 33.88526259678842 0.5096584747823386 0.03268537798381006 0.42761332568931415
149 7.299660685424023 5.676421236178715 11.071211729438597 1.9259015785963056 8.939973941474651 26.004800321466416 3.047594377582006 0.9298691216648648 4.3685542740862 13.409314295586526 33.844643004621005 0.5092731837213842 0.03378332739904992 0.4271285010266435
150 7.853727553178873 5.583094041912984 11.416230762228139 1.8221891118213487 9.340448350260727 25.954009622380163 2.6447330684963273 0.6669956912414403 4.936432361888665 14.635871435772156 32.53301075983681 0.509344317166589 0.026033761736856478 0.4280622597815616
174 7.567012627252631 5.564472146037403 10.303925528744006 2.7244670293245012 10.761844860749514 24.198789388649647 3.014476212364095 0.6798237520945691 4.2490492490961485 11.528180964036197 29.386850345900992 0.5082681178238438 0.053616903123025625 0.425470351776862
163 7.754270557888276 5.633099955605209 10.794435601389543 2.1001926087680234 8.902232681146598 26.403477869580424 2.6414813970759097 0.6069509971553324 5.946101733534549 14.634930820247847 32.936102856499396 0.508425015233376 0.04682522101253805 0.4264094475161394
165 7.290574201123271 5.8592444001651085 11.445982070020708 1.6267310462998195 9.286474435531577 26.492013401836815 2.3810975413953956 1.2007813575010313 5.023118334376714 13.630472741752772 32.880781192483184 0.5086258745618752 0.041301954373281866 0.42761759964216045
180 7.874644719853037 5.5214862664273765 10.98168950286429 2.09797451552573 9.742605700379029 25.2197257899188 2.9452890616493814 0.7707036170718945 4.391787453199086 13.966545168507277 30.95566827926969 0.5095052137264907 0.029434983449175858 0.42823102381566447
194 7.305085591110928 5.685055950192856 10.823447305662736 2.1455529526524826 9.135740108887923 25.914348101129566 2.864362894427022 0.86865780847312 5.548662497477538 13.678246632604612 32.67083546299157 0.5064971075767302 0.0631596130467448 0.4249911655435501
195 7.684504097673374 5.546375815821516 10.912945072918536 2.254911906520609 10.173221189822941 25.93099109066058 2.221210242283417 0.7960183657702655 4.285943802418948 11.843150213770308 32.17684114523625 0.5086433955669623 0.047478030532782226 0.426069026064793
199 7.508580121432678 5.483961165421043 10.935339665171673 2.121409019748494 9.280090649003988 25.63933891061597 2.868252136800123 0.7926470458064224 5.028638112868455 14.063544927515343 32.62829039297168 0.5082351898011108 0.04535506610994629 0.42705272030525393
200 7.571756290925467 5.66204176513765 10.849014300432573 2.0331685034470484 9.452929641423859 25.369108109624882 2.974890871555629 0.7008844653336487 5.582027751190461 14.916748520152316 30.492931422090614 0.5067895812150941 0.058629615761665275 0.4257570095856581
206 7.117269902131828 5.806757044855453 10.757059283129543 2.3046787931990553 10.008167352202914 25.583799659423974 2.6242525503054512 1.042531991496505 4.608861129907365 11.532845666661636 31.895227358750805 0.5086814414758455 0.04800197169364618 0.42624129820303414
207 7.252242227462706 5.6018765516220235 10.978759398015445 2.0260643635283624 9.015477756388263 26.014497377483565 2.7965338435117864 0.4111606310689731 6.034984024394459 15.219113870005453 32.337379206001074 0.5091822023441858 0.03593420281344609 0.4276780262616876
208 7.728532047187933 5.491370162909962 10.291297910459384 2.4322885828595293 9.85504767408358 25.683115351112974 2.7843828007840976 0.8389855482797505 5.276308204500533 12.834410790373731 30.26744966313013 0.5048183099022311 0.07489694144215943 0.42281458259190213
209 6.700239797614499 5.96753029450832 11.23187340998462 1.8035826670221262 8.842587348436568 26.326254275126516 2.794371152529618 0.46074458276998775 6.851376966456339 13.984012637127302 32.993464376439995 0.5086217431666651 0.04135444621625079 0.42699373954075237
244 7.522718829322681 5.668425543073259 11.155599647888895 1.960922286562427 9.029645197536952 24.882346396629192 3.699630970384344 0.7783966162570479 5.188678265683205 14.985869472145787 31.382156557606915 0.5079726208268429 0.04917790164633196 0.42675184339975725
243 7.575861586294927 5.266373399127066 9.936645580949255 2.6370060060454623 9.272066049110865 25.52759421171398 2.946807475202682 1.0590277486533497 5.439213859039541 14.082664302929834 31.208671267055987 0.5062978287452589 0.0663133672019072 0.4238314703737834
242 7.705981647492012 5.782551163639564 10.428376561159947 2.6644714972272348 10.265088939197812 24.711753588987186 3.0817929027397595 0.6736151609778136 5.137023708198361 12.217125795843016 29.47432207577032 0.5073703820802811 0.05316626409712618 0.42609824532473606
234 7.900691555610034 5.700546471200282 10.648062869528424 2.3862164772342696 9.871415367276443 24.999348535191725 3.0108382911988474 0.8457685599819073 4.536920498422083 13.121613556229146 30.87220875410578 0.5071990298319125 0.04758460021997012 0.42664057846745734
241 8.04902941964812 5.170614141892593 10.941669328346627 2.1774923499443046 9.216379929216712 25.17383406999021 3.24681762551339 0.797011039575314 4.693597337614538 15.392849413947438 32.2535753613664 0.5079015884310094 0.051655565160053186 0.4263639960556493
216 7.67415622212769 5.784881427492055 11.084498271336132 1.8377151470369604 9.375207151070285 25.282435295536477 3.2507713349220464 0.8622836189410357 4.969072163750912 14.39945552455808 31.29503730857401 0.5073665540412587 0.061049389468226606 0.42491490497137013
217 7.623268399562884 5.768970031424724 10.777604720903957 2.328333486301603 9.68637366434685 25.18202478426657 2.874372771885534 0.8577777821714344 4.766989287759229 13.05972276210185 31.956829544436204 0.5090995773094303 0.03530802438481543 0.42783471740849677
218 7.769319869614953 5.362151045977637 11.005081446792797 1.9173042032921743 8.805735550349867 26.31652150934915 2.7693016940374533 0.5219329613485524 6.24168622696246 15.892149465965215 32.610824450775134 0.5087774262470125 0.041419620231181654 0.42669011689037434
233 7.54122508738987 5.564617898323957 10.948419673060693 1.8799190861253119 8.414027035850562 26.324011463583865 3.1243093208769683 1.0036026349505958 5.170316145089813 15.416193794077383 33.53071318192181 0.5082845295495667 0.04467526627512713 0.4268346317212026
219 7.519756714662249 5.649134269843064 10.801813986185575 2.125194291014772 8.788667758352176 26.908586529605035 2.3595632527311268 0.5188395812307746 6.0480143499102414 13.978718397763805 34.14982855205209 0.5082973805309582 0.04463903246645461 0.4273598486981061
232 7.60485242875599 5.721285331004187 10.994769405802836 2.1077699100837104 9.547133117777811 25.610030358695855 2.760146696940636 0.7543439975704724 4.893421744522075 13.073150210098037 32.53072851221404 0.5081270253893767 0.04359205188334874 0.4266505999875943
231 7.5466382035268085 5.7246957834365855 10.927478902285301 2.0846028775223227 9.487596187092615 25.18185942894994 3.0697657237254137 0.7359909024126567 5.349729291789622 14.180189070124902 31.420022431267295 0.5088265741300344 0.03325755364794967 0.42781505720648605
236 7.669364797680876 5.766542024597628 11.165964387425575 1.8122506356117483 8.236490923670146 26.2003755761678 3.155576802403426 0.8719949340440416 5.08500062426489 15.024522437149304 35.239085673631465 0.5094599698990381 0.02680637096011259 0.4284051074247024
237 7.64283394156468 5.513302234795897 10.626750465824541 2.1231184865767796 8.651289713727655 26.616621284425825 2.6149354183498983 0.7318643231618555 5.722022425254395 14.463184084282133 34.15993073113602 0.5088081727098602 0.031452927291147605 0.42813564176566277
247 7.442194455361134 5.728436457155001 10.766308165505778 2.242062518982304 9.53791513936598 25.208061764484686 3.052061901895202 0.6374677476368652 5.7044701376791735 12.89048400542707 32.021966066553674 0.5082364514266853 0.05228073442271452 0.42611707041188335
210 8.22245029732307 5.562964956650855 10.903505591683333 1.9432616038113597 8.787085840746355 26.471684685543018 2.7388278931879486 1.079805740262345 5.069555718927795 14.39224611483078 33.6029102607136 0.5075085413542714 0.05259052950393007 0.42659992508788486
246 7.904058678846532 5.688334211463386 11.186406969572431 1.9840448476414714 9.147238389741794 25.378737525739815 3.2366143792618027 0.6647779855364061 4.964858969204197 14.662542174964681 32.16078960764021 0.50845661349299 0.041711560335015926 0.4269812465403494
245 7.659325282514553 5.71238201714063 10.693206043589445 2.223000703449084 9.443366248845377 25.181617950450583 3.430650758210877 0.7662773269671477 5.642117320229909 13.950112517711904 30.329972394286788 0.5071806645495303 0.05875817783934608 0.4243911156049103
235 8.086549705706778 5.673086154155811 11.19232794626876 1.8290770432164423 8.896956329746986 25.9654030472667 3.015345953041837 0.7883178412349782 5.199432165860197 15.115286264796516 32.78510901462276 0.508522060549294 0.0437675200140996 0.4267223497983978
211 8.134498603878976 5.4369153462919275 10.456462945395263 2.468558205042059 9.699224428907549 25.21382718333388 3.0144139754614883 0.7000530767829141 4.65499710386327 13.359149436070137 31.373639436374045 0.5085824511612013 0.04420981177791748 0.426753503272325
212 7.614289739955579 5.517845562859268 10.814634935089801 1.9085103367017178 8.221430552332539 26.445983299626867 3.040191679274505 0.8187582320328938 5.461899524469102 14.929803814475092 35.064460928356695 0.5069606712885075 0.054456513736496515 0.4253025498350901
220 7.629249074978015 5.648593483928748 10.921318044021824 1.910029177755479 8.462077511038059 26.138459567743865 3.160288336635973 0.7789887247692928 5.422531177448013 15.233143241308769 33.76052627093302 0.5097648735585877 0.02334473424853925 0.4279308708109179
221 7.861903479183996 5.7602533880427425 11.0748783488267 1.9379712610469864 8.750480633429675 25.95228642273401 2.938991855179921 0.677737721847116 5.340781074022105 14.962416952725373 33.54754183514934 0.5086804244525838 0.044132184030674086 0.42664563770210295
222 7.58970460390267 5.570391132044022 10.423507867015148 2.304631254718655 9.200936148574439 25.939940714409317 2.926664390015481 0.7440604890929685 4.7428936510635555 12.571274931442836 33.0530513330223 0.5087904456135316 0.03933192951969011 0.42740543504377326
250 7.546163455419378 5.650266832054858 10.922773790218587 2.107469305689201 9.497476044496912 24.893797023931718 3.386100132653525 0.48803790937278796 5.331441061002664 14.884418234069893 30.31435530787692 0.5086796092008962 0.04538207022373791 0.4274678066327572
249 7.797587139321561 5.416187538304042 10.298066920171761 2.7496791644318583 10.222608449299585 24.334718921873336 3.1173995619260757 1.0947816408747324 4.6910869248866005 13.300386781764349 29.41146831893231 0.5013491829907315 0.09739941162479802 0.41872269497995585
248 7.809381257337962 5.556192976121534 10.584240149246138 2.4115518324157916 9.79676699987176 25.33871062631727 2.8620072698759014 0.5221973838875223 5.211963950146135 13.809023057531501 30.49288777147197 0.5063609335541699 0.06247428249642085 0.4248981110309655
238 7.59280124790226 5.695566447632307 11.333118742858774 1.7993205059181587 8.999023987785643 25.945242264012727 2.8498726223026516 0.9580283186057423 4.912869808697358 14.113193385605904 33.74328626710214 0.509244048086217 0.02828703048827753 0.4284293438092145
213 8.035738759357002 5.4181269239259695 10.820482549656782 2.1490658625844947 9.504258414988856 25.344975463355258 2.9706126797647934 0.5396062518758357 5.3199004644995185 14.303443634122715 31.74048757691923 0.5077892290942295 0.05638382285697264 0.4258617890128844
214 7.625624058713494 5.404010909748579 11.06332437304004 2.0554130938994115 9.395544661565843 25.538905338143486 2.8162836022998072 0.42550179026283097 6.168788832564388 15.69264696142937 31.20503468528794 0.5077135221411995 0.04630811300342779 0.4270196965780723
215 7.65999236533556 5.28137463052824 10.234351319579046 2.4675980347963806 9.654492919076038 24.84462330460414 3.215696994527799 0.9572757992053451 4.7242549732100505 13.46675747128 31.342879262135053 0.505170185958582 0.07549596877268837 0.42276344496351864
239 7.5197355043534575 5.791082595931588 11.311453171579663 1.8129080369584603 9.251984361616799 26.699902286121247 2.2737948096147207 0.6716465848134251 5.38017131670135 13.186961484462895 33.60720187143888 0.5094280754502404 0.030542965068553106 0.4277438845607002
223 7.549868743730952 5.737957393393242 10.834089911238935 2.4194661973085703 10.130770365653087 24.865295118751654 2.7433309022784185 0.9152469464056442 4.666086503512509 12.191418981213978 31.46749926721699 0.5068775321629059 0.05888642385876981 0.4247366773302953
240 7.327014644270843 5.700543454428062 10.65675995187755 2.354657892237377 9.568313071845182 25.984396148889115 2.368455432203721 0.7759274272928536 5.432016731655386 12.766522810550333 32.66789260817102 0.5070602122422813 0.0573157319285958 0.4252803442075312
224 8.149937261726286 5.5421388249358765 10.790391685032066 2.2363147077950907 9.992872029116706 25.022406764864385 2.947205737167539 1.010449006373629 4.565476645352635 13.506010051558759 30.539990593376416 0.5068880332303558 0.06576474725788116 0.42385499346034156
225 7.450022222151904 5.666942347363806 10.937809137051577 2.166899169481231 9.641786001884594 25.569786266223232 2.717483033172019 0.6483068327907068 5.11795057858681 12.453638294406124 32.900822779242695 0.5088106276999315 0.04007649543158086 0.4273051773264536
