# timestep 1800
# phase bcc
# id f1 f2 f3 f4 f5 f6 f7 f8 f9 f10 f11 f12 f13 f14
1 7.806821565806773 5.615405051077711 11.261847996747138 1.8450897189256596 9.468356888343253 26.034948433140595 2.676084015621675 0.6573251755301341 5.235304796319625 14.130491809663662 31.81361239841066 0.5091601815052164 0.03125757766059099 0.42788555042835164
2 7.357695703002652 5.622829076082763 10.989107657962602 2.1346243466836916 9.682874374856107 25.522807694427478 2.821759540016299 0.7085526616386572 5.250049378211845 13.677069908520071 31.24400880030676 0.508600595520865 0.03834905970483331 0.4269914852748372
3 7.310810788818422 5.516343424167864 10.997594459558885 2.2270058218454345 9.941491734743124 24.889471188497073 3.0945425502024544 0.6233770468586287 5.726679342801214 13.8928215942033 30.06442663247014 0.5058354173172909 0.06838797238003703 0.42362862520410666
11 7.377685053430291 5.465572290511288 11.01411857892902 2.036252613714841 9.879891470823676 25.422115625655707 2.7804256231969875 0.6237908097551611 4.58914203828016 13.350774500014511 31.0652494255189 0.5095953113288374 0.02927036115823069 0.42753264709247024
13 7.502709253873559 5.518832006090431 10.473401018735688 2.593886316740454 10.571969288717908 24.417802970389918 2.9816326351018594 0.8466407992988139 4.698312055244974 11.954970262837426 29.635714370745042 0.5069644082564242 0.053534737499093495 0.42543961278970654
26 7.76256554180028 5.702354614984859 11.402142822722588 1.745755859395885 8.717450873608229 26.39735969839226 2.713345445606053 0.6923359481767036 5.310589746993937 15.57200793654916 33.58785019451908 0.509053858268466 0.03595665199081884 0.42780234796363387
28 7.392813601213554 5.723656548477097 11.2538852902812 1.7704264958147289 8.913891044004883 26.39078773441167 2.6723686519930054 0.6131149708455367 6.053513421135603 15.237154604879066 32.3105399803925 0.5085725339928935 0.04114732509459011 0.4263192225194782
36 7.690698918605874 5.499787703634741 11.033289626743422 1.9811418685870688 9.092723331238501 26.099009045376754 2.70809047635376 1.0471131165714989 3.9847765803953985 13.775620096595853 34.027143939159 0.5085081654238647 0.03829270704200758 0.4273136570864666
38 7.8264136254630365 5.553540869874842 10.827853937082764 2.347038404334971 9.972684999339895 25.05309283633487 2.9341732460619694 1.1962087907131307 4.067276171673893 12.775737169484302 31.07172109600702 0.5087450167776858 0.04321346738736258 0.427201253033455
4 7.9167008862101715 5.82888312184622 11.247864419533967 1.7124297650071807 8.957214977934118 26.31303094716359 2.6459011528212346 0.689559709583513 5.725694043767074 14.998845219399463 32.64279596837543 0.5087337609546029 0.032528732778899554 0.42841321012481637
12 7.841362692122272 5.313211319297208 10.707971104367543 2.5177082788208573 10.586134120738365 24.382959462752495 2.888728723001264 1.0783814740936042 3.223792546850158 11.931572548370578 30.659344595667736 0.5077595893915671 0.05624199269461945 0.42483151639869127
21 7.405717237996595 5.770656992032759 11.220464813542106 1.9881560466446682 9.82482707110869 25.434999638777114 2.7971411862545583 0.8756494112927248 4.600655400692462 12.89663147285609 31.75453224538274 0.5081541137945187 0.04194809821671003 0.42681473639246165
22 7.384134917188165 5.416893230192641 10.321098410496193 2.662205810819313 10.109024402569508 24.79142545399819 3.046239439037687 0.8793489683683111 4.51841869147149 12.724033669248072 29.990591330452578 0.5052556487817852 0.07003776231887548 0.4238656178265303
46 7.469675064624996 5.691363880155518 11.138698921485457 1.9279976551472575 9.286256096401804 25.95024546708942 2.7300265229894376 0.3901946850572887 5.951826947108044 14.885602611723822 31.786128732309464 0.5097058861108019 0.023647365955945868 0.428030174403349
47 8.02597664328307 5.722775857849124 11.05624093839704 2.00033857483222 9.652616872109801 25.46541940697558 2.868240064234042 1.091506369889213 4.187877935033432 13.115073630853159 32.12898244440418 0.5091308633052539 0.0320099087113498 0.42772895563337915
14 7.95885267301006 5.5457221007307895 10.633120771332717 2.2448276894109602 9.536364492470533 25.235180433886175 3.071374409620987 0.8729005714725907 5.194647667839797 13.87734616607323 30.936366079891958 0.5054700721430156 0.06832266598643608 0.42370970467440533
27 7.33439683866401 5.712322391204494 10.785670138418011 2.318947593765998 10.423303024283834 24.329221259367767 3.289897684639582 0.5864551573471847 4.733737841933045 12.425753508571013 29.40161311045975 0.5086751746391858 0.04434413130247386 0.4267722861534967
51 7.744195446378834 5.713298459481922 11.348926777940138 1.719134384590915 8.486305624634877 27.142587284981246 2.325226315190632 0.5975723758031958 5.817761465738743 15.474327969692535 34.62332471146974 0.5099595037537646 0.027283613934408247 0.4279185641119153
52 7.798046101609913 5.624723155907174 11.175742438072088 1.939518823479074 9.512547516333704 25.92170784197914 2.4882702400408845 1.0278598891291852 4.929697405984076 14.15668688948867 32.47288081250466 0.5065393160601932 0.06345927909291389 0.4243617686415196
56 7.950564604313356 5.7101069403347795 11.478024581132258 1.681953557352513 9.035663710096248 26.07698158683685 2.835082694552026 0.8160688529613246 4.895852058969263 15.010935901894657 32.711583506395826 0.5098601043689546 0.027270949853545046 0.42807439789004575
57 7.97409276137276 5.404196489764218 11.12553012019974 1.8612169209066178 8.884218186597849 26.162006292985087 2.743474558123662 0.49269369956510634 5.359440127250263 16.036415554117305 32.83825059081469 0.5091392788985494 0.03571373428350537 0.42758128464897766
29 7.472259603049276 5.610136985795854 10.954320248116588 2.0571995724201146 9.227884677410719 26.211269362171326 2.6027329188030586 0.6190047034940437 5.0688098531825 13.296811199973098 33.475288783172516 0.5094683219524611 0.028966469765181843 0.42775422686639364
37 7.632213725218765 5.6309557120104445 10.80280296015233 2.3657074828413776 10.417410961534756 24.71623048857036 2.8917465462667375 0.7921999664079671 4.048990739341267 11.698511622632555 30.917460225509473 0.5101542086351921 0.014203603607273962 0.42863692186779945
61 7.581544429873026 5.593650854500166 11.192757157864257 1.8005278210212594 8.752929797848514 26.639120943387265 2.6572618699073933 0.6313814734199331 5.636442396816613 14.885808254126946 33.7842740148831 0.5084242818534305 0.03891249274222814 0.4276162850453724
62 7.640429308128414 5.670360726277127 11.239824393052588 1.8524501001483193 9.145532160803628 26.31004511567836 2.6006505661408914 0.905432252158868 4.879799831399248 13.691588370668086 33.42936876704091 0.5084174615663917 0.044706289575891386 0.42618812636736925
39 7.482156474711529 5.721938474074032 11.12716172473728 2.0913378311972552 9.702106775903092 25.65602194109841 2.558779964878606 0.8482496550720035 5.05093694845306 12.565311908166317 33.03875088144502 0.5098982296602425 0.02286198701632407 0.4285569781889517
126 7.381131309143143 5.79588887284235 11.221473787320551 1.993986613876357 9.538352463919871 25.62742582226342 2.744717615805598 0.5682296439706433 5.476721518955335 13.911350696033665 31.810677595650606 0.5097027854684295 0.027146475974116558 0.4273136847748193
127 7.1450549899357245 5.873396774092654 11.020240826720146 2.121679875656421 9.338329511507803 25.751234116294587 2.7384319220797315 0.6608419880187133 5.235228663368743 13.176244377123089 32.349933348987 0.5087457389294604 0.03927802858701706 0.42727346063390526
151 7.639774723256221 5.574337947153792 10.603141395842348 2.410484692121392 9.6986170179546 25.236469471425707 3.03109044626665 0.6479134123724689 5.012230352373229 13.61825386095176 31.136969691054045 0.5073232024070425 0.056643535382284886 0.4255680187634054
152 7.406673960109648 5.747689688921426 10.952634597795193 2.2330211181732693 9.905806192119101 24.834818399220783 3.1551377443218787 0.46238930736280576 5.410709900771479 13.476103554526928 30.347040200149944 0.5088669367158987 0.04237800131949768 0.42673212049842335
66 7.532307611672195 5.601908635745374 10.937433373470274 2.3159440042285198 10.133716325469047 24.979417837335014 2.890708030557646 1.0452501789042077 3.9602681416729846 11.91846092767221 31.59380193718817 0.508564779034107 0.04168826039755441 0.42708908649993116
67 7.478877191093907 5.751143228428296 11.120471520313192 2.1945194373270724 10.206631272295072 24.676456306886983 2.9306997775189894 0.6553637388004775 4.69382688970254 12.74140424157662 31.08582150547749 0.5076490797966056 0.0537657936957608 0.4262713288878902
71 7.2270167963074865 5.700200562079542 11.229059839737836 1.9936750435938437 9.783244036259486 25.514064943539083 2.7748247665189507 0.3127407470220717 6.108609068238068 14.171002949275874 30.203896966900196 0.508938170480695 0.03859859820226479 0.42700925027784725
72 7.343210608005422 5.67138517231244 11.120447623215815 1.9663482579818745 9.256490657824962 26.044400076367815 2.62290347844505 0.6931226124515969 5.63868721617285 14.255817578245189 32.55072474966555 0.5089790382337902 0.03545460295344865 0.42681509736711265
187 7.673860302649086 5.713477749012171 11.079818609867775 1.9410422863900734 8.896962009891634 26.07408668154312 2.836453573687623 0.9474757512870043 4.434434899687129 13.413877169410497 34.457002429495454 0.5093859606531437 0.021673729587835193 0.4287724188516916
186 7.809766380985343 5.592988566316295 11.164416571518 1.9585967109013123 9.521239405782584 25.459267527965395 2.9362222366767425 0.9128272811336686 4.374276789641931 13.297015525835986 32.380642912989764 0.5092512346007314 0.03295521163996483 0.42724239510334644
5 7.5000663398330705 5.42385687988229 10.58251704520161 2.3530299788744404 9.775779370097089 25.29327272413738 3.0330660466167805 0.6201596053804412 5.110610652290761 12.96868196320241 30.952666748843306 0.5081573584757867 0.053003595606254686 0.4247238700625899
15 7.298754393648167 5.759833417913352 10.267818416575645 2.736461118519021 10.05607648876939 25.33895329466683 2.581983576555267 1.1407351034522193 5.543017639657871 11.293020258689792 31.560489149584996 0.5069197871801339 0.06157990264570032 0.42383839238580145
30 7.3855266512913165 5.6644807915417426 10.686754672876404 2.3935862817213764 10.082418698546638 24.705368545048454 3.06686740580931 0.7305372948539032 4.626914684353814 12.639722961842404 30.360414091183575 0.5063354800251744 0.06092660187471882 0.4247892829773728
40 7.395576046921139 5.806722498396564 11.043029506172891 1.9923326646239343 9.244554006944721 26.148384584334906 2.6043704543505686 0.3987659241612678 6.572423065199862 14.063567082741026 32.400825952731665 0.5083970979995031 0.0415935391818963 0.4276376161262047
6 7.932363744295912 5.511606300993948 11.032810053604019 2.1334903496591404 9.250594402213148 26.027269828487565 2.597723648251252 0.5895111799961725 5.826701621033649 15.102604533513308 32.19218782280505 0.5064910135482652 0.0585071081911849 0.4258451590459259
7 7.955586592815189 5.562967385586012 11.042260059011749 2.2573584220885285 10.174995726214247 24.091515964169393 3.5379312092545856 0.7254914496500653 4.446866744236566 14.16331842318568 29.05820968530627 0.507539477891573 0.05383553706640876 0.4255790297283426
17 7.422354131692033 5.891630770907396 10.772720577770825 2.3340645998179594 9.804623263641345 25.176907390213287 2.895690739548515 0.6267812638692155 5.180439970672608 12.671078990161494 31.368823209174955 0.5084024204913452 0.046483128381044764 0.42758963926373694
32 7.741247117564888 5.644455149130798 10.861126888146902 2.121509974712697 9.533024966956997 25.58863635962193 2.8358523827730737 0.9567023938107749 4.356507628383705 12.648607216423567 32.80537649092337 0.5094160996921936 0.02744243873581628 0.42833530782804524
42 7.174352823570318 5.609142571270955 10.705568719519151 2.2294342147793715 9.409084792465269 25.45546426092197 2.989714110725424 0.4766968668017921 5.605172961575233 14.08201194903417 31.46609118153879 0.5082940698815153 0.04830986564017143 0.4274497065073818
23 6.9513793433758995 5.58707337849063 10.50041552261995 2.640385169093297 10.022591327936924 24.49607264975171 3.270404178949556 0.6758449064366938 5.9570334723467875 13.276456395808856 28.747667722197512 0.5011001544194974 0.09774132948037889 0.4186538426145533
48 7.89957830459905 5.56820899001825 10.755338090464074 2.3832659024004967 9.77599620080674 25.336882012522697 2.86936159775942 0.4699811231842424 5.498666140535188 14.39002878559772 30.47545688780184 0.506396183209272 0.06593848197278465 0.4237004168666384
16 7.982239742658049 5.365024647684044 11.134175091308023 1.789454477574356 8.707752497392631 26.434474058201168 2.732227453903617 0.7823890476159436 6.225454390204101 15.788066650125689 33.47488284095976 0.5052199035193546 0.0679477107530072 0.4235875299593355
24 7.7939505286236335 5.562817701177772 11.127884140246165 2.1439400735322858 9.900296570433916 24.87136191039804 3.080576045282812 0.6506131500505701 4.3103118489875465 13.228354784056569 31.71116362838982 0.5090514488832355 0.03600873124273628 0.4264980784253603
49 7.919965307057881 5.377592765038804 10.979591568149397 2.401016765994917 10.282896746542715 24.1817900598735 3.333173255141567 1.0268447696108394 3.79496931169573 13.392380985847613 30.236416651437644 0.5072578103480337 0.05875774809327632 0.4247892433028631
53 7.7476941634662975 5.6509717347653 11.092714824073921 1.9878158607532057 9.454845972885781 25.663652104044345 2.798589746791326 0.7552627252152498 4.343871245273565 13.247137231695993 32.98438377867984 0.5091821898199329 0.041167076991699234 0.4272743693369569
58 7.6643633119236485 5.703224233451985 11.073401592252118 1.9649977895390522 9.587550914778756 25.83329748089987 2.6849187315514307 0.6275623750227857 5.54962156876876 13.862856622191414 31.467176903394883 0.5095044282807059 0.028049829485536856 0.4282977843106534
31 7.7836430740089115 5.578355254860649 11.217185099578696 2.023465229928011 9.425443137784871 25.660343407740005 2.7528471255198506 0.6011800547503415 4.978209810881486 14.569817985218162 32.2184554884585 0.5089614850877818 0.039151905705179305 0.42768901013309196
54 7.558235372922974 5.795739240863869 11.146326425732594 1.9529394901267536 9.357539971988224 25.882743373961418 2.7260256325497245 0.9223701280123211 5.565553341781252 13.859366781003443 32.42210730274242 0.50944195091327 0.03325922598057421 0.42721904221782686
59 7.587357808853975 5.551440893771984 10.942675311018604 2.10332092314707 9.763528994020144 25.50641789718531 2.8732613423786084 0.9589747851809529 4.285075004529057 12.580105830093016 31.92315147244703 0.5092020574155427 0.03374235321866198 0.42813204136604743
63 7.30138183453874 5.752991269866748 11.046051865359425 2.088198349952501 9.470478520407765 25.24178784088216 3.056123648714924 0.8153275361328689 4.74229289368313 13.648932239131401 31.97082317180539 0.5087354146522423 0.04731023931940664 0.425722476662895
41 7.383448336440905 5.677866837960922 11.298414744832678 1.764674503518794 8.821688214556563 26.595239832720267 2.499227667242461 0.5934778049513478 5.752971617648776 14.93258200271705 33.69181113845545 0.5098544812669309 0.02761240141117051 0.42835414254490906
64 7.509621242170741 5.576847876944148 10.474567223304152 2.37052905958681 9.697689775834156 25.417844202067293 2.745083043452736 0.9593090236576898 4.360956015061471 12.676734208152363 32.33163779625599 0.5090444191584925 0.03679914870981419 0.42752904983418805
128 7.267463193965867 5.843027541218631 11.081901837743917 2.0769251683746943 9.449922185405246 25.99146120434334 2.5564295151517333 0.8014080390696157 5.484164127083136 13.268489612242794 32.57256306569983 0.5074029684689663 0.055474051167079146 0.42591611038482546
153 7.658556956697655 5.728885788149129 11.02986281128925 1.9827485079374538 9.48174170529836 25.791599308114343 2.8042767537792668 0.809681586294489 4.789165984656496 13.303756216283295 32.09839337572615 0.509226557406302 0.02658527169119514 0.4283499826345147
68 7.890998868942496 5.711105645609629 11.285083713480994 2.0166947159549906 9.899388367525127 25.199162197148617 2.7325350769984276 0.9238944257898029 4.3467663105876 12.966889827641465 32.1802605938021 0.5090927258774154 0.037252250025385604 0.42761695101271996
73 8.140210773121826 5.4608013860662785 11.270017110917912 1.8773606601124426 9.672643244530777 25.233620428954893 2.954502491796208 0.744555308767566 4.734582908921755 14.930785650655038 30.945254902071405 0.5094587866583729 0.02951575955363029 0.42786941425686736
188 8.016647546961966 5.522753992609989 11.236114997492372 1.7905011905234987 8.694854226457704 26.409251231831472 2.789323080382285 0.616750565169716 5.412328537634238 15.775145907119832 33.22511796311 0.5097093732121204 0.028828915926114303 0.42793312427307273
8 7.8943650861637344 5.383389896271863 10.925280435874901 2.145729031954755 9.566747951131626 25.125266242726298 3.100988736950991 1.0867710663946142 4.504821701102168 13.517779886590205 32.40443866545827 0.5074763605418048 0.055266005800224 0.42579756946504416
9 7.924197987073684 5.708676132346143 11.047769042828541 2.024649530348823 9.63587368768531 25.3484105167698 2.9285287790547674 0.7602615004056946 4.684089801344899 13.612086414074763 31.563001041521403 0.5097830804190814 0.02459552456857874 0.42851378347541547
10 7.688536388133537 5.6706456763503 10.853017525687221 2.299616356160384 10.164719226747085 25.130427202840032 2.7242385376073166 0.5877116664172017 4.593706517873218 12.552867720390346 31.131277509887934 0.5096988969214044 0.034415912647248366 0.42667396841502825
19 7.5547255823902235 5.8026838030922985 10.947604249437488 2.2533196193617493 10.057039080689496 25.339911575673735 2.6170821634961463 0.9075234375884258 4.93048899111866 12.52864790333153 31.36643573862387 0.5090112410314075 0.038779795765283204 0.42769370291109393
34 7.937318820646966 5.7046458191536225 11.161922248965206 1.8936834756662553 8.826036363838945 26.30621117279704 2.7875777050547743 1.0844947852853926 5.147959969515533 14.554632981420182 33.68348694726159 0.5096278524769712 0.024105462946200727 0.4285508454769558
44 7.462712159597374 5.740086564232031 11.145011201461315 1.9804129124417202 9.470690433081213 25.73391467383031 2.738290040619786 1.067251159355572 5.4586202820139365 14.059936903523312 31.812056418408684 0.5073280697379488 0.051808308976683495 0.4264003794832081
18 7.992728297711668 5.278068798390161 11.19867004668931 1.912742964240868 9.433261108452474 25.395329420753367 2.908261191473292 0.9235344237413756 5.073221868360038 14.959281952700573 32.16667349089381 0.5086154438246772 0.03885894048504414 0.4275161655856434
20 7.6207786394627295 5.493471454302769 11.1496920715561 2.110350616598269 9.856385423058024 24.706942409748283 3.1179615840866206 0.866299861863928 4.49388509893569 14.493323522785834 30.667421101976544 0.5071458271309265 0.05161820078890725 0.4265366967923797
25 7.338131009191723 5.733945072319054 10.914942668973817 2.2736277711870923 9.671110646708208 25.056692008202294 3.170386406323261 0.6867708023744928 4.945155211771828 13.5945479314419 30.900372708955796 0.5072260985264322 0.05005490562625934 0.4264184681279598
50 7.336347971181072 5.76763834589473 10.953927587011616 2.170920195021164 9.738770419304345 25.572099726885078 2.632383589822793 0.7110669009648989 5.116975275641377 12.95574582441211 31.63697365841857 0.5075169382622572 0.05825493737922521 0.4249742047029921
33 7.6190004156216355 5.572182497691911 10.85429430495211 2.2389337030517575 9.79220704927142 24.78533630702362 3.2506353000562305 0.7373594735926512 4.91683963827208 13.917569584367381 30.36247326227582 0.5082061453383095 0.0462476720753121 0.4273350278063696
35 7.520753017764231 5.855023778177702 10.82991864521254 2.2835784910169985 10.222078146436434 24.924011846456153 2.9027585725506886 0.578645748251321 5.19174466080543 12.206253776258592 30.555203447456137 0.5097871962991803 0.021262311346403856 0.4278129276693306
55 7.682874034764597 5.716091749708811 11.131255568015595 1.8426484914512888 8.45161515321277 26.63512992350078 2.660720884656333 0.7001861844536138 5.74178145448875 15.18263866441798 34.293572083106895 0.5075191387259894 0.054688164059183995 0.42625806638151775
60 8.222114821415 5.502626361404733 11.361425247477404 1.7037633018450409 8.788458025030282 26.3096178989414 2.7756471016813418 0.4657274918655738 5.714747413963669 16.148995216161108 32.73850629703773 0.5091271053291736 0.033718932362893556 0.4281474072574841
43 7.456986227851657 5.5989783671280815 10.87713377404165 2.1513080556925845 9.606355853344693 25.41320431363941 3.0036172887123094 1.0599341746103021 4.23579811986707 13.112068295449392 31.813637039577706 0.5097546464011738 0.02619329392105256 0.42791307429919306
45 7.0979161193898195 5.793668387314472 10.616022914162526 2.3498303171424957 9.76089311233956 25.78394227836589 2.551879845736135 0.6099326469681328 5.965704196351132 12.702072699542853 31.202161304744884 0.5072750316066948 0.056626035655041596 0.42545806630681365
65 7.8319657084264005 5.765475515576483 11.266189314813154 1.7578189062397773 8.992872820104209 26.007649673706105 2.852947280138149 0.6901361450310569 5.592665743844299 15.290277216914449 32.30864712778229 0.5081289398240818 0.04433424588983726 0.42727909524798463
129 7.539125631057751 5.74011594609357 10.805939757327595 2.1416309521454884 9.452314145197578 25.556104126052812 3.0242352993514094 1.0301698107344477 4.113495194107097 12.26756497647918 32.72294033382255 0.5088808320058562 0.03558596796243232 0.42725426964773494
130 7.1905411503802705 5.760620892145242 10.92399301266434 2.213041794419135 9.107129620124285 25.590314594162393 2.986427701615481 0.8740910333123308 5.554370414373405 14.080386625737725 32.33272269080995 0.5056792515021654 0.06513554501174856 0.4239434708480543
154 7.902877529427164 5.6640990444773625 10.51084643755431 2.5009586528197274 10.237906703196847 24.41853744429644 3.172001730763709 0.8250170992137538 4.014719457680276 12.466104351146093 30.03148235050986 0.5093666218028663 0.031791406583288974 0.427760017983602
155 7.707372774121 5.735468330679154 11.28924663951598 1.8773474672469324 9.412640145173913 24.98618706436237 3.374652155097968 0.5221518973801693 5.6152519969204615 14.930946520629037 30.909175131483043 0.5093245317383439 0.029543017609266226 0.4275748092764384
69 7.478721806169399 5.774639780529847 10.770680828135143 2.2063542627234694 9.157670909376705 25.900770775398524 2.7349747568817553 0.9027074245920853 4.539078564630055 12.516133131823572 34.392627945216546 0.5090311987619145 0.037602465558711086 0.4273659146306507
70 7.545501570565578 5.851379368169566 10.719904651970046 2.27762610893039 9.740450880813759 25.256372446635538 2.9475345475092882 0.5406480705862388 5.350281537616013 12.691350523683491 31.46758303740081 0.5096336840749908 0.028444728189829658 0.4287308970062608
190 7.449717342989523 5.383248902186861 10.579152390675485 2.240413061329689 9.077184701663281 25.7905346919367 3.0942711569628836 0.6887993053355705 5.373859603059804 14.17416326332581 32.12525110667149 0.5078042014097613 0.05366437421031159 0.42617241713499876
74 7.379026534086702 5.702438640565047 10.56687096756059 2.341019511763583 9.659422123848286 25.45007436181578 2.984446536907327 0.7668740773671107 5.672526462925412 13.244923827218575 30.657689093278094 0.5058755244705888 0.06299682642132826 0.42580934845905605
189 7.220656342646525 5.893741193629582 11.118817664151553 1.7824037769727428 8.717842376747914 26.948897111798626 2.487593049603938 0.7151701449600403 5.931595156643116 13.587204391546535 34.108260730712175 0.5087746983678444 0.03560931242967574 0.42747700300000707
75 7.180038111407864 5.805730592677496 10.569866093764443 2.66821165632353 10.415501225879753 24.46337904706816 3.054940865981534 0.9091516380221294 4.927105456808815 11.733117155555298 29.840391092783282 0.5050819456097372 0.07403206847186547 0.42304343082508206
76 7.479159242526053 5.556381898579884 11.078542103467779 2.0662232278904273 9.63772676927698 25.244673431833736 2.927175414012939 0.738323482816465 4.903801795147663 13.38293007608026 32.26579049092682 0.5087988788180461 0.04399362166254704 0.42672112112439464
77 7.812085875453382 5.51393322015904 11.179983150308958 2.022404401478983 10.084975621163693 24.948358210449932 2.9488206652497118 0.7031771320257917 4.088089703821769 13.70494345066037 30.419270953154808 0.5086860313455425 0.0392125796331603 0.42767908409296945
78 8.017263152646022 5.315978401801908 11.089852465501682 2.1252598739867428 10.098314450700673 24.96206364250816 2.8971079937975097 1.0128968992877607 3.8017046365701948 13.269162965790377 31.212184992730105 0.5078049729841905 0.05150850593495557 0.4258790721151499
86 7.426417941033066 5.849667194460116 11.07719443432849 1.9786361536755501 9.31583486508103 25.823108801894836 2.7917784212264105 0.9308683161183052 4.49521629185565 12.88815240038049 33.4119962096178 0.5097076090812992 0.023696199836326117 0.42743733536619044
88 7.470420452653338 5.475235309325725 10.93294054339651 2.059751366146674 9.29934568602619 26.088654234845134 2.5310158174304322 0.6913524735307722 5.46521413581227 14.319270673467281 32.438661149069205 0.5066519588567049 0.062229401086386596 0.4244200282988763
79 7.460176430421104 5.709587784035619 10.692818132425602 2.4636155126087984 10.41834031236489 24.988224453193457 2.6545783372106806 0.8276499498113217 4.435552282634532 11.755515441126768 30.517630840824257 0.5072569040243348 0.05406587140514125 0.42663824894830454
227 7.527444529308736 5.69802330788076 11.070960372321382 1.9369020601300007 9.216468730608865 26.019714067534668 2.6535992162965356 0.5813231959986772 5.282916817711086 14.33171770482019 32.8014467763015 0.5084387957915583 0.03394021581734711 0.42777417801291784
226 7.350403136247507 5.710135575229484 11.226610168890065 1.8720213606420206 9.239790621981864 26.483106092596454 2.342298592592194 0.3832711147366352 5.9627351616566555 14.428264014890278 32.57597573571311 0.5094402515462464 0.037686351501291654 0.42728998616426295
87 7.455262356824761 5.805044726414495 11.465900810633077 1.7003635089023563 9.339650914791564 26.380697942072118 2.456991534773858 0.40203231605600653 6.194512855932685 14.952674029713851 31.689327580631197 0.5090092976800212 0.028962583938214524 0.4287992775407108
96 7.342775753491736 5.686761471543477 10.881235046113726 2.1521625850594166 9.464159079837815 25.740045574868056 2.7617508116446197 0.7509862051260017 4.613806812748989 12.976871583667954 32.81017986521874 0.5092931040063816 0.02365100699935623 0.428007512179841
97 7.648751989560546 5.524491900941559 10.94915034611797 2.3768997459386876 10.267785393522647 24.793105224400467 2.917893571854778 0.6255556429666586 5.42608324175894 13.646608450182125 29.427381996425034 0.5063190398648795 0.06845177281463827 0.4231748855651897
89 7.396430403948857 5.757305913540395 11.281033033121684 1.866513821701556 9.222313646858858 26.54586105283792 2.356399734408274 1.0133634966469829 4.538598605865162 12.783775905969593 34.42676417193122 0.5093999769821094 0.027260644653213602 0.42866368795440524
202 7.614721376792236 5.776105125340511 11.190000226980539 1.958088067213069 9.294845302316869 26.172253264104125 2.5099779017075807 0.9628223163591738 4.929340887889815 13.40936166622511 33.425411752447104 0.5092260879454273 0.0373969563987521 0.42770077713073124
201 7.8704418411253085 5.584606951558284 11.190145876493975 1.8409071881375265 9.172194030031914 26.13381349863968 2.754506864017493 0.8082958226739743 5.075384287602166 14.694347227647578 32.357387382649804 0.5082463721472932 0.0410808357399655 0.42750425603436193
101 7.085530364090831 5.768341516963088 10.924647673928185 2.189527865405348 9.983230866280563 25.621394082930273 2.5839481023073505 0.8634880625916657 4.589646259362934 11.743303240718552 31.948129797331994 0.5099554475114979 0.02069723917312372 0.42848083018826555
102 7.238956024315785 5.5467072678791745 11.132343806525238 1.8909820363562844 9.133579380748705 26.307556426085 2.4922938326618063 0.7344191539221254 5.46282873005069 14.705781507769755 32.635921910195606 0.5077594119861252 0.053181974468408506 0.4257824804386478
103 7.574161305691596 5.617354339241349 10.866510448930029 2.1806277285443865 9.882524700463058 26.05112721166186 2.37936307167551 0.8759991555315315 4.8948136104569935 12.533655470497484 31.907513139231572 0.5082116720828825 0.0450524556356471 0.4268303858987736
111 7.432447400209399 5.569956057869842 10.300746269078198 2.7272947367811167 10.829727264051575 23.919274994567058 3.33882727527031 0.5794466510595475 4.815283470792112 12.861181379837564 27.015656871669396 0.5068490551147278 0.06415067499288812 0.4243609507902745
113 7.500381504197399 5.747265994341879 11.162442650263921 2.0574754574525493 10.268769854175517 24.773300526677726 3.033225588879064 0.7991646948858337 4.69819097565286 13.180479176078016 29.424564551687265 0.5090471824929248 0.043816028130259886 0.4268259975923829
104 7.77519673510013 5.655990298170267 11.226087164326625 1.915140113490387 9.312975605095717 25.781163806071948 2.903632406347886 0.9828016428064952 3.8622894310362232 13.305825011096562 33.18033350185062 0.5078707052945833 0.05313602412715975 0.4264607213823313
112 7.4007839813068514 5.688481769905483 10.923220648321443 2.1544847701424596 9.792895323151537 25.758092163323067 2.4190551752169434 0.7910492258257061 5.020944363862499 13.602694459277691 31.52158011253874 0.5056441718073429 0.0729728662579978 0.4229124820022178
121 7.37879517130002 5.595691658347081 10.931235932190548 2.248688087771344 10.192023563657257 24.82573466013408 2.956172122980573 0.7840532031810996 4.318584417672626 12.215905313997506 31.209787570048277 0.5086833131458092 0.043110859916112236 0.42685958144214436
122 7.618396738508456 5.553037831797783 11.307140473054055 1.917610239629278 9.673601182674943 25.675092786328037 2.6295980008247337 0.4948570660330224 5.153005311178382 14.00102428803971 32.16605153170453 0.5099367408447081 0.020732422276873823 0.4280344861710752
114 7.998691311203605 5.495413178348864 11.174182363199343 1.9460169137503218 9.34934631777147 25.45980167642097 2.959773600090595 0.5535348163532093 4.8930230753724935 15.08251056937764 31.908590803972 0.5087229148442863 0.03131980214094715 0.4280804299835447
80 7.939939184441025 5.506126976894194 11.07141709269757 1.8943680964905012 8.632203059178803 26.20732624194224 2.8901995235297324 0.8457317979326525 4.885912546199391 15.238670505681009 34.04204552188599 0.5094258339462047 0.030299900784167274 0.4283636796363432
90 7.558494029983531 5.693191707799754 10.976342506265032 2.0384744515753352 9.648585589315338 25.646102242203334 2.759931927829707 1.1258840455964507 4.57391758496126 12.631007834159194 32.18367154206572 0.5092619858662116 0.0396467288072768 0.42684825369756946
228 7.569349918442987 5.783213846662364 11.10824283267364 1.9282908819307767 9.460072481735418 26.154748956186182 2.5057016343431124 0.5980095389216805 5.4948425896747555 13.802019099757782 31.947257694975793 0.5078202718755834 0.045263239125237754 0.42744455318849317
81 7.588314315796702 5.727595131606737 11.221356792499174 1.895090406471818 9.410232564768036 25.673057123809876 2.916971433851595 0.382400731346578 6.015241038637765 14.888731689934508 31.120636642042868 0.5088525534151431 0.03872083212005663 0.4275596409707842
82 7.553265268354099 5.653205894157227 11.290226844939898 1.8250492704878005 9.05257140173294 25.789361142011746 2.9488855350681438 0.4638873943573003 5.940220939350427 15.166272412058948 32.285125434137235 0.5094497684978115 0.0340133095468524 0.42808950196485
92 7.4285783801131995 5.730114293199668 10.66211302975564 2.3856025249489887 9.746707093797372 25.33091931756604 2.731458683777077 0.6929881802964096 5.128921564581027 12.753237352459447 31.978045943265357 0.5066869645524915 0.05515589938502129 0.4265575853509419
98 7.528342673677288 5.684733439843023 10.656215537679415 2.406734711253602 10.281350916614112 24.689376365286137 3.0508618897640907 0.37746915739661435 5.241074296232275 12.996780620288105 29.63587136967264 0.5082562625911775 0.04589488943021937 0.4269415533890381
203 8.056556806291924 5.412664933999827 11.297446736341174 1.7636450737853442 9.005596300828074 25.93028226764314 2.977872901058577 0.6254531108413648 5.639760755206411 16.027056964027256 32.04071380850483 0.507884707636732 0.05338365755388979 0.42589641967504155
91 8.032530988936935 5.2938531525908825 10.808564570096479 2.020643166789523 8.87758097984197 26.204587854205066 2.7934460192335866 1.2708022603879983 4.852928430681216 15.002933702220263 33.35452256846139 0.5077093932411185 0.05374084908938462 0.425755856823127
99 7.149504715381338 5.84689779582548 10.917917023774816 2.1662917761457687 9.599130831392765 25.487062202572588 2.8840346572815228 0.563813107002887 5.939053522674441 13.284862323651161 31.437778534571642 0.507871403380163 0.04655713863194188 0.42691842223011145
105 7.789914620968483 5.7694356607486235 11.316192409702769 1.7878438443119922 9.062490287648416 25.809835660138486 2.8815322910658603 0.6892570756488159 5.242041676655149 14.911319713145557 32.877266524926966 0.5093896146208003 0.031805522866761284 0.42686692116912794
115 7.987828757977086 5.372439381480489 10.501076548633328 2.629381098916391 10.452687302990585 24.181305349043615 3.300033357754991 0.6389860651054655 3.7528221889545996 12.682626445792442 29.848855471863754 0.5093088636504918 0.032803917404057796 0.4272524959841448
106 7.468365271442255 5.782940786879445 11.109107958816228 1.996052933696922 9.261958619394465 26.024904752819133 2.6386453960216643 0.7600018091552881 5.264687577773116 13.802704024952865 32.704014678054364 0.5083481257221469 0.04083236610448394 0.4271474791284538
107 7.248922427954143 5.641292979961545 10.789818251874207 2.2259534102172407 9.186846759706068 25.763506888416064 2.903082902991335 0.9893109474720536 5.3036478891401515 13.900486230517718 32.39312378409529 0.5055354207984768 0.0721269451589641 0.4235422805703388
117 7.271922084716443 5.776866875946731 10.924824856205015 2.1576554406091173 9.638437174285794 25.005045124568777 3.298149824212392 0.6695009750548041 5.400536818059477 13.610832306665653 30.48294789961165 0.5088251584956504 0.038074367765049966 0.42729627871564707
123 7.576311243597787 5.708167502629891 10.942215403151605 2.258989204081274 10.238280662606893 24.865327218320594 2.8606489997646114 0.87933388264009 4.049380890833046 11.758389480726674 31.564646650234195 0.5097844032834821 0.022113251054551947 0.42842931449283694
116 7.592816594634277 5.743777996306622 11.105224564240057 1.8490778442136042 8.957393602409454 25.94903817376972 2.845547409477392 0.8958622450002671 4.929851740710513 14.717997547489794 32.739873136329095 0.5094196060459537 0.03239653273557818 0.42738039182185944
124 7.1577658063171326 5.793748861965313 10.798303829918067 2.26143844624745 9.902723606566795 24.999364359826377 3.0587780235647624 0.6435681028836192 5.7981140168488485 13.250515975230922 29.948750774673105 0.509067897561748 0.03279172039414068 0.42815818323971144
229 7.377010735270991 5.773461576390651 10.841444416221169 2.0342499122603184 8.821508786539026 26.600133412480545 2.6346418238125464 0.5187551993689722 5.939138235678325 14.262537668249788 33.17182525062516 0.5088620020256013 0.038224512189393 0.42590786387182117
230 7.635810810695244 5.496938342337534 10.65017407761987 2.419267772450605 10.041024616546638 24.591583673336796 3.1953937257309457 0.8752839564278666 4.786719042389091 13.031737129723734 29.956761927511938 0.5051797242874002 0.06605685197035209 0.4245459578715562
83 7.725049075461038 5.613537734174586 11.092556793671386 1.8215415690113146 8.516445103186454 26.31656728979484 2.965261028270504 0.48124903282164994 6.134411512677325 15.967610100186294 33.11846344046119 0.5093898127692095 0.024074873184913113 0.42819827905082125
84 7.673088172854861 5.321082068941268 10.610337266704214 2.2228447513253595 9.112401151268408 25.702712433719032 3.2353378534449493 0.900965883103617 5.687065475792522 14.34312417461877 31.534261205992475 0.5056790465496291 0.06828368700878466 0.42404773184448596
85 7.943016256247867 5.507376668890187 11.160949724304304 1.8732650768587 9.200837756979206 25.568621144368237 3.160975808182722 0.6823140368293961 4.862790523635775 14.992438366212511 31.49736689670382 0.5093439909695693 0.03064348102427857 0.42832758366506357
94 7.911187326152081 5.602527068592644 10.770985570045074 2.308439657346454 9.571868642250221 25.226521302936025 3.0815710043050664 1.0252955381804625 4.59419789572711 13.429433121478606 31.38294026919892 0.5071799620860917 0.0560703641840368 0.42558880300397584
205 8.224328154545846 5.348011587630413 10.768450715209731 2.1179617744873855 9.361228576034028 24.978907819199268 3.457292651296961 1.1686463010971406 4.2678423320823216 14.869348907735937 31.155267469267308 0.5090402794931851 0.03710745733111331 0.42677686156651184
204 7.499249582211837 5.770581461230006 10.961213103003347 1.9525815541440317 8.652686724602011 26.563723547964134 2.6488670435636332 0.613958648214631 6.698072783702688 15.815092163840792 32.571410413601434 0.5079823612669011 0.05674885539105969 0.4241985873325345
93 7.586433926699037 5.805799235448239 10.769904422267926 2.0795767122614452 9.1222505111525 25.95152469711163 3.0473807368294783 0.9805793428975679 5.408730180330317 13.887908221602357 31.713798864840445 0.5066116503952148 0.06294318154278737 0.42448087669334783
95 7.891206912697583 5.677531773702568 10.87837666274996 2.017702707059928 9.25158885862558 26.097465479010786 2.667839752277518 1.1220465865546205 4.242560968494854 13.191672993382468 33.212853251325626 0.509365238432228 0.0320019313444369 0.42756124313385346
100 7.732186691331044 5.710586257361536 11.242726349535802 2.0233876200214986 9.627950658818259 25.154362296135925 2.9831992732287977 0.49047550521506755 5.245724534089421 14.411136667151922 31.052905815239427 0.5093653578718376 0.03371620616303408 0.4271798066303775
108 7.63833433715026 5.69526032508309 11.064008971161114 1.8743255377789116 8.974641992989257 26.47667982473959 2.5747536843846515 0.6287218661056142 5.573345025137078 14.01917550909533 33.431093548924316 0.508645235637473 0.042317857240970196 0.42626195685157126
109 7.168149278170728 5.754361722951575 11.065748520834815 2.055706798218743 9.438423367281022 26.107491085741994 2.4528005168882454 0.4834959583496232 5.916003857145661 13.072751340179549 33.14292165562783 0.5088148392649428 0.039331574681064595 0.42724011268140744
110 7.483921099510548 5.619190350686182 11.106139646681456 2.0396051670093818 9.176859281810293 26.188913921726847 2.593546391894548 1.1212494431641207 4.589729089683378 13.621881905077455 33.6156884737912 0.5086184737421484 0.04081531192052121 0.42701359315862625
119 7.642618705806869 5.862668799102277 11.084381539518454 2.174637611286299 10.204043135775876 24.839698448178915 2.8373132133752863 0.4620173728683796 5.208863110783495 12.673070587462371 30.819464497154804 0.5097753564477044 0.01642780081699526 0.4285141823998025
118 7.848514598717084 5.632623424357568 10.872007048571152 2.114868245261054 9.2319662317943 25.73547265093755 3.0320338604171395 0.8166069040819655 5.368509935963071 14.731145160408106 31.436906071807066 0.5079214712775565 0.058814280943806724 0.4233297186781674
120 7.766187946812924 5.564933195442073 11.225788537842824 1.8889194643224858 9.130092799131013 26.23426279934411 2.6322847219981664 0.7764322371520134 4.817232026404106 14.579281572344266 33.1610620981072 0.5092207668698173 0.03982159408692028 0.4270479480185474
125 7.475139834231644 5.834488448168156 10.672188558952813 2.392297569495223 9.753117376084163 25.31157782613082 2.8368375184270787 0.7339996815024755 4.495790534586537 12.069349412721799 32.31549840065914 0.5089491601503077 0.02989150191200537 0.42847739826687176
131 7.618395858259466 5.838319875746801 10.829841715927094 2.098986874156749 9.082078440684429 26.144971653431302 2.7177413943317035 0.5935315801239185 6.070632512737294 14.449770729488273 31.765852146089998 0.5054672309742844 0.07042124931552228 0.4236376393189263
132 7.6595314897042455 5.644843964666333 10.626311759161958 2.513351794280849 9.997768275846436 24.670002013717482 3.126996226531684 0.46222631141584725 5.3378202504985754 13.58279958126982 30.171647274958428 0.5074986361239027 0.04665194710309465 0.42631047875090766
133 7.7029637170933665 5.600702514220956 11.058649677691752 2.03879117867177 9.515032823104743 25.337504343301227 3.052137833654121 0.8402253912186993 4.734586780861636 14.187997559082872 31.502614729761845 0.5086338801904404 0.04110963426231342 0.42741932126669213
156 7.412398287095756 5.852197037635528 10.908891068567165 1.944779706281944 8.606147471544809 26.795136676435767 2.5927700732299668 0.5155164962981985 6.272857854044926 14.614014943008035 33.636274060838026 0.5088332720989571 0.03514461423866209 0.42573421164930075
158 7.5249480086861595 5.566734379970326 11.281869762224712 1.6808514400844257 8.569765471054966 26.551713574136606 2.875255989878576 0.5870479479041258 5.782464535167085 15.439948898398727 33.33180314978286 0.5100615370136147 0.014923055725190896 0.42898690346906365
134 7.874957717970931 5.530089166230201 10.977968933533381 2.405652267878179 10.522876082689411 24.095510290463537 3.256095920283194 0.8882041042540729 3.2132446284524026 12.373730994258006 30.032652971296933 0.5077134905387239 0.05370279000364644 0.42609559251002427
141 7.895372887186804 5.722107898200133 11.176700074482747 1.8879866388178064 9.01890738840189 25.768685490586197 2.9903332843766055 0.7199686193418838 5.008437886441711 14.370989578308318 33.010111665195026 0.5083125798345283 0.04470024231388709 0.426175148326623
142 7.245191569972474 5.957337270602331 10.908695806213519 2.154775665109736 9.756795289501836 26.031835975446278 2.363154059849581 0.7103706174877958 5.631214492168342 12.13989936705666 32.19063813848435 0.5083891644012863 0.03887606507600496 0.42782197893372187
143 7.602096398068135 5.836073919844641 10.90451664702189 2.157398954662886 9.702588312622865 25.683243047653335 2.650036463202907 1.0524606271779244 4.063133227182719 11.687105907015537 33.19390627021321 0.5083432960112484 0.03851454278178639 0.42742789986961044
166 7.731735087212546 5.444123186271164 10.619208317218128 2.4582802248429267 9.146187798029963 24.97956417482202 3.4492242673928346 1.146313445644948 5.084650065255422 15.193860377815776 30.85333177124484 0.5046328564548294 0.07759488017433172 0.4223049381671784
168 7.836277596369681 5.384344737351914 10.841464627754714 2.050383085900541 9.232436106355827 25.967503394141325 2.7532399042317723 0.7740685479929135 4.808985089834077 14.265184445219598 32.63925931008208 0.5078561837093917 0.03999708400198504 0.4273024293081806
144 7.446068120940716 5.60019992022893 11.078377425033253 1.9193843050390003 8.993108196177817 25.74324693312801 3.0141134078758136 0.72091117382166 4.886601443857465 14.627705673764574 32.55676342272964 0.5084466490600973 0.03916027287511018 0.42696584405152466
157 7.258289551828209 5.743705235498078 10.856506689416573 2.1287433130724853 9.364876123249726 25.470914563593904 2.959783694550892 0.5043163734313154 5.628799226336535 13.77574519834956 31.91807524621092 0.5078636572529626 0.05207723378960989 0.42621607258717503
176 7.5564436336549825 5.7913871367663114 11.089148772080158 1.9375686480665921 9.121734776587676 26.01063260032823 2.847055174254013 0.7585315948761748 4.926082396895641 13.438921388309945 33.120252292918586 0.5102434526822336 0.01552638410429983 0.4280184093497718
177 7.840171422613935 5.477937919256896 10.745932055667218 2.339431007073008 9.608773152475305 25.118979874569362 3.3515254638522745 0.7170516026564066 5.35317681657692 14.260001415415763 30.129472100848368 0.5073233084778382 0.057087845060614026 0.42509864971615396
169 7.522907385296971 5.517706293968701 10.396444369585819 2.723958278461746 10.476693802718158 24.033523965281287 3.2782434926414346 1.0910262035201577 4.047707259765129 12.253386990100969 29.193688021204434 0.5060148924984131 0.0710236648683859 0.42203874074657777
159 7.338600269974824 5.707549587981493 10.511054680752686 2.4740886023260975 9.391733613312905 25.504572673378355 2.903911111542044 0.8191600205919343 5.368177806292811 13.383587667105905 32.131575818044006 0.5079444785839532 0.04791025162707556 0.4262436906008627
182 7.645212215597014 5.747613861066739 10.9961543884197 1.819299921889963 8.84751924583703 26.739490176785104 2.431939002790056 0.7142005293044801 5.6892533421286995 14.267604152776414 33.76917614346858 0.5094847674144154 0.029649183737463704 0.42812465105570097
181 7.918826428934514 5.608110953078611 11.205771023903939 1.8033830549967005 8.626385848509479 26.34490688815693 2.7817832698880465 0.6253906893865417 5.441878767566494 15.368118235255134 34.13943660416495 0.5097002207065809 0.023778732868560366 0.4279394869286404
167 7.2746207095794215 5.648932373069642 11.000833025405862 2.1019739023889197 9.8477991056283 25.22909756068705 2.9358292707944385 0.47373636384645995 5.641305018972057 13.345170656547689 30.9096357028195 0.5098870271401583 0.015843552437791897 0.4281096597436562
191 7.857059804072474 5.647864710044189 11.00553350899166 2.1502548624726705 9.643259213987875 25.1246289583954 3.024346046725551 0.6053089424912533 5.394168385239458 14.1188784503961 31.186084112713374 0.5079337090582063 0.05210557444940808 0.4256842471756107
192 7.767830458804151 5.784748519753326 10.772395741104168 2.163273947024387 9.105109778337958 25.69998490160581 3.0397229751526544 0.8304631344027508 5.08510840163803 13.749417213589616 32.614581555683074 0.5088936515314079 0.040999702754956624 0.4268138345557094
196 7.695933757092294 5.500764459412157 10.974926700407138 2.109643222015769 9.56843396435427 25.324358524490215 2.9482867963588726 0.9219784064385614 4.776191602885409 13.53629144224286 32.39090050798583 0.5087411230625932 0.042166680864673796 0.4269008136760744
197 7.647041041588441 5.6460508036705574 10.752697320445892 2.2634723774326426 9.885726718705842 24.913961159586247 3.186386847838722 0.7785776958298808 4.657654400120605 12.89433164713769 30.849052147845594 0.508585858957963 0.04486213918036504 0.42711106681488464
135 7.597963897969445 5.630516370281481 11.084914656537864 2.0935226259723465 9.84814203421738 25.337717260784274 2.7769649391211795 0.6791122380478186 4.841688810108056 13.104964094426201 31.559594815975995 0.5085753588227356 0.043569707486204354 0.4268971369451921
160 7.72327689481135 5.655740923094522 10.846874631566898 2.073021821895634 8.943082666582209 26.25381136068576 2.6691137023884375 0.8732035989914795 4.855340813342283 13.994263275485777 33.71418226375154 0.5085504217830379 0.04255312530602982 0.42678685565533736
184 7.335080227495638 5.798869198238832 11.086462517831322 1.8366839667492354 8.399039371977874 27.208341599556164 2.438754994127142 0.2585838332735462 7.1638511833358764 15.377495593641944 34.143008522365704 0.5090092280583752 0.03164831552048511 0.4278877463534126
136 7.784251037075558 5.750535998548472 11.241262165327923 1.941194922111661 9.601185527373115 25.543095454084703 2.809356359604484 0.49948234479245845 5.847687267802797 14.674921384190252 30.968225229149002 0.5090683354212949 0.02967039819843204 0.428240675644628
137 7.6439476500471315 5.572102763280999 10.668785091947282 2.279596301863742 9.260771108890294 25.276023882534783 3.2099316629681094 0.6641184521311397 4.524151508597453 14.300053154538887 32.015427287040815 0.5081522028968786 0.051059408593394646 0.426097442932317
162 7.635872602131996 5.7209196933148325 10.647863578059573 2.241028660589073 9.042141486531015 25.75640199424187 3.025536099398407 0.801590901247134 5.108196280798376 13.947505687057093 32.720690232673455 0.5077116671914411 0.05558236920198155 0.42474177446029865
171 7.805968170539552 5.543112162353709 11.116908109879258 1.9033855413368217 8.965508545790957 26.229605084934633 2.6885386710121053 0.7008863712654022 4.78588262470841 13.99666058010954 34.219608612023 0.5100130466263932 0.020494529489095813 0.42834052595755734
145 7.477972936390716 5.540457506037875 10.603399487968083 2.3506202946000094 9.68138227442598 25.56748926862236 2.898127656854 0.9240215341676066 4.490858967865758 12.261086238798384 32.15003644879351 0.507909354454216 0.05469724798942386 0.4248940490513171
170 7.705723031877016 5.712737503262831 11.0486444635622 2.1417284517617117 10.029164191091667 24.837796200498275 3.067873203095161 0.8353176749769937 5.104061535628235 13.763066007734068 29.73459476636536 0.5085995587414397 0.04388970333246197 0.42626441759470685
146 7.357553753698081 5.770780068006661 11.09972977278901 2.0420509915431984 9.171392487053447 26.229098658935083 2.5767335517641885 1.086772587697543 4.578085661538332 12.904320145681663 33.632210396070874 0.5088565840893218 0.04065789838567547 0.427370283480388
147 7.405638413594895 5.667883101438535 10.884465334207341 2.0433242384485912 9.252816384501768 25.549074394959497 2.9757663339484015 0.6696069667619046 5.515846222153527 14.342896415928363 31.950151506284417 0.5076565374454379 0.0538216828112675 0.42509041896975314
172 7.48366329681598 5.837207363207643 11.039333553366582 1.9359274635403558 8.968050294598576 26.325545197975035 2.6162717389339414 0.3167797487707803 7.063874224157217 15.02669174324896 32.30718303278196 0.5091386017311081 0.03695936263950715 0.4275397193135971
183 7.568742374991826 5.822765474469309 10.807412504089397 2.172007029094473 9.476760524078149 25.626172404180256 2.7735704316069203 0.6891987043070597 4.99089321789005 13.17592048937988 32.163762295978096 0.5092923708828947 0.03279871081393841 0.42745317070114996
178 7.710009253734874 5.730738519793195 10.814178683507595 2.1651082302208304 9.320198180985614 25.4175810079583 3.130524221948474 0.6520208917726009 5.107129530204453 13.752665748832037 31.827407068269274 0.508932562733166 0.04235263457084361 0.4259591688634516
161 7.646414252904787 5.787986386363197 11.015161237583253 1.8697376504959262 8.578931539436258 26.936539293432517 2.466926536358762 0.48026650205464566 6.657524881723994 15.016737461085837 33.83879818132083 0.5088587521998363 0.034615186334290025 0.42763142451082026
179 7.367295012869859 5.926672555026537 10.993581921090163 2.1256185256638163 9.63449069858579 25.024540907838247 3.22694034157555 0.7340321082099818 5.647030500288748 13.682257024310637 30.578648754928864 0.5077313574479243 0.056387069306543545 0.42490314332291934
193 8.06159570849647 5.66240576129122 11.146464476272547 1.96379449046609 9.340403324712085 25.17574971151661 3.3095854995778438 0.7255147116037582 4.72282293913829 14.548648825450979 31.458281754317202 0.5087322791428969 0.041619321711992154 0.4254557477121884
198 7.5941910458168795 5.419267953070552 10.51872986984977 2.4011816606655922 9.363116160570868 25.150334096784288 3.223414603185836 0.7492672110492887 5.421637210014764 14.646004172435072 30.881340283013675 0.506975403297757 0.06364582135642582 0.42441156044639666
185 7.786601405796365 5.739616858457577 10.882911493736001 1.9798249292953636 8.717691522595173 25.962477697241052 3.0901206819593185 0.6520307087990849 5.676634087120534 15.330207806464898 32.2949834076158 0.5071434759299943 0.05647807658108529 0.4250265575904444
175 7.510403698566552 5.705315121239467 10.61462397791362 2.3726729426580864 9.62529137271516 25.069807556085664 3.1902926865076036 0.6408014391328425 4.9914309519982885 12.752776348358898 31.835313190766218 0.5088642006150801 0.03820246272739222 0.42697870903643614
173 7.535834980522906 5.76163812452088 10.990931040990532 2.0783810650607544 9.205567964831546 25.191144896727753 3.3302153238404 0.44225247916624394 5.946405862169045 14.987492726013413 31.1792036792888 0.5082397720228903 0.04019008175495554 0.4273995753155741
138 7.810574781627675 5.6349197687813355 11.072793295660489 2.062270294492783 9.24058530716464 25.2067174797107 3.201592288289814 0.5472001487630775 5.948011028774734 15.059328219025122 31.797799604386682 0.508473570287547 0.041588702901455596 0.4269486326915854
139 7.344845304798132 6.031959852567103 10.848356013102062 2.2352038390470006 9.590520463684202 24.804915853310717 3.4071348410012097 0.4198247700890662 6.128719290085156 14.645320476954568 28.68726729737381 0.5069391447286354 0.05864367774274545 0.42457814770029073
140 7.464632315475123 5.857980316235744 10.472534000190347 2.454134900656559 9.537111445375325 24.813824089843703 3.373874396988556 0.4834668561830743 5.668546319876933 13.380726320713894 30.43929309770014 0.506032537929402 0.06139414088913258 0.42367854529095683
164 7.430874462307431 5.875888329646239 10.181689251976561 2.637021196930962 9.604345305483438 24.70280355850365 3.19867852958591 1.0828718150980634 5.062863097707931 12.960313040067891 30.851396745104456 0.503641842012808 0.08285278805907856 0.4216484654862774
148 7.756549204914062 5.543881562223011 10.871387212041515 2.234967323235202 9.44510354080628 25.353640658334623 3.0873649800340743 0.8126692853292797 4.452050199598439 12.980116103385564 33.005809130255564 0.5083242549372397 0.04549429965113189 0.42644212718785407
149 7.557581133280998 5.760232045051964 10.598571603093266 2.13009815814814 8.257656851722565 26.69699777947161 2.847979863038098 0.7439606506573218 5.727147318904078 14.671534916603791 34.40183865130604 0.509033511440372 0.033127950431529045 0.42689557824169594
150 7.5040391384238525 5.918672532696599 10.848115610101361 2.18203356160046 9.710880727039498 24.956694037154577 3.2057674687775 0.6205458935793673 5.031798051936449 12.642604034277545 31.400574972363124 0.5099015863483959 0.018879924553176823 0.42884455364102747
174 7.4786571876911925 5.774644457215686 10.76030013474405 2.034031275249317 8.48662022058117 26.388707155891193 3.1315909228227174 0.775754507733349 5.64742424989537 14.311787234300821 33.16373994884905 0.508111139032355 0.0513187395304565 0.42551859121371455
163 7.430504618336858 5.793524578606341 10.91288654258154 2.068399951263516 8.824197986681648 25.58775811692465 3.2916495813184565 0.6535670174128762 5.815300533635778 14.650501209199946 32.45917189801498 0.5071510590413346 0.05866203246140186 0.42452959208364904
165 7.562332184090182 5.726711195157137 10.333075200183645 2.6276133949876894 9.931499949555544 24.861735951634696 3.074422721265098 0.9167007753628744 4.072554230000118 11.448190950407549 31.466351772090754 0.5066636775328021 0.06225351610440125 0.4237963103045533
180 7.92036333489214 5.491460430351334 10.245790699312534 2.6325135949481067 9.577632191056347 24.848003403802807 3.3735682792952235 0.8280129158605604 4.68236077115592 13.818197435252715 30.461312459522713 0.5058728796669203 0.07137805124755975 0.42280238525190705
194 7.407858639929437 5.653312548332668 10.546733917903321 2.333810330808651 9.118610890542737 25.643131137672352 3.082038501332093 0.8050230066234065 5.532432576728458 13.782414016112433 32.380298468998824 0.5068525546877334 0.056665851472899306 0.42631226851897164
195 7.57828529909322 5.813940814828464 10.75706868631281 2.206064662469162 9.382633781109911 25.693369366536057 2.9084596695591753 0.9925311374422385 4.824415891488671 12.251044845347673 33.040831600064685 0.5093292249436208 0.02646732484065491 0.4280963515899148
199 7.296318203672024 5.721879369063842 10.77446169870297 2.3595014979478424 9.551687244321712 24.83405661516778 3.286381569503008 0.8520583018013348 5.366921634583003 13.7062855509035 31.315346021973088 0.506884176793563 0.05704019931156523 0.42559641013006144
200 7.423585319987172 5.866575002493961 10.89776418614815 2.1368648751619266 9.550536867705162 25.32256777093826 3.1010078997855217 0.5207356879399911 5.802422086215379 13.25118241280124 31.33417725455251 0.5089651016461022 0.03613114452117542 0.42753700653504767
206 7.32517494558565 5.752828796350348 10.762544733819583 2.2319717506900685 9.384354591491396 25.68128989585361 2.818284541629972 0.8577610070437603 4.822456854284412 12.470055444958666 33.16927112640376 0.5088621068353213 0.0447382172911299 0.4267120618325272
207 7.640340821560141 5.731091541009664 11.211742440408166 1.8122835464020028 8.801077201620238 26.33105290075814 2.700402654959092 0.36103395773939817 6.290035341453279 15.720747813370641 32.72967438067609 0.5097589146577199 0.02808957588696823 0.42807234707652575
208 7.647287153401629 5.616856015923265 10.985154921258227 2.094394194552073 9.614651825649448 25.641849392080054 2.8343910260006218 0.8214896819038621 5.070027859671288 12.400838443441335 32.52140181031848 0.5088261861639526 0.044611653439691014 0.42609016743030703
209 7.466351838547672 5.855922382487349 11.07084619004356 1.940907042732016 8.889387694484114 26.277912429407316 2.695536088795736 0.6780141037134023 5.912556272713797 14.188474842530326 33.38703956201751 0.509682930817011 0.02812276918067893 0.42798673077022986
244 7.898859837713478 5.572370654598834 11.19433757615551 2.0352005043511125 9.620165892533718 24.886394591457403 3.2213717063919085 0.5865998237270447 4.986053956372968 15.096846333620041 30.62852929508765 0.5090231535972386 0.037384380478862535 0.42793376770198754
243 7.447032807920498 5.884325874406861 11.226283254848518 1.8700813418176943 9.406906122077354 25.922820206822085 2.644679430119683 0.726749928644637 5.288671616985506 13.479175642764076 32.4103407424521 0.5097763246785392 0.032171451816231524 0.42772013363448697
242 7.746625431873191 5.70817298167952 11.187967613133244 2.00020503033171 9.84300486195527 25.24741513625831 2.836728303231739 0.8054976492894685 4.684292910077712 13.683194618831909 31.125704662959727 0.5083979944574273 0.038900377409965735 0.42737368376784607
234 7.982392227407604 5.595812606601228 11.312505888346603 1.9396553174163682 9.730903571758839 24.899690455035557 3.2095924291186764 1.1872879643551875 3.8535428009325536 13.366581776716009 31.993195941889873 0.5093021949571357 0.031174442718061607 0.4278710299215116
241 7.651939356505203 5.4121012754585 11.091045849240254 1.9661096346731624 9.2089151599941 25.544568131803434 3.1540520788253703 0.4358553137881534 5.7198232459980325 14.914490215350277 31.80686673281352 0.5083494940454333 0.04631880216132164 0.4267365960545939
216 7.703978221444341 5.68045327522115 10.8142773596455 2.116194355248042 9.157345351588575 25.82697766609006 2.9869377813918905 0.8031220015572842 4.976243693575258 13.631799713975647 32.856424674718376 0.5082581319825479 0.050744457050414596 0.4262649271219345
217 7.507968958862486 5.59744628639057 10.959846483478563 2.0605966307428503 9.319752966150789 26.086403416634113 2.7282542160597045 0.7286739365264113 4.731215423455625 13.64084228138791 32.51760715025146 0.5081971143089479 0.049927060346093816 0.4259742403211763
218 7.525268910385549 5.711049555674393 11.100427683669274 1.847177921202632 8.532117885651754 26.8433883071087 2.551608470039791 0.29857276838906066 6.758508063744391 15.729131302069858 33.43074264072436 0.5100257088385649 0.017724780969843944 0.4285952941820588
233 7.587696006988772 5.503752912136752 10.734764358003824 2.240382097212173 9.520740953789339 25.30072965871755 3.1587522949219613 0.7498616607676415 4.983683291474809 14.065119381392792 31.168808442974544 0.5079355418115635 0.05519104542560145 0.4251411930703385
219 7.117225554742935 5.924358807201144 10.890769857260304 2.0550637564286514 9.227215235373713 26.60028089777786 2.3534369385142924 0.599394330026038 6.00815441606856 12.690978879524609 33.47912643963317 0.5095200136823275 0.03199740983017802 0.4277492510293993
232 7.474109033026383 5.7052206038074615 10.938422472140433 2.1720035429483744 9.44996233421312 25.64952847976366 2.776328352735897 0.9245286068845524 4.450365490443301 12.718636087204594 33.20979914228746 0.5078408567962642 0.0457186251258308 0.4271680232178924
231 7.632073236277351 5.5128581452091225 10.727167769258376 2.303464528450835 9.663823753118544 25.26793945919374 3.042859345683072 0.7047674346868062 5.122570876009958 13.213230978578755 31.52427003169816 0.5075767375935352 0.05700933287845556 0.4248896977513378
236 7.4832370665313395 5.627406732512348 10.936698573899783 2.1083247273764467 9.279899489563075 25.90549114204951 2.6888958535633005 0.7772045166708283 4.908165793501476 13.701202990568552 32.91116539377223 0.508862328434324 0.03722534605721601 0.4273293693718989
237 7.254848976104466 5.710994023986265 10.938839346706121 1.9862583503347184 9.113911886841379 25.64428362000183 3.1071478307283837 0.7551227414103124 5.597809054216582 14.474287837319897 31.787567067891782 0.5094354457116363 0.027308941811971705 0.42796293017619225
247 7.935723166900775 5.508419129240391 11.156700204296186 2.0136378520871334 9.752832078785099 25.19587351719687 3.01963340797021 0.812247989024011 4.269367488835226 13.534130293786534 31.81027877719281 0.5084139250546212 0.044510048454926426 0.427109415534849
210 7.69387406713021 5.6481888420397155 10.557716841845945 2.3829487469730464 9.732173407428803 25.04597001597923 3.1202327415176825 0.8279110464926766 4.623672454890938 12.22383413047405 32.031190192717595 0.5081970335523194 0.0437315238528619 0.42653673346682747
246 7.178003046924887 5.7745427337936635 11.2009713251173 1.8532481676010066 9.152515291715172 26.247592300934333 2.6928363144920135 0.5660282203759783 5.922942344026136 13.935207101346196 32.475653967037005 0.5098040176925832 0.015395291256171818 0.4282421060488309
245 7.971517752904405 5.689908441859104 11.116984168824924 1.9894180597134923 9.401701148512258 25.83172784260471 2.9175236985620594 0.41244721306945625 5.7428776728558395 14.967465540368927 30.93922027203656 0.5083442503788347 0.04641022979781094 0.4264637711413531
235 7.657830826148503 5.796318058931269 11.16418123856533 1.9796821847658237 9.711901042129773 25.293118011283507 3.017385294550771 0.763093164942952 4.5728039867933425 12.942635482338243 31.742290642680306 0.5092833416193754 0.03340456235008972 0.4273697205885305
211 7.572535112995969 5.460506142880068 10.205306876843402 2.6912479515753787 9.75893992013013 24.84233677532731 3.2910287866240973 1.2190828257399888 4.680642505489771 13.267390835552696 29.846279117212212 0.5044158647101046 0.07844381354435331 0.42242048570195073
212 7.214621155359532 5.778777890441182 10.629628054635528 2.190125241573427 9.37926022845004 25.965708330245633 2.7129335225525573 0.5611925930585742 5.586722210753325 12.693873616798815 32.43208877370512 0.5086451444982054 0.037283045300781935 0.42708292762278016
220 7.546333131794035 5.752694442020067 11.238755993389901 1.8954269391606136 9.107439635243919 25.347788877781547 3.3442553766979337 0.7062988572960345 5.109452553004077 14.61903558450876 31.890970003637474 0.5086301148936051 0.04019072917242263 0.4274627806174013
221 7.379196272979363 5.885629508310452 11.152987460032175 1.983575237792099 9.735556855725479 25.98085819820209 2.43375554866511 0.45981512789303647 6.171755552939286 12.880769012304903 32.0381215972102 0.50964819632724 0.023287220569208986 0.42842534227437923
222 7.586232335275057 5.743533098816976 10.64322279407356 2.157776925514786 9.084220896099545 26.265273416344055 2.7237558077424953 1.0165101204583045 4.212000302794543 12.333233076121205 33.783258852819 0.5092386899492489 0.022742533907395182 0.42895050868977735
250 7.905532369186982 5.35814594122628 11.10706812916772 2.0015782703812013 9.197800495268867 25.65538503832356 2.93746727692477 0.468900571818144 5.305801512246475 15.040354983258057 32.728383828002784 0.509398995081428 0.034008089852417045 0.4274161707111537
249 7.6223579033079725 5.686564053294291 10.8251020418278 2.109754290674821 9.21415240562555 25.747473503778757 2.9980599107582617 0.6829324776572052 5.0834020521981795 13.525564682206229 32.600484581742926 0.5075261965774577 0.055229708494507895 0.4260172112972737
248 7.66680240090716 5.547691696810847 10.93571575558044 2.052654771937083 9.368970244512207 25.233460891897767 3.2479800097055755 0.5118639435799899 5.152658946919304 14.551265797369926 31.29409838817402 0.5082416736577129 0.04894232863592736 0.4259081814483765
238 7.560974354513011 5.676210872245238 10.891743961905853 2.0912755618517838 9.379425048931225 25.648666636028565 2.8330877831390464 0.7622467898926454 5.199368013152345 13.500933750997651 32.39586351569935 0.5093989362955301 0.02646057143672638 0.42713303599833435
213 7.908678110280509 5.587050541992543 10.898174981743477 2.1963680492342674 9.568792835617996 25.00661532901379 3.168515073022674 0.8664110955929433 4.153184132485459 13.35192589492713 32.30200833277871 0.5088286894773466 0.043042706160194164 0.42615488912133137
214 7.897321234821079 5.440760000838087 11.061169392028209 2.0835054793006837 9.210484436027345 25.047031906203628 3.2209405910985818 0.4795019533823987 5.727077543990006 15.715755218853221 31.779145962953795 0.5084332144322771 0.0397502630681908 0.42751429430262927
215 7.742985332903273 5.745185550482899 11.036875638724345 1.9592528259882016 9.00533319515819 25.766388899045037 3.061081042470662 0.5846129371844345 5.611467337438678 14.42019864764216 32.77066415590951 0.5089378820322792 0.04235824510583231 0.42697599577393497
239 7.680778283518557 5.8749658077807085 10.858441145220382 2.1762115199438625 9.447326741248718 25.969655006990312 2.577882609552632 0.7151853375882623 5.265833822492877 12.77942034191041 32.740268249500275 0.5076855590810596 0.04375240858682137 0.42710896740972903
223 7.855504939328845 5.6386381916699575 10.593515423577172 2.3977841330924803 9.69443456670838 25.532328678436492 2.728357105282277 0.8190358647043545 4.530359729237246 12.709360391167221 32.19165526070676 0.5086081738165531 0.04188171573488213 0.42721123955615614
240 7.021560230805698 5.572364450716766 10.722695920628048 2.294265423662574 9.152490473045503 25.490694053408976 3.035585244558242 0.9505362192215794 5.78858250405608 13.131212685558825 32.77624485594101 0.5064135477148908 0.06536111520456046 0.4241257606053654
224 8.132867814335123 5.69838522313565 10.946710197267171 1.9877320633518716 9.23599729891583 25.33274007006736 3.2466717254265993 0.7938681968565381 4.728486479095754 14.133494140300995 31.900819382893282 0.5091887066289217 0.038972513922472626 0.42719238244996643
225 7.8705180826086325 5.516771765971506 10.834861877455419 2.091451214432264 9.234873575264372 25.675005991065674 2.9244723490381053 0.8131369228950669 5.019502794629843 14.319921228492777 32.340905363828824 0.5075514366930608 0.05151071585313726 0.4269413116695037
