# timestep 8450
# phase bcc
# id f1 f2 f3 f4 f5 f6 f7 f8 f9 f10 f11 f12 f13 f14
1 7.590642340705574 5.840495939652077 11.297799387681305 1.7893198706492304 9.266594085881707 25.761715012533138 2.8895579210814724 1.230399222993577 3.932900506633035 13.045735338051928 33.455226223902585 0.5094431420740397 0.024191046695081986 0.42848480901186087
2 7.853715889190475 5.3550969219911115 10.86324965834846 2.3391085260375712 10.40480421757084 24.90888451484078 2.710223967923039 0.3609891662258463 4.8733803957941415 13.46266484781279 29.882077535551574 0.5090065251211602 0.0401912722803401 0.42614937074062476
3 7.477179377638787 5.7889501765102125 10.917560485038456 2.0103693747220155 9.00586856190325 26.563378097907833 2.5718834397614887 0.5388357102044464 5.94514743467963 14.205137554649754 32.912849869293 0.5097682930374375 0.03206912388089536 0.4280155303632742
11 7.749377350232349 5.399346351049889 11.357200666183505 1.8649402535808128 9.70047240426306 25.535877165640724 2.7190480369629997 0.37452371880842167 5.393281671955844 15.371778597402347 30.50558171454907 0.5091192521051204 0.03303918783442308 0.42652776188000313
13 7.810362774039179 5.660634677874918 11.144908052444116 2.0665154650025928 9.659280338472987 25.628270716372093 2.7433261632893395 0.6005464305368932 4.99273097636042 13.93055032179015 31.69463949096145 0.5094407001779869 0.03094926494961388 0.42778938897630303
26 7.63126471807589 5.652228096498362 10.864123083785477 2.1659972454430108 9.380757915355543 25.852948342104032 2.7784531342569863 0.5097611477894998 5.388445501156733 13.940988455928352 31.828373427941298 0.5091976714521032 0.03126261246844932 0.42851192470844685
28 7.691714002870592 5.769626862668525 11.323651354645248 1.7260516627458748 8.731258648552735 25.99873814748021 3.056271615029908 1.1842186158947208 4.199946036706194 13.796776339040791 34.67294090587881 0.509485419123742 0.03257584883054594 0.42788786790921063
36 7.1505587096152725 5.672445906947641 10.770748167197318 2.016042839741647 9.360692546844088 25.886435275811998 2.6330665679363467 1.0625164497587003 4.825935422146858 13.653887971198637 32.32039946021764 0.5074392312811747 0.0529371444245166 0.42593591224290756
38 7.75849340284 5.463133173561286 11.006139611486796 2.1102312102340726 9.305893538442156 26.14594050714486 2.5190653241740972 0.626074856817405 5.372279705687503 14.503154164607377 32.42997040202731 0.5078199008630743 0.05319137314413724 0.42586670717735914
4 7.656140415995244 5.848776451090265 10.807872653196958 2.3403657776639637 10.107330892287608 24.481474452233535 3.3914443062810005 1.051595662250889 4.112841229233822 12.071938641670192 30.33566066977259 0.507831351809306 0.04806326471717039 0.42701729582957293
12 7.0117205935417894 5.917377356237641 11.026383235058049 1.8366258841146437 9.4859901161036 26.01513439632586 2.6264664514229104 0.7482496785091335 5.579583587960982 13.343500710407238 31.688222937019905 0.5094044833460258 0.02797231345646607 0.4279830970482645
21 7.4882024153595275 5.4690059952705 10.460909719677637 2.7812938952640907 9.883704559709184 24.89046161906501 3.1016418172056244 1.189736285598854 4.173990639107126 12.689280850896585 30.08583697842235 0.5052470206589963 0.07347667500069796 0.4225991698486356
22 7.603357170080644 5.663927594425818 10.570537553130169 2.342607635981028 9.589715231294795 25.497870444375508 3.0374156218216646 0.6879781138825027 5.042176818016313 13.390016921534013 30.799139789915284 0.5083675402893824 0.0524150436416617 0.42485687558489793
46 7.746634119429177 5.377376170710996 11.057679184532486 2.2356379089764404 9.90471559209228 25.0337038291031 2.9125285465118425 0.541573507513964 4.2434014338664765 13.994082696093873 31.305344742046024 0.5099557389169644 0.017323351793710702 0.427719959369229
47 7.584580054700443 5.7614523294404245 11.25855104895842 1.8137584499158963 9.158051766168729 26.036476865013743 2.7647085520454615 0.5054063677369773 6.024702882846999 14.365100690926756 32.59514292435197 0.5096134157813474 0.026697734981862616 0.4276959294778196
14 7.351794386211406 5.902840336225861 10.999332397138462 1.9604629554825181 8.776121142416077 26.102809029010995 3.013548755685275 0.6976769524317775 5.680955279161099 14.186966091853707 33.417693716137705 0.5094315983792056 0.023944949952095444 0.4281446428128467
27 7.3981980966954595 5.756173858050591 11.375512582506273 1.7405273935346883 9.306544329955717 26.194048079686816 2.530453368966614 0.5842503850538111 5.503531707205022 13.92741253012986 32.90691323683537 0.5101697016238653 0.022063995786877635 0.4281169638188103
51 7.915776032578826 5.379279363669427 10.752129251676594 2.209807001129637 9.512042428501953 25.431212002275863 2.8307694226873474 0.708839413653598 5.069591179324956 14.134142448465324 32.17729209869288 0.5079362108524711 0.05121573852989279 0.4256919674534426
52 7.53796654281732 5.781112809594665 11.162895618150113 1.926284402196786 9.316864944090293 25.869424582873332 2.691491893172266 0.8823672437165391 5.1552215871518055 13.72136017329482 32.88081853527831 0.5096433644835768 0.030006429320202817 0.42736193809172995
56 7.417165742346334 5.691466597111863 11.483074443376763 1.9703976518143036 10.551623250324846 25.437864688970432 2.3447981903606627 0.4636101232916522 5.083676883730133 12.842893739423197 30.06252445280214 0.5088363016857064 0.044044058679162605 0.426436820616605
57 7.653595640155289 5.67038752954881 10.86287149780177 2.1867422351947448 9.801014664801828 25.626209288444162 2.608728150989942 0.37378888514806063 5.78962136615907 13.977390559238975 30.86631729665494 0.5091406083017658 0.03213695293333846 0.42776806140389145
29 7.763034306119626 5.727889578190506 10.58690767106138 2.3000292872565695 9.355780995526239 25.910660536072875 2.704920538432628 0.6781285387215101 4.845451307143955 12.761412278056161 33.13896144260032 0.5095517121730136 0.026026121176117783 0.42712063238711456
37 7.396792524127671 5.608822572030524 10.87690211861303 2.2268940366435688 9.765994319419306 25.621297817185688 2.710501027353975 0.4395619207262739 5.85137928174965 14.634873668064962 30.275999952418967 0.5071295881724495 0.05863755408649848 0.4250805483986317
61 7.542270074972282 5.444287182896189 10.943143112698339 2.171904477487423 9.87213837387186 25.409107675541954 2.727297166638775 0.781020170113096 4.941287663153995 13.61908056215691 31.14097902323066 0.5086209559084734 0.044530748926666926 0.4265051424301796
62 7.355175176794004 5.711058802576475 10.645770195198134 2.290325991406958 9.601102056430063 25.583168419917925 2.922888340214806 1.100510665795673 5.425824673330028 12.760310965452923 31.239618733572023 0.5070714846871467 0.05979125876870699 0.4244477517919726
39 7.579596791902962 5.832581862457991 10.652749171080991 2.359471990641692 9.777378776299825 24.80506020889862 3.1838189544120574 0.9425707045326557 4.894296380950791 13.106550372452073 30.47933403814381 0.5076522644881991 0.054343972138200046 0.42547906559480786
126 8.095398553728133 5.514329104843328 11.028265000841877 2.062109691864307 9.719192940895313 25.18062741731342 2.980475393276525 0.5077742367115983 5.442267694924886 14.783599703915261 30.58258595326337 0.5088843092212514 0.03042193794178099 0.4287022410249963
127 7.928327075883359 5.638469202499989 10.82337950221791 2.1717458631219517 9.435570337122204 25.612396846939788 2.9051298602616584 0.7558174340284519 4.6237813981683065 13.509841634795174 32.157688940847315 0.5100048699289065 0.019578662774218773 0.4289085904564159
151 7.709505976412789 5.79419986068309 11.01057234726168 2.0551107559493063 9.292624114258537 25.926398935309276 2.7357716881136054 1.2006609315328847 4.187207070364499 12.68816544587798 33.69342055966917 0.5091295099145123 0.03256946719813347 0.42767972689625733
152 7.8439599279304 5.7466003274203965 10.641460336788851 2.4751577921944143 10.32499254404506 24.64063766140108 3.0443940710283854 0.5576016587428825 4.722616622578027 12.533308438082535 29.738718072666625 0.506972486419898 0.0609600125721451 0.425157242958353
66 7.7746600568888296 5.413258524319183 11.130470333984437 1.974406552321677 9.437062290260583 25.94282051756112 2.549314853776522 0.7342925257479618 4.600706602597831 13.917515879646377 33.11468338172205 0.5084585363164267 0.04292484753059493 0.4271771244647144
67 7.3491610776916385 5.849455259836157 10.875533588123632 2.064691675821278 9.164305439369286 25.541659042590762 3.076530703224611 0.6921009492294773 5.337937813523623 14.018294657352854 31.8699628659013 0.5078546658468845 0.05483711718540866 0.42466663992227277
71 7.371057721751746 5.642556335872223 11.451727576739158 1.7323157335820922 9.255880870366594 25.730991162859326 2.9343518588253605 0.880647341846559 4.456713248259288 14.09985324553266 32.61473194008133 0.5094709935148499 0.03621577099593737 0.4272742228494043
72 7.908879862939054 5.504196016253598 10.426706864542206 2.5823445809387966 9.78087484725223 25.61502055658662 2.7979868982030642 0.7019627093600898 4.265738690401186 12.537159245770942 31.339690634988898 0.5087779501177191 0.04056772563823142 0.4274562353384967
187 7.354617280573758 5.747455370946742 11.39621648682636 1.7540511337987728 9.038562680650514 25.532723218079592 3.165018108599052 0.6804849203271042 5.497650209346341 14.766299215001668 32.53089440569446 0.5082573569680615 0.04110466662089005 0.4269939664036235
186 7.439021755308031 5.710074762158046 10.928172750682254 2.2728523415048163 10.00057237046366 25.58347553916742 2.6002358184229233 0.41294783752251213 5.975077315789097 13.438712249071232 30.204219845890233 0.5083848809616144 0.04165453927371357 0.427467689925361
5 7.818574442741002 5.784592618110227 11.079354983958575 1.9756755847374532 9.523351763989464 25.389862058831977 3.012208091664438 0.7602808437671781 4.702532968495207 13.221469779130855 31.99155094648006 0.5094465358092862 0.02984533945295863 0.42797210721057133
15 7.504830420649303 5.656859318017497 10.644461799690482 2.270155956237713 8.795342289875217 25.73684757860573 3.1177173714963238 0.8166501111476169 5.096824223622314 13.693267704029287 33.667936383097164 0.5075617427125211 0.05258371215708722 0.4250999677421308
30 7.861285755415432 5.763104023008476 11.087851893906553 1.9779769325931436 9.152416557968207 26.001930523869415 2.8868242864380753 0.5824293496307593 5.379735180516083 14.309940173107753 32.10120730243891 0.5074100534230042 0.05511575574836439 0.42627882001502376
40 7.782877034221688 5.733867470151372 11.224799006351574 2.005942964172029 9.349022167362518 24.764261678543185 3.433702258532882 0.8288191689934385 5.071571418351936 15.098127172152422 30.98123592377605 0.5077602605771234 0.05023841017636411 0.42647298408020184
6 7.3283574942389755 5.873151565043827 10.940955548891054 2.031417762238782 9.08372446216769 25.93377066899312 2.8935828083598265 0.5316009958050264 5.956340127409059 13.397516878574178 32.874650574189396 0.5097283511371262 0.026107146807315774 0.42754517429457817
7 7.702272897980064 5.544132114418604 10.722169566195138 2.137138347251197 8.953311295015709 26.049945521658532 2.9006431721714896 0.620445270158276 5.535246326098117 14.677303041087752 32.56208234895838 0.5088739649188553 0.032266243769719725 0.4274574606320899
17 7.494608442702189 5.651730122049328 10.766301283545626 2.2254633692601993 9.43723783040912 25.51953789869243 3.102117738799534 0.8964036029917102 5.132371124000211 12.895610824829657 31.696791243070987 0.507581028810405 0.054762115998188074 0.4251673499906955
32 7.768965523220877 5.650789056796899 11.052367881721864 1.8674860719395758 8.704081511712152 27.034393964804337 2.340167267957915 0.644274840892206 5.850926755471217 14.52492122311424 34.233495589245145 0.5085296933416408 0.03534647239418215 0.4276825943635096
42 7.4734025112624645 5.675207309968259 11.044476075646704 1.9230874519771952 8.919179984495264 26.39115442705679 2.65777871638063 0.6353467106685591 6.156774942620792 14.986653737618148 32.39824960463019 0.508665975057564 0.043473367518290035 0.42674142076634186
23 7.526910861342662 5.709777338427712 10.76739984064867 2.2563576794343407 9.398235548307886 25.396713557883395 3.1100867307775273 0.4558704235740753 5.688581830407608 14.17131392394713 31.057034160388106 0.5086522761035303 0.046123313258244564 0.42596840666545044
48 7.703873810826954 5.60861591953821 10.673145354784097 2.2446793783938648 9.255692543602438 26.0998034861786 2.5939478678098253 0.80663570426739 4.565640128057491 13.116101492466925 33.354167453110875 0.5101104072935029 0.01982435867234744 0.42835406393780723
16 7.825136354321889 5.4287357612605875 10.479379302916854 2.369992845807372 9.287881259552108 26.181575878695398 2.5326469109962897 0.4899567201693367 5.263132829292144 13.708059722832783 32.6753101339859 0.5085945871328618 0.04010348745637412 0.42774740205391953
24 7.397193375191875 5.5832431079079266 10.96374442383527 2.0731679903872946 9.581440045607673 25.291977041241324 2.985874117778105 0.6552919581194429 5.490405739259982 13.644160377935016 31.90560294119697 0.5077264532731163 0.05230287964287193 0.42583714086837154
49 7.458174374598516 5.770174144489866 11.316528632820791 1.8641457472183398 9.476436811369075 25.698578500323148 2.708865552313232 0.6454159617173226 5.622759757271678 14.322437665800907 32.137998977321985 0.5091441745242028 0.03497582392502952 0.42766277669873143
53 7.422722198918005 5.7957800703634 11.084807756933822 1.9540074321542962 9.027556410833505 26.489920668247354 2.428428194416647 0.4381433631492641 6.289857512303441 14.537535967784644 32.918189821002116 0.5086254983853185 0.03303806316537041 0.4275935897745462
58 7.766928574496956 5.828198975924517 11.028197227965217 2.0094637787750025 9.10365372356905 25.650552331751673 3.1082990598039175 1.008260472822002 4.712980145280131 13.464906154130048 32.894587006975335 0.5086237643204742 0.037980064068692886 0.4269540772957792
31 7.292124303111668 5.72519083691175 10.484949868686227 2.453890801086615 9.533911249280898 25.111692159458276 3.2382180879114366 0.6723543236064035 5.4402797870294775 13.535250462390023 30.39347815256616 0.5056082503655132 0.07151962706047728 0.42312118739430693
54 7.058056250062276 6.007447180809666 11.633769728225413 1.5425785561023118 8.855102229637069 25.708753033485927 3.1617587523716164 0.7825684957255268 6.028647753789404 14.944672078079716 32.46035103546721 0.5086531189351057 0.03730399846454654 0.42771693867521826
59 7.690881166395416 5.505737245340787 10.56548936478915 2.2537493712130408 8.994817448160164 26.510851003956027 2.5086090818300795 0.7383539815285988 5.05889250992262 13.550941015274635 33.7736234881644 0.5093437019628329 0.03057807918031603 0.42754140197798945
63 7.770700657879277 5.204766379036104 10.85771690807285 2.036709212702472 9.05150821039247 26.155407992169426 2.645935655788487 0.5496358700509413 5.682108974231937 14.59158832142133 33.29444028267672 0.5085832171425114 0.045190341845503905 0.4269648916703514
41 7.386569202508646 5.832660853523864 11.119147259017687 1.95941034410189 9.429026713779379 25.651411720127644 2.8112403127871857 0.548451165696946 5.640057410264183 13.71856807971023 32.28077835033721 0.5094609640872445 0.027276809553247586 0.42801884477351565
64 7.836434829086057 5.427365591791127 11.041650112653372 2.0337751654701015 9.455297491575923 25.636354000705715 2.932953405534344 0.8766192363550573 5.075950713223 14.444722940334955 31.735961317829208 0.5088513592958632 0.043192977868756935 0.4267418522188124
128 7.677472260655627 5.74661194112689 11.505512747538257 1.6815505248047524 9.281961246454662 25.824609416001753 2.8120066906431664 0.7564354748465113 5.284809538719489 14.748002264916247 32.217481052793204 0.5089062196896635 0.04036482527239705 0.4273704224379657
153 7.133725857975214 5.7711619938008925 10.89156564465307 2.2164871467330025 9.681194324775507 25.684786627650162 2.5923563861083134 0.7356273895382032 5.190767568787458 12.985649899602471 31.90910794020159 0.5088701751519259 0.04120488718500339 0.4267051937054433
68 7.782573820878624 5.668490568844514 10.764153770071768 2.2609180361095556 9.501386039006945 25.74814258884572 2.755495864939544 1.0020812858881716 5.119469502064687 13.225199854654543 32.20373060386691 0.5078483168103558 0.05416937126615468 0.4241876428927473
73 7.522363970112368 5.823118674675799 11.328921370390493 1.8017585874393078 9.023568870570688 25.990928526957227 2.7749360407085795 0.4534729163643004 6.42133611839977 15.054639175236558 32.641049306764685 0.5080902330970951 0.043923614651162055 0.4274357312853939
188 7.509139075815102 5.5298318059882465 10.89554803309933 2.1435840721398174 9.328106172254357 25.70295740017187 2.8642925856826587 0.8545019726763704 4.692965813574107 13.953537402919935 32.63974000220082 0.508771215219958 0.03499769283821248 0.42786083706625766
8 7.258222115516662 5.426577504673857 10.795102964298318 2.2073490870858143 9.125500743423027 25.49713956312163 3.035515797759228 0.6549617571054274 5.708105897610581 13.865925777410519 32.919975073840035 0.5055085646072304 0.07584480237557863 0.42097954920821823
9 7.372010998071354 5.648897165549092 11.077677097552119 1.8920335009817018 8.667708231286534 26.213301042245835 2.9868042617645587 0.991726913549446 5.558810440236483 14.521850986766324 33.26553561942136 0.5078350905539212 0.05445417313116157 0.4263168107602387
10 7.577207380113327 5.157257471097949 10.075308729789102 3.542582488297086 11.000071941433097 22.534883738841238 3.9664298730573875 1.3582900661648396 3.504191547796479 12.10378615973306 26.449690217829236 0.5002275226852758 0.11017679691201535 0.4132374580236712
19 7.956985782593928 5.612418900382648 11.085545979139416 2.0795955521871883 9.932391997531752 25.122216561772895 2.8977448111019326 0.832257827037489 3.9875229040956794 13.107390228645622 31.394678910541337 0.507996623913782 0.041873159050268074 0.4268034601304249
34 7.751591581665733 5.799984138469203 11.11944272221481 1.9568186528619362 9.407428003147185 25.440352898010666 3.042026460907061 0.6750465357505595 5.792437117276977 14.609620991533346 31.06466825452987 0.5070135434412769 0.060843168713547155 0.4249767388414428
44 7.717003305110943 5.734034120131761 11.037129540433892 2.1059200575117276 10.189833181878765 25.41612001056011 2.5909817185869772 0.6590818543003804 5.427938463857869 13.2805842336397 30.03179591150887 0.5078601457382532 0.049168991240255124 0.426380870517377
18 7.889358830194909 5.254306386402624 11.073552811521594 2.201276163238052 9.997290161239082 24.6959568187378 3.1128897530007578 1.1889022805274563 4.258629795155342 13.371950061698076 31.46723624106131 0.5062834227999953 0.06158833660529755 0.4251432818114387
20 7.434289339368032 5.4764233957490855 10.97153598442034 2.166921594200081 10.240441038899947 25.25350692080684 2.6441335350254755 0.7486190838334874 4.506960133682101 12.440018995472897 30.725027529204507 0.5090228367198992 0.032732294280640895 0.4278893650052637
25 7.4767803402651865 5.601645574385795 11.027434295683596 2.1574041368503485 9.556014773700584 25.39730678540406 2.936776488162339 0.7403400355183238 5.22392848110199 14.221886453298584 31.29707121002269 0.508085856062442 0.04543471905943343 0.42696664910907656
50 7.77135099951065 5.623635627602814 10.99068212043239 2.1764584160001252 10.056404867302545 25.361725972484486 2.6181110487315737 1.0981269166647303 3.402769794040464 11.746217787937814 32.65925923788785 0.5093889995693592 0.03498158702729609 0.42777188297058827
33 7.4211694952208465 5.751734502081624 11.012949908391608 2.128448685238126 9.732859890827163 25.107038674715845 3.0835721792280633 0.6859796340022567 5.005518671367618 13.428977431945762 30.862952313376024 0.5082559719730353 0.04517723777671735 0.42591233121375305
35 7.513113988456164 5.68296670503566 10.90361134704607 2.088800911506423 9.531546008825757 25.668025466021383 2.7833677149120075 0.9023607254421937 5.021043112499886 13.410634883265367 32.111211092957 0.5087212396826756 0.03372213378420347 0.4271815081426167
55 8.007212392018058 5.442149514512713 10.295087016251188 2.5134924276862374 9.521976103376815 25.629657055908165 2.732303369600465 1.0445417900977614 3.920504171668816 12.674516483040222 32.53612183944901 0.5071988653736965 0.05724623218971621 0.4247804134758324
60 7.2834975180751105 5.82503654645253 10.999992067478905 1.9266327415240205 9.338681027190393 25.289125155702177 3.176678872300689 0.841512136136118 4.938453941866569 13.933835558557796 31.757019375188328 0.5080669799986304 0.05036475709890631 0.4263537485950027
43 7.735241272104067 5.550355023978215 11.13065568738195 1.9722734914863853 9.466117417994594 25.83835230530502 2.6867491729862696 0.7769777989948659 4.607994122554069 13.73489318404062 32.65454356802338 0.5097525115155319 0.027506325007309988 0.4282305309725567
45 7.909548780793415 5.273454077915828 11.291460554889884 2.058601936628577 10.258933628821465 24.5711821748985 3.057372080640209 0.9290217074884571 3.271293500736502 13.476402093328014 31.012216703956327 0.5096625033996753 0.03132387585743267 0.4281646063036184
65 7.668993949639463 5.615698094555363 11.193476347644188 2.143623583049839 10.170275588043875 25.005291110693282 2.8069229708496333 0.8105088328708737 4.766581508443653 12.967813451631939 31.072937707157738 0.5096658923789485 0.03245741853491412 0.42789477316645647
129 7.655306016182186 5.600820516726541 11.307649845543326 1.86219916122072 9.492218823090335 25.917192838945507 2.6468565390872127 0.5169184408279589 6.196394109861735 15.165021246804434 31.137036259798116 0.5093386956556399 0.031293451473548256 0.42866796738618573
130 7.51722989830815 5.7013766214864035 11.221705319903213 1.9115451258787974 9.444419512852342 26.357147864927853 2.3961870720780802 1.2289955348294568 5.099197846122788 13.039889508967553 32.90441822984108 0.5092515195950201 0.03798621035699756 0.4279287332398619
154 7.677991508834462 5.7435079534957785 11.249538794818882 1.9495543392516812 9.747655905212081 25.608989249564303 2.634292877987904 0.7862528142141847 4.505701663171026 12.729726887408697 32.64838366006728 0.5101837185069298 0.019778647180132596 0.4285434462038892
155 7.526922870523578 5.780917494663683 11.071303071008543 1.971602019851009 9.274026759076984 25.53038036798294 3.0168615883262704 0.7391841489753789 5.483092906474429 14.590955126551911 31.551203254545218 0.5094895678403063 0.031019994526444713 0.427868221230638
69 7.590448781945264 5.788708340199677 10.852112240093357 2.1144226742900627 9.478004278171879 25.93577530349272 2.560649296501516 0.6482656232452925 5.328256796925131 13.476705738901204 31.81162197382589 0.5093779853187065 0.02964917391815103 0.42776618656487686
70 7.838261413370648 5.51932822554878 11.082883171006223 2.115579810519202 9.902185714150615 25.36018466075392 2.715807706750365 0.8624629688566888 4.377266585927881 13.129944691243633 31.85255749924053 0.5098037912933189 0.024262265865117056 0.4281315798255055
190 7.5757770522704115 5.824342766308002 10.78363166354412 2.283197612221013 9.573621256376402 25.138146216999303 3.0368474752138623 0.6305986782109743 5.696473149308983 14.154314016338263 30.736604318674686 0.5083028682625924 0.04595486964281097 0.42718647937953785
74 7.667097712291643 5.764254800916918 11.348182382608034 1.8119373018247467 9.275066191155041 26.111788773489124 2.6380006876402877 0.4282105177517877 6.059891875927174 14.898533633854752 32.03006743469582 0.5091611197670269 0.037703876588559504 0.42735654690067454
189 8.00374751262267 5.587082608312236 10.728206994940702 2.191342566168543 9.480291621268783 25.310158969057056 3.0677815145547296 1.0535164736716014 3.9912015511094796 12.788838573180989 32.70724653861189 0.5090694245229462 0.03649570604381652 0.427639735833594
75 7.581167344981231 5.39869531685005 10.670678127983617 2.369270070945712 9.81920399763783 25.16684622636431 2.841027023995791 1.1121293516804778 4.097271158836748 13.221779616523484 31.849239736921938 0.5058112247472321 0.0703552227412002 0.4234156791642569
76 7.222247481041813 5.792082496934691 11.382909437085619 1.7441304171676035 9.264664910481573 25.53898582905295 3.077251705090212 0.8152277030190368 5.427578965132839 14.118291724639898 32.177766569519854 0.5087728699688865 0.0437691601130775 0.4268011004234697
77 7.823729411356415 5.371338923979094 10.833817191256077 2.3206348644090897 10.273798739956915 25.32872926583469 2.7438599051954484 0.5727813717253393 4.911746195870222 13.662485431222594 29.572545818818185 0.5064674650123626 0.06493309537124536 0.4235832281562261
78 7.4223683540631 5.570869256940108 10.657144546575513 2.3332386828270764 9.85049837385229 25.412002004513436 2.785182412998894 0.580581565483278 4.5777792110005935 12.863572291035798 31.350126461120517 0.5078650242260679 0.051442484222181124 0.4257189528008854
86 7.538303672410341 5.442019126842093 11.031898153578133 2.462947564940891 10.745272378270087 24.48250550630371 2.7345107485131326 0.6697528857432288 4.160550646087205 12.405743544205091 30.117811375033092 0.5053346062202703 0.07201223234851502 0.42336811082018305
88 7.327762981552412 5.738938427502712 11.031815151103313 2.1006373629805197 9.75863281583944 24.881279926387997 3.1187414821186383 0.9693314265818673 4.43643208094269 12.967034576621474 31.425198039739506 0.5097916141884362 0.02404120214093187 0.427812666374427
79 7.362386493441741 5.535495792607388 11.125629832087597 1.9340783669360406 9.131629678703533 25.346590301327762 3.1187386374677577 1.027152507923659 5.492216007537669 14.54344645629398 32.45370200427396 0.507522993899342 0.060516051121671216 0.42382952981829675
227 7.4512144659157205 5.860343026705585 11.206101840953826 1.829303608812223 8.581758678583482 26.29567809248966 2.790378735674814 0.7096240525539397 5.281070935262415 14.585770176132561 34.347580518565344 0.5092457838543706 0.0357890237993952 0.4269149101831335
226 7.645257011750983 5.509988973387176 10.769008117674478 2.419269347264757 9.78636342315468 24.81470680124148 3.0336485796075983 0.8294039414349426 5.150685409204526 14.20605333194762 30.60351964475332 0.5046422688727898 0.07636699503138591 0.4225071465963307
87 7.827865861746606 5.429632661517142 10.700281151238762 2.43379178513069 10.276510637975836 24.81543702546117 2.7966451956161684 0.7588182886417505 4.306834756627101 13.333416234412924 30.230248644212498 0.5063212060069245 0.06521138889245853 0.4237324081463945
96 7.67918752537062 5.3543602052499635 11.105444084137892 2.0448244180398873 9.56700735651715 25.514835140943777 2.960113740813784 0.7960350771687346 4.778025718335746 13.975110054157513 32.0737475663638 0.5094829413138818 0.02783377753968845 0.42763534517683527
97 7.646051028852289 5.5557566381232215 10.520847403423211 2.4031010318655026 9.772907596248139 25.16056977684901 3.128961690341705 0.6869556137185392 4.55188197399024 12.97500421534813 30.943232904247587 0.5085242661344896 0.04993231358140791 0.4261061276283907
89 7.906558613608541 5.7341309297373915 11.105452014831934 1.947230792652589 9.052720091185625 25.842517345712626 2.895748294305117 0.8895486841016389 5.384454259816853 14.204331164025644 32.91363258582998 0.5084711413488594 0.038199173148722926 0.42679424092258406
202 7.820176871359994 5.662860597518549 10.712043855332336 2.2423584496791684 9.259813216945478 25.938346101395794 2.788752175651232 0.8528179347501302 5.093750032782542 14.078315620822579 32.28328188922908 0.5072219737531867 0.057668077876521326 0.4250552120033376
201 7.3600386462482055 5.736338384859636 11.290358621317337 1.8520703019840723 9.08546937927081 25.981906753327692 2.7309268895771335 0.6551397703988485 5.716018483514567 14.248487984754002 33.237532722920676 0.5093750068759733 0.03584036920507107 0.42732093767880164
101 7.915944086533278 5.310050593668007 10.935008210306584 2.1553013655677993 9.612143936579612 25.69137733960738 2.6313133243951294 0.7095740133626327 4.51881112061948 14.146130803430342 32.19428988099239 0.5096619441472549 0.02895341059154221 0.4284530999151148
102 7.152350456479183 5.809617083029028 11.367191194700666 1.7465517581029995 9.305698839119184 25.556054058152025 2.9881179224934944 0.7215992174652975 5.390949863418322 14.425640950033529 31.932428997605612 0.5099075182230272 0.02687159086154168 0.4281704724768775
103 7.513230984033214 5.77121236959649 11.273811920938883 1.8932234601105244 9.649372527234753 25.487073214202045 2.830596163759842 0.5625851386799352 5.208862864634755 14.016411820641075 31.596319182109845 0.5100481609962673 0.014525716018201563 0.4286241320928695
111 7.694543384682243 5.20196657110492 10.74378889611556 2.368675372766766 10.159388946357051 25.25996226269866 2.683460270185398 1.0789795898209542 4.346711817027087 13.450730011569261 30.43127565320136 0.5053187076022893 0.07700110494537114 0.42211507133495013
113 7.291200447873151 5.843286142193603 11.161675673708501 1.8777397078341231 9.247024363412558 26.086070193918594 2.6739380426075767 0.6881974225635634 5.7380739448763105 13.607096859051909 32.59302488920682 0.5091468796502414 0.03211127563961776 0.42732175052256904
104 7.795119705359746 5.641823365407448 10.823044223732763 2.1337188828223277 9.118765946359078 26.346720058965985 2.58822134756022 0.640455376420475 5.01423640958679 13.558705060284362 33.32517030731784 0.5094371745226761 0.02730992813799619 0.4280929315603525
112 7.36820797438103 5.602676541125262 10.82744186081023 2.3634281881860226 10.287691456787165 25.419633852944102 2.760046725221074 0.8891420933256248 3.740665611372097 11.226088769715306 31.03097973496671 0.5083047127435051 0.04963963070938005 0.4257671890777441
121 7.216336815029829 5.903088186159939 11.29464203991054 1.7767332270678171 9.35169626960125 25.853545928439647 2.771296921594022 0.6654981592777414 6.212452918229437 14.48764353152239 31.407175948296004 0.5095472793498904 0.02879782743164854 0.42703519811152946
122 7.790128086964082 5.510651097445542 10.055671854570104 2.900078361855117 10.249592102369562 24.331972980809127 3.1045433985456845 1.0595447654895662 3.8952395499715498 12.043433589338376 30.203812873568047 0.5053122137962552 0.06705651768150078 0.4243137768287488
114 7.76431558373586 5.8978018944932735 10.930354617870398 1.9911932593086337 9.037629437319257 26.016498833387413 2.832798322714108 0.43480004565311364 6.184758872315414 14.661531023548559 32.03856008278776 0.5087292080870234 0.03213568228715247 0.42714766780040453
80 7.468320830051317 5.720513366236558 11.179193974304386 2.077789804532068 9.820570408743597 24.857055931429056 3.1949394567028366 0.7520823332743395 4.658566125085191 13.819844870825712 30.415198440845806 0.5086075305940189 0.03854453066451508 0.427279280116675
90 7.978008143285091 5.773613468843088 10.461916192613538 2.5459214444405758 10.144988620559083 24.878959250266792 2.9924578060745355 0.6486974592449063 4.795109472664465 12.397756248678798 30.186682216624032 0.5079310197403216 0.038739968429971 0.42710628043658977
228 7.430950116006948 5.716329104935693 11.248703424149646 1.8127149270621565 8.684806016229052 26.65342991772805 2.5982482717196103 0.9226612941739027 5.247834684384774 14.543975724562463 34.21560348590657 0.509539875785823 0.03138855544299174 0.4276054957909684
81 7.657043420363562 5.4048437041709025 9.813689681921245 2.6884559105401356 8.964902782221527 25.444419134193687 3.4437069921944157 0.939922059593192 4.489986899777054 13.876523915009688 31.767430754430926 0.5038957996666786 0.08352078889052625 0.4213493346705104
82 7.522598917790854 5.599639390809417 10.504571616745354 2.5793492117881307 10.269431182776794 25.302574664820604 2.4853123999110567 0.6607191602263137 5.298469535115846 12.397810146106112 30.356110111043716 0.5066096288155468 0.06401977191045799 0.42333665825543176
92 7.368497320231417 5.898614717325987 11.01096476399729 2.1256363437327286 9.3956060471183 25.087263406038186 3.163278944223559 0.8334428697443571 5.555653367120403 14.024334737484152 31.687453724579065 0.5065024018263883 0.06253822219470981 0.4248656122384504
98 7.214563734692155 5.826746257253764 11.04863299679813 2.021087182362238 8.98440668401669 25.553996139097777 3.110158365417303 0.6808855487874097 6.125979798889361 14.764990932014113 32.35449417429028 0.5076262770245737 0.05564070879213657 0.42497507845602767
203 7.744781776232464 5.6330963751527205 11.1947330432557 1.7866170016599863 8.73245462183716 26.324169546739714 2.824400678031256 0.5954554152808648 5.6520239098537575 15.599035382450033 32.95956525572065 0.509638265813072 0.020930065255228187 0.4280842709628862
91 7.860142169091882 5.707891179613367 11.13041540661388 1.8087631280091105 8.293578373464818 27.180494888169303 2.461925811999694 0.7208205133306543 5.652139557770342 14.86941736674458 35.2357415604118 0.5096429930631943 0.03646894510923139 0.42625185752059475
99 7.458386885040674 5.759389169165286 11.079837346781531 2.0064582265912203 9.415256866118103 25.922936986104556 2.6737464964478064 0.5949941965762676 5.508854412043542 13.258345465430368 32.70837548121134 0.5096015271198587 0.03132965815441269 0.42770937007511944
105 7.580192798581914 5.715398691062575 10.879157991259703 2.1650462761586233 9.616214073961233 25.094678552339612 3.1357592812468686 0.5884044957893907 5.15142894018249 13.970615226677436 31.00636114775536 0.5096034091380396 0.025581962228332318 0.42884488919847163
115 7.530196989679011 5.618222335941528 10.394598851310935 2.605721194041038 9.750239550877305 24.840356580485217 3.214003924278314 0.7900046314636539 5.546961852813076 12.852971904573538 30.803253792922394 0.5064806219492494 0.06374508929085496 0.42398639932015997
106 7.891851956013687 5.6808751337472145 11.194930427305907 1.865322855680341 9.011215069092955 25.895833430896303 2.961960238489146 0.7079787425443567 5.628874041742828 14.87775817636342 32.59302569527777 0.5087060690773004 0.031981825582335234 0.42752234920519605
107 7.319347581337308 5.870841209827495 10.90763191198408 2.085495690904791 9.499214161418953 25.71912051028282 2.8268171477953947 0.583335386592623 5.4098975214566964 13.226787012583042 31.814368912267557 0.5093895211307609 0.029803513672010135 0.4272049501609748
117 7.0208468871365355 5.8470039683229835 10.957196182137439 2.02509169959415 9.129807274872341 25.78737122456565 2.9375165820404128 0.6137443895724746 6.127663394825002 13.283154428803721 32.48669749724929 0.5094810123168995 0.03109523656579235 0.42787479041114096
123 7.619470302667829 5.696820927946385 10.99716662092158 2.067023909872393 9.450309233308927 25.408193307665165 3.097070375875921 0.7132968453332803 5.341304708630171 13.132986406487191 32.25036416307466 0.5096371303010092 0.02541360426281666 0.4278914369827081
116 7.776967429937459 5.839639440565101 11.355852290019994 1.7281152759694784 8.75502993115166 25.992714622864458 3.0254098460693526 0.5431934485539585 5.961651236321408 15.53320447488215 32.559561849708764 0.5082688875365636 0.04329773704866959 0.4269254847387653
124 7.797917742657199 5.518620137443169 10.610459266016484 2.551864338815397 10.314725016110486 24.711396462348585 2.9866318512208876 0.8312403746905536 4.163092260123043 12.152166630594898 30.795541701105382 0.5080347962999956 0.052076416019886135 0.4250142981152811
229 7.496832339181373 5.688620575185917 11.3286852258981 1.674488418630926 8.499794451672052 26.79403237260744 2.6613800531766993 0.6700440629714094 5.615122699922838 15.043925672678673 34.29233066781057 0.5102728388726653 0.0142856794154151 0.4288144973817356
230 8.08264768843457 5.641329293475964 10.991495707961844 2.143491203454848 9.790622345551453 25.12114268003997 2.92808445022281 0.5533509822153572 4.7894275724396005 14.130333625284905 31.092341992992612 0.5092916065163384 0.0358540417205385 0.4276165811371771
83 7.96021995061843 5.483130154755786 11.296863619790368 1.8355732478323363 9.011160531345471 25.66023200825742 3.2942286646553733 0.6187746130907273 5.084201356906702 15.2899955862729 32.38515248697738 0.5089818183680751 0.03237755334044644 0.4269641228382476
84 7.762410840617095 5.792544726264832 10.964722151915531 2.270547012011158 9.709034647988851 25.014107068781083 3.0719763394441038 0.9679187733689211 4.897906350551979 13.59258742367075 31.420713991843705 0.5075708632876622 0.05604752228030444 0.42455722789390443
85 7.437240345570125 5.834545689772471 11.041800027283719 1.9844290491484828 9.759399889112023 25.42289510179705 3.036581801779243 1.0993927007324396 4.187584177121304 12.546762989606624 31.447314429528316 0.5089044989391049 0.0408469303556599 0.4265870092910258
94 7.723791067260798 5.541152318797292 10.918301894246406 2.181231732312446 9.771419973937624 25.33203343721159 2.829976790487629 0.5626993569694411 4.776307944278496 13.564981715947374 31.52898953837116 0.50901986282292 0.034079754527728844 0.42798832307525597
205 7.637291331545152 5.446087533149874 10.397191037945477 2.6396760688637593 9.763356526782637 24.839302481167852 3.2763785934207124 0.9077699546186262 5.215685089799378 13.516102342670788 30.4410168081362 0.5045590367246544 0.07907794829849579 0.42237210481154847
204 7.874344862030938 5.616297570383836 10.91977846452833 2.0343912248101406 9.070338634865433 26.0080786340531 2.8182187193853023 0.9253076561009825 4.855998980466053 13.67968173127903 33.41733288772544 0.5090955215712563 0.03777423705509343 0.4266600259689277
93 7.5364857320878205 5.587126674445614 10.789390658839082 2.0371266318628116 9.15072410731631 25.884659565967393 2.852298912944519 0.7582289524385226 5.6253074433416375 14.246598504548126 32.03041189205539 0.5054724129230008 0.07135380516658467 0.42346604044395963
95 7.4362690927939585 5.5727333605800755 11.260444123419012 1.8412620452566768 9.524195362721004 25.955238698083562 2.585617061416269 0.5473333659574289 5.289259374784248 13.7493200188092 32.29230703529618 0.5090991016503392 0.037599708017837664 0.42662868066321963
100 7.606428440842655 5.677022619135213 10.966717052361682 2.2644985479666064 9.942369331055751 24.648817030210257 3.112089066667692 1.0917544316342744 4.600489711651679 13.217611785261752 30.879750089601895 0.5074632089559878 0.04913831297771696 0.42694018701896147
108 7.753852057399012 5.720389277144694 10.88065754031198 2.078666346290837 9.5216027431851 25.76866188397675 2.684737113795841 0.565729866726321 5.209558798043242 13.640198529293876 31.70848743126453 0.5096196729717863 0.019268343978217604 0.4282148461363104
109 7.558547896894554 5.7643014096619245 11.037227695117378 2.0306920633644636 9.364287606725936 25.352026209297588 3.1395681266813096 0.6176565737538265 5.345847435346495 14.263929761814463 31.474372729475142 0.5090320734072478 0.038906022177189276 0.42642459235552793
110 7.405057949354196 5.771323001017987 10.788996644530334 2.3325048508591086 10.380093107512609 25.502155016051546 2.4716939837207867 0.7599990689525635 4.4977103433598336 11.179596450263402 31.21323714703507 0.5076374079899153 0.05530156652292498 0.42478447317138446
119 7.715663892900114 5.595528039140703 10.900841531836521 2.3955434788908367 10.056376593845735 24.97659745109768 2.879929622395676 1.0148485069963398 3.8894179785807412 12.764353686854951 31.209805215004796 0.5077401693626148 0.05079492819808722 0.4258902210807821
118 7.679510607401584 5.663450161743502 11.07297250715783 2.0339452952206085 9.341764794559339 26.335195035328596 2.501595834711537 0.7282408231440423 4.829475597454098 13.222323517366636 33.02541543053865 0.5091042468756496 0.030919695790629895 0.42772898532553366
120 7.289467458974592 5.699256809584767 10.938178482927956 1.9339889139375577 9.505519358062562 25.244420828496455 3.1765457649621127 0.5772060257210698 5.219944211934319 14.224377960743393 30.738029977484494 0.5081608956902716 0.039086837899915995 0.4273609895422306
125 7.396797812369321 5.6581432159382485 11.118649665447407 1.9479986411050667 9.24971809049108 25.861455422942115 2.8390270351659264 0.595084001292472 5.617454069024234 14.001070938722325 32.34777022206293 0.509470293132826 0.026465406873681416 0.42817110274114334
131 7.631944949614319 5.647054194603178 10.916545343149899 1.9832787851018625 8.800327679343315 26.36179430885009 2.738019745864026 0.7266104371692077 5.206383605330591 13.674875431771962 34.51527546191917 0.5086694894904544 0.03998547950315041 0.42712404083035566
132 7.4055297222925685 5.854441443823983 11.14590747877255 1.8751472470586112 8.829912526724124 26.03457188113078 2.9769083041977136 0.5678765154871636 6.092935657728322 14.353400689400207 33.29514678976248 0.5097290531980073 0.025226317503543948 0.4283862932429029
133 7.462019931146587 5.822312736285478 10.660335668905086 2.095768832814362 8.969914137077255 26.051757571654512 2.866212921864004 0.5077925841457405 5.896777286281263 13.921572785615394 32.81852957122094 0.5093579419983839 0.033780691323557266 0.42675067714800125
156 7.729405765900603 5.769384103354779 11.16818955125514 1.9851736176029418 9.38276019522535 25.72407881576624 2.9206157656968954 0.6442915806924099 5.217820468161376 13.753202648050493 32.34895891618539 0.5095988767096449 0.02837931550392608 0.42781102907915175
158 7.8117338979038475 5.618318409432209 10.294145298246727 2.386836812928245 9.293803951457702 25.13023522451555 3.2538761138698007 1.0500185325893852 5.232885351823927 14.150834795135744 31.191628387683117 0.5061099349725 0.06822920471747497 0.4242050470881181
134 7.542469363549564 5.895927032395227 10.912793044498116 2.0085673498372834 8.99635741457176 26.386223466696123 2.641924213448612 0.7656407669356218 5.633845395762502 13.716476337689546 33.30450164859011 0.508879498548703 0.03005345422576106 0.4282352141514863
141 7.938296359772388 5.670723607072088 10.961606683417301 2.155919151072636 9.263852166693868 25.631716376595417 2.8325728590534593 0.4933608478500261 5.61199808840799 14.869493751344677 32.143053658882984 0.5093851766468559 0.03212029892706074 0.4281370288298999
142 7.652246380461229 5.605272663339691 10.69614154516567 2.246007369498449 9.434628054369549 25.276097415122884 3.222876822519952 1.1513907205902343 4.244803986282525 12.770897602082552 32.37637357498597 0.5084168035560145 0.0489517727725866 0.42618871296861577
143 7.804737559671474 5.700434344031098 11.220870332290856 1.8196285168622364 9.169285936097781 26.034835836917534 2.834165461464827 0.6351155944256258 5.62878877108002 14.416507070217584 32.38874084394917 0.5088024090859796 0.04289331574534678 0.4270297679049356
166 7.584723942116716 5.960979660620318 11.282397547431842 1.7678230914003459 8.499026525897023 26.49999964371298 2.7585127096914044 0.6507949460425352 6.159507961037351 14.997386933226718 34.18328613061371 0.5097891558132044 0.026732121335048334 0.42792780602451436
168 8.199549894186886 5.360319469864433 10.768050410018315 2.2934388491194335 9.329261568683712 25.67798598788168 2.8657318806099847 0.5420744380656508 5.299775400930262 15.146855729613822 31.658094316448878 0.5074765477876169 0.060477910511112926 0.4247616883143242
144 7.434202865213183 5.635894410857328 10.843957498573921 2.1385195099626513 9.116341788053548 25.690572813228282 2.992135611655645 0.5702479057182435 5.841970849416052 14.272316260435487 32.40215856699337 0.5092409189895791 0.03770502190746146 0.4275863253836073
157 7.56760200237463 5.642392818292069 10.640345451063405 2.203514522380995 9.099356790677561 25.62674097688414 3.156100404913814 0.7118574026215827 4.965863626034521 13.245099878665165 32.880654136335785 0.5093657659023582 0.028934642841037785 0.42812233945491196
176 7.446081442201709 5.8760024133264865 10.75354267765229 2.0422090463760005 8.619930158089884 26.338223423274442 2.8099694535672275 0.6971542951803507 5.905806841819913 14.419849382307552 33.73321097495121 0.5089116900014208 0.03872595243027656 0.42689504062546674
177 8.060705320246182 5.3297025770771524 10.578805923769888 2.3751732837959856 9.581841726531893 25.65217240931105 2.81534660040251 0.6382259917221517 4.938490972142843 14.12441559640395 31.09572253484442 0.5079216489249155 0.05198129279163045 0.4251081874583919
169 7.558142274109233 5.764924686156392 11.125144077928338 2.0508841399615774 9.770398039500792 25.333722678682168 2.8647478397386625 0.6631791723187386 5.12121725401329 12.918950426205482 31.80818967498694 0.5088246932596614 0.035750517448162565 0.4275242880780741
159 7.072353712136106 5.809658758233475 10.767856759587149 2.328541557554667 9.870731235411439 25.209984239606207 3.111687760513099 0.5232489546420034 5.42935058673459 12.38394031502621 30.892045910710564 0.5080046108767107 0.05314927105628648 0.4247975420976785
182 7.350165209682094 5.725794758697584 10.838220700604985 1.96813536149272 8.829584442373598 25.88346542591517 3.122079356581223 0.8675657504105848 5.5670790438452915 14.702502359702729 32.189656310864166 0.5056568465002949 0.07347392206743832 0.4229010569612269
181 7.514292650690993 5.9350275618156365 10.891008675514897 1.895527652115345 8.232448311791922 26.80111690705468 2.7885603549579363 0.6236701193547002 6.30442217201567 15.006983653751673 34.41916655844927 0.5089336914930037 0.03919270384044112 0.4273950916808287
167 7.8954057575997645 5.735928638065472 11.026817496239435 2.170884220801989 9.838325369406459 25.062686903747036 3.0582435983985623 0.556418310675545 5.401724609045339 13.95677025927518 30.631603727957756 0.5086173371725715 0.04015536738281836 0.4266426149292993
191 7.637571925258279 5.714663569082783 10.825900372984298 2.119999397804522 9.361420082919702 25.27666853730161 3.190261951145313 0.6236180322087763 5.09443338820646 13.646676162278762 32.02892834471559 0.5093575135170488 0.018979547545806365 0.4290432885193787
192 7.239730829454558 5.728931549784074 10.67557362332794 2.453732583764992 9.915849287670968 25.00336775989269 2.9946769923877063 0.849938928582014 4.862794402371314 12.705309459991875 30.748137131429772 0.5058548095737302 0.06483067300601073 0.42433225733109026
196 7.685430507912739 5.559137520794722 10.8688202664009 2.2772296531573875 9.727515106920192 25.420072801984276 2.8971131916288884 0.625902629381962 4.9386229456219715 13.491933105822218 31.222472599926718 0.5081228817248691 0.04802450517098376 0.42636254410365937
197 7.521073033257238 5.721705866486364 11.131483332727603 2.020862591192916 9.670025641752499 25.33667555456544 3.1005801253481327 0.7188896857212345 4.929747063462257 13.952756085030176 30.62798697296611 0.5082460252874298 0.0400872733115288 0.4273303500749772
135 7.507036430777839 5.911823901747059 11.02423117800205 2.225700180695249 10.394171462295285 25.089468141734187 2.6239537099719246 0.6077223580796679 5.2556120474609616 12.176451077604481 30.382504031837925 0.5096238259325404 0.028622680186112866 0.42791140157045005
160 7.615424251927339 5.745849113206737 11.229645732499716 1.8404624363987818 8.986925653281725 26.316389872411126 2.7802716297820482 1.0641343637049214 4.690626446266302 13.77928877711437 33.584630943196395 0.5096102183455269 0.016945255931513536 0.42825568212893306
184 7.680600030930862 5.364742267488785 11.059103448069978 2.015640924307482 9.250740018738998 25.623020557966907 3.0741672289889515 0.943289562399728 4.215643022098012 14.33630617425731 32.52007837509861 0.5081837151389504 0.04874264603877293 0.42618680203366877
136 7.966335692108916 5.420591015325906 10.817246392778587 2.2734066229131673 10.162412069930907 24.88050170906835 3.0149273892826907 0.8142173706611999 4.237986995377089 13.665541647252873 29.84968657585582 0.507073742621552 0.06315365934108545 0.42458363830213147
137 7.603151010498656 5.405884455373131 10.812283359202123 2.3430556147916763 10.091678562027223 25.59743242716872 2.460454712627707 0.7506028177447456 4.090670330011222 11.751999591305768 32.61218326793995 0.50918110377104 0.03744015000436034 0.42748144916405895
162 7.4499392204526815 5.5717945800191275 11.241488219753817 1.870841285944727 9.440046446213676 25.520652339623624 2.9567160817652742 0.7204739799002275 4.621657620834547 14.090225398959115 31.92006537600417 0.5086187928987258 0.044703337888686495 0.4269767929592585
171 7.683426057147208 5.512242258391929 10.621565146608557 2.4306571540059876 9.897497620625057 25.128950688654893 3.011741958445732 0.6905507611735769 4.488742836001509 13.150829345798883 30.876184820278564 0.5081575059106191 0.050324835049966626 0.4254232861836633
145 7.221364646146501 5.707888189843043 10.699953090755608 2.2521932601958263 9.384468844461257 25.963185314001798 2.685474130268465 0.4843724009849352 5.821556474163451 13.692386391585176 31.71682110008404 0.5073571875076512 0.05367586156351064 0.42634913938431374
170 7.597569710836974 5.7867720050516445 11.402633820717307 1.6187976986195667 8.768238938890805 26.278834313775768 2.8547979705772586 0.6312718711084533 5.576550859679822 15.13745625973417 33.063983949950426 0.5083436578350348 0.04180769922917224 0.42708651596973984
146 7.531861789497209 5.796128826474116 11.104255632772867 1.9949364264129976 9.491330920783865 25.454292016822286 2.87479131734828 0.5953692197403434 5.279096897902044 13.6879571272109 32.30350772579251 0.5084361837807149 0.04371873054797539 0.42556718239043806
147 7.305868397334235 5.829806176514373 11.346185617343087 1.8918803210024737 9.906299438315465 24.97661323816632 3.0667728692977247 0.7191704485140622 4.809835516841092 12.96449320348664 31.070414544982967 0.5095497989232018 0.024784982980853593 0.42800868741498876
172 7.696922013423273 5.510045723591568 11.042398542956015 2.0809781201823556 9.68640635239723 25.595368940888417 2.676754108756903 1.0440152905128295 4.246305182149912 13.103369900112543 32.51065998364012 0.5091778588578005 0.029378885612215203 0.4286284538239731
183 7.5618864768177865 5.7252083610235065 11.314576368120761 1.82832469197946 9.319963713668807 26.50459166352395 2.2632563052377295 0.7241663980266436 5.102387467247281 13.808193861821543 33.19804184045179 0.5094482559382352 0.02972450380574083 0.42860709977095335
178 7.756980786864503 5.364492120178614 11.368714495459635 1.7268509635109786 9.051030273532977 25.827162274976352 2.9886966820598166 0.8554820953141131 4.604925193503994 15.144101382323807 32.58335210405341 0.5083715725900987 0.048205754987880683 0.42588574367598253
161 7.272958331036539 5.696497303976302 10.733417430045266 2.4340902923634484 10.800719690483646 24.27812799360603 3.0446487070917603 0.7351052731054089 4.62295108103799 11.981101947869854 28.21917205057301 0.5070659591152925 0.06126655610284838 0.42426929470348707
179 8.007998017734524 5.574600237146032 11.416236013223296 1.8272971616192368 9.89028873766665 25.41175661006331 2.7164044221689583 0.5646001049139983 4.802220577669869 14.151068621269173 31.14126106604137 0.5092818572443165 0.0281752075828111 0.42757925294916954
193 7.457235324150392 5.5871454779121175 10.978591128265222 2.2194084150282594 10.273556990302843 25.274203450499584 2.532009955810294 0.8432325534697932 4.634857177331387 12.102962205305602 31.256514765571904 0.5095261997530637 0.022916420604252884 0.42870523262529453
198 7.4670081014731835 5.539785989110452 10.800340844791664 2.2592573599441836 9.674699651442882 24.967511554963874 3.3153982618562146 0.8565804084107054 4.701877448764355 14.123958756867413 30.2603558030376 0.5076307177649766 0.058590297632617305 0.4244984980035317
185 7.978874765657427 5.616597369589105 10.848361699800192 2.0159950075182813 8.628158285118964 26.120585872442614 3.0936166145881816 0.630136880455652 5.488366530031629 15.554825156867429 32.71044652003054 0.5085466123138902 0.04076584642713698 0.42643012349834253
175 7.3777510935348944 5.921981741268312 10.77116749477761 2.0710597945411786 8.73336025201193 26.269529952793548 2.876582202389642 0.7232804122939457 5.727975874004086 13.492606751365942 33.76446584461673 0.509959428386264 0.010238616191366416 0.42930602683896296
173 7.599707449093244 5.6566732637166295 10.917015618979278 2.222506260149576 10.04845251298251 24.952786209852746 3.0514540962832557 0.7472856071425193 4.636980223947742 12.476389067496674 30.865190511817733 0.5089297852373649 0.03836019765983479 0.42733140217545634
138 7.82390105934306 5.503646012366545 10.897149588136276 2.152276010983257 9.564368953332693 25.714673677393254 2.700802556136135 1.1722560235565798 4.026841342241164 12.979014814993967 33.05505909919837 0.5093360502919764 0.03689284273766413 0.42722726385507387
139 7.822581178578497 5.743350653080456 11.340335004733843 1.950962769113006 9.845474639933082 24.8911010809442 3.1518102273309445 0.5247325487847456 4.980322287613943 13.87956259203255 30.920982429091634 0.5098771289125923 0.029832206970770835 0.42803348094847055
140 7.47209095950242 5.858500042933779 10.92363595041502 1.8730892622758233 8.431911353613888 26.353522717703203 2.974908666939704 0.9336133720596237 5.699174084103279 14.47800004368357 34.37143246578606 0.5088362145753984 0.043966464509236136 0.426886157998088
164 7.749123904022473 5.571248872261828 11.024980897833903 2.0919678091158156 9.277147006066695 26.02470298888256 2.629195601107883 0.7177991732241028 5.629218878860104 14.549150561939111 32.43294633689001 0.5087682130056702 0.043708215987318715 0.4268823838309111
148 7.816045170337593 5.514281641476052 10.774927592525302 2.2075471907420607 9.54522238675521 25.37268434188436 2.984527393543083 0.6778086767858433 5.436456022697271 14.117081453771776 31.381114634500392 0.5079053356473299 0.05488708410816959 0.42559974888291485
149 7.6993164990569944 5.725867353158544 10.888012256906489 2.201277838762492 9.429071050501571 25.375887421510246 2.9350994490210986 0.5551894821283927 5.108027377444794 13.758754779884661 32.39864651199389 0.5099727945546342 0.015667383069153062 0.42873589337770457
150 8.023509572959798 5.185791902445447 10.927405723295891 2.101485017925078 9.48634930075694 25.437329171607065 2.980157467209119 0.5669894630246493 5.1243004420796066 13.630125558255141 32.68152721789297 0.5096529606368061 0.02895772500209181 0.4280240871406607
174 7.628782795228961 5.754646970464189 10.913381206448893 2.141882960925413 9.265957371900948 25.664624919515926 2.792174761784984 0.8265931698067914 5.4246354488400135 14.030046624976714 32.5141199855823 0.5083919633205828 0.047216134548002144 0.42647170263441075
163 7.184307150223135 5.693482664986501 10.820690738242572 2.1724359946598866 9.322719595898889 25.44393414495854 3.096065164409515 0.9036634856608381 4.831087699250663 13.210532004853516 32.4410690714208 0.5064661620016098 0.06604434833501813 0.42347370072294055
165 7.834451370274889 5.734284749244899 10.610962619862578 2.384984495858369 9.794838033561595 24.952953985453174 3.1162046592867925 0.3973156913319338 5.996634990750627 14.347257054989278 29.50107473295147 0.5080435464596613 0.05228287106492406 0.42564826152745094
180 7.568728223789471 5.971471764210119 11.34125987155795 1.7012302032509055 8.56775538009743 26.555781594618416 2.6902062726814466 0.6453887533160418 6.252678759920151 14.873008332349722 33.96948175622401 0.5094052198959358 0.025861485807872786 0.4280530942899311
194 7.369211486325207 5.759408294626342 10.656167177831916 2.4382051512818346 9.731583709855714 24.96045110765334 3.3113947069141174 0.5099261727206237 5.393088849260943 13.337529018106636 29.96364261315269 0.507822224647382 0.052888793451576877 0.4250173220527594
195 7.3891703771892585 5.753200849004571 10.548328522652788 2.2805351973088066 8.84590893679201 26.19961562385972 2.770366206940939 0.7240273554704115 6.1466565960516615 13.298898750354342 33.80551607123401 0.5075666171033896 0.053335200591389784 0.42590409842499105
199 7.546700610542814 5.659595949036621 10.729767325077745 2.151229294000122 9.44073868753878 25.511046647304003 3.049737630780936 0.5282092429298026 5.284222264891395 13.362833198528714 31.731782493044044 0.5092360978897887 0.024440075885373606 0.4285287575240658
200 7.612502737604751 5.781320327120592 10.948098023128564 2.1002078113120666 9.321049501871242 25.281573654157604 3.2208886330346886 0.9594474491552563 5.675657991689674 13.77269909572661 31.8871512672333 0.509430039010273 0.029550475585138385 0.42827737402232163
206 7.949764887535044 5.506947149738632 10.711052995537266 2.2089394417338606 8.954772685517005 25.6242041570072 2.9938673355785115 0.7136882858451777 5.4435542711989875 14.912882752947306 32.98479461013731 0.5064930292955757 0.0659528334267986 0.42369859071207544
207 7.740700971827235 5.5711749607250045 10.802571473393911 2.217373619820604 9.270299867139416 25.378033657765997 3.0454829498009124 0.5873951417361114 5.260761215420376 14.428061036245087 32.2193538772416 0.5090280637340874 0.030349895984490016 0.4284074202293582
208 7.463804545525209 5.830988163681383 11.376351533966051 1.7408820590212575 9.09409139534437 25.2719981714387 3.25542064426283 0.8258290820651035 5.294455260788119 14.73813746849178 32.35746366549678 0.5079233213396565 0.051123601162511675 0.4254699428977437
209 8.123176874733222 5.401601080357203 10.801670396776977 2.328669309190975 9.93098865360153 25.03036501331084 2.861673310471153 1.212885783707633 3.4542938816658797 12.938908394950916 31.826345004563763 0.507682738985502 0.053499990595636704 0.4257541898307697
244 7.908932139832335 5.61064104567921 11.264878935366191 1.8607505077608537 9.224054637109933 25.791690389539667 2.8778206263694277 0.6987766206012271 4.823006154011408 14.676093377615304 32.6444302424981 0.5099406798203093 0.01783810037960109 0.4285824309918831
243 7.391384603744401 5.901337127705895 11.143034125288665 1.9999021254117406 9.593029251587943 25.560062005779645 2.8513173879328986 1.0041893354640583 4.684769941015051 12.536704667222118 32.5462841027582 0.5097781625317757 0.02709384444314874 0.42792868179097443
242 7.679438051482212 5.732284191914377 11.1442383588034 2.032917785975677 9.684870902546665 26.23340233545591 2.3253569171563733 0.5050420138410202 5.577241200629215 13.251800408995008 32.30838837882325 0.5101610615178526 0.02015330905103779 0.42848667979220656
234 7.893003945721268 5.7243347590506675 11.349848230834201 1.7826433898834064 9.170675412263787 25.61539240879261 2.9572489302088303 0.6482009865869638 5.380941372642913 15.462070696039788 31.8526056783284 0.5092651135864904 0.035138905803605625 0.4273679467239318
241 7.632425892956214 5.770303754089475 11.3223230953449 1.795807098514717 8.872483667279033 25.514272495323464 3.2335138641952366 0.906301204396842 5.789052328908359 15.574438137018067 32.37325207170574 0.5091898501952099 0.03154485889428738 0.42806214139295545
216 8.180718436040005 5.539210554166183 10.621402809689252 2.327116209554272 9.356756599515618 26.158825314699172 2.4482798498497322 0.6125327728872175 5.33897755442502 14.044182600679534 32.56047003467281 0.5097068104506559 0.028026861003310147 0.4281541519016973
217 7.2757103231411895 5.894548358150612 11.431183395387292 1.7825256619229157 9.211441321410954 25.73284984304229 2.8460339521882156 1.0119031268909011 5.292988578497207 14.187173392894028 32.697896144069844 0.5094805674759901 0.033208137570033366 0.4276896110052796
218 7.620231396199419 5.694159602692962 10.535828247817163 2.458570104898066 9.908652590425667 24.968524223634077 3.001283039020139 0.8740575365982995 5.1528875715141425 13.538915849825955 30.290697788478276 0.506905345440832 0.062154202442805354 0.42388201899513306
233 7.811331667003617 5.325712460465863 10.596227562149181 2.2905083542004747 9.520021823002752 25.450504047036176 3.06848449722851 0.5751598583541861 4.981774744491957 13.361585291903989 31.90313938860309 0.5091594898459743 0.030584976170591714 0.428238931710271
219 7.857886371552886 5.612360422253419 11.02061033470329 2.046146838099207 9.644714120937916 25.958250017285316 2.4628135677178924 0.9022699505352487 4.753760473822929 13.485971059337889 32.26059767356025 0.509621314520734 0.02205178822292619 0.4278325548675099
232 7.497563547187845 5.7465713264285005 10.814516807701281 2.1869718448109654 8.918515930205322 26.056771007786597 2.808228981575658 0.574919857898563 5.779411080510021 14.568813919855044 32.71924065656242 0.5080651590081353 0.05225106691058338 0.4259768255573761
231 7.685589788611254 5.6702470375782985 10.647129283387256 2.2217804545250015 9.284984982763484 25.849933464202746 2.8594018987517438 0.4620467357204152 5.9411414598615195 13.952600948153796 31.69041140108998 0.5083786572648412 0.049641764046904256 0.42679815304375945
236 7.844591871989144 5.393386030541056 11.223819406582258 1.839923825561423 8.738432431394706 26.4658567921962 2.7129573556379687 0.8263323329786196 4.288930189308312 14.800815896441822 34.54765006654267 0.5095828203579497 0.01826288556468081 0.4289051693466494
237 7.459561075505335 5.6892324629944016 10.62110992105882 2.369588766000272 9.851978587571784 24.177078495340844 3.661650341904087 0.5791762909411098 5.212520149785762 14.276067652577673 29.081729908784528 0.5080754897227071 0.05439698519714998 0.42500416898206644
247 7.553139960282767 5.736993520977497 10.60297325311891 2.3186604614425197 9.857376843063298 24.92067844870745 3.261191106156414 0.5338802748688757 5.460861351748686 13.657246149919425 29.61356899853931 0.5083944995539689 0.0474594996540539 0.42529750413932205
210 7.437194330898948 5.617556809199542 10.309642218750154 2.7470458861100173 10.276433766205207 25.46881413602561 2.4682165036879002 0.8785089505947465 5.449586913258963 12.521703150267719 29.407850546851783 0.5057332904486841 0.06927370397320509 0.4235735540390225
246 7.42258265937893 5.602048100999923 10.887673067515742 2.040190851190089 9.209181733037017 26.128347263390232 2.663115272309828 0.8165704691206049 5.351067829766533 13.9960054546267 32.29034916267672 0.508701500000936 0.04262725418583664 0.426882319946605
245 7.5626147273041315 5.532009580582966 10.586765850635695 2.5175915823616077 10.321383977224786 24.90233634961571 2.8081425881564277 1.1418392127894526 3.4376081043407973 11.121491056826368 31.64586600795192 0.509297120123229 0.033176774970053585 0.42691943457294074
235 7.3718483801067745 5.7782131367891 10.78927145757992 2.2793346331609308 10.071414409105762 24.735601146063797 3.20305902904884 0.8104555711406345 4.881488977062888 12.595915688509347 30.17662501099419 0.5081255246499424 0.053381732090815454 0.42530763403072425
211 7.415425961439177 5.927382807678183 11.391720248010591 1.7256742911365779 9.124440694904504 26.22527820706901 2.573591037131171 0.6839741660628117 6.09638054404334 14.767157602678806 32.11487955437027 0.5093745905157179 0.02705353953358523 0.4282521334360045
212 7.365673333251777 5.891472222738486 10.995336961022655 1.9770646843773205 9.005396649014667 25.839536302389188 2.907635912098441 0.9695413837902946 4.929774816780348 13.415104744344625 33.809217706958144 0.5094875629095003 0.027973480557458786 0.42735548890083047
220 7.6024320407130865 5.728171225599359 11.429493069677891 1.9345789856601228 10.012409968121542 24.784112721827157 3.1669446117870623 0.8067632636053452 4.464160400755658 13.458016456772722 30.785327742642455 0.5093115398651062 0.03482818656462102 0.42673316461305805
221 7.195508045809587 5.823651429669867 10.89122751540328 2.0364863430247695 9.232111753157167 25.963217137291565 2.7204818092830676 0.7623456631069953 5.511301295981887 13.952873746378298 31.930831940945392 0.5080018932431599 0.04963939094401854 0.42536927203713626
222 7.562262776277094 5.536125612074366 10.674154102562476 2.257477912226771 8.962257428475516 26.083962425798532 2.815750508848943 0.8427480604449297 5.512009504821077 14.400960506155949 32.73883227730826 0.5084987648593072 0.04333661661942676 0.42573499365841067
250 7.688325855956345 5.730328035914078 10.927581383666757 2.0829241442082225 9.432698707637519 25.255874488583167 3.2599262987409534 0.650789986657311 5.229843139904204 14.104343668174474 31.244093138902983 0.5090577396213444 0.03616068335131383 0.4278689967532867
249 7.503810681091235 5.749603739922176 10.272038780124033 2.5542511822406 9.293593316939543 25.74836486235188 2.7377454899389964 0.8133347748454333 5.751517878568204 13.067802781554128 32.57336854629029 0.5066484770094295 0.06649884194502728 0.42347931031115754
248 7.494382089682809 5.7210356704646665 11.059764299783923 2.0042672010161935 9.03325394273617 26.147184108860202 3.0156088088313573 0.554731050224873 5.988782347192181 14.90595724984566 31.38948347164637 0.5080765546208195 0.05304688666443344 0.4249565865778755
238 7.816298608654902 5.8379920951124555 11.187733937379447 1.8022533259336893 9.015751001220917 25.78047039264327 2.988163979337776 0.8330063545454071 4.665824942956089 14.124905173684205 33.20313069706307 0.5093806498728675 0.028905814942926784 0.4282888872729085
213 7.846654901381789 5.837116197345616 10.809114603521063 2.190789045935008 9.373634031531633 25.68888334264043 2.9204551789793785 0.2578309592642293 6.608601722909553 14.946335425939775 30.481815602415654 0.5082608518200892 0.05134314138752646 0.4249425811764943
214 7.809772427479179 5.619482587282493 10.701868778092512 2.219503572397119 8.971733740712615 25.814596712021782 2.9438162151426437 0.5795817806782686 5.65566145675892 14.241410684652816 32.856523838027066 0.508015408314307 0.04362479255196154 0.42719446059856375
215 7.693284346827119 5.529152917386011 10.357840830273751 2.5048054082533913 9.005786324676217 25.086692216498683 3.4932548892370683 1.0099266547914143 5.144887894575087 13.636254787193666 32.95440731146878 0.5054300227998 0.07154849915244943 0.4234445240222341
239 7.749977744662404 5.750991522928264 10.612039597618757 2.3188500145843394 9.361226207311926 25.48011913813767 3.025061025884242 0.9625376777240968 4.5376860658204405 12.365953354536126 33.27047411751711 0.5075485479492895 0.05515336615693466 0.4263270009918695
223 7.63611233627989 5.773172581096933 11.046775272539975 1.9348083972016024 8.814092203335454 26.367727580448182 2.670731594509159 1.0620462767566736 5.2556971171343605 13.816908348136174 34.12932817577411 0.5079355976775821 0.0461309362285054 0.42616440133942063
240 7.911925196600469 5.617482423234088 10.900901482452136 2.077969932742282 8.936194382582334 25.914962390391885 2.8995470286481044 0.630490622669304 5.213101866300595 14.191985489093968 33.66634030842442 0.5089284132418412 0.04055847466353658 0.42706977744478203
224 7.880809439275669 5.848108224983162 11.259661933321048 1.6957752928389174 8.31012126186782 26.047530765556655 3.2049527845541763 0.7374082004988488 6.354608852226983 16.216252573930234 33.410082678971364 0.5084829270337796 0.038416532946261316 0.4274300136229449
225 7.773512132654661 5.613623919519037 10.503404718077972 2.412395477777293 9.498880202729843 25.415202843765087 2.8855347048041766 0.5719970509626757 5.122715675822206 13.480400294020452 32.03158188353362 0.5094240675582241 0.0357146643549004 0.4275604539369951
