# timestep 2850
# phase bcc
# id f1 f2 f3 f4 f5 f6 f7 f8 f9 f10 f11 f12 f13 f14
1 7.283549352652041 5.612449162250084 10.514841954876617 2.203933289073924 8.995704652110437 26.174585990010804 2.8206871559423523 0.6203183225263506 6.023010581606707 14.012871810943453 32.72833834330605 0.5081791824170404 0.05004233675402161 0.4264325292821358
2 7.871005938988013 5.439996022899218 10.791158969546256 2.2088620939268 9.773837469732962 25.246363450656535 2.924457062439881 0.9306360089711991 4.30114540162108 13.532498592497161 31.559617637853712 0.5082781496009566 0.04263606894990863 0.4264925503164961
3 7.0473169431731915 5.910817262468286 10.944582482417049 1.95147253743447 9.156573661985812 26.18972977096477 2.6733123193801718 1.0787464906645785 4.507377808074132 12.033791931875104 33.83619745703205 0.5091828311059475 0.03042160987801673 0.42845411145747525
11 7.576569329845637 5.553842739081795 10.937534998786381 2.051830947948364 9.34178057631674 25.82562417394921 2.980068741336699 0.6935832303477655 5.292126216118753 13.646502956057844 32.06116197382135 0.5093963112095837 0.028350431913099883 0.4284092081265349
13 7.640396517876343 5.5816754014214665 11.03770121296089 2.124799752348864 10.152096204540173 25.02326134472348 3.0219308248544525 0.8530513205121242 4.131280429834761 12.785712719018884 30.277331345303075 0.5094062357681007 0.03350709122444118 0.4280605326714466
26 7.421304826232318 5.860166473051707 10.844854751353788 2.0930130266265934 9.424494629913106 26.330190631233673 2.5219480617994257 0.7528831703615008 5.506546112762556 12.73994581030868 32.24702156790299 0.5072759912978638 0.0544886102458336 0.42532347291127276
28 7.6535264113015105 5.526728005941016 11.273774291747092 1.8281429667789815 9.206553754531177 26.267185527316943 2.5015432223550835 0.4937503542910895 5.251430329526117 14.85438623597949 32.8322501207335 0.5094434675818551 0.02466569303260573 0.42779390138260526
36 8.05610885465579 5.525687176959517 10.780617904421081 2.167940735471161 9.55037277079043 25.990571956933525 2.5215342870182007 0.5345685903395264 5.362469099149651 14.596883858301863 31.06423840041644 0.5089637638244209 0.03630631607286813 0.42806486399747323
38 7.834151127364417 5.599233264207792 11.111230602307982 2.102803226764986 10.426694207879184 24.96399962642939 2.5988686113212296 0.8467250548335518 4.51094721195026 13.535062115179501 29.66696738284433 0.5074500389130457 0.050047104014489016 0.42634490779946316
4 7.243249251483914 5.512811219137222 10.902559611039916 2.281479519961537 9.75428442543418 25.084763476269107 2.9031717818509137 1.0488434434558072 4.514030395840074 13.627489267767755 31.58457657543584 0.5075074692333666 0.05377933559441251 0.42547021759513093
12 7.117075609877113 5.680995484295986 10.961713347362174 2.1790699614606863 9.869521041142608 25.592224736140917 2.714159327551356 0.7850200723141287 4.925478992742493 12.658731914695652 31.216728592290995 0.5079398161545513 0.04771164265243633 0.42653752711292386
21 7.237650601945304 5.55051421465174 10.5428115674079 2.364825467417245 9.364490373765339 25.87789597188266 2.8366663694744343 0.7242082829193512 5.732367732859042 13.821147089069562 31.409482957763416 0.507027607023231 0.059281531661081015 0.4249345665667472
22 7.537573048404997 5.389376751493298 10.551725987771707 2.4127040648695917 10.179204711637 24.832685630672426 2.9979612714522954 0.7532545302644463 4.26286160347406 12.58774495768056 30.418261759297323 0.507574028327224 0.05713455592742845 0.4246670337004473
46 8.0432103349801 5.495960264312996 11.491037732815816 1.6462221428280772 8.951215270417501 26.209608472325378 2.782858122741475 0.8975959873751348 4.363735807412407 15.108207875138431 33.32166679906029 0.5089246498152988 0.03654463818187253 0.4271774761457101
47 7.0374924691111 5.785396817379457 10.599379482898 2.230291524128984 9.801760275904048 25.537049773804718 2.804421001805888 1.060144733741745 4.909937244701016 12.251718078299747 30.849661201730534 0.5061939816047807 0.061704955751120893 0.4254992933071928
14 7.577672957860598 5.71403027932594 11.103790918972555 2.125817769793914 10.461480352219372 25.752132652029598 2.1955685957680005 0.8821985177683767 4.125239957253237 11.122206296015216 31.511610253488577 0.5085525868948437 0.0373684351395673 0.42743220667191134
27 7.331812562408919 5.531204429701151 10.690774236124762 2.3845318907891677 10.162473187059959 25.480943511349942 2.5225969451374652 0.5681961589033033 4.717317240456082 12.214320802527064 31.347708216355432 0.5082494583987186 0.05242469090055936 0.4255915402050106
51 7.811478055166865 5.554313353760954 11.358061340739061 1.73031040710691 8.922588122119695 26.223585544181383 2.846829949406297 1.0135152358275878 4.750297535815168 14.584314195091604 33.57919989685218 0.5089892541554748 0.03589975180683604 0.427356435519269
52 7.864033891766978 5.270755918567862 10.86172307818985 2.0339906262107545 8.913220401334613 25.808931086869986 3.119355256431852 0.678627667802871 4.9636481301670505 15.672819031655076 32.12409258328962 0.5088501439993964 0.042249736961930615 0.4271135665120156
56 7.383101983765671 5.5743003705145115 11.196701001501756 1.8036242096399382 8.623133904025867 26.439643413456423 2.7034240319852723 0.9271563442585489 5.360429637970453 14.92377857582644 34.32923353471613 0.508052369784375 0.04936387362541705 0.42663386302655987
57 7.521453647746393 5.641852278102405 11.36259321341583 1.804537978876951 9.106930852751884 26.384066452602074 2.5346924368087937 1.1130241854791005 4.617878894730581 13.941321602850566 33.908074128772945 0.5089882107067979 0.038581923513698595 0.4271551102078833
29 7.289126949910986 5.814186627137328 10.876420281831603 2.226598761477887 10.10068619016175 24.807606058306675 3.0316968658421777 0.9892462122330272 4.705708577232613 12.355078869074994 30.69263904215003 0.5089770795174356 0.030925327100168258 0.427565466197624
37 7.277985208473983 5.662581311798176 10.888265350507414 2.3416225333345033 10.737456330649197 24.36280988340497 2.9949621725975613 0.7249649155853095 4.487406063653025 11.917925239222258 29.06660258613198 0.5076536439184303 0.054725018401858484 0.4257960264037955
61 8.149240441332166 5.308235638970357 11.318893505702878 1.8290056217023958 9.171613236455375 26.10294737907751 2.620006212914399 0.7451745457005656 4.391799806826321 15.032929718670246 33.2986267754515 0.5092107322381462 0.029751149264140197 0.42799365009950613
62 7.645098023473194 5.388227240247399 11.096389165334495 2.01180523864862 9.677280220717156 25.954103557800575 2.4778848512456806 0.6205980536378097 5.01955838727901 13.934723884452916 32.08767264508609 0.5090981594366625 0.02743612806561467 0.42804934930359523
39 7.831358775226465 5.505554664370063 11.033348311519731 2.253427203632215 10.462125024392712 24.35420851499918 3.0150974275137634 0.8955694161209319 4.020667620526567 13.445110665777742 29.55364407501033 0.5081658697075345 0.049419140376448754 0.4259972396915813
126 7.493955809926833 5.703705440080882 11.084024534537186 1.9720706559014496 9.75815374091804 25.254207852998704 2.9808355638585966 0.5516246344958646 5.8379204742478095 14.492252827988949 29.682028645717033 0.508145273704736 0.04645865669072821 0.42673818097364485
127 8.03858832158115 5.446233926907555 10.846993920330066 2.2483435777684826 9.708334082838121 25.079715403051154 3.150875026120333 1.070958513295709 4.562062973343406 14.45829794739138 30.379355854714472 0.5064679250322027 0.06224609931352553 0.4248507465645647
151 7.240020507059805 5.696627599276115 10.818171225014028 2.3937700305192577 10.528416149165857 24.97573132055582 2.569948931741842 0.8039074322339131 4.802202300911022 11.984577292610926 30.024427751971906 0.5078656295120322 0.048200882709573865 0.4259310603529868
152 7.779727330123111 5.380928799584797 10.848394948338628 2.033389897321182 9.118478516577126 25.67822939811829 2.8876417224617037 1.1309251391891262 4.5432207381114456 14.473972612836157 32.841095887206194 0.5077150045163557 0.05065756452301613 0.4268500033838995
66 7.405929198485851 5.820865079630986 11.1635484196657 2.056206081177007 9.993213993063597 24.891145011536846 3.021239801316287 0.29340494163616265 6.1000888970632 14.476310897192489 29.474536577174963 0.5092193753681913 0.03658286459272918 0.42729691273678794
67 7.693603911357113 5.851276759210782 10.886027330782799 2.219158658491645 9.757031159088399 25.642559184099014 2.649128538955112 0.7570598116054518 5.071975124556175 12.50100712083297 32.152765804248645 0.5093125299054476 0.03149820506207722 0.42793186383788
71 7.687834978664103 5.569958381699255 11.001620018091694 2.137929099342668 10.055190133103073 25.787392005383392 2.358071505950774 0.6651157030234168 4.359450902622172 12.407978201063713 32.142352267426624 0.5096540297062578 0.025882687064924477 0.42857522706997375
72 7.735572256928177 5.6109206024738425 11.077187242704856 1.9179208577349547 9.04305219674189 26.17057977261584 2.7644110284330305 0.8824905408516402 4.731445039089431 14.18837761751038 33.32476955853718 0.5096566623753704 0.025758634289112042 0.4281590783409533
187 7.733007572638236 5.753283602026985 11.293368694683478 1.9349965334152506 9.646487542128556 25.24556016993507 3.038444294367119 0.7496313089381926 4.875792641757546 13.900241714691878 31.415327740252838 0.5087182218563344 0.03493459081373098 0.4280573315208275
186 6.930145785925905 5.724676341483183 11.261456430032352 1.926007261568797 9.502539433755626 25.931708909108856 2.606174885135681 0.5888660944417817 5.457594230800118 12.807204677275939 33.02337599378041 0.5089836758718543 0.03558936638182444 0.4278530823468827
5 7.614370150368361 5.439066867530682 11.292328237272422 1.9432263962938483 9.359717452152683 25.625614162296035 2.82562911019635 0.9008347825224299 4.970680911581188 15.033078363418795 32.32441046661808 0.5090357381217131 0.03616493097758264 0.4271238356684616
15 7.957274381992025 5.426113323926407 11.139547304050879 2.2379470419790177 11.126600252165327 24.252055866003666 2.6853415106150558 0.7999458628299203 3.536366509450008 12.443135527467415 28.923427124943338 0.5099250802327453 0.02024663927943595 0.42819747555719667
30 7.776889029244197 5.373792754244907 10.660397654192213 2.3381048594878084 9.59542080570474 25.336459176378284 2.8933045605006362 0.9895308534235122 5.289481848794883 14.521560801343602 31.180184698957092 0.5069310880886898 0.060044361229007276 0.42465274744549947
40 7.811482255890035 5.492327912919715 11.410342943697415 1.8873927314852226 9.90308971365894 25.52033889607458 2.6100006858926608 0.7494440154517459 4.517934478911432 13.83331300134978 31.663193041243282 0.509432169553577 0.02759416171052178 0.4281490103690117
6 7.42544420776103 5.624822932650216 11.259636198349206 1.9232804947068158 9.705505020144427 25.88527431517007 2.4390746593509998 0.824932976744699 4.818783388520239 13.44589002188022 32.38359103746879 0.509619846234654 0.02782647378918924 0.42814474792795154
7 7.49567079009226 5.7400686109264365 10.81353795899159 2.3670763122834924 10.142501731080637 25.348652338408556 2.724109313943978 0.6838838417458362 4.5684153354860335 11.90880664316059 31.03228140090798 0.508931545818855 0.041449467072528064 0.4267346008455774
17 7.4067360420922075 5.668490083797531 10.887814613579287 2.466563641020707 10.787089383281842 24.304475606007777 2.943150176219093 0.764356724320195 4.131124869930533 11.487426301567513 29.81263595000109 0.5087176918381148 0.042576595619180764 0.4271397770730374
32 7.6059890268928365 5.668403166516942 10.880372013632245 2.082689511689814 8.929591007203546 26.492804972173776 2.523377250059042 0.8721909517691409 5.199632196392319 13.847913657558014 33.979428982260636 0.5091230645665422 0.03609693041007727 0.4261246285855048
42 7.359249748304218 5.472867131992838 10.958378339608757 1.9818492920609796 9.03355458967442 25.689997487875157 3.109663186175946 0.69629274328783 4.751910470533698 14.25256856735254 33.13777837502787 0.5094273679855981 0.021732074117382427 0.428234632807734
23 7.666747757712492 5.469794455210605 9.99189780527318 3.1863233205111783 11.002210402024193 23.392717999185898 3.5928912139065288 1.1340033460185666 3.900226807979136 12.292387561491262 26.360605018105264 0.5031787488059841 0.08544394348836488 0.42088094194181574
48 7.036374631036807 5.765705034360064 11.064785096300923 2.13523295847738 9.942135211106434 25.625196796419047 2.552246522943559 1.0428842711287414 5.099065824404797 11.776673565356193 32.14847288061373 0.5089815895746813 0.02776777619750012 0.4277443232273882
16 7.399952480960456 5.779520193371957 11.232130806768811 1.7409028872798478 9.442278937021904 26.064004103124972 2.5516135844992127 0.9859639609307792 5.614453109816868 14.596163661458705 31.21227569983611 0.5072330209220918 0.0490905564304177 0.4268053070005271
24 7.113326674801808 5.815559363479981 10.99698596446327 2.1389090341805637 9.944981059348677 25.34886144165236 2.679930631941522 0.5013063967905375 5.4623362452149795 12.86973476062585 31.091002377188904 0.5090709340011316 0.038539245369150966 0.42626044047320655
49 6.862415108322177 5.740469172343701 10.10450515220264 2.8194475207414746 9.968614351013205 25.08927705904718 3.03939048642633 0.759879539645436 5.725324067125988 12.522724223578445 28.484724980764998 0.5049724301139502 0.07453806304385628 0.4221571152187817
53 7.4774774551282075 5.962708791358759 10.813534632233246 2.086437810419498 9.24473434109949 26.096510703638117 2.7492974471362683 0.9206231983262757 5.803423022279954 13.289417964617511 31.690248272921544 0.5081062639407351 0.05152329137005491 0.42553687834713777
58 7.983993923048135 5.709064311142594 11.125871567178898 1.9973228523817135 9.550379704121436 25.750241814305415 2.7386964978134776 0.702153834576898 4.579306623601691 13.419241902491764 32.48310924555658 0.5085549123494484 0.03786156473318333 0.4272264684543004
31 7.457737558435495 5.50592356041443 10.740089628638604 2.5678858348860816 10.218515099758317 24.28880294375035 3.2862071974044103 1.0137297665570622 4.827898221053345 13.376325839806054 29.35456197269556 0.5069689941297751 0.06027316260150631 0.4248695039980244
54 7.626118235624426 5.5580072005788015 10.803215034837812 2.0295603168700262 8.68630585695371 25.817479686080315 3.0547738682022185 0.5021496697927357 6.06230279506001 16.02982122470188 32.74658558222357 0.5083380216995742 0.047894425488571556 0.42662504517858524
59 7.588400378220577 5.574052585520602 10.738719967404998 2.216260975743504 9.46130773566444 25.447627345829957 2.981352690127943 0.8012624810209368 5.10745055597034 13.830729514274696 31.340339505007606 0.5083714145277886 0.040906809151861415 0.4280076100778398
63 7.414039018547017 5.730359073348643 11.061692416198296 2.2003088292949604 9.979938901416759 24.43986037265008 3.2722806802286617 0.384536093417094 5.417915682344597 14.398982173278169 29.375928224715523 0.508299256752756 0.051294447007499536 0.4258769552123026
41 7.629058377800906 5.3437620674080435 11.002166416007126 2.1262006459870784 9.491354851662049 25.543209353182807 2.788253658498634 0.7892503424872075 4.883487989859022 14.278426724453537 32.19330086923082 0.5081247409405832 0.050811881240995345 0.4257744785672254
64 7.670171981692268 5.832810289408522 10.551206401008216 2.3934780315748116 9.952748349670507 24.95121600266626 3.0144007586920707 0.5793911489707126 5.099099163667383 12.523538561588307 30.961032544534753 0.5077660953488227 0.044694915503332475 0.4265492740968342
128 7.9487043316899495 5.411210046854028 10.795084345119687 2.199643967029716 9.094413648316635 25.82348059062265 2.8301425318188023 0.8223071963741689 4.659575343338015 14.662170937568586 32.53126813007238 0.5077390834807398 0.0519150761440721 0.42483466625773153
153 7.46051431922239 5.574552564123152 10.700779633151411 2.07715905263814 8.541720547761017 25.840599792412203 3.0981790338641195 1.2165200168992745 5.63199265972473 15.273440741022792 33.38600564264631 0.5054662700050808 0.0664488579106568 0.423732888298806
68 7.374617055550651 5.604619940389231 10.870251608152088 2.175938694983225 9.552204263168008 25.61387861408518 2.6905582056546624 0.8432939834529294 5.722819698166935 13.02585205541329 32.152940530220306 0.5084745515180672 0.04182110490189398 0.42743150286253
73 7.209715497947113 5.903370601088946 11.027485656328595 1.9702979388081203 9.17121324039776 26.587603626270813 2.386451279649718 0.8953603453229517 5.973779745631325 12.88723116764279 33.03949096400884 0.5088165162456876 0.039445171674710844 0.4270971628928907
188 7.666118471079721 5.670243521090068 11.029427710914362 2.1162145170660205 9.313272459171497 25.701145848619152 2.7702117884776882 0.8104460659291942 4.986678437287335 13.959780845075576 32.84499196432588 0.5085845089765214 0.03267826093081046 0.4273923235864547
8 7.970746762454432 5.886006382220518 10.94522807286885 2.1457038891392672 9.847100349502433 25.39914940281266 2.8088243783732105 0.6520541070419866 4.830778822730871 12.819389752875736 31.058022627039236 0.5092029773297141 0.03505371890233489 0.4273345627453285
9 7.700506982095052 5.664271257279584 10.708940219535771 2.3996171384224403 9.739422076716517 25.412825647903745 2.779993775569433 0.8556588801184084 5.3620403233113985 12.981247903058238 31.316718543078863 0.508999409843696 0.03864684798813023 0.4269134585810459
10 7.580476056427472 5.823560554551149 10.900068217843135 2.0606421458433957 8.978448710121443 25.562316454544497 3.2246465065993233 0.9483325139037322 5.511546090072996 14.117026078812659 32.38909838332624 0.5076605652567051 0.052416526251524376 0.4265893561889909
19 7.790156693204756 5.619309432733668 10.450285412420873 2.6032033201896185 9.881425290759893 24.901418417820576 3.0896152317799013 0.8732364333048787 4.977753842640139 12.569155854987187 31.01980561025274 0.5065698924478943 0.059543291026441465 0.425483811687387
34 7.766223314903739 5.59790525476123 9.797502655584612 2.8416465286516703 10.152588436783267 24.183124476843812 3.4944067993154593 0.9050927563542928 5.748779621700103 13.412349458969823 27.347578889797227 0.5040291030208325 0.08600904463287884 0.4197795067236807
44 7.5969171952854415 5.638244523323698 11.204196869851625 1.7958313156299148 8.568212256639217 26.06035763879644 3.119902525210591 0.9098659507639622 6.015545934099355 15.187779670988341 33.34299212163235 0.5088021197853334 0.0425762276855534 0.42676182089348513
18 7.826912262669575 5.5983082271368465 11.050009156606066 1.9218171565643538 8.838880740354504 26.139128559020314 2.8591818195619823 0.4587770084869392 5.667320471660757 15.516156578201814 32.794772560464374 0.5083028401662769 0.04108835003171126 0.42705836324025054
20 7.291036571482748 5.7250902034855455 10.717319236741295 2.239030051677405 9.099129756899954 26.11492666502748 2.7349254958169786 0.7363985651531795 4.915706552206699 12.63358058636906 34.281542533577586 0.5098718767564366 0.022514853289444 0.42772599430397035
25 7.514514878044567 5.855875896591478 11.056961635556412 2.158393960550776 9.655797427298316 25.149068700224767 2.954276877702552 0.7739810587840341 5.200975815150532 13.429502634983848 31.54349188147444 0.5083614861764219 0.04583971822065243 0.42666893545541995
50 7.865348412272279 5.7112286675318344 11.008227031403289 1.9432049001410239 8.718761756547345 26.379967278253332 2.832396635180922 1.1263149716688126 5.464846574938699 15.062257784853726 32.87425447129413 0.5088333551905623 0.03365822609354413 0.4263855243052584
33 7.374274638656468 5.776441945667771 10.714752423867582 2.244202609447069 9.141229829700404 25.681123254592514 2.968863752011431 0.49625815927153333 5.638762237493831 14.322347421503238 31.87948058277687 0.5088957944912691 0.0352098748060035 0.4273740206294286
35 7.749178525254208 5.633522206558343 10.725520038970178 2.4227408980660154 10.10271294471482 24.633147205052875 3.0697059855824302 0.807866835552147 4.873525716505381 12.863248582209533 30.612969320591798 0.5081520861874977 0.042362842265009054 0.427748796708152
55 8.001708267006613 5.330014208644107 10.965624845538327 1.8857307546100675 8.55143708064038 26.445094206789975 2.859592302839415 0.8463646495012193 4.970722888191554 15.373194094501708 34.121279448831935 0.5094009420762916 0.02745929366327617 0.42797057417354833
60 7.682782259515294 5.944597191139818 11.10251020218359 2.0191587484667495 9.516008316593185 26.268287475737637 2.331951370858678 0.8643916685056635 5.465252149926013 12.717867492650313 33.04355684360776 0.5091828579637384 0.028204957646224868 0.4273022417916995
43 7.601423088655777 5.544658767907174 10.546420524150783 2.3501824452718085 9.120692543173178 25.6795901571159 2.8695426510361512 0.9471168268068108 5.134653401603571 13.857620216475986 32.51204628949326 0.5079422019858202 0.051076004428183296 0.4248103400321779
45 7.3917019086504085 5.770962603796604 10.950418854667994 2.158389681607105 9.640309941757431 24.80358464147474 3.390534114127616 0.6020037123613924 5.966344125950639 14.054028075021392 30.350490063142722 0.5080699689494534 0.051086909412776556 0.42577359398274034
65 7.266061487078812 5.94003178415326 10.85510594535937 2.0195291296760627 8.869770746428202 26.191099054457155 2.9523785840138497 0.55244514871733 6.824634486424113 14.259239999320785 31.843478369133145 0.5075082656659848 0.04708200114248276 0.42684141382082413
129 7.343120521835687 5.703573386997605 10.508896081584833 2.3511026597486975 9.393307217788681 25.15680230495601 3.4200664589205725 0.9267013630699373 5.463001812385295 13.678657391742597 29.932144195791963 0.5055559955903564 0.06473398421239375 0.42461577940583656
130 7.23489465114279 5.984937022803834 10.696150154353269 2.5169365341411427 10.380288926319743 24.88382895311073 2.711164935211755 0.606907245696252 5.1912010950620715 11.311350998218677 30.71706328253004 0.5083895355359498 0.0464555671617678 0.4260638119356451
154 7.550203074790057 5.830849663207651 10.477424195979136 2.4350705118993963 9.092218306947192 25.764914824382657 2.9796843375208137 0.680888784571929 5.906232709078137 13.819522357311467 31.66249282372825 0.5057972757425386 0.06281394379795453 0.42371254061867114
155 7.156448201201034 5.840199008112097 10.454251434919703 2.645498375302159 10.491574733229026 24.88532361985661 2.9320378969537786 0.8306909608651168 5.294638819193068 11.0793726575782 29.32560551558036 0.5068341679074153 0.055854382675939875 0.42504649319413756
69 7.7885388258822745 5.383259132195715 10.883070748896369 2.1947881110762153 9.563144390660653 25.2587232005748 3.0955449472826624 0.6201558705567503 4.745199858930095 13.916922089917735 31.898851743807953 0.5084064966432759 0.039544454599303155 0.4277662742272151
70 7.570384638963098 5.72377393326542 10.716101834454697 2.37073455189569 10.092636273108251 24.82650460465776 3.079759959651197 0.9324008514020761 4.026809367007377 12.002468293145997 30.79106250773404 0.5093089455625853 0.035602432227493985 0.42706343717000533
190 7.3858827745511615 5.583266288746233 10.44972537383514 2.197654467270245 9.178671981356379 25.491809732614442 3.280868930821678 0.8018144419716192 5.584312287424586 14.070215710324133 30.98615114160804 0.5036606388876705 0.08178582159211688 0.42186996996174325
74 7.650850852720791 5.728870417333723 10.419052684468145 2.276805156914691 9.392598383565705 25.674895559959207 3.104116967847885 1.1346920949720003 5.571493960204979 13.47797217554803 30.41509201989481 0.5047351055150505 0.07982013128101137 0.42180405169330104
189 8.31717443529521 5.302073552360211 10.803755713477667 2.267990466206596 9.314027275133036 25.15901458453782 3.1976076012395533 0.5492726612425018 5.197295392847309 15.867038580372189 30.648083810967712 0.5086515959585788 0.048370669438780614 0.425865080368746
75 7.653890577912205 5.661248461965377 10.67298921226356 2.2425147233768024 9.529332470820238 25.259674849003826 3.1065031216497476 0.8071510292310192 4.626423337889882 13.33343160218298 31.58864390365689 0.5083773130587008 0.05278139633965883 0.42530653239398064
76 8.099983901625471 5.401302769960915 11.286269238466547 1.7905773303982577 8.87840926891349 26.406671987916265 2.6201734427436936 0.6746849922378283 5.240699062467252 15.479055081930841 33.35242865469332 0.5091508845242156 0.03271317943625846 0.4282280049351266
77 7.335208756548572 5.841752401895499 10.773978882438021 2.18564932063096 9.2196260236535 26.119004444912072 2.681371729714315 0.9254260053152712 5.20511572972674 12.420596542145153 33.525418599899616 0.5056949222690513 0.06546566916925238 0.4245289204457634
78 7.543426773966887 5.802115187838929 10.926857992853856 1.959967630677939 8.875724122895843 26.42377395299368 2.7865171395407473 0.8689066683872653 4.926171331262551 13.470333380403398 33.440178467038514 0.5093017513734295 0.030730645695062626 0.4284263647362554
86 7.760627007831831 5.594875720678011 11.086639749411097 2.0084083965692408 9.642245230899176 25.54135539683926 2.8251191004878136 0.5225663893703337 5.283129563106986 13.984782830763915 31.251966930352115 0.507718527216452 0.051419963794258755 0.42605226653239464
88 7.538265238099003 5.879245277754497 11.098444753502314 1.992942679541535 9.312032921886896 25.86841788757981 2.7294197744868454 0.41188736796247655 5.938437844472553 14.25579943546367 32.247233301593035 0.5095847402576802 0.03195690973118353 0.42700334330354456
79 7.8632101370388074 5.424559671204357 10.9533489143715 1.9649652354326013 9.194554041499462 25.544086336495116 2.983800558638026 1.182357702221208 5.339578089002986 14.77700873385887 32.248784564765664 0.5074612559877085 0.05321231463299524 0.4256992827467093
227 7.490464260615366 5.817198208665695 11.369186509721427 1.709261197502579 8.906796128177033 26.20317740307387 2.6543020627423903 0.6486654943531859 6.19433587449582 15.15683256809372 33.07884555355314 0.5080031015021548 0.04971897105414409 0.4267109253610915
226 8.187506514230524 5.163440368745206 11.093643887565845 1.9382972920651507 9.047325421488388 26.269859633274656 2.5973344795450113 1.0010966215484238 3.83108562130203 14.365122541475632 34.386291851060015 0.5090073071888929 0.030078464247382607 0.42856815466541487
87 7.868276208385048 5.734127560354184 11.475878339340142 1.663160626991702 8.857166115345487 26.392253390293472 2.687413899688756 0.7379800940589073 5.2638479532841655 15.019407016979864 33.39367449390065 0.50944970800518 0.02723219898561635 0.4286492706919579
96 7.9487883709241345 5.430413771465534 10.906949800405258 2.2643156862196165 10.056590396479828 24.913075757435234 2.9923078541842636 0.9906492444308677 4.073867931896652 13.119740368031891 31.053011676462035 0.5074615986336136 0.05211285362743396 0.4263111183213931
97 7.373401790958356 5.783308704298908 11.119307375702899 1.9541826195074914 9.594088918964825 25.617522338027875 2.7747040006865022 0.9184394223164317 5.146399082663678 13.12759439535186 32.14928698672217 0.5090108447755397 0.03826475772827668 0.42753842060764946
89 8.108159713531062 5.4354365683849695 11.394078260847808 1.8224987620491861 9.154696109903464 25.979551845538 2.7292395983829225 0.6429275759911764 4.924836343506495 15.526550793223112 32.742906655494494 0.5097555711160949 0.025485951515902987 0.4275292821444777
202 7.774562257591621 5.689308794708654 10.939076097353052 2.160857292946105 9.73256477634978 25.84962115466767 2.5438764333238155 1.0343896383265196 4.6458076454986585 12.731822038168216 32.06756553357045 0.508801881835066 0.03758190169807748 0.42805563000815466
201 7.674865641013122 5.724641639244839 11.428455448118704 1.7595834482274635 9.318449560702678 26.293704034150277 2.4027904177305532 0.5850651779801354 5.344620216131658 14.24763030892132 33.01375306022316 0.5091634900930314 0.027316566555784308 0.42832963183383144
101 8.246657437658 5.168249230910023 10.837617605210445 2.224778530005645 9.547157674973354 25.103316475086615 3.095877500351779 0.8570692439967372 4.889743125598025 15.47093422591341 30.83873413022312 0.5052890927221028 0.07172132952325219 0.42391938922000394
102 8.035108481581595 5.625381431864832 11.269521174363886 2.0277275926371874 10.124567449641535 25.17947170390074 2.804102120181824 0.46265228488642507 5.335585219391721 13.927348563704967 29.934075548473082 0.5089075252266722 0.04233017023671024 0.4274893028344908
103 7.650694426386082 5.750120069474468 10.990193120933448 2.1493666712549553 10.076763413736217 24.809498923549093 2.9343412476894155 0.7999811452097191 4.622649928799058 12.482885457907248 31.19934027704389 0.5086924598767851 0.04736134265165522 0.42671789980687047
111 7.274839965658772 5.669205257769086 10.54675284258236 2.2917609044546468 9.294813226604298 26.078665852034863 2.6674714935256505 0.9173751739107059 5.976438096817253 13.15788525919146 31.94262720598417 0.5047581981580188 0.07679769565844537 0.42319730300842817
113 7.543538131021936 5.678726282139161 10.276941221312079 2.7350180337820684 10.694162551043416 24.357622046206668 2.8880742211138033 0.518735610198517 5.021367634910255 11.70107403792168 29.27500999289259 0.5070589793274454 0.06128954510729592 0.424132368886894
104 8.19931204055143 5.342694163838463 10.853649066697768 2.2207650236455 10.141820693467718 25.444469563730838 2.5170524133398637 0.9136474811797825 3.7780176754516135 12.976919177803207 31.50843363633094 0.5094630184331038 0.03471225311860487 0.4273431208123798
112 7.5923126638250995 5.387416143833878 11.041340162804643 1.9348376691685731 8.916719847568814 25.93231859590731 2.794512507787392 0.7753031253169882 6.005179422453038 16.464306271687263 31.85160194316074 0.5073471713357842 0.054923161674414404 0.42609817119549964
121 6.930235587966416 5.927459575987833 10.963577246645634 2.080651140263011 9.851115675967272 25.43870089529841 2.7567295849028683 0.463680383632872 6.151814571349656 12.558465111575158 31.24607353354737 0.5093986541191818 0.03244647038573593 0.4279616403786237
122 7.509892197973576 5.61422401082087 10.364349299671725 2.5904060904175474 10.456879381976256 24.96662997715017 2.689568084765545 0.484868986151328 5.004382326071249 12.11769721069314 29.884563389854875 0.5083446462759944 0.04999083579486231 0.42590808304073424
114 7.217694423730055 5.789627081409295 11.175164830999003 1.7750880973604737 9.19078397454048 26.789073735130813 2.2133874069642188 1.1230930402620298 4.887301086044682 12.909391669543224 33.89380631082706 0.5084836518758912 0.042967240401014094 0.42744892576835647
80 7.819777773482665 5.593176276067396 10.69082759846719 2.4060801593433396 10.168948931079976 24.789873061092592 2.8346259877918745 0.6286160395298749 5.258219121998336 13.014282562219245 30.544135837778203 0.5076172036855175 0.05674714900123881 0.42486151553122775
90 7.677190894747604 5.4435169685151505 10.839536355896573 2.4588557407512313 10.145415497492799 24.648890916845787 2.9601448680584785 0.8551482949538084 4.553285543789001 12.987228156706907 30.9216067582733 0.5060295723992606 0.06302772397410365 0.4248094406958212
228 7.584103695378937 5.6396298616945675 11.027027004355341 1.8306768131106055 8.850230499070946 26.147166377620604 2.8165531557813117 0.6832010927204586 6.006593400282921 15.312950759860069 32.71695136909426 0.5067447449183555 0.059237280677558235 0.42596275376296844
81 7.386977707753224 5.437259292171259 10.976328697321586 2.008576431195253 9.260075888409148 26.192067860704 2.734243488751382 1.336654485548391 3.932001220064913 13.536490527535099 32.52561183398425 0.5073456981225526 0.05321312734861785 0.42579897266380506
82 7.0567551848123085 5.7648563943352 10.75827501829881 2.291303898368254 9.348795784305022 26.081924633759098 2.625060277852573 0.7993455072946984 5.105125297269921 12.617881963114893 32.676440891942576 0.5065452494475639 0.06006865804245042 0.42500858179938056
92 7.727229574497968 5.686274689801838 11.236654707575541 2.1030392988055735 10.396901786184554 24.184102279492105 3.246563970041307 0.4944244827842237 4.584155611013663 13.720143569907808 29.32921891607089 0.5095506481171274 0.021627519654302433 0.4274204136633507
98 7.421156032532563 5.6460219870717125 10.731879547149237 2.294812962535584 9.773408978182731 25.285920158486693 2.8785666921596658 0.8091796785740095 4.54110124141826 12.537185949020111 31.736639833807438 0.5076316806763325 0.053494191317174984 0.4257886077374079
203 7.303472150642044 5.780861647921378 10.881736528958058 2.118587655722637 9.314972220197014 25.811954107381478 2.717583034488554 0.7001215673308454 5.473381083232908 13.75892788911136 32.47888378368199 0.5081163557109001 0.049642928232633624 0.4264575595446031
91 7.722493314260271 5.291462136837241 10.274223373664645 2.8690087431923406 10.710215045218973 24.04545477641198 2.9455003916837144 0.9402293117473483 4.610732345344895 13.862829701109945 27.59694652125636 0.5024642572378278 0.08909343666390965 0.4205125904196873
99 7.330020788030299 5.779855891948194 10.57905812339007 2.3624484838409825 9.759099337637727 25.169726777935256 3.020729752792263 0.8464314038722359 4.768590820343372 12.617134299764349 31.138479240381265 0.5091382290267977 0.036687453474853186 0.4267972732113914
105 7.633799230460525 5.492703188517723 10.867915322537744 2.3700747260842077 10.476592436044564 24.77080243268311 2.750826042093332 0.46910410314667084 5.024170408143753 13.001282514277863 30.029514610042956 0.5084344825522578 0.04327603434401467 0.4276720846929945
115 6.748006434080716 5.876805816008981 11.245938979939208 2.01548552998514 10.377667071233788 25.029462627235958 2.641652739203587 1.045187079381952 4.342398656650439 11.307463634048666 31.13803428917268 0.5094553787830266 0.02864598249078933 0.4282894072604947
106 7.858705429772503 5.295533680976898 11.112142249603405 1.9172063368419152 9.648805088824014 25.442559452996523 2.7162482529105625 0.9311461836885565 4.045138208119964 14.80318941588507 31.834999209678905 0.5091509774632632 0.034791465700511115 0.42757896412633817
107 7.068079328202028 5.735701103715311 10.907759075950645 2.347666838204491 10.291003943181563 24.298887787413165 3.276814777656864 0.6501131812446339 4.719024513574389 12.745388833356305 29.45748526515054 0.5085652548592361 0.04645045691603903 0.4266856935282779
117 7.015887994651027 5.552627275817161 10.96907210894171 2.244782909500998 10.514815573706358 24.989181355941323 2.627495536931609 0.6644736500937304 4.274116269760568 11.780083372566828 30.738049800114688 0.5087688993880329 0.04024506022533617 0.42723680690823007
123 7.758225296069572 5.317878170762784 11.00200798447972 2.130515926479553 9.986910005864996 24.99129245772106 2.993835503872133 0.5811695427178403 4.489943089737865 13.758963529802072 31.039886852485264 0.5072881040459708 0.058006847676260576 0.42600114089492663
116 7.9126640359657126 5.173973713334023 11.251900200519302 1.9625642260514828 9.927402123439483 26.010724934406205 2.328234522405906 0.8427969961781427 4.4122186023119365 13.946624998373004 32.01135836958286 0.5084896433875288 0.045479649608259225 0.42658932745403705
124 7.530456335768988 5.486149346385512 11.1805661954269 2.1130189088824847 10.242948221260555 25.135236077115362 2.7178959995073084 0.6063866271867654 4.274928244402072 12.818478386961932 31.17672906656159 0.5073196704343066 0.049825295611096235 0.42634384257454533
229 7.613088610659907 5.668558151023842 10.949442317769552 2.036988173985746 9.090008063365953 26.024380034864116 2.822748456043005 0.9228986265811457 4.941512341850057 13.938784716340825 32.93742610781599 0.5070391814767589 0.05658449135103143 0.42506061473248435
230 8.047677555107557 5.553393198755375 10.832012896833005 2.032423997147681 8.944187237326119 25.8789849474548 2.9827352733120076 0.8516549446442869 4.95047818879241 14.894675365308618 32.70905879966537 0.5087791287078741 0.04794149276978488 0.42612918811906786
83 7.6777982000946325 5.529250422757493 11.321303046882349 1.8284875980724244 9.374351278842992 25.750877942042784 2.8434604168579316 0.7190880787857429 4.622311920212813 14.466248936098964 32.313285854687074 0.509395634888578 0.03007513370134063 0.42785426291806056
84 7.614663383029593 5.629948042786511 10.925080560717035 1.9470264772091852 8.641479293184647 26.414185549428083 2.739643257729672 1.0349643403259652 5.785747527611557 15.017042557231946 33.54488740579473 0.5077848304318886 0.04759446953520026 0.42620415794358674
85 7.044675790659219 5.647369986510859 10.466887010982163 2.519638539411239 9.554403190718125 25.41961725071923 2.8765437299097085 0.9945296225538097 5.0244744948402476 12.34127671765018 32.27907043342999 0.5056891242977681 0.06813092939686993 0.4247923712528257
94 7.685321250303899 5.663432162527489 10.92352625336212 2.2073755243077677 10.015008243880951 25.221225018865336 2.735208261259745 0.773511991151946 4.595785108198986 12.811231371018925 31.211580284263487 0.5085604960017334 0.04166398284967849 0.4269802660249977
205 7.675763395189525 5.683505854902732 11.14652449337374 1.88421244536128 8.599714121663228 26.751960421836017 2.5681128806250206 0.8813684980801375 5.065496071382025 14.643297224524863 34.73215564975848 0.5083263794140859 0.04504275815279706 0.4271190454045645
204 7.501338082643812 5.673660734482184 11.242885627242526 1.7899479242154896 8.527608480980325 26.50159586985039 2.7478771495138097 0.8191935726906423 5.351140002141869 15.00837997688054 34.45992600734879 0.5097111730776522 0.020850438326701762 0.42882004196539136
93 7.480174117736578 5.738952781975823 11.464074543041473 1.6237503076032445 8.99366007722466 26.57469115177716 2.506740820290709 0.662075926897097 5.4204612691192855 14.792621576599448 33.09673794201735 0.5094953745380872 0.03517640875512647 0.4266874904187108
95 7.816343371300874 5.588285146676022 11.189475250919847 1.9076911019170881 9.37831184648368 26.03949081464352 2.661296046408793 0.6542522631955247 4.931412534513187 13.97848751724212 32.39055220192955 0.5086540765955943 0.03986239925892144 0.4276972419499016
100 7.355223607394171 5.604894057873055 10.47716109127086 2.415694208475018 9.384402260208383 25.549870695153864 3.0072707146065887 0.9206530993092227 4.7565038001685735 12.745406796176008 32.483082793179776 0.5092579126598449 0.030903164690058993 0.4277584646772655
108 7.583669086521979 5.719883104861059 10.961482757308712 2.0539400249939304 9.557402803467221 25.546841276576483 2.8643725132557565 0.8464670798071023 5.3067964407331765 13.829738802562444 30.935345998388765 0.5073997017417332 0.05303218048026956 0.4263123706111681
109 8.126468475103287 5.350602494513073 10.770727612806896 2.2035721176007015 9.366872781609741 25.375521172527165 3.223926212073001 0.6157967637404207 5.167988614061971 14.950638969613541 31.05984106072814 0.5072888658998302 0.05865525522336797 0.4248181622968535
110 7.554980870919719 5.565710717384188 10.987882547709349 2.061563618156096 9.237545906825043 25.95748748105925 2.7259052724091433 0.5873410234678978 5.820277731156945 13.833739747836177 33.03388334862389 0.5068365868845291 0.057311682666200556 0.4257725740119645
119 7.635313627772686 5.537685593213262 10.953678333127858 2.239080683358107 9.819962758901985 24.91387259948151 3.208801947628236 1.2016089235510206 4.015701660462296 12.991306466210464 31.510301879579252 0.5070735510888364 0.05713441542240627 0.42558106815883984
118 7.875734910856846 5.554397949711252 11.06367134562012 2.0230825443465013 9.558624744236559 25.95354388618599 2.493039024997329 0.9125985598493858 4.409236582157069 13.58657814195671 32.54300959353651 0.5081575864542744 0.05066583116164617 0.42638471742868567
120 8.015877692858602 5.66991026146882 11.246066560453661 1.8204739095095244 9.127187673668338 25.99972497691927 2.787361939297347 0.5742565224305344 5.647485448693474 15.352065649250672 31.910391460915246 0.5093815785580309 0.027841583307633404 0.42823342979998086
125 7.587057107100025 5.727560882734386 10.932740247957328 2.2514419187693657 10.417443566271755 24.624910447296735 2.9236108032006456 0.6357987855281072 4.673946300035861 12.240081497383795 30.27261877000118 0.5099386002202283 0.019310242631830968 0.42863530904815117
131 7.809183200860743 5.928532256684471 11.112039878826852 2.1064079932644844 10.07730613883268 25.455442913933307 2.520258789360184 0.8090282888437484 4.65419617369886 12.33577661370722 31.50837636650729 0.5090110002871199 0.032302704593316724 0.42794118912582857
132 7.7049541016550815 5.58108332644719 10.974869241008507 2.070188674035584 9.597822500311665 25.80724029251116 2.6278727716318717 0.8539619310604044 5.124810102933191 12.873199973472817 32.77301682093168 0.509289687507354 0.03273143022394707 0.42775280801302973
133 7.581966173176788 5.659107409631149 11.054780969346664 2.112714815471959 9.616517102527313 25.34821007777531 2.9175932197102123 0.657882703338353 5.534614154830757 13.720512450826803 31.634961236194307 0.5074760936649096 0.055783996863355424 0.4256278858612068
156 7.8072323522878575 5.489950298096791 11.019237676731136 1.9102004929324579 8.657203851902876 25.931964797128728 3.1875156553052153 0.8447261011643745 4.97310710115259 16.062243100986898 32.51142667109442 0.5078987658973996 0.0481625667496231 0.4260578109474347
158 7.2157783103933415 5.722150920967691 10.731517839064077 2.1179305813885407 8.878747345532606 26.401126421967547 2.8664246683972565 0.8875869464197917 5.56653260322468 13.780201502953105 32.65341051454803 0.5083139103532889 0.042087141105670654 0.4272789645233518
134 7.416025515027023 5.894837314156601 10.68616124848945 2.0438165638595107 8.238667035496398 26.603637540626316 2.8983200497355854 0.8037208546403493 5.761170507107196 13.748921237396997 35.252135815305884 0.5098473749511405 0.027048910140010717 0.42823030646947696
141 7.606877995688517 5.7026489401667995 10.987189551305674 2.063577800966509 9.565788766480892 25.994243665647524 2.5297562743247712 0.7416176347674454 4.841511278261406 13.236082213164144 32.25651559644823 0.5090142041359024 0.03639582286455197 0.42721911408892027
142 8.075214901829586 5.4689988495461215 10.918178918944644 2.1851758524823555 10.112460199627593 25.176961095502225 2.7181256300007 0.5315975913676324 5.12196155855205 14.04992060783591 29.960863044463363 0.509425490585537 0.026962883699618592 0.4281947487575093
143 8.124880733443778 5.451076369329637 10.802121540051722 2.204566681446065 9.62543544189528 25.188972346973824 3.2066221946628706 0.5495714646361967 4.868809734599564 14.211851560868839 30.705517686411262 0.5070423370893783 0.0578266520692868 0.42495803848205016
166 7.252636946877326 5.798510667055083 11.24594379451086 1.8245058251734263 9.12340580787327 26.635122278019086 2.403012243386267 0.5925265588393552 5.9175392933378905 13.891243558750668 32.88878619416408 0.5087931543192985 0.040880640275264994 0.4273060791156419
168 7.716986943583227 5.68964637407922 11.267489136162327 1.8394291571975625 8.799128952787262 26.079317681153743 2.931137541250651 0.9154569665333302 4.941223679254993 14.450276088207646 34.01883927691487 0.5090136941369784 0.02875299519874204 0.42832029487249523
144 7.406292083601819 5.720627646238348 10.611980668369196 2.4495383850616945 10.20734463364196 24.54761386438102 3.189184003409004 0.9661372075107933 5.285415421870846 12.647805749131694 29.406512866059614 0.5075332618702922 0.054701808676096045 0.4260150820371668
157 7.5952978487927165 5.318684365514751 10.810427733813967 2.378660283468839 10.018568916212578 24.519938645100687 3.4089405515140836 0.556709779602348 4.878403229520295 13.849403132690602 29.58657335938662 0.506644992220371 0.06296958786284557 0.4251584230909723
176 7.69672738280928 5.6212313254191955 11.031777339930908 1.921716671885413 9.032189550307368 26.77446462421568 2.3292885997112687 0.688936151392382 5.581890377172518 14.749168034939181 32.60324912957384 0.5098443110527753 0.025773721053743266 0.4281091375431399
177 7.797215296867115 5.091674516888533 11.255910067665043 2.0400738957483333 9.613881876391602 25.30078038339133 2.858952096231827 1.0046463268119823 4.682410228782963 13.676795945324331 33.159055974443035 0.5075429902777886 0.058006995489483244 0.4247228291629702
169 7.433340430148061 5.701170087122396 10.844237441377036 2.148197899878171 9.261352194148628 25.65845479636272 2.9233411604678246 0.7059451751848788 5.184983475957916 13.118887332373133 33.00590966135682 0.5096309690644065 0.02423927569543247 0.42840434502901975
159 7.881546614127855 5.631081486455851 10.849337260024745 2.20223345992572 9.450807329775731 25.228283918059887 3.0354262073621676 0.703722837482188 5.700413713156149 14.090691210343918 31.769150435117094 0.5078137516220104 0.04236413515003313 0.4273889498783114
182 7.668851916551644 5.279523274904566 10.6069174142745 2.2974325490220204 9.621455302237754 24.850404993279323 3.1544799875967087 0.7965412608631454 6.191471642695706 15.157056769755915 29.85504332821004 0.5056192944947926 0.07235911478884302 0.4226084579075427
181 7.51718366823605 5.8213956291725735 11.36845067650819 1.7864984414040292 9.363149105699712 26.40518147278482 2.38568592337245 0.472028412124419 6.00906617893401 14.042254337697209 32.196306923217875 0.5090773671334702 0.029087395742234252 0.42682217024467983
167 7.1427531994056865 5.700055737340591 11.26295142473208 2.099303231434545 9.60258477671541 25.035325239249655 3.026524799822459 0.8673688885829623 5.3947682969681106 13.984070194520841 31.541476431322362 0.5077404540517869 0.05329933977600772 0.4246687110506384
191 7.427315681515552 5.794488056916937 10.727648732054744 2.2273788121313918 9.806281584874922 25.377231143514543 2.8059824979626216 0.7801751054695699 4.892853773380167 12.556804385743837 31.47397099977826 0.5089956714932207 0.043730592790179726 0.42670110255694915
192 7.763663145998379 5.823879848483487 11.197301705858889 2.007693924933532 9.692137627915356 25.106527375021248 3.0371728777003546 0.6830046144819096 4.922075835324272 13.237914073854549 31.799729373076094 0.5090745875700148 0.03878391854204142 0.42780169549622027
196 7.598062082173536 5.677079221114468 10.81306060669879 2.473906400473767 10.17132535898778 24.88423257142396 2.772085899075907 0.8383304880861868 4.837159024111249 12.760257798505174 31.077697316321842 0.5066189433390909 0.05899392380883431 0.42521300426475117
197 7.707387478943744 5.672096674901204 10.779188299877758 2.257809243335334 9.298448937542634 25.230300045102577 3.1777903133025482 0.8725872337588775 4.744228298368991 13.913909175396771 32.27214324534018 0.5084583546587828 0.040893207662927665 0.42783216905437055
135 7.351065735294708 5.850193649260101 10.699692514542878 2.3361785331271956 9.153903776878167 25.133063878682957 3.3491574005344313 0.8792375059466453 5.574290648155411 13.523795719379018 31.939953449982657 0.508556496600253 0.05116230904545789 0.42511372069860787
160 7.707252749125458 5.825436123585976 10.534268208978379 2.3760939824681153 9.641827903132823 25.22662292447552 3.044072135495612 0.3405916202394129 6.347742243562036 13.673769157374835 30.30166212253237 0.5076917428222372 0.04707084907402451 0.4259068946083856
184 7.928069131601276 5.534635779464171 11.239608025732512 1.7574590103873602 8.661753092086292 25.55682992859205 3.5618135170062186 0.7772522902580883 4.943543306479584 15.60916582920084 32.90432947138552 0.508953886361932 0.03747334827968048 0.42801093011366986
136 7.8477578280489215 5.874967684307641 10.778962214089022 2.1580941009741035 8.682533930706057 25.683275299845565 3.249963958893305 0.8604565467993646 4.922099629029917 13.919573259611068 34.020652372724065 0.508787939558014 0.0356254266460111 0.42745807798174124
137 7.242583335529854 5.697888895341146 10.281029273958342 2.5070789744054225 9.023077664599986 26.109558314761816 2.8280437319365612 0.7993285918674783 4.920150563726741 12.169466227805541 33.57892297432916 0.506583831851995 0.06103099536480113 0.4248789114453921
162 7.611012015636097 5.87729220999883 10.796843602476889 2.200788085959942 9.479982622905103 25.039262293419732 3.25078865109658 0.6995824227225814 6.424562622834374 14.546082835631054 29.980215617726312 0.5072182687535912 0.05218849380112773 0.42627868259255675
171 8.092134905161702 5.736335974727676 10.720945308342678 2.448002273799252 10.472435472735501 24.603756249880252 2.856449163161432 0.8705719430553439 4.379222508454126 12.071886973069974 30.28313534966241 0.5095681337605112 0.025709233851098464 0.427900502570389
145 8.182287184172317 5.637771541113442 10.931188668063275 2.047595232690817 9.13879673427042 25.439954158259305 3.2976511631050665 0.7442414765319404 5.348697129760229 14.649771115719656 31.574451968242684 0.5092442062503674 0.037971784565958844 0.42735623796294747
170 7.929359583663102 5.854083947361928 10.925225079120642 1.98508730857114 8.61371872011061 26.39671128098266 2.844478901583278 0.9305080241942711 5.32131579158216 13.973530025564301 34.10230025421191 0.5100431319836987 0.01967952536114628 0.4284258091048861
146 7.501377797726862 5.750166470635764 10.985908650879756 1.9831440111799377 9.006378092805956 25.690378540062976 3.084454360820588 0.46429939100273193 5.998468420490722 14.744043256219227 32.263884947742795 0.5076628184887267 0.05278648584096498 0.42607806613594396
147 7.503747163033596 5.7297291981054865 10.883089413955723 1.9770407936448777 8.54671220766782 26.101345351995374 3.1323343346544252 0.3948870388278684 6.333705453358451 15.610438506143394 32.84378844875521 0.509173794282665 0.03471052194345792 0.4272548302472414
172 7.646719500970891 5.766931271691794 10.856062226884374 1.9509836728621892 8.532441699219394 26.623436725537776 2.665496340706118 0.8052276881131277 5.636604778759597 14.3379766301712 34.474089612997766 0.5091535576859788 0.03962685197843495 0.4270368002239889
183 7.784922963966234 5.777155068969572 10.590920237958672 2.1067059736640674 8.366323921765064 26.60657928557381 2.819157424126997 0.8663420357122683 5.2834692744260705 14.35829273416193 34.708021289942344 0.5094926215317173 0.036223658259728404 0.42687666994136486
178 7.878090994942405 5.35792384728776 10.514076931679977 2.6930128691885504 9.746529878767616 24.931121505753545 3.030710032942712 0.758927363137997 4.842185669063511 13.515235970031858 31.234563257237077 0.5047432772387138 0.0775351394308904 0.42271379669706693
161 7.553311986239963 5.7251640947644145 10.728613362757915 2.2199299703382374 9.0321886546672 25.212928967693067 3.3693760250864586 0.4390681466092856 6.282241752123725 14.825743144438526 31.53014112885446 0.5091247171834671 0.03854164512088585 0.42735097942271244
179 7.403380846512201 5.511651559396529 10.51386064864322 2.2020951193046563 8.639383245345599 26.463121164231207 2.90177100762123 0.6590853968541236 5.960669156517129 13.930357019985296 33.65278421109357 0.5091184861809807 0.040665062184647924 0.4266481475747402
193 7.198962796579988 5.616800219965453 10.678226534090339 2.0744158894097184 8.30102805268178 26.651864736401464 2.9538180923910984 0.674577465967862 5.541657932788702 14.234402152870715 34.84380654671904 0.5091816195293988 0.031878356375473406 0.4282699476009998
198 7.651468750016254 5.71579130824661 11.012659150015216 2.0348440810358586 9.208618484271657 25.505842872533517 3.0563630487474414 0.6738504040710159 4.9355038566625575 13.842507783335943 32.82967239006221 0.5095445321024353 0.024959316137548405 0.42799729400221237
185 7.965238578521092 5.291179417306374 10.188570715315997 2.4321095940098587 9.210519264308967 25.365113658244155 3.1137251563234587 0.938559786138724 4.934156350945773 14.621709427331412 31.479152538734485 0.5045046053884402 0.07965990165193522 0.42206914501604437
175 7.458778816863073 5.622179642228988 10.468227643142392 2.826538751537101 10.39321373213839 24.141937426503777 3.245104821043478 1.0644296807734528 4.2367967196304335 12.042464344715883 29.86348242380577 0.504791091233938 0.07293562363579432 0.4222810591505797
173 6.978507832296259 5.940250799705366 11.017523864032318 2.0371446672904616 9.281757372316038 26.060462187461134 2.595629380445908 0.44823860375328367 6.155995349332333 13.158413970321197 32.68160166676393 0.5096606601395589 0.028063354539083357 0.4277170824950364
138 7.513077693927279 5.5318431834799755 10.460963053006065 2.4300607549703885 9.409535664548608 25.510993140858226 2.9685419502199277 0.6610525300606267 5.157604895477356 13.219502767236218 32.15891285729337 0.5069920362745335 0.05313676674605929 0.4252298725667826
139 7.84421331413083 5.601827652461028 10.936057941415136 2.188221488483445 9.239778368610292 25.1937258937893 3.2678805622068947 1.1681137054390105 4.167216265002514 13.948292658180875 32.60244298302004 0.5070147528083212 0.05553745209848909 0.4250689513756584
140 7.324267292744129 5.807439131950633 10.704026973943462 2.3852870923971956 10.168932394010655 24.712860062868952 2.9692331449453038 0.8167582995871258 5.137672515215545 12.364619781197586 30.36951401877109 0.5086223966566941 0.03473740428045836 0.42716463991137715
164 8.142432246990847 5.357949316859255 10.72361825433452 2.1058054576909933 8.868084192003694 25.660473290824335 3.2092714128150464 1.073305505615431 4.273444499504146 14.905910556944715 32.37367457603354 0.5075860794184385 0.052405301435985555 0.4258881543378016
148 7.625292737665137 5.675251867119828 10.9384688494884 2.074627265829036 9.145088104795887 25.267328620728392 3.3312611704604858 0.7381454431774036 5.206287326996113 14.419440155143594 32.108090008509684 0.5081711318268006 0.04561911102321564 0.4262195777784168
149 7.543511031412079 5.664951031049891 11.269329428218532 1.7888503642497458 8.758421689039892 26.005445717916583 3.172924639680529 0.5250681083086848 5.679263446813941 15.525607381068394 32.58370196749378 0.5084420771954095 0.04400460063413955 0.4270358634113821
150 7.771164545304171 5.4363319955092875 10.858959255846143 2.116154641994007 9.364481281508072 25.272324160177558 3.2859781143669315 0.8350420438814373 4.4351347837070945 14.019852218552018 31.645794657309622 0.5083523369408194 0.03909862806155667 0.4275284311512469
174 7.672759393126104 5.587050072828612 10.17619179137653 2.456224546070915 9.328022576455993 25.296978346805787 3.187806736633201 1.1302934539583354 5.014290230231155 14.725647754378047 30.145347693195706 0.5038184398436666 0.08434383252842415 0.4201699396868275
163 7.570492736136668 5.640693885418221 10.629312037335842 2.405455568853721 9.8562566423648 25.18680540142604 2.874981321429288 0.5026836144454049 5.41371121250605 12.81850963030825 31.154739254853112 0.5089853377431709 0.028927938592916976 0.42794937534962696
165 7.166290909840476 5.4428147277737065 10.336262959577882 2.5913397473353763 9.896707816844446 24.007571523208764 3.9509705254924796 1.1045821027915383 4.229738994574715 13.106144524200468 29.132782280258464 0.5059171798496175 0.06704787328346454 0.4240401532842548
180 6.968672005036781 5.860033327632455 9.979490344561384 2.6488753103366025 9.147542693090696 25.423730973715763 3.102418889010808 1.0351211355196517 5.726879394198954 12.929659499339653 31.428094077563475 0.5028051565681336 0.082529714922387 0.4222570799428201
194 7.931461493794869 5.484121249763494 10.575656185551203 2.3369419590767477 9.296337580526348 25.076249163040224 3.2961294182749805 0.9555434130379694 5.597660241161726 14.501461527717122 31.347494212213025 0.5044285241518167 0.07059499118872604 0.4243226650452374
195 7.892517506470031 5.723366950315391 10.800598211743134 2.2394811624593074 9.35653992387093 24.92975374643195 3.483364458964386 0.8894931865934441 4.549614972826114 13.790897326143861 31.447413352068885 0.5085272057127422 0.04200512342394865 0.42699534389319277
199 7.4972271266875365 5.485881242896756 10.685051855536887 2.390113530288968 9.57326757530872 24.83552288092385 3.228435863651951 0.6534482231971097 5.967388353395874 14.48848186431191 31.01583882414631 0.5069370567340343 0.05674796718502038 0.42591346146885245
200 7.506262158007483 5.867856529019018 10.811182433433059 2.2500047436591495 9.753724508767137 25.114847701089726 3.0717850138724994 0.4220870971960986 5.576028533203831 13.211546326741207 30.78612242156602 0.5094690775709139 0.032358859012791084 0.42751166986480604
206 7.976884496768631 5.469947795333526 10.931744365781311 2.111170135062487 9.661103153426456 24.816871842921014 3.482427251917446 0.6328966633738533 4.877942991944474 14.951604798198916 29.86291245684997 0.5089434481839258 0.04146309746372382 0.42655158822285594
207 7.5159946214605675 5.488437335243326 11.215922907197928 1.7725190127341799 9.059568822149362 25.934701133525774 2.944240032315172 0.5449526979147025 5.500784942245887 15.280089221500493 32.249710150086685 0.5088208352670092 0.03861593387005821 0.4276026590718694
208 7.770455380503658 5.457309928912393 10.223548641355778 2.6857349576922545 9.907030937031923 24.826154606136456 3.1369886514100256 1.0639240136700825 4.184457469551358 12.861959262479688 30.545423216059802 0.5065225900965831 0.06578041408875052 0.4239569406497931
209 8.194599126443837 5.4634035372036065 10.726899602560426 2.277692366670807 9.816298968014321 25.158958983286627 2.8577520313388542 0.6818536297155922 4.86228384238661 13.732895478391221 31.36926039513016 0.5084255817394536 0.04444356184253359 0.4271573206687506
244 7.636041297502641 5.543401488342949 10.908028758017485 2.1570333260013665 9.467306253041254 26.070372250380373 2.5437343310889196 0.8655918496576649 4.93773901367304 12.741855687286742 33.373886849484165 0.5080143602234364 0.05013356414240422 0.4259746622678172
243 7.5411433984458105 5.39310818227191 10.84161953715099 2.1252104750610594 9.23700292607529 25.468236015333808 3.1225631125291895 0.5246839740723677 5.449305476866954 14.837437933550662 31.988261649071344 0.5057645844182734 0.06614513574333741 0.4242843744358625
242 7.166084735493556 5.771069100270828 11.31690996221383 1.9390172326995303 9.605433836686702 25.278151777291153 2.9428895008217726 0.9208657028319236 5.381660866829691 14.049100562957976 31.13238187063779 0.5092190617497263 0.04045265597831372 0.4265739043074727
234 7.766767185706398 5.53193927392046 10.73089304705229 2.2113450079023544 8.933962129745204 26.063897486815232 2.861172638156723 0.5772874826933792 5.58981640403846 13.925795906746579 33.51407925878154 0.5084269869961999 0.038917904434465 0.4271697046580787
241 7.721115271818648 5.239961292006755 10.797836345908095 2.2102070094963104 9.334509895817565 25.872933693525713 2.7050677965030236 0.8562800659520187 5.060277413836277 14.738433407371678 32.100724701309005 0.5063442507519478 0.06502017302500791 0.4242382375097472
216 7.538343981769219 5.740193951596586 10.939233005080109 2.055709066450885 9.12095497343359 25.715943379295286 2.8428688346409547 0.8089417143374223 5.401023560620744 14.31914620038452 32.96415754244397 0.508372034251304 0.04994594613309813 0.4256701030184763
217 7.623502513329872 5.363557608961258 10.416156057279167 2.5567672577684486 10.057689259190928 25.493403328267817 2.6169025134705626 0.7103726091392472 4.822813241444558 12.417600695862502 31.189802246589473 0.5069554776251144 0.05924387944579352 0.4255195670483353
218 7.447591996928731 5.604932902324772 11.039027196058607 1.9878459207511199 9.072346832904147 26.1858724014194 2.6844438555470163 1.0876078514049832 4.618688512823993 12.918058195749214 34.529891374592616 0.5082183158902843 0.050375948674936465 0.4261091107457267
233 7.3317050324638515 5.7120734159062545 10.875896771796242 2.309492111987285 10.001153875554596 24.852576643543813 3.067018721714509 0.7699355219865724 4.540410527684481 12.467685206853002 31.026955129437496 0.5087118521544786 0.04897274693275057 0.42597508304379644
219 8.00895087242058 5.252758882542691 11.038442792957296 2.091694528803553 9.55737634492544 24.470528215302963 3.49973469786222 0.8477942415874962 4.539376620786342 14.791902808044156 31.633211095981657 0.5060700714035868 0.07278865919871161 0.4232982279693818
232 7.363557237154525 5.513485559528208 10.66163142932553 2.251826113107332 9.339230501809956 25.32555195793345 3.1238317021094657 0.9609306415096733 5.234111702656244 14.231271630550467 31.209541114903224 0.5060290722701833 0.0673483627515165 0.42425007849617163
231 7.405014997153485 5.727096710165812 10.974728373936422 2.137075945207528 9.83066202856366 25.435489628376583 2.74029101829365 0.7414246041825817 5.222748672767314 12.998374801466314 31.562757435363068 0.5095441933177024 0.024118610793584298 0.42856678863963266
236 7.768189032559468 5.907365867038077 10.849586951668241 2.157431182798894 9.422395243364669 25.72641317498473 2.9828322679568227 0.47824150443777536 5.786672809771509 13.512199623421388 31.100272309899527 0.5090666762768883 0.040184426285940364 0.42709212482985465
237 7.990575793698549 5.3810408654061135 10.593513695970161 2.3911909930267874 9.63876040661907 24.862029699522314 3.367424982838677 0.622651609645328 5.512487350915821 14.473528335576683 30.21874443928323 0.5071417921564302 0.06051900358012235 0.4240776912662392
247 7.590063566575374 5.850247983089712 10.65576048397258 2.1047242396753427 8.70509179323342 26.049871232342117 3.0635021793845185 0.7174547611069269 5.480165427587345 13.613177163596747 33.86366810319703 0.509750017088138 0.02762171755894583 0.4278634308457066
210 7.789227677548628 5.807715616021836 11.142462460384534 1.9715179267884166 9.299404085195585 25.377537981911825 3.141657270027294 0.9833323035382979 4.872846808194771 14.01200902368168 32.05436348516489 0.509120463066867 0.041021563050845734 0.426359524877713
246 7.431755861424132 5.8290648989831615 11.007515047286534 1.9067738829904377 8.835277554516283 26.17476001279355 2.7694624392319174 0.5437119639579786 6.146425239750322 15.242881867668855 32.682556793014115 0.5096240896207602 0.03271073702924011 0.4277323695536962
245 7.59573518854651 5.8402032322728825 10.808876310885141 2.078548296037256 9.053644704160277 26.140597023461662 2.8842489912567295 0.927691373561923 5.367945098286671 12.92691208238526 33.420663527919494 0.507456453453536 0.05609070787989729 0.42599501265852985
235 7.872497122417982 5.676674442541947 10.331112201451589 2.519862196910718 9.47430700270332 25.264551285590038 2.96737172774811 0.8063558448784706 5.347224025680964 13.511047469069453 31.713531108668807 0.5079432203343103 0.049156898461681774 0.426302527769382
211 7.4847649114280275 5.82995702164016 10.832781302351417 1.96098925116869 8.506912357192004 26.42108910423134 2.9249911367725234 0.6436809932890307 5.937110744590421 14.197088610541453 34.06651575319847 0.5087633978663759 0.03706704393573104 0.4279909102631027
212 7.690866994771738 5.548777705285407 10.438469822888603 2.279130982606259 9.064341532735227 25.483486513377564 3.297100461615712 0.4361887345870683 6.28531624268364 15.026034869940453 31.05791887976745 0.506037364372125 0.06885118714309935 0.42277550536471625
220 7.743383926355663 5.537632803846673 10.690792997203483 2.177155948674588 9.245570519396777 25.366445307290576 3.2321633270237413 0.5937029169685508 5.466683841228624 14.342186194759188 31.87838233494531 0.5075082512470177 0.05765420377590571 0.42559386102569047
221 7.687575012773788 5.687248916307668 11.281924295284165 1.7698494219927874 8.518058078610968 26.296331186080852 2.8910444952324696 0.741544161717451 5.34473739911067 15.502832984558973 34.20882808970939 0.509295802932539 0.03075132787538285 0.4274789355899708
222 7.880478184271817 5.4010158879594785 10.317258162168999 2.652465563377045 9.717349060420826 24.819624548508052 3.3144582659935753 0.7058769509535587 4.967345219718067 13.82243744951966 30.253632012776674 0.5072306812960976 0.06045470882049949 0.42522709030111877
250 7.265312586965585 5.472031051143388 10.629007351291447 2.2602968802962486 9.070494254857927 26.079144490276693 2.7506695224230175 0.677484511141233 5.141590455030185 13.487896265296916 33.70180266323954 0.5083819414099052 0.04086153851366108 0.4276230910168819
249 7.628564911684385 5.888944320990041 10.627942321397867 2.201110941580219 8.980572410425976 25.819568712626495 3.086903814909907 0.9311228038415605 5.496886278191553 13.684869670914411 32.45822399183176 0.5095434857234066 0.032724907787416005 0.4280798389991867
248 7.774712229529586 5.730157611276951 11.105379410098337 1.9950389655235412 9.138068863962154 26.033671527131307 2.6734319880369974 0.7620516631628482 5.023937232984845 13.9631088797191 33.53451044179162 0.5098114550184726 0.019249057347685068 0.4283060392555827
238 7.6224085921304585 5.736716400791419 11.071981802658616 1.9536880348246097 8.862909130360075 25.914052573512322 2.9386665673840042 0.31620193394537655 6.43297216261224 15.511946119052194 32.2383416393109 0.5087352615916879 0.04347792287624139 0.42660802691883326
213 7.716299215140024 6.044451328947828 11.061002551434552 1.8467374041910845 8.297856037527842 26.402247373294237 3.0279843146543577 0.6905770089060017 6.0543088059296295 14.579440246637411 34.30274991213354 0.5094732642007649 0.029481917755957487 0.42818358622239006
214 7.446937818398327 5.876400556929159 10.807386237933702 2.188676514125924 9.307765251521666 25.668982989592156 2.84476073342449 0.8154434129487771 5.929715124159596 12.936717694020961 32.87154888849836 0.5094673273683004 0.029348564837533373 0.4277497057312183
215 7.887712989093157 5.6603319237021585 10.86047593584365 2.12447844711363 9.203765585785018 26.10565045548225 2.7091661205818975 0.8147906621505542 5.0948423260054145 13.538677612712148 32.954933440253505 0.5097623325666001 0.026890684453145616 0.42846385454521585
239 7.622045272001829 5.790486525568336 10.921712685035192 2.1143185080291262 9.424284232310315 25.290490320737167 3.2307960783545564 0.6191565476760902 5.3993127572079205 13.615707992690469 31.493675121296988 0.5083083723820573 0.044782319218481956 0.42661535209316614
223 8.015700615446015 5.67747617634906 10.461859506826777 2.622162185662352 10.23623007343808 25.06175337599234 2.710960528747498 0.8730352671661323 4.683431940810828 12.469584894941564 30.04160671997223 0.5087749386244739 0.03791971320290554 0.427952008871596
240 7.8213411392243835 5.6203760641542555 10.931071479910592 2.2464188503933085 9.936972858867499 24.825131978319547 3.043259378185389 0.8840474565562128 4.734132978886373 13.41887061495296 31.039713643042454 0.5081892422672762 0.049489788614265166 0.42516778389290616
224 7.80187159971511 5.849176769588082 10.684605481524372 2.2905008928220103 9.280439099533888 25.598810542489954 2.976441526985266 0.9660878482794795 5.554714971294899 13.030453657440896 32.33150498622799 0.5078827616713496 0.0499571919986763 0.4261339184843419
225 7.252949769091038 5.932257971350877 11.324713334946903 1.8944381243688109 9.51295117221028 24.86022953189708 3.36365300909023 0.5323936116654859 5.704350484450592 13.720976404902975 31.463282608291745 0.5089277730414115 0.036856188381583194 0.4276955006810005
