# timestep 8900
# phase bcc
# id f1 f2 f3 f4 f5 f6 f7 f8 f9 f10 f11 f12 f13 f14
1 7.695055066140923 5.5647783596519975 10.708679819467477 2.274930430667669 9.827002895946357 25.47015437588827 2.7984808517704423 0.6480328193015001 5.148295593838915 13.597950047419998 30.4856398226594 0.508111511356198 0.04895887493663951 0.42647637432353214
2 7.472377403477469 5.348299373679028 11.089567651473791 2.042642517033983 9.488066418689035 25.706262948212046 2.7570443696518763 0.8992495159249367 4.695751335941959 13.335441418353119 33.004864249773284 0.508078894748796 0.03918454824869983 0.427176781227441
3 7.923695928353793 5.496343159452061 11.09865065757137 2.182605139138878 10.233909490807882 24.712051112538116 2.9630024936714157 0.8355650704936872 3.4241010853793448 12.74580583805194 30.988753531378453 0.5088570250135818 0.0381671097075296 0.4271797318797308
11 7.204027213582511 5.465692152601827 11.072274857615145 2.1274716948578947 9.825046713933695 25.42914477984425 2.69631495658264 0.914443141826458 4.433717306654627 12.518150675042248 32.34434282569951 0.508423533535159 0.04524859213004287 0.426526512650009
13 7.08484013377161 5.6251242471012075 10.833066585812514 2.3418714487555974 9.849589255176543 25.246686325218374 2.7268939627236803 0.9568655062083229 5.205589459209252 13.303821263788628 31.120282302052928 0.5075555740762018 0.053776326074203726 0.4254471743972124
26 7.691716788607468 5.769499136709712 11.151200898953139 2.0478836405636067 9.847631541906285 25.128930481080175 2.9104743594121656 1.1022999744912163 4.918285772527273 13.662091980021797 31.029362750391087 0.5074341307248871 0.05106544839766051 0.42672088883877285
28 7.891877257045959 5.320495352026343 11.163681502474345 1.9760217908696354 9.60055015850565 26.018980863593445 2.6166607163684055 0.9052610448886469 3.97928617471329 13.141831697850552 32.81105181783098 0.509053366512513 0.034543826175544745 0.4275906769242238
36 7.533158750903701 5.761095139309348 11.20553465631554 1.8257715188250743 8.615631590303552 26.66734931591915 2.628701783316771 0.39165374572272826 6.662166540315175 15.924078851698203 32.99168403747857 0.5078052602560658 0.05077577311274109 0.4261106546802827
38 7.610926063442368 5.695981253950585 11.47698352788451 1.6742636826752049 9.052110010683997 26.09066619045366 2.7247488969469593 0.579957350744055 6.064908698254584 15.208971062458936 32.35067503515096 0.5082969368181482 0.04021943024157845 0.42740111961740324
4 7.5554961671945495 5.616382707340923 11.107356290018595 2.1121528408367234 10.113061889596331 24.695111005869858 3.1760224899504337 0.8036945454204358 4.3322701239473576 13.59163947627107 29.984583139721742 0.5068439787469352 0.05641073312771234 0.42649524253980114
12 7.547035601450786 5.473904995492569 10.199704135442238 2.5469355020781177 9.75540155318248 25.77459255920024 2.441943454900477 0.3961656628196396 6.244660961340527 13.783428239922449 30.464240499300455 0.5069376815569934 0.05659569643829323 0.4259041727536788
21 7.553599620800309 5.543512761688611 11.097632065251744 2.0649098290068326 9.6258225301534 25.47129476021663 2.8988119492045636 0.6894812032661316 5.033412735008244 13.60051561698705 31.75789272679064 0.5074545100124922 0.04772586454234476 0.4271211329980971
22 7.415348573091327 5.736786533315518 11.205046229113963 2.023992447153016 9.87803114215529 25.324536633773747 2.7812080115041224 0.8721105889123567 4.92128408230346 13.29518315168858 31.456559939868093 0.5080993838939188 0.04914352127475152 0.42609752892079394
46 7.83397722691551 5.647172871409771 11.260451511874969 1.8701223290304965 9.19658846083382 25.95274807586408 2.693722101500389 0.7246841030059545 4.984362250715355 14.717399069651059 32.69268158795555 0.5082452826326472 0.03775319922631038 0.4277177513555918
47 8.17453353687238 5.54344775777095 10.881587432659307 2.2565059046352864 9.936780676396136 25.87889832106038 2.396623173862215 1.0208245509631881 4.492649216871384 12.725759772645224 31.45841202801981 0.5082062642402062 0.04572823001058032 0.42711569171993446
14 8.088565780529754 5.722277906229039 11.164305597185272 2.0650833418884043 10.36868555751745 25.212094081755087 2.586924524974486 0.798995393926846 4.542869811189699 12.683903257404788 30.22274747745441 0.509252192211598 0.0315494829582067 0.42718566143105224
27 7.286228070591599 5.718638950896737 10.816279386016348 2.2459840466765404 9.776221072981839 25.214920853480717 2.9395350724434435 0.4483700026480095 5.952094117189149 13.681523083395764 30.646423087914812 0.5090730962220299 0.034024488182839374 0.42714326844992784
51 7.687833400105032 5.469670830797105 10.824096632067949 1.9445261045419544 8.800575157675727 26.520892803128856 2.5112822759326496 0.8327143432275566 5.374983283024029 14.476898550208144 34.129217494266854 0.5077955711275774 0.05306559238856477 0.42578369796468496
52 7.772091959352205 5.592777226141851 11.095551607088868 1.857167818013729 9.014693267986633 26.64078326819353 2.3589763997188475 0.4434765223296495 6.078654103456646 15.353992424450917 32.527648245705564 0.5091572697822607 0.035913641079244 0.42704158211321097
56 7.79253630174552 5.706690534493447 11.208407784869948 1.7214934045661505 7.997466082440158 27.19091027762044 2.637929477401462 0.6633128166618043 5.938271579272817 15.92680988780574 35.179596721451 0.5099856101795623 0.024615661329174875 0.42769509722446514
57 7.766032697600611 5.68850063657507 11.26805299347054 1.7825830514344467 8.987625648102055 26.272959260617704 2.585765301243153 0.9466826951559401 5.006073828068618 14.881289117134937 33.27371888758516 0.5084803998802374 0.039624537983226966 0.42645567089655506
29 7.323207760749045 5.686878923876161 10.7525295823648 2.454896810791694 10.505097923160912 24.66400668645215 2.825168858448045 0.8945021070871962 3.8025945231872726 10.97967564308718 30.93253797556418 0.5081094398184881 0.05027783287511626 0.425385118385546
37 7.161679093374831 5.676490925636437 11.175479424134508 2.078278139729725 9.981936673092175 25.395766423172862 2.6605794326691146 0.5061197466265258 6.903792307786041 13.03798527710486 31.001103334542183 0.5082000372308643 0.04609520040233097 0.42684320955379595
61 7.547288921823076 5.735357587898657 11.41065553988599 1.6061626703186114 8.373146440647952 26.577819091700224 2.788977626966581 0.7932529060039154 5.174265439933539 15.35736643129134 34.823679174313 0.5085541840954494 0.043703372216088124 0.427080062833267
62 7.794034218250282 5.52035447066368 11.204500119155519 1.8208456184468145 8.950586624797795 26.498798064369844 2.57259900087961 0.6506499114905269 5.442227108399383 15.06065429648611 32.98608531599396 0.5083573280203437 0.03979944491284592 0.4278194555178958
39 7.261297838500783 5.517826913842972 10.466778010682496 2.5373392476002294 10.19037216076461 25.166011873972618 2.7542607747784884 1.0773110275143576 5.150011898081029 12.133961940712501 29.928125864205942 0.5062121074851638 0.06775942001357066 0.4235034049627052
126 7.0846592867431335 5.7464086681126005 11.088415210123625 2.196535462096063 9.91220804184891 25.070986760594025 2.9162419585633086 1.2359213865172098 3.9412329921827673 11.869536338030262 32.172240228299984 0.5074908540119132 0.05529428539470819 0.4252610343213009
127 7.423035618076295 5.650688930471179 11.179265875882564 1.8851373389048163 9.051877827453543 26.11313779688582 2.7820052925273697 0.8112159778236676 4.839051848875271 13.628989979426045 33.66133470731218 0.5095672233165487 0.028366501916836127 0.427920260212155
151 7.609808275670904 5.198328579252732 10.265244614383695 2.8414423778038245 10.797055654300502 24.071007432828885 3.1472829387299175 0.90382210983386 4.301099282721293 12.354312647372545 28.496741171356618 0.5071080774163773 0.06025025570420145 0.4247765921164041
152 7.733294027877913 5.623007437426058 11.136920554355983 2.112436033746541 9.687050105443829 24.66812327974318 3.2690807944433042 1.0060531765713268 4.58591715067649 13.895541085214097 31.603713652614083 0.5089858937811805 0.043823281314493125 0.42532271227029683
66 7.295385230252408 5.807439277414909 10.679596623503961 2.4387121529625664 9.910961877112593 25.140551106641684 2.76368995656109 0.7124049072333684 4.955987506510866 12.465823354959038 31.868894228375623 0.5075451371573119 0.05210177747950446 0.42651878551784606
67 7.696309978580116 5.4339844426453965 10.881205100473816 2.45797340673542 10.732912818065985 24.192898514355818 3.212156584268208 1.0396111005794002 3.9386024684727117 12.16372687604899 28.558977080255435 0.5063497523580694 0.0629200327118513 0.4251401852180783
71 7.807507013240429 5.613188461682416 10.80333486933658 2.40623279114848 10.372072882812002 25.116744948271247 2.596358763002396 0.4492618153140569 5.264071402211179 13.124819714009938 30.018750016758535 0.508447515712364 0.045644288025189106 0.4262135604936699
72 7.122125352054242 5.5162218634142945 11.070166710303765 2.0140538292843417 9.619968556403785 25.26483427067403 3.082143549482029 0.9856279702133772 4.405455235912271 13.676888880438613 31.034141924622066 0.507636199418482 0.05209319785270493 0.42521486927398816
187 7.61111363167823 5.876621026381952 10.885558075609964 2.063494208233469 9.00948533733283 26.576339662100132 2.426287245443454 0.7982269107290153 5.6974489498753025 13.65790183158034 33.52665505390441 0.5096402572719735 0.021460198878426776 0.42764777013835353
186 7.654135508097848 5.4319594401780344 11.065139756289623 2.212477212538202 9.568772679339398 24.70816653842298 3.2929699216697306 0.8311200809896322 4.875394150104736 14.89463732959313 31.31481203039372 0.5067101727247618 0.06510123485304742 0.42358665604497325
5 7.418333986780586 5.517749428898991 10.969637256040881 2.0919229933136005 9.419973152518088 25.549569773718773 2.92488227466251 0.693016021700212 5.154660946134585 14.341335294294478 31.747827933559527 0.5081154893507845 0.04549738152628431 0.4263475722388895
15 7.384735728007318 5.801502098601646 11.24252379149948 2.249829702738723 11.074332885176316 24.82991369952697 2.3484500124041894 0.8678093648492553 3.890564377493962 10.363938031782823 30.457265624521863 0.509311229618005 0.032861643978919684 0.42773019780239907
30 7.787478875055925 5.489949086751961 11.346444194804006 1.7135134418665292 8.84855257364281 26.292413611863836 2.776409538067801 1.0270163645569275 4.586382649793726 15.050913783212238 33.69917962148223 0.5098574162970162 0.02156105125897113 0.4282370532411568
40 7.725438053046981 5.370618520262537 10.626236485643586 2.5757469685072194 10.535275940972785 24.966432020962632 2.563740456165558 0.7976748738072698 3.631758074633061 11.827663800548255 30.944753292338785 0.5087776805795976 0.03831022130693156 0.4267158051730788
6 7.691185849546367 5.665796154966892 11.278006396947289 1.925487993564072 9.930085230462526 25.801826399842465 2.4757460040348396 0.652587600575426 4.909181113692824 13.631983459894768 31.367621978829696 0.5095984801347361 0.031298279932022055 0.42759471685150857
7 7.606693598113068 5.87022629221286 11.333024338694047 1.7985621109972083 9.874606586928172 25.13945868940958 2.9324820095923396 0.45493886617697676 5.822396073759129 14.199820170191158 30.101107326334255 0.5090102083083602 0.036531678292940344 0.4274179104043374
17 7.467886256962091 5.663843538102629 10.835963744623715 2.36043911336072 10.492168873162104 24.96354216220814 2.60275868209735 0.7120745747241833 4.645234703113951 12.061509304831134 30.358913144265504 0.5090545633783565 0.04175043521433623 0.42700598365359255
32 7.852385100590882 5.51989572561582 10.847731941937335 1.978653549998971 9.124648217239717 25.91847025540942 2.900240719765303 0.8144192894116978 4.748378189705109 14.376227609197667 32.79039470555997 0.5080224741583654 0.050479105052459984 0.42625044754831004
42 7.161700324492782 5.6364660449359585 11.400363767117858 1.7929247729412536 9.409972422288293 25.39754500148624 3.0518237781092368 0.7591493742031103 4.712716014221583 14.101542804406263 32.24773265986411 0.5098310415130259 0.022796066840978294 0.4287128423990306
23 7.3513738592324716 5.633273066426336 10.4889104134218 2.5363735376736547 10.389942564926512 24.624217494980453 3.030463117689583 0.8398757566256457 4.866184284624229 12.146426029764918 29.485097470072233 0.5069092828982817 0.06503696383801356 0.4228461958885362
48 7.26890012950229 5.874898938080784 11.420621207281625 1.8802078592796148 9.69645373773304 24.93442201238973 3.0639334403641367 0.856436123297649 4.963258028540109 13.345058187372526 31.99701458441163 0.509237233683744 0.026923453111094023 0.42802733368522256
16 7.617955447824798 5.726553523113706 11.39621444505752 1.6449869073036472 9.109920363106966 26.09491293568871 2.7693686866361222 0.8951910446910559 4.888834630803442 14.702842918288882 32.414357194021335 0.5101481088086212 0.018590974175690545 0.4279921419349094
24 7.4845736686078945 5.748543839471552 10.8921914157642 2.2075130673446064 9.777315888830364 25.515608084806388 2.719500727955717 0.6064873820659447 5.128790250929807 12.897375221440079 31.635787612309734 0.5079048425065404 0.05038226854718876 0.425337992138122
49 7.517361523177989 5.630387658419814 10.564958986310565 2.4869454379948315 9.840807355921953 25.50347454594494 2.59857800543284 0.3888807264809178 5.65610932653841 13.63844405210231 30.806792567474538 0.5091267508398566 0.03266819897502113 0.42820630419973105
53 7.895425178248832 5.867936775010121 11.497874703993098 1.6812305957372042 9.140392149501373 25.89132556276935 2.829548978686362 0.8548518567396141 5.031096230252436 14.461296473981445 32.84270326250543 0.5096727862684503 0.026572073824197313 0.42807521298560436
58 7.4116734831728275 5.575303940457438 10.8115215157404 2.378010069288722 10.70300329778355 24.78870614164239 2.7196352001294626 1.0859420842975516 3.945521986061009 11.616334644334785 29.67153651750493 0.5051748058761995 0.0726156570339208 0.4223667570525348
31 7.327052254149654 5.71007119537932 11.099508505464632 2.023555191975777 10.103175533278588 25.128767230152487 2.790999745757154 0.8047655322640654 4.909879020440851 13.104747941104335 30.524270499280558 0.5089247342836132 0.039828199335798155 0.4274036950486134
54 7.927382813504767 5.390707014794728 10.766119977765504 2.1882057753141027 9.292618098939958 26.131834476079394 2.6740973065076137 0.6097512204288292 4.917420990625788 14.172678326035795 32.62084771380819 0.5091422696118956 0.04062265215163699 0.42656174466879765
59 7.5328656056549965 5.725230516478919 11.216980340691732 1.973591743965095 9.969184027251934 26.014284056045508 2.1908464576771283 0.4796898103094435 5.788551710324709 13.497869814956735 31.32148344138971 0.5084602095608224 0.03813678904311025 0.42820691787030035
63 7.266436198963129 5.588363562114899 10.979550962488592 2.0625863554926633 9.614996738676318 25.437416422988463 2.8681741832867034 0.5227454780976426 5.29551311204299 14.037903763086605 31.387175042739628 0.508394455575456 0.04508933883947424 0.42651147082480084
41 7.92572726410979 4.952031100225811 11.014875666495898 2.0149114308294878 9.281947309656392 25.882683606253696 2.760874409113419 0.7855105427617348 4.366822984720836 15.359153611534765 32.7095629622013 0.5078230627737849 0.048659546621791276 0.4266908386376514
64 7.200460156897626 5.869633264108733 11.430000531382516 1.741992609210175 9.023988450950785 25.662984031883003 3.12593609707723 0.8176674339417931 5.165760632271869 14.013836474309619 33.03405578621997 0.5095686200942613 0.01811721050325844 0.42882858136249985
128 7.698221900791807 5.707289584986504 10.873465795907025 2.0662527689772148 8.906199843241335 26.469533827869395 2.6383881204652426 0.5667853876438007 5.927378568890488 14.656380425379465 32.92029722232733 0.508195519962857 0.04266855413756742 0.4273167295630664
153 7.941196712697148 5.6248566264772455 11.082519072878641 1.802449558569325 8.407775769449305 26.245102807037 3.0042281286063024 0.7193000255824121 5.579705421565746 15.974291179403851 33.844450964116405 0.5102452957964594 0.01876558180799659 0.42839224963696454
68 7.881910795206905 5.6857306563597545 11.023897129194662 2.1415128343411864 10.032404594469662 25.6666465415136 2.4088218052794725 0.9233520090651398 4.221771707816626 12.470867009891405 31.73266084826416 0.5094508410008287 0.027570766920507882 0.4280098990934039
73 7.844991701050831 5.262284067526771 11.102196653119083 2.0586433387851772 10.011901278889088 25.007859594369066 2.8480531669552294 0.8376104236304873 4.2665685854183 14.27344536753456 30.729079588166293 0.5054336585708481 0.0721749883190831 0.4224777661932359
188 7.795210551570269 5.755434116386896 10.982757962865652 1.9812445531670884 8.989008183724973 26.488579628633033 2.4767156201021843 0.5757478033910904 6.092980385714965 14.801603676820724 32.790426406847665 0.5093622395026091 0.031692263434962335 0.427823030286302
8 7.968539224096458 5.648665728438802 11.103921598345275 2.0349726596931577 9.921566548342424 25.784082464903875 2.485557649921818 0.4471964239436062 5.348516673609816 13.598581036213488 30.937092648528704 0.5097393620080453 0.03100126829959647 0.42799067904529964
9 7.483705414210322 5.767286019055512 10.975479540012447 2.047742311731366 9.41426732461583 25.64188104449013 2.8492817838349582 0.46795599145144395 6.083102626305832 14.433538041111456 31.177076329310495 0.5090976509625504 0.039658322861230444 0.42574377138965996
10 7.654045029071996 5.619861792742515 11.04463128247976 2.06042756872711 9.322375380414968 25.24245384674308 3.1740467650878563 0.8706054360512606 4.85095295914595 14.293397789267104 31.98324975103894 0.508396635233619 0.04674853597142952 0.4257674776439248
19 7.529431372852624 5.774597887910617 11.108128802290937 2.0443417121798557 9.834239752559622 25.337808497210276 2.847534779544775 0.8533385547556714 4.213882937265202 12.143757486720363 32.35506830150857 0.5096466643313385 0.024052785078297598 0.42776975393585825
34 7.550853727449099 5.762344020025672 10.992285313031836 1.9670557611106423 8.809659235634076 26.47509072738895 2.6672542660435177 0.7104136997872912 5.5658297114403865 13.642319648917853 34.19306900353914 0.5085424699481006 0.042766647225342576 0.42740609210474856
44 7.635441195820395 5.739315014923132 10.90584673229337 2.173794573868157 9.404413239484779 25.636664307018286 2.8277718160515066 0.9819386593379553 4.2298003072642905 12.778450954375216 33.28830353147214 0.5077390011169817 0.05083564627614057 0.425826999902231
18 7.741823785810238 5.526936941912406 10.857298424675417 2.1108379688621883 9.368789150210079 25.97629466336183 2.681611785569939 0.8269149866769037 4.790620838100692 13.723020486984757 32.526369954875385 0.5088447626660441 0.033611431792616775 0.4275080203165213
20 7.806292684610228 5.66660790906994 11.102413927646264 2.0315566157911027 9.694455348457193 24.89905428202747 3.2083020478578415 0.6156968572878597 4.540299746584066 13.845402755564283 31.204164048512887 0.5091474267642049 0.03571990450493573 0.42618486005187367
25 7.512528266426441 5.72999641129555 10.833603558911783 2.2114015831750446 9.381387440018292 25.330345156120774 3.0844673501456823 0.8252536689387168 5.422115346379755 14.07613204512471 31.330454795423766 0.5063414382049084 0.06151795599633335 0.4253742569721717
50 7.863621970490523 5.744886367817212 10.976108049247575 1.9427224577287336 8.829690581390107 25.881395654554268 3.0196829962156673 0.8404732438197965 4.9784705124849635 14.55073241826377 33.16212058768911 0.5089347086565351 0.034592677485191965 0.42674066340440764
33 7.519584558661185 5.512065545029981 10.739843343152518 2.2813940934624943 9.584245220263353 25.38885866759329 2.9896877257719217 0.8087773666622228 4.889023937390928 13.356929553914277 31.795908993298767 0.5088588092419246 0.04173334543060646 0.426703485822586
35 7.822028962496724 5.800075694398016 10.878356655041298 2.163838195347832 9.802053772140535 25.228569687244512 2.9172765800802694 0.4875888520720614 5.398289945047001 13.099750754110316 31.11069132129241 0.509519242941405 0.022983047530613383 0.42791213707178666
55 7.684143883987445 5.6268773352604 10.955180778245836 1.988306031516302 8.943331705460652 25.741924323275068 2.9934764986197897 0.7144332984139019 5.742150248099533 14.974815993808148 32.707109955172314 0.5067788800550351 0.05802424302763016 0.42481581901359194
60 7.957228544422062 5.7824361326524505 10.912592599263984 2.0652788042366064 9.249484132247169 25.64018420837708 2.9425787311717193 0.6827262797258671 5.634957933201194 14.864609367446919 30.929865937108314 0.5068305987504034 0.0639128469045755 0.42446771481335294
43 7.3575551682925715 5.56927410377721 10.312300954992597 2.5816461549047642 9.76918746957614 25.11319510507625 3.113287587625621 1.241444103313299 5.320172404163502 13.087674303876856 30.081973106963133 0.5067116688638871 0.05786424206446272 0.4249506539795693
45 7.2731614010859005 5.796029282082015 10.409177815617062 2.462561055027677 9.572552992784257 25.655895662739493 2.812244998641976 1.0188771693489789 4.728790334786876 11.23068844732606 32.75751806203885 0.5083759584730322 0.047005222267393273 0.42642727192774593
65 8.108671112376198 5.557169476801046 11.022001680588392 1.9767505526799172 8.807537820618927 25.90608640019875 3.0418551807292826 0.8354542630003114 4.539386846721499 14.727358129660303 33.41964523544457 0.5090729766102364 0.03171173215492597 0.42772200387405285
129 7.300499781389711 5.862142494111691 10.97460163418866 1.9437439218093149 8.422920602866306 26.528976629757604 2.8308384881974344 0.9057648258439436 5.810970606684623 13.666044143630735 35.02423533318199 0.5083133793473303 0.04296433849512148 0.4273913734179761
130 7.38398990328818 5.687231427789553 10.757236274444965 2.182172867924917 9.337111000186171 25.28969771734926 3.2290523014031325 0.5298322001043134 5.212276421972106 13.52455257913133 31.62335668151999 0.5094137025653999 0.03144280255027033 0.42808700951407297
154 7.579893917215408 5.984062145563155 10.801161111620472 2.165038440664289 9.038765067847928 25.60479851973928 3.211926334972753 0.4190483256291058 6.797639648015531 14.491689455231723 31.28402716397226 0.5079806853852323 0.05179582548194633 0.42502540242951875
155 7.711215066008945 5.657237300364383 10.154146723499773 2.738072231506134 10.68922919566312 24.026977440299255 3.2667174927227727 0.6792747189576036 4.282884519268242 11.736059031656724 28.77720721534933 0.5086730600615416 0.04000510635809867 0.42702590292122905
69 7.075395136954351 5.746065629722671 10.941352991638219 2.0253859624943384 8.923305700343752 25.76716704994681 3.047774873132053 0.7347035289557395 5.446015003784118 13.81047949200108 33.03876384021556 0.5088475157336065 0.03730467463177313 0.4273622335567855
70 7.39723033455324 6.000204135535649 10.843643530276214 2.1787959647028594 9.573013438999054 25.32301368747107 3.1620804822852606 0.6277725705996396 5.419573651094714 12.588894058779651 31.256689729023332 0.5089022022959118 0.033455803647981404 0.4283854912539407
190 7.422837050281117 5.628858504901757 11.065079237265946 1.9904451215669166 9.114291993726031 25.759715992772307 3.0539805213650673 0.6098977445622867 4.95371179394138 14.083622530205927 32.92795699017667 0.5087139062263409 0.043194711118574536 0.4257610352903491
74 7.489250186827128 5.57635036339374 10.911307871597174 2.1533000075277817 9.502637715535808 25.441729504392935 3.0245747276701342 0.7980764397114938 5.483123753887726 13.557872097413073 31.591578436398834 0.5070811634203559 0.05445234332153731 0.42526207738915073
189 7.498736766164402 5.866899230255964 10.6136261929609 2.290849258403325 9.16087042293585 25.498922519176176 2.9975622441701235 1.021403276318419 5.343150510091104 13.855248123252277 32.062818238270296 0.5084315010023819 0.047923385624346664 0.4261636841213406
75 7.622719633383655 5.741200472229073 10.490477319468527 2.395958847945326 9.482100737433438 25.41109480109651 3.1906253724475087 0.5246633942791006 5.892454392242013 13.424367725875834 30.524623271586634 0.5059805825914743 0.06476303573192155 0.42461135008480866
76 7.999225565444714 5.337818955497622 10.878551178556098 2.1496239516818543 9.496290700555662 26.04154531183466 2.4890425371757128 0.6331875740938315 5.078054371824393 13.658072885130547 32.75696739027341 0.5092826241507381 0.03410381258648836 0.427985037989213
77 7.6646274486890915 5.755538684406307 11.086848458016265 2.063126518151358 9.443974472717604 25.488402303553944 2.931285150384867 0.6633999286040059 5.824707982640906 14.679344303804722 31.169110616056823 0.5068998486132951 0.06372240456836094 0.4245974119983414
78 7.439155172853987 5.911650871200899 11.269268053429805 1.7216078384308657 9.05824846975805 25.844069782386057 2.978469980799559 0.35152470285863535 6.650369613325592 15.736106390212463 30.860040494558078 0.5086649747198503 0.04441048295802617 0.42704514676072475
86 7.772502830863872 5.6640704346181385 10.861778480092376 2.0888784781524024 9.186215875668447 25.455320547076603 3.099424070068793 1.1120940202300016 5.351353436698588 14.031267048540599 32.40445302753907 0.5075258371906048 0.05052394340101912 0.42628202785313607
88 7.802061231762931 5.302697614293692 10.884586721812276 2.2627738120214573 10.028354526907773 25.369604536937548 2.570828907076599 1.0727577754294433 3.7263573487374106 12.791249406318864 32.3034665919754 0.5078675004470274 0.04759522617657321 0.42665446363006104
79 7.674367626793071 5.60373388538049 11.041056839285236 1.9786282662386283 9.461776099227361 25.927950926755397 2.6375126832476874 0.7006339228183486 4.780384451221155 14.070315963757851 32.00954756811882 0.5074417978086746 0.05579065607699213 0.4248022170124162
227 7.78106248149984 5.3895664870094455 10.918206190091167 2.1943200563183205 9.546204542961162 25.46219601460065 2.7791545968415745 0.8271162900811072 4.496519784307112 13.981635777249693 32.411779523835094 0.5078692041778793 0.047123719948329985 0.42638903135323186
226 7.918294923978242 5.472434294307152 10.916606297774006 2.1183443769639845 9.668863607006244 25.518509353559477 2.746632490765079 0.7454999558479999 5.479282044760314 14.717380919723741 30.862876619007693 0.5073048275898745 0.05648847758343095 0.42545921942153914
87 7.874018635898816 5.599652733405595 11.042259975787328 2.051892019565416 9.395303082948375 26.015105999406558 2.5643724601739026 1.2934603290276352 4.216283271622789 13.524465170673077 33.064787901424175 0.5081277757976951 0.05005830966706773 0.42580279024814105
96 7.233499966400606 5.791797445918884 10.859075212538475 2.1863030952492486 9.583253103623534 25.97939959477772 2.4808486010741126 0.4827943939832139 6.056562964569613 12.84176804891656 32.306628058365135 0.5088286026202401 0.04216774975396835 0.4275825762311919
97 7.5244558057953395 5.6869442147394755 10.95330745727622 2.085172267114458 10.248533712883761 24.896256586325165 2.9392028896429454 0.8020016031368996 5.299437478701817 13.46099101526297 29.073454285493092 0.5081792832865805 0.04980254911123312 0.4257997839852733
89 7.2958409938111055 5.449610137176259 10.874200447043075 2.10177728236485 9.704521213696204 26.08868695907904 2.4479576410607247 0.9219531836971248 3.736099696052831 12.597904372133215 32.56751773557729 0.5091881084658278 0.03393278675928867 0.42725544347979216
202 7.60682752703322 5.95596536723603 10.963593388712546 2.170014956054875 9.589679922366756 25.417380983473226 2.9202537853152855 0.7189258980736122 5.565486888003615 13.741409990963916 31.243557608410963 0.5090493388299087 0.03282749146472389 0.42771464741339227
201 8.039378580229274 5.288914702799005 11.273089871997206 1.8030446721787092 8.95538431909727 26.317242324213236 2.746788050138913 0.8563121654196173 4.89919418585662 14.836521754207212 33.47654549771086 0.5093019481128512 0.03845111357066209 0.4274274177606626
101 7.199143224062613 6.028282946063567 11.205883641243434 1.8247755885366979 8.962417082826521 26.589987955559902 2.478127926033244 0.8189275407250058 5.816148760861123 13.240974954101473 33.92329932415054 0.5091729959124567 0.032821521392118 0.4281062139757573
102 7.503416710551295 5.552043985599097 10.685180045613622 2.279521441364843 9.896869412097029 25.78911304853622 2.4116829196319087 0.8034273129471871 5.169793907279948 13.281477999088073 30.665544737616727 0.5080303566330682 0.04830536669737316 0.42648594523756606
103 7.515474608235806 5.818634197917228 10.907750658739529 2.10167344568185 9.48785208482571 26.157574201371805 2.393815870122094 0.6285028577513717 6.158329639222616 13.588636784369264 32.104788943327385 0.5082154065848797 0.05102763893027115 0.42525021033558336
111 7.511156091505421 5.736397860192245 10.87748667914492 2.2355045020597046 10.096955066799758 24.597573462750695 3.2194230786846436 0.6186382379617144 4.941561515166738 12.982340146490069 30.21480964022011 0.5082489478363867 0.05059186119387377 0.42572092796595434
113 7.592487213786202 5.368561880310702 10.807126182663431 2.5217400939611303 10.991424406921686 24.209858258744802 2.8077613677730375 0.8197789015794565 4.029695581698832 12.342855503004724 28.948743154938757 0.508281883014251 0.0484833567072514 0.42603800558941674
104 7.4659402508334365 5.778320594060554 11.302498546914183 1.792199108362501 9.449157636236128 25.98388566885338 2.605436560281177 0.7109148444243405 5.118867658626247 14.341838896235727 31.96276518050984 0.508898219555914 0.03654350652280487 0.4270850289553847
112 7.8494002800121025 5.424106460927031 11.459632006505895 1.6904032950260448 9.144273288828417 26.637837985098127 2.3786608008904406 0.7170841307355407 4.9516061132625735 14.926889733695283 33.28662498131958 0.5087621721456754 0.046479245803981835 0.42676176955749157
121 7.472216511838823 5.8725396331076745 10.664698362599909 2.478865690387097 10.478678793245756 24.881220072113933 2.7347809054475962 0.6180294394349457 4.4344315823192755 11.01802397109881 30.852244212304218 0.5098351129329284 0.025169570374229136 0.42841057781935876
122 7.313382197208005 5.659627663727702 11.057410278922047 2.175702219635097 10.32618782297916 24.84231441218355 2.765932487028905 0.7964621017054088 4.384672331446783 12.286652258220073 31.008011715278872 0.5096482823788385 0.021302278936715793 0.4288468448852581
114 7.616031855388536 5.557520074671662 11.091821867362361 1.8781169576713599 9.434664466266849 25.94825835742136 2.615721740927146 0.7764839159344186 4.687239539999098 14.642347731598141 31.732944449693804 0.5087368518099602 0.04199864430140647 0.4265263881171508
80 7.65264050405508 5.814711159898332 10.744678181172894 2.334526163334081 9.69943737103883 25.36200215839002 2.769568377944177 1.0416911157943256 4.3531253464978885 12.169698308937575 32.818235436041604 0.5089690090717024 0.03334664498303229 0.42693620397208804
90 6.942924237037471 5.531650735793385 10.564695152170732 2.5353975833827875 10.530597418321692 24.605002792199773 2.8188012017921293 0.8747303925164491 4.398020826481558 11.762329221475888 29.256702759205066 0.5065706991310902 0.06255754843660914 0.4246158129108154
228 7.51639397327464 5.851505077864065 11.196618533568806 1.897595367270521 9.34271014797933 26.34836582697398 2.522068016066999 0.7204781134339616 5.3539950026249326 13.394241797746869 32.33631642746084 0.5091381370707715 0.03741441415897482 0.42766426290140513
81 7.8828011071693425 5.577713903172949 11.496459251948743 1.8075239629961932 9.849926777262342 25.665134198898816 2.5982566974732193 0.6338404100536595 5.025674480286716 14.349324655133627 31.148481651790107 0.5096690074546193 0.024390372222683174 0.42793455496451566
82 7.434983023251384 5.686604188921055 10.967943481176318 1.9683648837469419 9.107757762136874 25.17699899057375 3.470981925447485 0.554712248460955 5.380281780173142 14.873231846538316 31.331213386468278 0.5092076730592259 0.03686360799504398 0.42761974893035476
92 7.426969706962057 5.752163546000926 10.948836813067393 2.264724850902383 10.213858388333175 24.988314965020848 2.6425724732451625 0.7282371291022527 5.033957970332007 12.966372100858933 30.785983848490748 0.5079881101621543 0.05302625012145468 0.4253035728298519
98 7.791935945878002 5.39366685435252 11.057367553776466 2.2705226664569316 10.376445644763733 24.458649733376788 3.072734321831673 0.9322841266034649 3.902655013233028 13.032800710784045 30.547420970296734 0.5090897320054195 0.037680662809012395 0.4266107800525473
203 7.662749064139488 5.926150077574371 10.932283272921083 2.027622630516236 9.436683603287486 25.905013068750463 2.6876502804707023 0.6783840587414671 5.529745780004102 13.619409539477703 31.624099415312617 0.5090517187888172 0.03713649027479866 0.4272920340936513
91 7.489132431717042 5.521289887629538 11.522671968477141 1.7794666780224224 9.687316457214784 25.891016690091824 2.5182362695951035 0.5863509127612045 5.2644866691034915 14.48509536690597 31.73247341144603 0.5087426852168566 0.040474354833562515 0.427075499321981
99 7.578933108460686 5.5628324221688725 10.615379459925148 2.4704928475877503 10.095897158778639 25.441534988224586 2.6465019001829573 0.7599113273006393 3.9192624734173793 11.396840042138658 32.168254260350864 0.5085560203867845 0.04246400977116376 0.42697737106392103
105 7.411526109958807 5.816078926085821 10.785328588794977 2.3699113477637375 10.11240648866693 25.115141953151884 2.730071965719666 0.6940145597230823 4.753201207238459 12.114511734728184 31.002265723739953 0.5086162356272406 0.042423185951638485 0.4270333260919272
115 7.198915387381571 5.76317682106289 11.654837061290193 1.8334537688819859 10.481481340095437 24.390010673707092 3.0127140882307097 0.6473476359497833 5.116299178051891 14.010586998725886 28.918223386410588 0.5098548636340027 0.02301073123521612 0.4274966721192475
106 7.7888730284083785 5.464745871519516 11.134974073006818 1.9144423482214836 9.297545641867032 26.507751457862685 2.370551300258384 0.8459069258291781 4.178602657458382 13.435111851416325 33.79677093849823 0.5100916642036485 0.01784580202992054 0.42868661640339784
107 7.4237616734493574 5.53289042907757 10.626933026847938 2.290406081135154 9.559610140459828 26.08865611870721 2.5426831686654556 1.1109963818390254 3.9953682856536967 11.544099897030076 33.51597292033237 0.5086768368703664 0.04085239404704686 0.42730308765471364
117 7.701486112414153 5.373875505452365 10.981469821894104 2.3370149412843495 10.518095391245025 24.606316527605205 2.902424358791207 0.7164070567640357 3.788700409288256 12.714461084937817 30.33164885448701 0.5090574193695867 0.03864902977379449 0.4269791002553234
123 7.741525556365946 5.425007329230854 10.756446086721773 2.3257710200767425 10.242008507682083 25.41079897971273 2.486444342607065 0.7010236478923896 3.828700293025754 11.999501844785646 31.745039553838623 0.5100259312931512 0.01318304202354664 0.4285837074584278
116 7.617793283446044 5.664913197383182 11.286926501918376 1.863246180854311 9.566204837048584 25.912128089937834 2.521834823635283 0.877292368885234 4.922017141517648 14.231233265462519 31.904300661943008 0.5089580219014522 0.03328530258788714 0.42794663939618455
124 7.17729137435022 5.724221149966755 11.223840307033552 1.8984477174309822 9.66827448679217 25.005308127881353 3.1761577913607946 0.7993789800490615 5.17339536891443 13.32804969599351 31.565388695744787 0.5096198702693409 0.025602805841079237 0.42880762890019064
229 7.882579076385599 5.5703494705843095 10.697341890646264 2.1960504005601997 9.239334182228738 25.498910596314897 3.015095660691313 0.9484579039663555 5.582023100709383 14.887313740749914 31.59360523710884 0.5063806294288418 0.06262179288972616 0.425114979384054
230 7.622248426858913 5.89016642054589 11.279359178779359 1.6891988483507125 8.42208307511499 26.756265087829565 2.676439760109075 0.5672210805585426 6.210793492625845 15.059353961726817 34.40849221794099 0.5093588292188967 0.0336489121706293 0.42722263693153256
83 7.549093602610755 5.644788298025853 10.984453810780723 2.0318652387967338 9.477142771242455 26.190274287021783 2.4921625379748256 0.6665996764658135 5.336500762016078 13.581536499194803 32.41863563318668 0.5099427083424565 0.018717818921630457 0.42879770616583807
84 7.8142858896219405 5.463936386111473 10.956935731305824 2.1356073979732586 9.264087675164019 25.10449743274479 3.2579717042687455 1.0029547404041739 4.209263183889926 14.230962327004164 32.35744170373658 0.5085922530947398 0.04009558785560831 0.42786805367254604
85 7.890138868630953 5.693784781787546 10.868474298380553 2.0837909393476273 9.287301935729474 25.77542148565008 2.8811613286057915 0.6214992014867999 5.022392930228574 13.673240910745616 32.40379831984648 0.5090928836157758 0.03444243674769581 0.42830475633813087
94 7.507437645194932 5.832973511010899 10.993207150770377 2.0040071581856487 8.922706813176493 26.089403673032876 2.78302037842542 0.6916913107935212 6.259614584757711 14.614888540592792 32.621013936021214 0.5073432106979813 0.05188311721163247 0.4259438445640358
205 7.872470477377412 5.5539365527525755 10.927114014484854 1.9890227252868529 8.872366405519367 25.988904973891167 2.9657855803164 0.7610140161650221 5.287734503265553 15.301201276973844 32.49767250482692 0.5078878667795915 0.054312209906366364 0.42542437118309046
204 8.030588137608744 5.257869479550545 10.64407820184329 2.28559998650829 9.319410196099529 25.409027956872823 3.0976487262911068 1.2178954520488092 3.9175830702606715 13.973542734059123 32.50530099387112 0.5063720875876299 0.0628385501045509 0.42412278601652686
93 7.723572741368544 5.5786145707812 10.968694897250513 1.9108830725927517 8.924172303066307 26.30421889633851 2.743415704323578 1.0185148350485864 4.981972218945312 14.487899166829672 33.29259931893232 0.5087725632142079 0.042201983457803766 0.4269323529010814
95 7.776123230794474 5.8124669743349555 11.31027584968236 1.6487453020980665 8.352793289984684 26.986904575035897 2.676845612314948 0.5147306068983921 6.5012716703817865 15.59301333937246 33.67196866981082 0.5099910360961835 0.022008543255349785 0.42782939159196204
100 7.331763894549858 5.837512386966211 11.034417184080192 2.055826364833899 9.38083371800028 25.20108819363526 3.1714156171974284 0.6530661629529806 5.866150702612345 14.180820902082104 31.079290989477034 0.5076677605231804 0.046041501574696116 0.4274533604465788
108 7.43069612932632 5.805838425053649 11.40970383739027 1.665866151975608 8.883998210524064 26.137189625073717 2.8639226354087572 0.9363753908120825 4.752681294091206 14.161793926880321 33.941996609 0.5093737446364094 0.03234927279316365 0.4278031153922704
109 7.753721830264919 5.678517715471951 11.00364387879967 2.060494551370777 9.493844751072915 25.92146306710528 2.586834905997191 0.6680464611509757 5.083830241872429 13.6092745327539 32.49889120097115 0.509310657569215 0.036390949643259715 0.42742335013867583
110 7.785093230597228 5.501347214742079 11.090611879171144 1.944515023822083 9.065061005613627 25.91616194425803 2.8459504970792384 0.7876379140856256 4.688413364931847 14.582039502650339 33.2639404522138 0.5091418104437297 0.03707796814047292 0.4271091976966716
119 7.7694957551672506 5.677153793872553 11.075829009669368 2.058668347581961 9.770209991898923 24.91054766710416 3.122968222022945 0.5202829371287541 4.78976870912074 13.8025117850227 31.31433411593309 0.5101815253182296 0.01850573267792622 0.42859324809030946
118 7.553921284428842 5.658103693195034 11.252541413726563 1.9041917377024717 9.325843329031532 25.754960290387338 2.89971332322854 0.7652339036022991 5.195737164090239 14.745155880986426 31.525011568645375 0.5092820520742677 0.0398235914522168 0.42700826308018525
120 7.592747954576847 5.87018695764461 10.822560641382706 2.197821860988145 9.387672491526548 26.1410253660672 2.4349429851640676 0.9121378001356212 5.267157452468911 13.505502539112182 32.395218535094855 0.5072969869173517 0.06030881270414537 0.42499843842728496
125 7.36435324138861 5.870090455729306 10.705094077028098 2.276024974959088 9.754351823106585 25.363911325541334 2.8706517917244403 0.4303668463824001 5.793321556791013 12.899793946381653 31.08441050988577 0.5087041731518144 0.03953683621007873 0.42742454474477387
131 7.6807639061436745 5.788044049364286 11.200001905670193 1.9364587979520635 9.574443314095655 25.6393829260666 2.7563856750314817 0.718870228090564 5.2650958074672065 13.86689762048758 31.584794637920552 0.5095877289978255 0.029215746773210528 0.42808740363304354
132 7.5659196172166086 5.532981737791939 10.974595444908916 2.2247183884249755 10.069424436609113 25.08652100682394 2.8220435144213663 0.32146993046229067 5.586207104264821 14.476208426632578 29.701013182382628 0.5095910553066246 0.03445626868815406 0.4279569349221082
133 7.8112601098071295 5.446343298400549 10.925915320251168 2.185636317770788 9.725905811579203 25.397838735461132 2.7873379556168754 0.7164508438429961 5.120063171163296 14.292208044711831 31.382442652609992 0.5084885158601536 0.042869525809797734 0.42739291078186853
156 7.357479301608663 5.296056000862559 10.722376429638567 2.2533370201722485 9.114639035762805 25.62023964257944 2.866302296380892 1.1360339287092147 4.416806762716807 14.792068197223179 32.67971161705476 0.5068757493075083 0.06352683863465629 0.42453421709310546
158 7.8145279200549504 5.400996518811465 10.740365222917857 2.2296581853347996 9.692363875001062 25.09063056677176 3.1269003316721813 0.8453247145507826 4.629957949285199 14.378319211301225 30.75949816473942 0.5084463796466313 0.04637160872731448 0.4263309226514789
134 7.670011666589449 5.7664307617716135 11.07524754148902 1.908919177640394 9.089950083275665 25.62484238424707 3.200440153500636 0.6280266591788555 5.455886147324046 14.862342443879928 31.86530852683319 0.5078365698195026 0.04848106191381175 0.42662206122282703
141 7.685150066658331 5.78471914568687 11.117813877504393 1.930218587481808 9.125129379794505 25.767114168177947 2.87422264572023 0.8750956291974913 5.403173674352781 14.25557524790418 32.87234363138731 0.5090027816129111 0.03988315071376215 0.4267037631418748
142 7.719917530095541 5.623537026478055 10.637316370154062 2.395943274978641 10.233026032301986 24.99967726227727 2.8496275116674883 1.1279592897983164 3.740332182072895 11.526053758805496 31.34572295877225 0.5075923503039612 0.05268047459256574 0.4248742967461506
143 7.575540789367816 5.840257422478937 11.263865537831332 1.8150961677724866 8.961563771636682 26.47172887969226 2.5918698623027114 0.5988929797652857 6.184308311702399 14.54167941380693 33.018141217519236 0.5088108818681144 0.037237443184239036 0.4273292837431568
166 7.691024739546203 5.161607069096921 10.99217819038849 2.0823834090234863 9.234109520087364 25.686325639894687 2.954493906248396 0.8611861580207094 4.898418291641456 15.038957491956685 32.35587787446196 0.5092713273926506 0.035346116023276204 0.427767479285692
168 7.193713262216552 5.854312434856897 11.267445585820532 1.8086846293445302 9.257574723384867 26.235841584094157 2.4961708910350406 0.9355894501035754 5.44357712457425 13.410845624127898 33.013240928640585 0.5098479679572016 0.026254575090650475 0.42791859709037544
144 7.626375179249828 5.5844204417373176 10.79943653868557 2.4700915859345542 10.346273945300878 24.632351070567523 2.8824905786680834 0.654545513011049 4.512404317465969 13.043509315822726 29.87397757517156 0.5089607483888681 0.04483526635409963 0.42589978650140353
157 7.536952341808559 5.3949628463142645 11.190024264871262 2.0496491731722513 10.155654994115155 24.841265803348563 2.9598598974487818 0.8455151338506119 4.138061802352214 13.52985178504018 30.733395284413753 0.5094224531384226 0.03465234172501818 0.4278224493799271
176 7.627451548150571 5.430324932470196 11.301664647190664 1.8716022373795569 9.668919653418845 25.751499726653623 2.590736585912684 0.4683007414912558 5.0849840394369314 14.746523672092337 31.42811878770435 0.5088980991779529 0.03735798909951897 0.42778696443515174
177 7.519040304151182 5.9777402805998845 11.321050824751808 1.8367002732430922 9.47468159172134 25.605346617610767 2.8851650554490695 0.9788355778774476 4.898139841272761 12.997061765641497 32.43850894449327 0.5102187049510436 0.01762756891070902 0.4286653057179463
169 7.537396296925161 5.8150754612217215 10.76639955272877 2.3652566398870962 9.926059840295547 24.85873861190403 2.9912415923697826 0.6749656728493938 4.95107384934147 12.964477759905702 31.23991708608562 0.5087561591023274 0.039369811301889386 0.42688918098848955
159 8.00901189582097 5.717902828509215 11.00680707350249 2.0923400740219265 9.392829087431725 25.702077374861243 2.818008734946599 0.9898854203083354 4.379550333686995 12.847913585858873 33.26010648350107 0.509868956236543 0.024191722745588277 0.4284555195320905
182 7.815840933207356 5.684712246027872 10.817711486384262 2.2162200445998264 9.703249493151432 26.07201642807978 2.3410623556511405 1.014386863250476 4.475602238299881 12.34565360225249 32.75571945359468 0.5091279403037412 0.038280839351985674 0.42717367671711776
181 7.781741827470095 5.303386548143591 11.103358416371258 1.9457786985460963 9.686124272526207 25.601629052398547 2.6905407576057367 0.3941214126284346 5.298157683321328 15.137773448218399 31.012504881607327 0.5090811592286364 0.040766568318730746 0.4269869074519084
167 7.523586981046346 5.408230267292813 10.76461102584418 2.550247033255848 10.444532423720652 24.35518568647007 3.2262007569348436 1.0584185364771341 3.781748093029491 12.62811639238149 29.659831068337823 0.5073932646392928 0.05836344474376101 0.4256810471203355
191 7.736715103405438 5.574078020730581 11.150849259530894 2.1276465371018842 10.2793341538143 24.97033156361242 2.8241379074338155 0.7832667121552614 3.960927278481165 12.565115915072223 30.9231120771875 0.5083588947210577 0.04802131324175305 0.4263988993960869
192 7.7955316344963554 5.927525752943572 10.698188739608506 2.2027997446772813 9.085139927706722 26.149693502791678 2.7210398287701354 0.5844390231166832 5.931229867683667 13.414191094922378 32.67952445872419 0.5085197723785839 0.040288354202071615 0.4274734540935871
196 7.231043803908306 5.746919062710829 11.073511323625054 2.026203201332127 9.53949606574706 25.406568250663334 2.9449203346694413 0.5449408687761053 5.035914348176168 13.642179038674175 31.817975034920714 0.5097068194095455 0.03178430026420139 0.4276836389558822
197 7.309558065719223 5.920934737073781 11.047776886957374 1.9258040507541416 8.880062901344441 25.849470976894775 3.090526505204613 0.5246870468470831 6.050268119289993 14.094275586638814 32.90015484089949 0.5100928687361245 0.0161337412471098 0.4286203769672075
135 7.598943834691933 5.469465744962863 10.866933247618908 2.1283258377701313 9.055298617647923 25.340343207699654 3.210995782426951 0.880532539422398 5.1708672514056495 14.570755578241574 32.70110598394789 0.5084850375973232 0.049879575621949876 0.42538282647506725
160 7.813689212473157 5.661959124985775 10.59873620743896 2.3050816334319424 9.585803540293034 25.856627738395115 2.578707564728475 0.5193232072086973 5.685410686585851 13.07862749307966 32.05126252465782 0.5095900933545082 0.03072196708375513 0.428033036070371
184 7.158919758326446 5.664925647433296 10.198866463197241 2.5231754605342687 8.991672741095194 25.07645155065468 3.385268715683342 1.1513654445905241 5.844632649506634 13.837710442897817 31.746375984024695 0.5035658482101888 0.08677456649714128 0.42086228932920966
136 7.633897232349215 5.6916043028047625 10.913619333162085 2.159953730924455 9.37112131783892 25.12486570180559 3.3178497551306156 0.6424076258212479 5.427507298704671 13.942037980154174 31.64874100809445 0.5084627490170862 0.045482998153345285 0.4267281572983465
137 7.795323811251617 5.624499236027047 11.19574532521569 1.8995511524602677 8.739835909833353 25.2237478307594 3.621130166265957 0.7674185413845883 4.898029345948314 15.200923861761838 33.11222057009121 0.5083511582492691 0.04837449227777216 0.425813776315338
162 7.598951495227786 6.013581868806067 10.892424649131993 1.9624075126430565 8.363733437693394 26.346469543853537 3.0685291640993593 0.49034243811696704 6.776408378397877 14.722180197989797 33.644938524704244 0.5099688886524545 0.014168656084080338 0.4288132589866624
171 7.050474206222019 5.971207892073137 11.184848644809813 1.8525605091449708 9.155700855278436 25.72024815737478 2.982280549749384 0.2578477994103271 6.956546285785722 14.608248892221173 31.40039060121271 0.5100297616249165 0.02504609012839616 0.4282782983524656
145 7.344399648471972 5.893374689652827 10.814716798121744 2.10147551476747 9.138924960354485 26.17901466874301 2.69528757252782 0.9847752182575561 5.35927812719281 13.081771287090715 32.6407002774002 0.5070509631552583 0.059486629781724545 0.4251605373867592
170 7.590409718842286 5.816779472241442 10.594391786061113 2.1291860503680837 9.169302780333348 25.749552594573778 2.9656708855203977 0.6442863030485918 6.2374446352729125 14.65269148741622 31.04059566321458 0.5074635055436592 0.05382716914699277 0.42570893744277555
146 7.222901662854102 5.6268421295868 10.548352729624394 2.4462604154373158 9.675187869753527 25.40746618011177 2.6400979164160203 0.96367006259104 5.432921971170884 13.032156658995849 31.941140640420087 0.5059997589564198 0.06283596643902613 0.424909176412243
147 7.859611185095659 5.400116834100539 10.475126338624671 2.292920973588555 8.883270384224335 26.04473780679181 2.8874238798229683 0.941491837416935 4.998124358336025 14.356502244523462 33.08008679569235 0.5081473190468176 0.046295120421707005 0.4271557940870918
172 8.044407492750926 5.401883944313784 10.322350069643734 2.325217749495547 8.784985518433674 25.699861399189267 3.196086590176212 0.7494864983871979 5.454732906010344 14.827343963729838 32.61199275014836 0.5081633146148196 0.047564229110442405 0.42641619559097427
183 7.903750357980929 5.588078472654557 10.837425615453263 2.029995137589835 8.380069148525727 25.98289007243138 3.3425918396116083 0.4523716729394305 6.25766181805351 16.131419063250664 33.045521541313015 0.508193639243387 0.0468117439259792 0.42604591957426685
178 7.726339142790866 5.832176563140214 10.597696882699042 2.3092372186929198 9.123574795763663 25.752306869836634 2.9528140803732734 0.8614644951053865 5.41588751516538 13.045119185428913 33.2239351216814 0.5098964073360072 0.02616177329378598 0.4276508255207174
161 7.70724845210252 5.714146831945354 10.614237648241605 2.1307610191168602 8.106705777315105 26.109302405452727 3.337389977844274 0.9228093414989738 5.553350354692675 15.035505895422213 34.49568848784711 0.5078761270279701 0.046111226867911796 0.426972156063152
179 7.590282475878678 5.911775701604578 10.446538126178986 2.316005441675083 8.718067820730719 25.710566577103158 3.2054251585086457 0.440576933183179 6.1424305909379155 14.074126236194486 33.14673883687454 0.5094016974743116 0.026375670627660164 0.42789754276599457
193 7.813194969842302 5.868460118938036 11.252587054899225 1.6662194872235456 8.054287896701007 26.165626831493224 3.4996891743861407 0.33650592428588 6.920693389514886 16.847903530592994 32.96182993113886 0.5094237474858988 0.027582414581487528 0.4279883937311906
198 7.596088323747351 5.845705739291286 10.710746919032124 2.2374586588794267 9.015646745166016 26.1673396668198 2.796501963051387 0.5624814472808208 5.824189914363893 14.048137895921046 32.803363382356046 0.5085051161048844 0.04040319476017859 0.4270326432446125
185 7.7720150881004315 5.552960112184244 10.721115452340422 2.1986962199302122 9.232488638772825 25.747030838765756 3.0324104996103514 0.8518865763856307 5.630070040456115 13.847899658351169 32.02078424432642 0.5067132045159062 0.061895871704289944 0.4235455107798463
175 7.622046069619927 5.595363805407605 11.027308268593298 2.1119297307368847 9.573551997941099 25.25677265729221 3.0205714569870943 0.7802058544560851 4.880240653975933 13.51463771014021 32.15200633604033 0.508911237214223 0.03950928856926787 0.4274333917407419
173 7.775834347020877 5.682047942753654 10.513711698818822 2.3741267947029185 9.335254968268297 25.24947404592058 3.2292019602621758 0.7181629366504276 4.63415751071852 13.23716947035035 32.05727108515669 0.5084393306690942 0.039237683674696204 0.4277189315481578
138 7.69510456605476 5.830121251691894 10.49515796939812 2.3970501286974626 9.100239665032426 25.18848888691484 3.4633264434960203 0.45850158583291567 5.629632292961057 13.873226218753286 31.747118271773022 0.5066622655278304 0.06276872822986422 0.4249860966299971
139 7.9795860147007085 5.654724242034342 10.75310349599668 2.1380589163269796 8.875863731450151 25.888972610042536 2.978249255095135 0.45447342333549706 6.019991256135256 15.049798775298745 32.5968753731349 0.509413386065568 0.03655067844976423 0.427088024876033
140 7.74450154326144 5.8667656107427755 10.940251137021047 2.1399380246963826 9.806561188599659 25.249094217718728 2.939948328689103 0.6472403564097492 5.1048916801879916 12.900630264876154 31.294117554040362 0.5084677729608729 0.04012560117671477 0.42741500856058073
164 7.546273670764791 5.9553383182404955 10.858172612788758 2.0968187005981473 8.407463668016625 26.393545778499373 2.787866909047631 0.6884948336465597 6.805918603486364 15.273248484827079 33.4780053274094 0.5081887017058428 0.04584280521199657 0.42567913529192924
148 7.439888265721318 5.840535332837183 11.181117915165505 1.8922941747879685 8.908811367611614 25.90905341797337 2.977209617347201 0.7187889149853657 5.551161962920578 13.69839958695067 33.835718606401585 0.5085701585055827 0.04228246329693079 0.42710184119303995
149 7.6053339153534925 5.651186381516225 10.656583224041109 2.0555871152885463 8.449086788647243 26.627667668365444 2.8247978821083777 1.018650461620707 5.43848235134531 13.88665488305512 34.52839825407136 0.50780527474005 0.057245217857740005 0.42413818492041566
150 7.576820171522349 5.767005350284444 10.876893134906302 2.1765651094431657 9.34145694952277 25.518311982828102 2.958803394158642 0.5706412589421489 5.548453543205105 14.029884739610091 31.848400361114617 0.5079463276401784 0.04541921530175884 0.4273484985202263
174 7.923165229063837 5.571403884147396 10.483218982303429 2.5213124368993696 9.345145479238722 24.89924510621597 3.3093865987351956 0.920978057753613 5.650636604909517 14.77449684214368 30.897028185309853 0.5065922708578037 0.061965677533009425 0.42449664431682493
163 7.787357220373264 5.936591536218209 10.065656322802118 2.610448715456393 9.35119767398073 24.941145292562197 3.5744128765015293 0.8653297996349696 5.488259655648746 13.102997658346808 29.844375129561673 0.5063867799514369 0.06472248156528439 0.4242744472506736
165 6.880030120703284 5.815202404344555 11.08346977107146 1.8829935166593939 8.893370520491292 26.281281874817058 2.719392570202801 0.4048566829611396 6.8039685994717045 14.23633283578618 33.15593424459242 0.5071583540488822 0.05878197342305205 0.4253487635563021
180 8.01856273806007 5.671427643736272 10.892899650629367 1.996748009603072 8.708812798436878 26.308601700545026 2.8932272641348167 0.8957676867264999 5.194223649945986 14.352612719477484 33.733908768935464 0.5098072706480804 0.020181656255153946 0.42829598301277666
194 7.636764055890983 5.863365895344057 10.866630481274296 2.0612999249502835 8.833260500607771 25.847797126685176 3.0753502888232505 0.6983932695507515 5.041851337344932 13.748540479970538 33.42476910774784 0.5098671922850626 0.01994134309580235 0.4274964230876985
195 7.605402131705841 5.4377570826932295 10.558446400815694 2.4228816358359553 9.91739636558555 25.307251563772162 2.636667292687687 0.8768945439464104 4.713863058513414 12.986861620101568 31.705943725859225 0.5063077713253346 0.06331378344566035 0.42509812643012584
199 7.583296425483285 5.7262686037877115 10.931025263687014 2.061826768032897 9.216409706043965 25.28401993462268 3.2722641113121185 0.6778624255989585 4.530816083552482 13.658290000512444 32.48756093140422 0.5085053074005258 0.03938651080316129 0.42715307210306996
200 7.570734321566841 5.658387080185529 10.76426910303971 2.3402517054653607 10.250971720781388 24.45073012537859 3.2953342993133306 0.6040714470903785 4.4536433647269655 12.928035307243299 29.362633137935592 0.5074923817325608 0.05485661092673508 0.4265977190924868
206 7.24360733199498 5.570654930250796 10.97425658794644 2.127479258604783 9.82957737761881 25.752074008309204 2.560800782882761 0.8291910911561576 5.20620900307584 12.78690383994276 31.851644915952754 0.5086263802975685 0.04007773575987066 0.4278151643091419
207 7.762548669457961 5.353457280192575 10.477440063046576 2.2817308202845235 9.499148584004775 25.090743720107906 3.2229393324755353 0.8742644964213961 5.311467884255144 14.924215343248466 30.5479989332757 0.5056671393212164 0.07256799056158816 0.42366337299348333
208 7.846713832018092 5.658857463736588 10.473814335677726 2.7086397429817577 9.967409169985421 25.12089213941015 2.7556574661281283 0.6327065182900178 5.349779371804045 13.241391880974383 30.823311681860567 0.5072394360072146 0.06053887820467296 0.4239023750043922
209 7.447459160886747 5.945836908264839 11.101052937884347 1.8691390468127236 8.549313292822015 25.832292209705514 3.3844650829253013 0.7092283760621458 5.7409818567583395 14.289670707673391 33.57674197820261 0.5092638542276009 0.027098294281383706 0.4280829588643699
244 7.49199617384497 5.859776973143141 10.908154187931048 1.959982881423317 9.037031083782951 25.86916751673081 3.1379297941558564 0.7376204957435208 5.307182627665502 13.84729976402262 32.181501262402776 0.5088302885075445 0.0352381658769162 0.4273405877189733
243 7.961732623812166 5.407318313805859 10.81419605447085 2.2017120321600543 9.348939068388114 25.46479362814863 2.96656318947689 0.840946822618078 5.01590673022446 14.356614096615584 32.091795568685825 0.5084995798874913 0.047168405491309205 0.4262684314203136
242 7.529856938690397 5.872209830159359 11.033804793116168 2.0298724020972023 9.337568815497855 26.06304751233651 2.5931250318641137 0.39528482175855184 6.225000461205798 13.989368334644304 32.100672616503296 0.5094659566863572 0.028216248576047216 0.4284051938219226
234 7.655455417317615 5.797298139065438 10.451490270649574 2.4640339128474076 9.663274546480267 25.762149274805545 2.6378641902214337 0.7624305929642312 5.241319559055473 12.580301209600592 31.69907324104266 0.5091734000821846 0.03506429543504396 0.4279759504995669
241 7.756698534894531 5.434607928627399 10.607833071509068 2.4102332387673635 9.584619657092583 25.28373933662563 2.9077589231022825 0.7172091247883914 4.718434385286333 13.866392025590805 31.928485617588912 0.5091127559709008 0.042028741385791525 0.42733022161150697
216 7.177686654325882 5.584197064533299 11.093311410762334 1.9356593089581264 9.259853268929028 25.146372140951733 3.2443172401860467 1.3920278711400584 4.416490041351876 13.930559436166202 32.46549610367494 0.506348021123203 0.06385936687735891 0.4248532532682463
217 7.555909799227631 5.728950157581039 10.905837206121708 2.2014338579753887 9.667400583713938 25.543247165909193 2.844203944177152 0.5401939754848591 5.515208151547241 13.865546515462938 30.982369658463753 0.5079623291663989 0.053006479007588064 0.42543085596823166
218 7.831191670668578 5.547733320916611 11.139336144632626 1.9066728307913814 8.932441126656286 25.7526641852061 3.0590117939840353 0.5793311496370003 5.219107253997716 15.097491949862025 33.00640662312031 0.509445968524981 0.029434105619497872 0.427917957247743
233 7.524766539566163 5.7978057316553855 11.063632451036716 1.9514014795195447 9.211199856230143 25.69993928137591 3.0189636487301343 0.7482327141148278 5.356373098401649 13.89436405192872 32.32541183113861 0.5079737181392063 0.051512627832434196 0.426292038430926
219 7.642096480825859 5.749307556185388 10.639413416116641 2.220398816650351 9.041466333246815 26.091857696302085 2.7973606990865036 0.924120916003579 4.743138031607279 12.80479023804462 33.915733243055804 0.5087677547332673 0.04129807242252824 0.42702356719163126
232 7.406012913123639 5.837414471578653 11.284467697910333 1.7644975511603171 8.753120997008482 26.490176996046202 2.6581826845672243 0.7740719803758939 5.485256097769958 13.97681971862155 34.51439268047464 0.5101714268854445 0.02158838432781935 0.42820742841471965
231 7.4620153963405995 5.742824394148137 10.959862095991245 2.086448948965628 9.623837901218405 24.911322101471516 3.2573927265398663 0.5858905142788577 5.298928599795094 13.772890309685378 31.26577008768258 0.508147660302832 0.04600158122774609 0.4271804952918811
236 7.729714462657335 5.66158117291879 11.386252597732737 1.8922318445197424 9.347204388718568 25.25561223513658 3.1539032898898705 0.6042047248494112 5.473593297267534 14.219902295961719 32.53793814017291 0.5078779839284968 0.0441663627860091 0.4271469042248069
237 7.51792558941025 5.304997246251348 10.402018301122457 2.6552138203830533 9.646422225462247 25.04779273441255 3.1199662705651554 0.7734112668970494 4.572073329140588 12.866779382079043 31.512224575726364 0.504461336798328 0.07946722897812444 0.42218475732013194
247 7.582680658666161 5.652000281028331 11.370866354013389 1.6674788452146228 8.584399706496708 26.30765915211607 2.9912921728564617 0.5104262292414762 6.492289312366269 15.485951218949493 33.50282044819282 0.5093439457801691 0.023486547334758707 0.42868534565973854
210 7.483916397079814 5.983183070205611 11.138500859385678 1.8223514357176438 8.359629186014658 26.15699223183521 3.2180764532151955 0.5810996110229164 6.509123008608757 14.999423550821117 33.42599420201307 0.5082529113110952 0.05143791541405104 0.426025991817502
246 7.764704955902215 5.363949343920139 10.76275975005224 2.3749345119910785 9.888568797807878 24.550454923789896 3.275241227025244 0.908502782094572 4.400159638811438 13.786906933103987 30.382082378153438 0.5059716748860281 0.06993479817967437 0.42261970214925176
245 7.775228466819549 5.922691988776731 10.600453546312483 2.231454101905987 9.21652952455443 25.478429971791645 3.1405417324265654 0.8117026029632027 5.538467845438146 13.83677680775803 31.53072616052968 0.5081245548336439 0.047386589138792214 0.42580491052069536
235 7.849798552193616 5.754723422034661 10.610363461869817 2.2889116071253466 9.37812230498273 25.05397427940714 3.2514498744388303 0.8198710768108673 4.966155373405138 13.857632831615975 31.621027260127352 0.5078237866661173 0.055564882916997536 0.4242719929138727
211 7.674163574278957 5.65004859801952 10.555786178540396 2.1770055053098765 8.362292580093914 26.68114566768625 2.76052567205228 0.6067330147634573 5.991681929788321 14.708958832682741 34.42491034256072 0.5096043759813237 0.01998826845365412 0.4286462236136248
212 7.53492537583243 5.845934789604022 10.750279046855871 2.1630733157258897 9.128306633353414 25.585204124020493 3.109035102088557 0.660098527127227 5.446138286259051 13.804539952529323 32.116444859838055 0.5094830698943713 0.020368625109193 0.42792869666424677
220 7.688800611395332 5.745476395032699 10.518409837214229 2.235341658610984 8.470302488641623 26.14026456085964 3.06233540003408 0.7424472106240683 5.618123186860126 14.593083386437572 33.71026758233778 0.5085423079256853 0.043351615949499045 0.42690120366414686
221 7.894537397605793 5.672841307944324 11.129189012071656 2.0612001149460015 9.415440225723316 25.416660989206537 2.8617524665125558 0.7453419353833317 5.128799404206397 14.2875145081298 32.20734436648407 0.507943191830242 0.05349675060293391 0.4244871102729797
222 7.547204662607871 5.812235247622231 10.97695988540492 1.9794572817510332 8.839522491300578 26.324973274203344 2.7003120926421333 0.29007249164762944 6.9786229165058185 15.138443720148295 32.62635851396647 0.5085205214015771 0.0392627155270895 0.4272385535931624
250 7.630993342544018 5.670920693520329 11.018155206374228 1.9635633640943184 9.041500687505259 25.292257293447623 3.4438140197783755 0.693909825848604 5.160831264719133 14.999372658669712 31.70536671233914 0.5089215325774038 0.037137879543584655 0.4275166007199318
249 7.776117172871342 5.629955922666697 11.175062466514035 2.0878838760509444 9.683940067184013 24.795529726011004 3.1587538570691622 0.8408611395814833 5.199872351923934 14.539467721857042 30.92423768822862 0.5066475207225521 0.0620744926420419 0.4246762685505288
248 7.630714729502629 5.556269552066343 10.715181243662935 2.452763413679832 9.660022018661655 25.256684521236174 2.9702627474583014 0.6695720241551515 4.847989389404959 13.47947512232234 31.495095438378847 0.5062064084716195 0.07016434789625373 0.4224064536449092
238 7.667332989971496 5.5544470261246035 11.020302906115155 1.9975315660980555 8.990599949062151 25.77402599840919 3.020588576899712 0.651645808152656 5.381144089187579 14.282134209421418 33.40691773913132 0.5088385437601154 0.04509532000577098 0.4267201632692884
213 7.156243367310729 5.70622420709881 10.995683492020758 1.9993630599450687 8.724431196383607 25.359693932474702 3.391901413057401 0.9236167116726149 5.687176291086751 14.91229535144492 32.62253612492817 0.5062241256334804 0.06372926906830571 0.42503599512305706
214 7.677077234410384 5.733143641595881 11.085374503412758 2.039531740847803 9.739669203701267 25.05860850848116 3.1555605546154597 0.643528420891712 4.8365691656427 13.630389538798594 30.864850290716646 0.5085650004491181 0.035445144193908776 0.4278115509628494
215 7.994941067422532 5.35426074889831 11.120031390590642 2.016356289801265 9.730109531438535 25.5629557102478 2.6919602558950806 0.5400647768147676 4.7629326049072915 13.937886343683141 31.96017111761549 0.5096214992148499 0.03332142910211238 0.42758202364124887
239 7.6447439407004065 5.795618759089042 10.933455535970637 2.2090137401417254 9.610354630263327 25.378084977758792 2.926817541287769 0.8527674880176183 4.292921461532339 12.613161007384058 32.64420945800615 0.508754011213865 0.03914558795321899 0.42660865595880676
223 7.4485537811270515 5.699265443256064 10.919893059272464 2.115648056590367 9.379436166364668 25.735764518491457 2.714290249463368 0.521983741015016 6.321765455766546 14.292633549128396 31.989833186155458 0.5073088436555306 0.05869766561443866 0.4251118042032873
240 7.76498917637331 5.792998081708663 10.65887666228334 2.276637368555119 9.523853857924484 25.88111064032113 2.6048570234660673 1.0840331489706396 4.744620227094769 12.545340533332094 32.565190874801324 0.5093859723947 0.03140014542933626 0.4280967814958175
224 8.016445936693541 5.443628071918004 10.707918559361904 2.3124767646554436 9.712705400168295 25.460892702332753 2.748548604004294 0.7555808339770465 4.678413305578841 13.312657249244271 32.02495466949828 0.5062554281131414 0.06634468328267452 0.4236254658729506
225 7.771562110537901 5.681371217117847 10.958921015759433 2.181213637203332 9.763636841805598 25.61397410021453 2.626813686987646 0.9632607355582281 4.353658908799252 12.351158746905089 32.709973786092505 0.5085610681262861 0.03996391715290697 0.4270738407636416
