# timestep 4750
# phase bcc
# id f1 f2 f3 f4 f5 f6 f7 f8 f9 f10 f11 f12 f13 f14
1 8.045245094903311 5.726992262416737 10.817192146302327 2.087488367342981 9.263952068392523 26.113275652724738 2.600279969287587 0.6211031210566855 5.707570380176981 14.602310721491763 31.454960550087502 0.5083650635845632 0.051958910082731 0.4255784792374737
2 7.595983956730566 5.805832135912245 10.89602772073765 2.231788377704464 9.206322159962793 25.111835572391158 3.399703649293452 0.597786859555783 5.235974019003994 13.959704234180435 32.28638223678599 0.5087508971615252 0.0387660217201093 0.42715679463357203
3 8.065526494334378 5.3252293148204375 10.34859964153278 2.4703982012653514 9.344240617026244 25.335462872598864 3.3350513560647834 0.978618550746619 4.103047175748171 13.74351883145889 31.472826522093968 0.5089022353014008 0.03739127331300084 0.4270081235146561
11 7.841625138163591 5.231814092147917 10.615620986322567 2.0436671893808858 8.04471017330683 26.33079392402077 3.1006250470684704 0.7078166233444636 6.042355914390576 16.422003273823208 34.60011240666445 0.5080098059831811 0.050890068407965804 0.42640185074086895
13 7.395699520628669 5.685206310914395 10.569296000100634 2.1090837379155234 8.681217956590627 25.689344757723116 3.3372628274213705 1.1659754724026348 5.514306004570174 14.489003617908264 32.665598325024135 0.5079865918935649 0.046589742070023525 0.4266113475158634
26 7.563173108189778 5.78502780419237 10.980173232844718 2.13126794997372 9.580826727937726 25.311484327926276 3.061697903336263 0.9694381512707495 5.47439524671295 14.157105637308415 30.748769188909105 0.5093359064605348 0.03781438316818034 0.4272524774789537
28 8.010422122968432 5.430594397595811 10.644521016788087 2.272159288866928 9.341578069980201 25.333189961611193 3.107271603833362 0.995684600220737 3.8750201784292044 13.457455214625691 32.83530049300525 0.5095374929016957 0.02767787448654257 0.4279620185423959
36 7.728966687896969 5.905625008213864 10.490594438486365 2.1874022280092533 8.655593323109425 26.426604160870955 2.6889881276017102 0.48282599145106186 6.990658889308978 14.521942835281427 33.220152615310454 0.5096953976258408 0.02900784161306763 0.4283627720214366
38 7.487532227366852 6.050142190785732 11.142534609068619 1.7400845226426012 8.085020165519422 26.480548130997256 3.1017289659386957 0.7060146954740707 6.393906616941891 15.02005039816264 34.670096054067315 0.5099200788446705 0.025795614305671614 0.42850924657012834
4 7.384789831569436 5.89500104545607 10.838303651084079 2.2773485476363775 9.953139893835186 25.289243138627015 2.7415704765068845 0.5105361339911565 5.218260490846136 12.659775066023414 31.147235177711277 0.5095599158226699 0.02620731452497118 0.4284105133322663
12 7.9810738789221585 5.929330586193555 10.600942156667031 2.2591791437973545 9.108530758325896 25.75558322786309 2.9844920530193404 0.29515642927458685 6.94339603959566 15.191050099722972 30.88643770675209 0.5094903474148449 0.031104640158851067 0.4274226780781841
21 7.995664525644158 5.726330195006287 10.928678579018005 2.094040202051577 9.334303332767824 25.627246679759676 2.9242466014467587 0.7784918936425146 5.059809753656648 13.512152948340175 32.38057506519807 0.5080250305565276 0.04852340747026921 0.4270660298108859
22 7.202693031555962 5.851908017321527 10.900557348358896 2.051427346202781 9.158844159418123 25.62733506029505 3.099426689919671 0.8718645143901901 5.256653552134163 13.021823407725043 32.92483359848784 0.5093623106994616 0.02796062657788558 0.42852160367662506
46 7.724621933864488 5.785694814201968 10.753368903128775 2.1303367729977722 9.002040019302896 26.093551216929804 2.850279627834161 0.7066024929979828 5.487975340703534 13.945561568590913 32.67181502837902 0.5094307727130637 0.028778050026088877 0.4283882089902208
47 8.056637638477557 5.521191090633895 10.791506345368182 2.151496258703181 9.184989965019348 25.598609297401335 3.0388555775221606 0.5864339304194496 5.371664399213866 14.689311771523862 32.06688777010465 0.5092343746994072 0.03257283052102547 0.42775119510840504
14 7.723492022198343 5.769192376578485 10.875469215725841 2.097924560990799 9.3593642242007 25.74453698827378 2.980194567906992 0.7986919255177451 5.29363442480472 13.770651530195217 31.37240741974145 0.5088158601677982 0.039327807861271456 0.42771144953447593
27 7.998631773385441 5.747231565828613 10.680331636252927 2.2137653108009268 9.022396636093632 25.50375272417001 3.235869472185491 0.7388169698918862 5.00110055972443 13.976487551591536 32.57713141436985 0.5087003471088813 0.042987527662677896 0.42731323027361734
51 7.618837817358178 5.644893353367241 10.843225698041868 2.024200366317477 9.342772980186817 26.15601754216937 2.503211974404352 0.5063747804580091 6.385065188280905 14.345789528930139 32.037973034833236 0.5085797035124545 0.04668946167569499 0.4261752912875257
52 7.714170338188404 5.584232122463385 10.594802729130498 2.4553860131796617 10.06158118425901 25.241133532653322 2.642994298018556 1.2315993972924844 4.909365061027369 12.29542279593703 31.365711535866087 0.504455557173166 0.08026605147984144 0.4217390233133467
56 8.09545335851249 5.610558578360102 10.608321941893557 2.2835498807264893 9.249057571016937 25.347873887110477 3.1162835696269795 0.6111078629958294 5.871045488842294 13.917322526409174 32.175782370287834 0.50887628494617 0.045170547681578736 0.42648469888985097
57 7.690878978394968 5.367901095180183 10.290459229538595 2.534729712944806 9.087739934092907 24.846710107368338 3.5217891364315084 0.870601286067663 5.511149103617807 14.933444261272856 31.770896592044434 0.5051925979268987 0.07882515679208613 0.4217667554094224
29 7.493686911981027 5.8501363606464505 10.764823856863709 2.198677410060058 9.724790798651084 25.34197383205918 2.8928584016027594 0.6157170335674919 5.447637685275111 13.010914825097439 31.159364170083933 0.5075389541388373 0.05699979501926153 0.4265248372406957
37 7.661973367175063 5.862666122584576 10.881799535153519 1.9685731358278558 8.377204766426916 26.425097629586254 2.9467126766836866 0.664334292919162 6.824719622926216 14.661303557000116 34.09297177902923 0.5071785028913397 0.056907031590629854 0.42591067991976844
61 7.230541041195609 5.7514234070721155 10.561609204065785 2.4147867957636557 9.504999120900477 24.975906263308733 3.2173809888729514 0.8501487282460903 5.704024942797473 13.611105218471424 30.596011002582614 0.5076651813641201 0.058536392594123215 0.4245242052654948
62 7.896958288652258 5.43160109202572 10.605342240233174 2.2730591592533522 9.155786399649312 25.605014893175692 2.9833842489974987 0.7366546345914476 5.332196244622823 14.412158864610255 32.42763526344355 0.5074486621409601 0.05314321168892617 0.42535928714164467
39 7.440645305115758 5.798177413111579 10.8040461086291 2.177812155798392 9.481568892617092 25.62130069569282 2.7532541248524804 0.6285723032789367 5.818308560077717 13.448307747449388 32.016899498373185 0.5077310264913151 0.05178540838230865 0.42594265271111503
126 7.395284121616615 5.7414788235052 10.973440434322777 2.211669814262929 9.30108520631896 25.43360876142108 2.924445917706848 1.2386312014697023 4.331623257668693 13.205170472672014 33.58581140389159 0.5078321048130421 0.05885857780092973 0.4236675041712673
127 7.466864093095078 5.69740406449078 11.065365264094536 1.8466474972551474 8.86850128974011 26.111911266962142 2.839866396912958 0.8296361269905271 4.945260692639964 14.500257042952462 33.36186391292466 0.5092672817273707 0.0319180026709751 0.4281970627683909
151 7.6016245723215805 5.453723846551606 10.82121768202481 2.290673176699309 9.960012758614198 24.432161567525235 3.4018416864050636 0.8584259082449662 4.1632106382119565 13.290126562790567 30.819348244378748 0.508340992302769 0.04142881466421991 0.4268612914436118
152 7.6339633505137225 5.6518695273972845 11.212770903297978 2.026750972450464 9.553734810519682 25.280679190060138 2.9349425435075926 0.6571435063005473 4.843726026570236 14.043340741407379 32.19403609090153 0.5090218765081017 0.041384934156405366 0.42692152335628925
66 7.851821657501259 5.434787142818944 10.707306451320614 2.209022984363586 8.875752068253277 25.236284135046844 3.4847245919449636 0.9726038352548948 4.957765908081804 14.778590592106797 32.784008859728125 0.5072429669583124 0.05406249569240357 0.4265694585794646
67 8.139838087803373 5.364848229124701 11.158226551456686 1.9183960653076966 9.257945419055522 25.855495341218603 2.983276160811656 0.6073459153790911 4.579132259926769 14.77369346898918 32.25243406259378 0.5087623877341018 0.035200903680560176 0.4277858584016215
71 7.925428542507076 5.577367988819514 10.667336174010533 2.2369088103238415 8.823840236860024 25.975683108583112 2.977731353054975 0.5548559562111884 5.914673684404621 14.934486263073692 32.88826373591075 0.5083523466251612 0.037216046987096116 0.42787149633243315
72 7.039791762101674 5.725036656748055 11.15223319751529 1.9164999237264044 8.916192097400428 25.909385168717783 3.008240633916756 0.894928732881751 5.335613906134344 14.410412538307812 32.880446413809025 0.5080420124914585 0.05167891067871136 0.42597895258486307
187 7.814674310353756 5.7528023966392725 10.53859309340381 2.4807833322302963 9.729652494222934 25.982980553366357 2.480903085647719 0.6432339304467218 5.563934551134643 12.50371995645099 31.728537456842176 0.5085866871488938 0.04606956921550402 0.42616799831140467
186 7.867148060826699 5.492844337564065 11.085369475630152 2.1043790576413794 9.597051454982347 25.090252705005568 3.1709283296437403 0.8240025926071125 5.242017468025034 14.665266617140524 30.502503654324187 0.5086162838247706 0.045388437500004666 0.4262467201524892
5 7.491370557921174 5.748351078226464 10.995778100794483 2.057648236919786 9.310695233527824 25.434699642780828 2.956164025483022 0.8205698442107665 5.099959890328335 14.047156752272517 32.45280300215946 0.5083827968301241 0.051529726533501345 0.4254299570504121
15 7.546793922536804 5.785294258754103 11.121464314211018 1.9114166932690062 9.178800345951778 26.197819683155522 2.6156637996553083 0.44333434064773575 6.228612252148819 14.926368146653584 31.988708217398045 0.5088969140660418 0.03750183737824323 0.4275145140792637
30 8.00531977667736 5.310122534431784 11.428040883792958 1.5089537264299655 7.9976569625834255 27.11672750555554 2.774296538146879 0.5923042723741407 5.7806820420140035 17.27548851334528 34.71860463776291 0.5096071350484491 0.03107738052853803 0.4276487461930548
40 7.9971609173456315 5.419307269400437 10.641156755595137 2.283676342524776 9.4549586070971 26.289854394476624 2.3527011343029733 1.0019926311832756 5.03067245633348 13.767184541311327 32.21581161219337 0.5073893842259476 0.05552787376360259 0.4258933580376313
6 7.532299055007526 5.625443972472003 11.126546238039083 2.106992986849699 9.940485770520487 25.322791722183563 2.6519497387212425 0.4357937754314214 5.725239488283183 13.824970042741048 31.1669269250208 0.5089950142797524 0.03462302889295621 0.4278607083273241
7 7.152052283642218 5.833533227185665 11.264115267645224 1.9571224622589585 9.570666658811778 25.425483902494808 3.0473263508278525 0.6176223482017943 5.504612802635085 13.561693565009929 31.20285720502836 0.5075037028141008 0.057975360232281205 0.4256698872813411
17 7.845394990582006 5.5571258824499665 10.965763656321414 2.021156031117978 9.465432019846077 25.53482067430025 2.857900394782213 0.8715686679769895 4.482788649563689 13.745547316597415 32.60720625003144 0.5090555816052464 0.03239121580674239 0.4275535768511025
32 7.848085775791573 5.521012046169501 10.408628125805782 2.1116917350332796 9.039696502366306 25.739086437423467 3.202415291557044 0.8188353999984144 5.521530348508646 15.0136578479991 31.03392651343775 0.5049691822242007 0.07488522448674748 0.42346421185049193
42 7.847030005168342 5.633193416021205 11.046566540064436 1.9926716977731869 9.575661626121338 25.882366970908862 2.6784660956215873 0.9362899878755745 4.455703946759704 13.181713170320347 32.455931289234385 0.5089178796205489 0.038268271714384704 0.4272977122428375
23 7.568973820439381 5.785728546138983 10.932680594916885 2.1613541172735533 9.915400023601352 25.900321625940933 2.387549867520191 0.5649861693138147 5.212329028385064 11.976449458133295 32.27443398617814 0.5085652808086171 0.03571101328546002 0.42805977388944977
48 7.669818777940996 5.85426671532366 11.541564271885546 1.6981083820413905 9.450910547925188 25.64791761177217 2.8273887134046007 0.49595660531822233 6.227454857453886 15.023371712369165 31.164622184209094 0.5094307376291266 0.024368194954537018 0.428602962185069
16 7.282752919427186 5.889962811658807 11.136622394748214 1.9433154856637844 9.017034107070545 25.72277872861878 3.023738487719092 1.0701165543613025 4.571577165536635 13.16971574770265 33.86735076967458 0.5092457498324637 0.03670672634403097 0.42688197666136346
24 7.604595354627332 5.774202280132021 10.512057829332756 2.399670049647272 9.859872426438146 24.968328694307065 3.1200568997517752 0.9222337309038322 4.167152060220983 12.136899029980327 31.105468558123427 0.5091561739895804 0.04049690214368483 0.42746511741660503
49 7.762918521479855 5.662256260186553 10.955697591381707 2.136579152845458 9.659300146405267 25.265966781853205 2.9470802759535957 0.5391644621342913 5.20619612825896 14.070265048596804 31.114027085412424 0.5095646628883167 0.030398535666714546 0.42817108793037073
53 7.910694714781624 5.6149436218483215 10.877655464044173 1.8367288204785042 8.667200997046157 26.06144242392948 3.1615310299248964 0.8804985745603364 5.207853903606717 15.437152661030524 32.42428350699791 0.5086232173165862 0.04287062326679289 0.4269079587864222
58 7.66713460980062 5.547166509425194 10.856601813796196 2.2374337491083285 9.776788990834389 25.363746739034113 2.8365807707778425 0.6986419831021463 4.4855652587479256 13.282985448825912 31.627206649360044 0.508005531070234 0.054084209076501154 0.4251056788618783
31 7.079579899200553 5.851511614042697 10.654063620973755 2.383044749986092 10.156883317131799 25.01505656641297 2.750741542758878 0.8735578379498807 5.242937319846977 11.973571083968702 30.903478584179513 0.5071633857727941 0.05678167212880635 0.4258357398286747
54 8.179770420581395 5.261015927091597 10.474488203415044 2.3736835392164144 9.65696457263379 26.04102488276282 2.5077712395107135 0.9549032801556665 4.2445227440591085 13.177109632744923 31.862955350672756 0.5091424073198816 0.036689491158825326 0.4271560288188994
59 7.375363129875177 5.947283252849667 11.57166970820066 1.6669667683772655 9.352664512299109 25.848822214410774 2.698452282557309 0.6616050829689032 5.832598354259881 14.229888518159813 32.30564214235403 0.5103650288288656 0.011930813482649625 0.4287898736361374
63 7.453283982335057 5.735975643386112 10.99155771611161 1.9776726814353893 9.029200709923142 26.112856546416303 2.7283345918490176 0.9915037812851987 4.4335079846916665 13.122982354557179 34.2566640474433 0.5096417583813078 0.024052110112119687 0.4281374848682421
41 7.689812947388262 5.405972344217911 10.678073826414664 2.318723122107688 9.566495963366355 25.17038187007803 3.1560105406859607 1.1102462419752739 4.0425272568247665 13.477739965457518 31.688284300499213 0.5072820519078618 0.05613276951077718 0.42568416989838564
64 7.275802486062768 5.738002814648961 11.237315597859883 1.862035039175254 8.925422309548804 25.646002139725518 3.0836417551179403 0.5871859115817746 5.794851421970304 14.690022357174323 33.066151332770666 0.5093315065558215 0.03356001426455454 0.4279003419292464
128 7.6143253404586755 5.659803404579579 10.823810572569167 2.126481210282253 9.045605400066536 26.39006503934864 2.594749522401294 0.5195188347327534 5.785137968506104 14.170885564522152 32.99855874811715 0.5084324108951008 0.04666485310135042 0.42669550591911315
153 7.664251173290558 5.512825271864777 10.709232644362805 2.21147353392525 9.18071053813571 25.247625483620606 3.191545748783409 0.8136988684254719 5.428319894665559 15.00696180917225 31.46752827560281 0.5069670819508514 0.0611919345800084 0.42511790843926395
68 7.973430554125929 5.692607115679714 11.144250279966426 1.956575731410891 9.850582810511069 25.029570194727718 3.1610886359701356 1.0428406567365254 4.091726254395365 13.532580769928073 30.6876833280046 0.5092063564653342 0.03179279837823623 0.42773477211590627
73 7.986142536674882 5.532676391822932 10.688102876233778 2.1893230022656445 9.579383775795696 25.543218660183847 2.8068054675445846 0.7424521043518506 4.297753596499772 13.611552895954642 31.86202658666328 0.5089384713051602 0.036372943011841706 0.4273989502093834
188 7.936104419495579 5.676023336046358 10.99348759487713 2.110160010279064 9.619259391979767 25.23629167587925 3.018979295904038 0.5916350296651939 5.431743531699159 14.107258740677691 31.171409671987526 0.5094915385227696 0.03231048326972699 0.4270354768286213
8 7.984819117738011 5.462146064123953 11.04732150412222 2.1614976827440158 10.20359013423762 25.054591784420417 2.681856891121691 0.44597315568416457 4.791270970544189 13.846126044390695 30.364082228165714 0.5089044660232069 0.03618052419542392 0.42807613891893975
9 7.4656441118895644 5.773529842749722 10.802891410814965 2.1807769818897564 9.579010415995858 25.559992668264446 2.810462639623223 0.6240278729249348 5.67049906426391 14.518283890288835 30.454344107464845 0.5070347004411174 0.05692638416199018 0.42544632934023224
10 7.22993636062412 5.8598111173169185 11.152173422333757 1.8963463784059456 9.029743128139522 26.194615313508695 2.8752410204407624 0.5783668629490716 5.879297427734821 14.106552576747115 32.63165730690032 0.508828381904011 0.032320464695427785 0.42848667830933923
19 7.592857719593642 5.385233686625878 10.788288640287172 2.181808881996752 9.460906682734757 25.176053370778853 3.167024957340194 0.7033725684011427 5.4986714914615185 15.141834872349879 30.68405766266209 0.5065904335377689 0.06424229511360083 0.42456411645723957
34 7.2670503785591976 5.64822084012277 10.809897943424282 2.1767088588895103 9.47353862738075 25.929346379195216 2.582885152667261 0.7401555626420868 4.859635125293575 12.536545311124382 33.30851366675459 0.5097484031107665 0.028620485889854403 0.4276587293288205
44 7.621223169613269 5.73159675514516 10.918670928858589 2.084725181056715 9.4842987202249 25.535040295566617 2.9390696436133923 1.0782578190481884 3.9485264685638084 12.254518805518716 33.27846635548395 0.509822842670462 0.026006801950569713 0.428072740405629
18 7.850104152074496 5.624793749018547 10.761710830407633 2.288820251624772 9.73839640166196 25.334464076977337 2.820077297008995 1.0252713830892894 3.9857681098560027 12.851658049548 32.24242639434725 0.5091150404956603 0.037605045092665795 0.42749798261212624
20 7.550515938810833 5.711904353226308 10.864490905664526 2.0666596906765093 8.926822662998994 25.97634786299358 2.9245245715839934 0.588583188792957 5.770449190812247 14.300450393136899 32.939009792570815 0.509338874559877 0.03141025629784016 0.4287957833445909
25 7.567284486659004 5.662101293363525 10.856554933195648 2.1801886235061856 9.183339694315436 25.482658702393614 2.957115203364319 0.7485408618806134 5.025534539558181 14.168762141315925 33.13878477709566 0.5084115282201024 0.042225995597994836 0.4267795817897822
50 7.649622897378233 5.693566129786313 11.059535124907127 2.0260259621856163 9.278107536030145 25.30085524689221 3.1911713327376345 0.7018858022152706 4.787438266121119 13.964915613170742 32.62431607787152 0.5097440095020361 0.020984658343005294 0.4286740626704443
33 7.717424356887106 5.7034698839936855 11.228316774501286 1.9565954081728194 9.586819446986414 25.524887849709426 2.753157104925546 1.0258378418451106 4.512760853894357 13.30023691269713 32.52949716767914 0.5092618203220215 0.03824552177474842 0.4271488232381849
35 7.813621370550465 5.595214632379639 10.790299166717695 2.075329185508293 8.820387438445339 25.723932586847138 3.24279080586651 0.7284339256441392 5.086997188772009 14.751420923637298 32.94260566780018 0.5087087898343511 0.04129070796330547 0.4277471727008095
55 7.299632842976007 5.483749512598937 10.958440708453757 2.112008644753211 9.797534700573276 25.365467333124467 2.7073630775787656 0.8787010215108272 5.856231093536845 13.483501331023046 31.347580712433537 0.5051782113325862 0.07223415847354124 0.4239888555209162
60 7.9221022513063355 5.604607356550804 10.697627928224968 2.182010179969955 9.160390733764322 26.257761257859766 2.6730639467527375 0.356680230292084 6.1190371315625365 14.735379088800165 32.0217593154458 0.5096587240012701 0.03030701746166841 0.42827355654575544
43 7.900844913262841 5.5817087050205645 11.272813968369853 1.8590554902744274 9.061646622574035 25.704130406035006 3.026471225706075 0.7041918027671865 5.091878143304844 15.007435301414738 32.861945270091596 0.5098390139450523 0.028763485132189025 0.42818802876159795
45 7.928475175197008 5.693381259147526 10.69782958016345 2.271183157620757 9.324271339370785 25.52064678915208 2.999337350266837 1.0633322551785207 4.819802011669133 13.041171158645614 32.763068784322044 0.5091728398817917 0.036336662195211276 0.4279284045651242
65 7.715014831633852 5.73990623652679 11.099818715524187 1.9800258411482237 9.123882453857064 26.10577288159456 2.7835576628428367 1.2068623098789468 4.3507739794908975 13.056420403979077 34.017593208187584 0.5092159532927316 0.032746735905078816 0.42753402649997885
129 7.688892240708816 5.841536278864966 11.251434416412089 1.7448264826114734 8.755605207971223 26.479536262274294 2.7291274568198913 0.6820511309331329 6.170664080822586 15.207086188608605 32.849314049133646 0.5097907401400789 0.028442008340520256 0.42773911923942387
130 7.607808884726805 5.558366602678126 10.325691187202915 2.684318097053902 10.084432799343647 24.12398040552988 3.487710326207791 1.247193039434212 4.577857984714137 13.530766800999487 29.198605744725732 0.5066207135547622 0.06687937680404119 0.422928391878239
154 7.67154499851911 5.9149970100492535 11.346245805762416 1.8492930511718604 9.366302829846804 25.863782596430823 2.658043994218843 0.5095579777798959 6.207864027843484 14.40231788997822 32.073742306336456 0.5097541257972849 0.02883710867506206 0.4281847888296853
155 7.653876065099112 5.384988531339659 10.66707368406039 2.429737749617511 10.200301652457902 24.57437503700541 3.110121828116475 0.6186641131914802 3.965378653817389 13.037732316659936 30.409233782117813 0.5083073803505094 0.050201181328315476 0.42590335473810226
69 7.30852791685086 5.681985199171161 11.180619127620105 1.8685655876483522 8.949745490927425 26.065241819027005 2.8371361597069167 0.49607464367878323 5.995466749005216 15.062302057021887 32.543633804982136 0.5094002773300808 0.03286685627646232 0.42773377023623516
70 7.253990451883761 5.716815974069924 10.894162941396024 2.1269853824825087 8.602003630892174 25.85600666630684 3.0429793532301397 0.6619234151036989 5.692006169366433 14.556574148923383 34.491891889117106 0.5090231793177465 0.035729026810937085 0.428193162116285
190 7.247730250924832 5.471877170081294 10.894152707731886 2.2555034011636526 9.579392795081855 25.428313438391903 2.9045900029131997 1.1053753919310865 4.568925413537945 13.56194712064788 31.451276565539178 0.5085875369186811 0.042739132682358655 0.42555115583520087
74 7.633161597245425 5.754797596307106 11.14037413371865 1.8973151742854346 8.851326813920206 26.670976993372957 2.4190329287581203 0.46500870479543704 6.415341142470721 15.12091365555399 33.363698850912144 0.5094682786577454 0.0365947513220329 0.42779382606729455
189 7.380879837012003 5.949192706557921 10.95850618248368 2.1941867955176706 10.113188137012624 25.709644284766267 2.3610980854896644 0.7448591142956618 5.086551438718754 11.87209928511147 31.441566194581704 0.5075915228889959 0.04903883884838577 0.4259296404171694
75 7.580168771723036 6.002338120505425 11.06105863312649 1.8844369502926104 8.630495739378723 26.716834938027674 2.593802941107194 0.4464982186672249 6.732472504304676 14.463939230744886 33.60380837768717 0.5097375726333344 0.019889715617941558 0.4287268313668927
76 8.211061633669157 5.328656053888897 10.505995355870391 2.4177980703803277 9.242221536529229 25.56610845489431 3.0260761626279202 0.8879978700061295 4.35094383690665 13.907209341640998 32.85415757845232 0.508854180479263 0.030658108586289163 0.4287761179193904
77 7.885426393308663 5.876762818597149 11.30145425459315 1.8305156719833264 8.948996211870277 25.625340343525316 3.1437745045373697 0.6961715472928149 5.845066958355923 14.275980704907697 33.11817753108337 0.5097680245327233 0.02284894524709977 0.4278245147871258
78 6.855319481757338 5.9192056058774325 11.0866133352063 1.7803396497478368 8.482430228929076 26.521335425180304 2.8068091613410515 0.40336292873467083 7.245089638796394 14.675158564739704 33.515618003985914 0.508804531102795 0.04232554580462163 0.4272153694837409
86 8.090691952436842 5.667272036379502 10.416101061518965 2.324709325178775 8.778515231180476 25.4161635366634 3.5303256009669757 1.0593907753517107 4.571136712786084 13.478025598908953 33.21045875433157 0.508198839262004 0.03610526282262631 0.428887828078877
88 7.666810440485342 5.450957793006176 10.525685101492968 2.3680557636242043 9.526851866739197 25.502509610106397 2.9481069807210467 0.6948543718855683 4.625831122727891 13.074448502732917 32.44432057722157 0.5091132569326058 0.035421243124852314 0.42768602089993696
79 8.004639128719653 5.5063525314579795 10.976357067013062 1.8707910231501557 8.6576792860715 26.942624805268384 2.387359542737224 0.5826772667840978 5.835251682142181 15.74413285281443 33.46751584664214 0.5085747525272988 0.041415981663326065 0.4272748439182066
227 8.190480537822314 5.1505383922343535 11.042003914863688 2.039998292258095 9.42764067977459 25.735685625990786 2.8190762419826796 0.704823271780444 4.441702295866095 14.648170048979473 32.391879351967965 0.5091706833697058 0.029971288455553146 0.42863806506752594
226 7.853975872381598 5.426458288775907 10.144450996714935 2.554446783311049 9.544364142845918 25.395143577682866 2.930589233387689 0.813538485026993 5.873819473736711 13.977769000541826 30.682833169813847 0.5063525891976352 0.07037384646447954 0.4230478902274574
87 7.891963749708596 5.490854374620391 10.131532180071678 2.699046772077291 9.407800486952153 24.967028121936107 3.2455818588659744 1.273181913181532 4.746703901937142 13.316763965623606 31.557636773072762 0.5065037460585182 0.06577100137935184 0.42401021800132077
96 7.356621238359647 5.887658804225583 10.803456441262146 2.1251855158202755 8.88979749762131 26.12099761858448 2.9723332192974516 0.5674850649718315 6.556500507414804 13.920728440842272 32.95821278460343 0.5083170766500503 0.038992207037831586 0.42674834861405364
97 7.447941261600125 5.7535014157784685 10.698584206685847 2.0889450665984204 9.168908074671808 25.77944625743091 2.981391063851823 0.6998814449877594 5.881070351136137 14.08142539671753 31.700122205417077 0.5078984589754512 0.0493546406505394 0.4270455498846545
89 7.086385002518648 5.603883598374696 10.722571243038024 2.0410598684709154 8.634305088162973 26.599359270409128 2.7396689389417506 0.8429851531191429 5.44541850464536 14.62565814868155 33.39040680499852 0.5088682774948048 0.04587838788032886 0.4261540853340795
202 7.155496132053773 5.717514916747553 10.899352211050841 2.012137650677238 9.022280772627175 26.090724975512163 2.7594654262457574 0.5844689988880015 6.316653229627465 13.86898158864402 32.94873903380132 0.5090306519680081 0.03501394486019653 0.4277419873517777
201 8.099209748847448 5.497572631446695 11.01236324212286 2.051744485405905 9.102464221925132 25.971837626205364 2.7068693165136364 0.5854363796098847 5.548529245943507 14.962281646650398 32.8607792491385 0.5088771618350905 0.03754150981161492 0.4269069474808306
101 7.798594487919878 6.052186347847752 11.253439573122765 1.6614271070947495 8.101668798583322 26.913808983431988 2.719500749949058 0.7747249469903901 6.713896680018054 15.864648164702407 34.17467320824972 0.5096384556727143 0.024512741419194378 0.42809745395187504
102 7.286792822665072 5.75670078981169 9.750457569117698 2.770692311076576 8.973875094967285 25.821933535975976 2.9944010807476666 0.5754408914126156 5.560681162040649 12.647120491323932 32.736994073043476 0.5087953525744191 0.04198289219883518 0.4263664902024238
103 7.4325244723494235 5.869564366907253 10.41724355734717 2.224441007468494 8.741737743881467 26.0101197097991 2.8968958395649103 0.5655291095964298 6.967401604480506 14.707200009416031 32.43445738683615 0.5057692605646256 0.07045789503952547 0.4232207450095477
111 7.953001074016449 5.828513412332105 10.799693491031896 2.0823009740698053 8.75668211151835 25.660133180631828 3.350710427645006 0.8574477412760781 5.321682332391574 14.138056709836405 32.813751330860015 0.5094188155801991 0.026451651486506307 0.42785959383055017
113 7.760173949741431 5.533095694840365 10.733627315559144 2.4088365262306524 10.069454710231177 24.528663289435187 3.126558289646261 0.9423669297594985 4.493145992201464 13.151838762331124 30.683494740323717 0.508862461368311 0.04650924427459872 0.4256155105278637
104 7.337301804320772 5.822984295005546 11.229702132917666 1.6866842884079902 8.572587540224422 26.098265893314924 3.1340443834924723 0.5648049430729908 6.351022048701008 15.885989761115663 32.553847836170405 0.5091046112707356 0.03238028701952393 0.4277153558581835
112 7.89251122705678 5.751451330561471 10.745745246231897 2.168541367277204 9.360434962718003 25.346203699551747 3.429694772739802 0.9707586235866904 4.88247356533774 13.288452637733402 31.066051584895114 0.50830475275133 0.047303191749956376 0.42613656106900777
121 7.991209637954536 5.615701913727022 10.472639331483832 2.5011714598857018 9.649159685096215 24.918888684701553 3.200490852794871 0.8624842222814152 4.936627340618864 13.000328902857108 31.353432684672715 0.5091356582469438 0.02925787688623011 0.4283275644972626
122 7.37464257522425 5.548651462020662 10.69718960630157 2.2377629305520634 9.300530043074652 25.027829911686933 3.399546994380754 0.7897690211779198 4.653651645774495 13.468096294658984 32.47003992504707 0.5087080299039227 0.03072381616173201 0.4288570287991182
114 8.028654746045381 5.326490984446818 11.145949816312552 1.8562826205903018 8.977827363964318 25.69788789428563 3.1330002958856396 0.9434338801551048 4.518192216513916 15.524469315730995 32.61893438104324 0.5086073237367924 0.044520876439287226 0.4268440656999588
80 7.394355807149999 5.771974241102298 10.543434821780593 2.4591633832293933 10.310298142929307 24.62485490936106 3.1255095376831217 0.8986304124544527 4.1426780586113034 10.912990097256195 30.833910158287136 0.5089171632011213 0.03967567427140905 0.4274243747669913
90 7.215320968651499 5.786759660386512 10.946606532700885 2.142767696460499 10.004194633234095 25.01521570095885 2.8501874155865723 0.5124177327257685 5.443717812346417 13.218463516214639 30.507859396146756 0.5089774576467426 0.04146427081748611 0.4268406353760345
228 7.872707088574642 5.823539997412477 11.294021660015451 1.8183315228820853 9.456991612598985 26.24114210414402 2.4299978084342313 0.9972611192388882 4.93007077910188 13.121127688045231 32.79134909114183 0.5101951711438628 0.020826797556677105 0.42836002442296406
81 7.904454870973991 5.649610449242481 11.139060503009697 1.8927514396023144 9.099541847013434 26.275899397338065 2.6821137770048695 0.9796304420355709 4.350272460848228 13.707103722134239 33.20369147762131 0.509103845162949 0.04009386875788281 0.42707438222224675
82 7.321695048410917 5.627388250311314 10.694950659117888 2.28257427848352 9.620557507009847 24.767725714680974 3.435224007890874 0.9556147881356627 4.498664173894001 13.10409704706197 31.261197551571154 0.5082419253160579 0.04987122121940834 0.4260843152995425
92 7.509682575546487 5.773363765218931 10.647934683848517 2.4003746776008645 10.253170220078797 25.45907202444097 2.4530813985806628 0.7866618972778969 5.124839235888327 11.920902917454375 30.783669682374388 0.5079071407557301 0.05059153125949314 0.4259082803293945
98 8.081187718242203 5.594911683142934 11.090156762436916 2.082345866998643 9.76826619393586 25.860282205741566 2.48798791365976 0.5959451246814785 5.538016252644854 14.34277087973503 30.879136958081734 0.5092319328892096 0.034302817184997864 0.4274899944935476
203 7.455778822238247 5.640386408514839 10.141045818297503 2.8391023357004017 10.157369745547099 24.927390480536122 2.7927338095538747 0.9825519951371651 5.25661472106972 12.204547653204923 29.856811255005525 0.5044248385710218 0.07895271845381933 0.4222982663673961
91 7.340345115756264 5.870425787816411 11.21177933361575 1.8663529887329537 9.150036258418602 25.819193089345095 3.008903989369453 0.6371017823043201 5.244517344227617 13.891864879660003 32.56263434591408 0.5086976204233684 0.041501493224755825 0.4263125839651762
99 7.849118398972541 5.411506112252353 10.780783877082653 2.1687912907670808 9.402008494977041 25.40413654374099 3.1174867243100097 1.0178178535905753 3.844799950252605 12.841059930470426 33.169649921094965 0.5094591575285571 0.02040440501374437 0.42923514140497043
105 7.583941576554234 5.754043419238249 10.41485304974873 2.689904595332567 10.578784101577495 24.440581456224564 2.9446648140891187 0.7499501380129598 4.222425896879981 10.757705490950048 30.52176993993304 0.5092038072830336 0.04316009368790533 0.4262651109428166
115 7.2830747213546605 5.737542620548571 11.322405289660566 1.8553974980379573 9.181576778591406 25.60419149469317 3.0004465313053497 0.4249422024085304 5.980888840438756 15.285303190734739 31.858437912387405 0.5094120797796566 0.03140889212835958 0.4271814360180703
106 7.727634632112042 5.635983769210995 11.187858748842716 1.9067591455710855 9.134655540862028 26.379501946808297 2.422867466898382 0.5579443719802907 5.3910748775254955 14.235929056689253 33.69850506575335 0.5095840553042748 0.015698100154900887 0.4280804006775017
107 7.599735806038719 5.715520814196716 10.289774631651571 2.710775463836622 10.570074582373671 24.511339072263766 2.936063822232522 0.7432872689679977 4.506036654529412 11.430665035862777 29.667981680807234 0.5073656588490578 0.053820495309988954 0.42596079577484647
117 7.90409778966954 5.504215089286942 10.560807496170906 2.5812290651289005 10.502459040589242 24.55488417612795 2.9889265788675146 0.9323770329746274 4.08659745704847 12.419175707918644 29.342088283501592 0.5075896316643768 0.05326187051612082 0.4258167367969535
123 7.8010621324793545 5.492939819176151 10.834709167682158 2.2281163150986707 9.953321621128257 25.182309277890717 2.934624933105124 0.7914428496384492 4.70521458151695 13.18314050220958 30.671129085828913 0.5076840045357216 0.05150522009524141 0.42697556936087
116 7.578995039650751 5.713251406275651 10.886239982207963 2.187294366802272 9.72773413624846 25.377167309297665 2.6803050944072804 0.7032567157322671 5.447522008003723 13.54788093729805 31.494806138313923 0.5080373014572163 0.053185985134174246 0.42602030064895613
124 7.5650653308748925 5.6591447493673135 11.05121082785311 1.9553348885333957 9.300723349366113 24.76284307240526 3.705280455716143 1.0599083560622313 3.9079416730457615 13.287065138446144 32.35120786868286 0.5092749825596117 0.029598863222322507 0.4277481520402018
229 8.141217665303365 5.484260709715552 11.125436105043876 1.8866782552907104 9.19790858290764 26.556297292344148 2.333787343757154 0.46475180409333894 5.843183490251193 15.493842950391626 32.229705118031376 0.5097219808611186 0.023536159964246954 0.4285148476409424
230 7.2342504040270645 5.831260811898813 11.241817325113796 1.770576828398465 8.750918456586781 26.865543376962695 2.3775506247822444 0.6433687407588878 6.565880862684047 14.02840347406596 34.258486282382044 0.5088892425847331 0.03512403772244866 0.4278422803901243
83 7.703592615645685 5.553276192409327 11.047466229326327 1.996347929600417 9.38694474655774 26.061244108325432 2.5538556301636106 0.7709284104992249 4.974035002718355 13.681409634572777 32.92938057705337 0.5092776898544532 0.030358585269209464 0.42849238708449444
84 7.774596386132855 5.426056117424024 11.041053631031255 2.1895577219468714 9.511422369766239 25.052977830960153 3.129219221080548 1.0635255509788455 3.982974072452968 14.191883892592656 32.21530747507944 0.5093545733182446 0.03533381922980804 0.4275169169277589
85 7.854453387118083 5.73535334024323 10.266637093369086 2.7493007135291174 10.255403767368076 24.41431068630886 3.190351740492085 0.5029150918915718 5.483361404456768 12.756249281838071 29.278572709284326 0.5092671031090307 0.03734902659920021 0.427582940288345
94 7.459364197607828 5.653351608990097 11.150486896721501 1.6990072381201886 8.178844409223466 26.510631946325542 3.142135696288053 0.5256009131593007 6.714805233586834 16.237944249485103 33.484491248717546 0.5090695998519794 0.04050812853883106 0.4275652550329688
205 7.778335904909543 5.559989543038576 10.957208029012346 1.9590789396080177 8.82352466224168 25.591629671241655 3.1928308013715623 1.2375271015551519 4.952261116578911 15.600529221102748 32.573923578347895 0.5092449793702444 0.030115863759579215 0.4270666560612808
204 7.689091161831042 5.3458674073991475 10.634236837736754 2.382032251907247 9.850081921925259 25.210812253604008 2.8634896534538097 1.0459043102977739 4.3023404924337365 13.9513078275345 30.361273116383984 0.5059229344300393 0.0674034309731069 0.42476198940545123
93 7.843352761294954 5.499979745708287 11.020749947390941 2.085225410694578 9.216809201552605 25.36129063384222 3.1600759523596227 0.945205254067719 4.4678129818801 14.362513859629313 32.915503529118794 0.507892189450382 0.051163721573220675 0.42590563990117847
95 7.7770613412450516 5.8167348025492505 10.8227509856949 2.029010535575829 8.725223223697514 25.669412423532524 3.277904415935612 0.6908927543609208 5.811691345361241 14.711750365346045 32.74348479205154 0.5095238366120804 0.025935699640112393 0.4282804055476933
100 7.502081572517239 5.750414194336841 10.837359122438247 2.327588110894475 10.090538550616404 25.23120374691845 2.6537974208283477 0.6579493669772423 5.733000512675644 13.120945146899853 30.129996085275067 0.5084412307355634 0.046322820877777844 0.4265381831602684
108 7.241140562454649 5.65428904881308 11.143858373220993 1.9259899201349815 9.287534888111646 25.70463171495791 2.9016343232557738 0.9680756056450133 5.05170155526762 13.75568880122442 32.4469867008171 0.5080787136424312 0.04856831935542015 0.4265127904402214
109 7.605444691749059 5.540900145514537 10.845045297243296 2.2163508829521223 9.17215179469693 26.113583765360058 2.469735019015652 0.8740291264181275 4.94351713466163 14.229820863415277 33.595648247578666 0.5085949938451522 0.049478679315202945 0.4249739860751588
110 7.160941016681502 5.759778971019686 10.773570656655895 2.1613020855647527 9.040943631629064 25.62307043386005 3.2099843122078315 0.750741054018407 5.057344710546258 13.33324252874434 33.077865203964045 0.5097362208241568 0.022962761539191634 0.4277621317485161
119 7.545466123724319 5.677430924897438 10.41820132268706 2.3368989040777084 9.472315948153085 25.458165189829927 2.978953138046061 0.7422261906344361 5.802410628851272 14.006972739252552 30.829334370092663 0.5066654300782729 0.06221881301467958 0.42439765097753246
118 7.795887875190647 5.502727698671179 11.077432933668716 2.0094965436023378 9.646134763085675 25.16791138391931 3.030940844747855 0.49935270306198665 5.422601323168561 14.625981596184047 30.898934177658482 0.5090844851358578 0.03458026254718084 0.427716362069157
120 7.553009049439414 5.663056385968576 10.280678404594509 2.5316130713371474 9.1233746798436 26.054093287970083 2.687868933776756 0.4624225294676069 6.113307395018327 13.722513526485042 32.69380758574264 0.5080795032932146 0.03798878240665194 0.4284399086994015
125 7.305101237793775 5.653522046389537 10.69937057847881 2.1703635453551624 9.008822254936575 25.99058151815845 2.8221869144037663 0.49974057980637177 6.0911868442667 14.243564948976868 32.877872544160056 0.5083220636372496 0.047809524934720744 0.4262508914994899
131 7.738612005835714 5.712541114053131 11.265329721953481 2.0177750372862553 9.720553220569188 25.68190162433487 2.5899798229433992 0.4466925432779373 5.77007631549587 14.461106391156001 31.127614559720815 0.5081483972424219 0.046494701685088714 0.4273575451003599
132 7.8045590710050465 5.499765689707283 11.261863188707405 1.928846169084129 9.83667058348479 25.17547060442682 2.923155490350929 0.6413234722333956 4.6674103715947055 14.140620062365954 31.053216147260436 0.5066346188332832 0.06515693808324441 0.42492402838236176
133 7.290362321040783 5.561791121277766 10.743221554014237 2.3562216094766497 9.947699822562551 24.77439897524638 3.0457966555193936 0.8779074073046305 5.025565900188934 13.394241564319357 30.68558916534718 0.5081411404771737 0.04481636740727105 0.4270601371277018
156 7.766941403704303 5.448109652567179 11.439878560074307 2.0689711484215314 10.23495561185656 25.210349704796293 2.5679634579039514 1.217452611984208 4.596387116920129 14.207570403500426 30.37020828242529 0.507895594692363 0.05233593581497466 0.4254107632732511
158 7.887403115318278 5.354113210466958 10.88765157678212 2.291733701386034 10.350533376910034 24.94608772983427 2.8635880851286517 0.7609129424247013 3.464985949111141 12.375145286100462 30.979792187636537 0.5092342101368275 0.03968889056336847 0.4268175670666644
134 7.6290887816173845 5.682351889721103 11.383626340854041 1.7987856681338665 9.376446510992558 26.08640128620584 2.5660432498970724 0.4131353591441648 5.775984154467702 15.084262325305687 31.623619229250437 0.5091626786766476 0.02763489514592045 0.42842484533175385
141 7.601978248505015 5.7390302256684755 11.134497341255434 1.8736415898942602 9.082522503213154 26.13392645213783 2.6811361590862455 0.9426432299063533 5.449985312344885 13.886568258860022 33.41594360206062 0.5080101399498962 0.047402194287564016 0.4263828685708437
142 7.809883216343676 5.42283006041506 10.219032806668052 2.7692756371964458 10.279668395342089 24.406797011148814 3.2180972021920025 1.0938075796755213 4.315693050518173 12.54547766379021 29.43378339482049 0.5062881895399953 0.06612435099006037 0.42397360497501646
143 7.205388895981093 5.918823338511993 10.836754362450987 2.297435394724866 9.643880149170794 25.134006518909676 2.9894532338605164 0.7866751117561408 5.598660450319926 12.934913553506528 31.652580653940365 0.5067927170912699 0.058370431737797976 0.4255230071586053
166 7.828249635932901 5.036800382260876 10.713826778579309 2.540226078930242 10.446470491186396 24.62790826937028 2.8672690125768447 0.9162792038947722 4.267083987061011 13.619580498089986 30.03104854578775 0.5050215435876977 0.06957298460142484 0.4245104449715242
168 7.21711134616847 5.730333253777834 11.073946700585326 1.8840673983951035 9.268889941637052 26.038362494377683 2.676811560437105 0.8696846504813333 5.020488234596167 13.176893975562738 32.97821470711246 0.5092326477440059 0.036460250022185864 0.4280259437162608
144 7.682324139557766 5.540265026530659 11.026653217651221 2.1761524414492923 9.699937902759984 25.135872414520524 2.909149746329004 0.5116678124084995 4.7414351934385905 13.978921664758232 31.90828777288738 0.5096750328351041 0.02142274536773881 0.4280637548841399
157 7.4078688189712425 5.6217619022079415 10.693703305079781 2.3724339010131117 10.728880772710434 25.495138320448376 2.132907725318958 0.8622091662981917 4.475434808143206 11.376982093793432 30.2062293882929 0.5078904226466081 0.04986386423360925 0.42688703147601437
176 7.761048180334663 5.049314079414637 11.07772166001924 1.9359215448558538 9.655777475108653 25.485460671594943 2.7533654779225327 0.6920909206113768 4.36813559433911 14.881638808273872 31.719697635244792 0.5091574374840079 0.03142689488333053 0.427752097646229
177 7.501485292622162 5.6610543822237505 11.33209236598097 1.9129816673342364 9.328691106345605 24.990749356596677 3.321967405899818 1.290748421535508 4.433015186314141 13.978073736933837 32.53875662100849 0.507807957029213 0.05342753591917124 0.42561958348142415
169 7.42283483381091 5.789345856830278 10.862374491112865 2.315666291161443 10.129709963551049 24.973712646529766 2.7418646220999285 0.45149914767835325 5.678146931261337 12.986257079999632 30.62517581512218 0.509610675483867 0.0281930296737605 0.4285131200372562
159 7.800062707108699 5.463583462705161 10.94682386351751 2.3153699795632052 10.216365875057551 25.03719937477804 2.850642265000821 0.8323629645389866 4.38928805767683 12.69181563571442 30.68860227381388 0.5086419648925178 0.04364755473883585 0.4271693463593013
182 7.764060722920315 5.683436043034398 11.00647206543657 2.0870749584074515 9.828430073843203 26.15304298453569 2.268839963891812 0.8207845685607472 4.638147388372788 12.537065364442086 32.08538567147406 0.5095388330376596 0.03602801476402552 0.4270011687991907
181 7.71864153168377 5.386177081235382 11.110908128196561 2.027672900683829 9.848570685161876 26.01894085176724 2.302255873527197 0.8273149436433235 4.872370449037913 14.322976821427154 31.222404957241935 0.509575735466035 0.032866633257190456 0.427142140687907
167 7.663824474378061 5.456028461904409 10.9468909540087 2.178904354294902 9.569355033853057 24.953386027056343 3.135084973372623 1.3096363490323668 3.470645734287326 13.28013225365728 32.888423853008106 0.5093543775415532 0.03638099621301545 0.4267350265124505
191 7.518599181758879 5.72448896370855 11.149632485705784 2.1710496037291858 10.611562979468806 24.768603735507106 2.6875257990962584 0.7037236293925047 4.478342073134798 12.180276632993747 30.09898602779316 0.5087286825670114 0.04294837176627698 0.4265647266947887
192 7.641244469108742 5.649817615830964 10.89607833700876 2.2091350773038787 9.44725015379174 25.38755078508293 3.0010252569497027 0.5637400452110718 5.227048109464028 13.5239834063889 32.32849293335811 0.509063288115364 0.03657807488758985 0.4272089635631998
196 7.439818170914441 5.633771648784819 11.246369412799327 1.8584269277980072 9.16010432894026 25.57559406573925 3.050864711112511 0.5616502928709536 5.2643286925749795 14.607899690269841 32.47975816917557 0.5102545901488162 0.014091926203068868 0.428230019462461
197 7.581179429754373 5.879475280713197 10.895431857394657 2.0665491523587045 9.414615620002795 25.914832077242753 2.643079837560877 0.8186641248619085 5.409655743214267 13.188641690224182 32.20659222614135 0.5090758785241619 0.03311756553376958 0.4283140499760343
135 7.507501859063475 5.689650512636608 10.98870963334965 2.1910532418915976 9.912395636628041 25.25879315637658 2.796526120468139 0.7651751504715267 4.564402594187914 12.809947257709581 31.651757066805292 0.5093992022601637 0.031070026681730232 0.42810514054391685
160 7.310743045553904 5.691822486395129 11.031264562113979 1.9272736508530939 9.209644547657009 26.347598079617487 2.5129157808819698 0.5027805366650132 5.910492859229596 14.093651181309676 32.39699300422129 0.509908454414581 0.029747885928103915 0.4281536491179782
184 8.023466376068106 5.546083315327693 10.69354952415728 2.1129490849299546 9.009956221310283 26.367833989484485 2.5115018724798563 0.8463796037724003 5.6536637567336605 14.742530305645653 32.81250750766026 0.5070989857392261 0.06334949830692459 0.4236373124196396
136 7.397276950922333 5.494269889978128 10.866555305167546 2.0957301684693976 9.155137929331259 25.887069262713947 2.766496032485815 0.7082201192312387 5.6110804665849425 13.940949266858553 33.15617904031408 0.5076276030424887 0.05033509272671947 0.4261906925466749
137 7.441340232633394 5.879587144453249 11.375145371345903 1.8915787260105406 9.427976086490316 24.908661453717695 3.370222465121522 0.38877650344748993 5.768634652957268 14.819372667672736 31.161166107569944 0.5096071195433541 0.032357652069343205 0.42756540623946104
162 7.648402059700857 5.881898873423843 10.77875345004247 2.1479711599024682 8.975761204215647 26.638203325357363 2.386826933138265 0.6350391166584756 6.0349580459976355 13.654415318294054 33.56593140612505 0.5086616478356203 0.046216487903092796 0.42652242326644785
171 6.721992224564275 5.933667932875134 11.085232318867757 2.0577386150238888 9.553714904509189 25.44988655229848 2.8819064389525817 0.3212783809260589 6.7151776070843265 13.0995163121153 31.770526292723876 0.5098320362719819 0.021451077581618672 0.42868878604822364
145 7.5716904924485675 5.63948168515156 10.44115947248147 2.448378334984472 10.07323181337517 25.196588253425954 2.767837492108282 0.7179262671294654 5.103249891066009 12.52215731442467 30.39145412153742 0.5068254294561431 0.06271310427405294 0.4248774436785789
170 7.623904611231968 5.550173611666878 10.987515002805218 1.8918539160665115 8.748661179626199 26.687063571057053 2.4585176651972196 0.7218490938301029 6.965125946898385 16.317306836279975 32.27804900887049 0.5068295187015907 0.05444643035321355 0.42629973222527096
146 7.398931785342904 5.386387805523322 10.485904183930282 2.635746144603637 10.000893339984776 25.024759523834582 2.7460662405100558 0.8755380416099926 5.144132193859097 12.68808534281684 31.481770360805392 0.5052832297628642 0.07123361124862285 0.4238684495062704
147 8.083680949641984 5.434017747291988 10.361402651761342 2.7405897865896165 10.504918330531453 24.855666174475772 2.7264335086588782 0.9762926551746808 3.7559701010795137 11.684573499110233 30.521554222830467 0.5074554557262122 0.05425874068736784 0.4262555155475786
172 8.303395431951774 5.4208084985791 10.87038011137193 2.112156623229617 9.390535576171667 25.369580734429903 3.0600777044040033 1.0032148609857299 4.247529191888815 14.05951139221409 32.52886816040895 0.507406675880724 0.053770759046366814 0.42559114969168393
183 7.946774231822837 5.751711156136012 11.331112570954451 1.6748789550975642 8.675623082746664 26.514920643843627 2.778782855847739 0.7316828439107037 5.862211836038703 15.453994417717313 33.12301562829786 0.508909632687258 0.0343128562224728 0.42774275868601913
178 7.505548527758084 5.7728360908716425 10.827030117646583 2.12167726539093 9.015926510144963 25.783257829542503 2.93194582247657 0.6345225598598779 5.62011617909923 14.307849485155206 32.865313716870254 0.5082970328306676 0.04765350110409011 0.4267186188895396
161 7.575258561942024 5.699829008003143 10.476269962234438 2.4298132445899356 9.5101908715833 25.36208176108385 3.007881979572032 0.9705696905733197 5.138971724450126 12.806470135344558 31.93128591089547 0.5073326583687021 0.05115557619236784 0.4266108754811806
179 7.889576948880808 5.804716494035296 10.77346217897551 2.088618394218367 9.242978016944381 25.389558752185586 3.0886203577589075 0.9466011948303201 4.905851108400752 13.921043440586118 32.043013595630136 0.5077676195672342 0.05207057481004744 0.42563550926788135
193 7.670082136924597 5.749004890050414 11.126871053602267 1.971440957848845 9.326146230771988 25.02771166175431 3.4503974256404124 0.6716047403370959 4.772072347594433 13.924804444855098 31.952809907977166 0.509107361830699 0.03381685454848065 0.4276566779060825
198 7.5474677545308175 5.651842142817216 10.587907665301408 2.3328468931200104 9.353421915455685 25.51451919085617 3.014208162444197 0.8198014147069996 5.137119452642886 13.716928670113685 31.95071944084664 0.5077956493922859 0.04983657321005571 0.4265586185126311
185 7.299756694669863 5.4302359286731505 10.202929823141625 2.3971882908986353 9.788392571996054 25.825679919195164 2.5524639769918185 1.1301664298502956 5.383668934816469 12.732387014782734 30.684680354301047 0.5039330828936933 0.08565607464943631 0.4212142845880272
175 8.037917082644153 5.1639137159946715 11.177879398549072 2.1718142388228006 10.015131266883264 24.856813015185352 2.9439772210908353 0.4801565067165999 4.717464421815881 15.127930950442508 30.561567466747796 0.5060380662492854 0.06446358411338768 0.42445067663637487
173 7.884193540104627 5.431626649464685 10.125485667430873 2.8191909976146494 10.43524018193516 24.415629676458604 3.255163815238521 1.0853980462645414 4.159433398487288 12.169396960317899 28.59795015518995 0.5048406669063129 0.07249796174160544 0.42440907663419664
138 7.7737587723503525 5.699062282310627 10.934716624699627 2.138063417451645 9.714997126134753 25.367902034345754 2.9744895259190516 0.6814507059083083 4.66158074066215 13.07363103051418 31.531402365952573 0.5088020137439564 0.04407110249723396 0.42681954460221877
139 7.373624591510343 5.773481025737399 10.896292264692358 2.2042013147710535 9.875943866939341 25.785226817854863 2.504356668448515 0.5355186888102017 5.646432011398669 13.081133006872616 30.94501030035247 0.5085397516877689 0.04116496578289963 0.4276372439987404
140 7.524603039350749 5.3537517627001385 10.695362651006956 2.3819120543673082 9.867656725524137 25.524741948414118 2.641537218244951 0.7544700470708416 4.437081486012205 12.903465952197955 31.766405833667996 0.5067990823083128 0.059449679602558404 0.4249198049644798
164 7.440095800805 5.874306459655255 11.074631130853348 1.8457390892831929 9.124720224812316 26.511481624522972 2.394005790719886 0.7795105851918352 5.864771619336453 14.116748333244908 32.8145412109967 0.5095017705128316 0.022168056894607296 0.4285089765957902
148 7.863477613366395 5.480508832841111 11.138547706390577 1.9914697774117376 9.784641907057765 25.08309959243943 3.002067630088156 0.723966478432095 4.889448323568452 13.854028567226688 31.366615021141847 0.5089730931516377 0.039279620437302154 0.42746775359120787
149 7.660092109681052 5.571180082561692 11.237280350861024 2.026391163404039 9.909875515772987 24.97471047761662 3.0062027983469344 1.0342847500584686 3.685099229139391 12.923930095058882 31.998517961347172 0.5099150481354187 0.02495277795234553 0.4275551087441651
150 7.447751759719186 5.746630429913742 11.024721371141505 2.0962039481279904 9.761404399995172 25.64123162267749 2.5790361623241487 1.1191264361090947 5.17399577469478 13.290561579437417 31.59267414304988 0.509121890774728 0.03725099608012914 0.4271938332921397
174 7.630036038762583 5.428123504255336 10.958214632915695 2.146942504937894 9.632378342106668 25.313064939941473 2.8538935780765873 0.6772679263043696 4.655519380721127 13.819470235231623 32.123425808694414 0.5095719751412479 0.03064712378887699 0.4273732508589031
163 7.792646564902911 5.776012543283425 10.540841160894729 2.5986137029911167 10.527208727873461 25.14296566730124 2.5540329525458123 0.7260018318379838 5.063419643504338 11.511393087681661 30.06026168161501 0.507667591691115 0.04917143254579273 0.4266395746155428
165 6.561168633190808 5.943291423487076 11.589510898567788 1.6891833609132938 9.827373155168509 25.71066086893447 2.489461758370146 0.6430678678319267 6.008142207268484 13.56304497013219 31.173296019406184 0.509927152595049 0.020074973549848787 0.42855549477442006
180 8.02579874699995 5.187834771731401 11.068071044113882 2.0142144513986366 9.603189293812298 25.78898265276458 2.707408433325914 0.6026180415358031 4.708517984977986 15.038563015139754 31.26689933686147 0.5094793394044231 0.032277743819536124 0.42753900075271273
194 7.084756125801859 5.769298407875843 10.852709637813682 2.1267315446401076 9.521934739206475 26.25965329077554 2.3842780966434334 0.7331924204577359 5.321762699950952 12.438084483424165 32.51566600537351 0.5082701949129895 0.04352815104710166 0.4267272970857098
195 7.101580605113294 5.460878173167786 11.085992708502014 2.330159091576813 10.917265858135204 24.383526244573876 2.6303108254714913 0.8697476047454037 4.028363108847509 12.143870344406187 29.54836423996975 0.5070348370881506 0.05862366280268894 0.42572658339313835
199 7.684313077110435 5.619106041787132 11.12401748463035 2.0671141125785026 9.9985247745502 25.541550124908827 2.5852330560281955 0.7059318762942619 4.3713163277263165 12.64970324511221 31.757910340385912 0.5095616449416833 0.02353206448725752 0.4287854395667339
200 7.914725453328647 5.5220394070130565 10.978600722851853 2.3559810898710745 11.059451186617201 24.4096251658085 2.628155012150459 1.1089535964987742 3.5498253893654006 11.349974634939882 29.88469089329795 0.5077398000159629 0.05344036056505794 0.42647825437834364
206 7.305480864344151 5.6571567617111125 10.758672076500511 2.3464361491477295 10.247642347908885 25.252589189610806 2.5953704487734695 1.0096648696971005 4.721059150288163 12.329267934972258 30.538016287641753 0.5079586038307838 0.050356858175264245 0.4263212706962057
207 7.533502861680982 5.73074432917866 11.046099897526222 2.1527952660294223 10.13625687637924 24.65365129988637 3.0248842873858037 1.1689350358475432 4.675610889158525 12.808969028221275 30.713381618751146 0.5078275264424005 0.05282059755800557 0.4255874654356987
208 7.8615908955756755 5.818022104743267 11.10484924043229 2.0328411022910298 9.467966005105877 26.508100468994698 2.1969935222912236 0.4738241900946375 5.789360059430074 13.482134177732554 32.775558350896446 0.5095733049143348 0.030121962648684508 0.4278942065075797
209 7.007483987684646 5.71958815411075 10.989915044230255 2.035937181990339 8.828489250855176 26.110890571108676 2.838213219270316 0.46813441866395195 6.346562785799785 14.465239081867235 33.32546372324909 0.508212690998176 0.04918865366977849 0.426426522638298
244 7.986512593998405 5.643328981077808 10.854386443981644 2.0856599012604713 9.044761111368757 25.73496898087961 3.073667830897159 0.9599734624992284 4.982003672865382 14.183567717925493 32.746315077504605 0.5079127839422235 0.04828922840311475 0.42672236168385147
243 7.753754567599497 5.572570927710828 10.523818484303293 2.4510193332983037 9.397410458331642 25.549119594365486 2.802989776694296 0.982150589993611 5.401411607027775 13.76585371709077 32.016000245744856 0.5068994713803482 0.060565236355703225 0.42445276695385736
242 7.568864035830089 5.766745696173424 10.81815979689269 2.1767219058178715 9.294361212421984 25.201638197579154 3.2811347628855896 0.9537017711065111 5.467321391283696 13.062011485655027 32.13308352592525 0.5070405867558359 0.0537115390826734 0.42670098171845555
234 7.784360565994495 5.692618364557585 10.999736443795403 1.9100342411619793 9.124644348557853 25.938748355884215 2.8877116585515488 1.0476840037724129 4.922985251396552 14.327415827406885 32.36221704134426 0.5087471965631571 0.03288515092134901 0.4277866744931573
241 7.937695468831777 5.394523002591322 10.762242968582363 2.2529748402515812 9.406353702732906 25.65358871397267 2.8724953683881993 1.0871914647357646 4.405593711424894 13.87403950893621 32.26692230322171 0.5090055198677204 0.039974813300558375 0.4275122811122012
216 7.8297105031491805 5.513340981717547 11.356695996946195 1.8494091396226238 9.689664212379594 24.64436409309805 3.336435978260503 1.3973046772368327 3.6315298143320796 14.34199569547478 31.329232690712708 0.5060257734724697 0.06863037312419375 0.4240220372819769
217 7.533291378321257 5.579231741742144 10.130416830826922 2.7521817513342666 9.5448917885451 25.46697784552769 2.8381969500807447 0.410050665441395 6.484332780007738 13.982374000011566 30.400657172833537 0.5053930075049914 0.07154939503357144 0.42377786931828304
218 7.818354745824334 5.525687330724608 10.873420559051281 1.9509347014005007 8.687100490677683 26.311454086113617 2.896070548165294 0.5135974208692323 5.7728705284535025 15.758905758796342 32.763639614653485 0.508612287027891 0.044570316012275624 0.4266285676466865
233 7.374030042699393 5.600746613733617 10.840995250018382 2.094363869605627 9.023694961432609 25.560903574459942 3.159330808572343 0.8793003857447278 5.428560025837845 14.449726406942183 32.365656271740704 0.5083664156132309 0.040316133889909435 0.4268060369841589
219 7.880791500900396 5.501408684176375 11.143145186514902 1.7770782536224952 8.359340883110205 27.06512892506367 2.5049735741011974 0.6634785794548533 5.677934840577788 14.987392086784755 35.32408188825619 0.5090736707031666 0.03115810809123074 0.4278769714277361
232 7.751927372397653 5.675188998924253 11.107014951766427 1.9616305313103328 9.175732889005378 26.441225316852268 2.3943892392375616 0.33466808790700603 6.075002513586915 14.5946323004245 32.65510464180741 0.5095571494110527 0.025096709691396706 0.4277944948339017
231 7.602300307050158 5.659673314853984 11.092169724687208 2.063987041524777 9.705954576436646 25.098464442999074 3.1057857844437953 0.6788088021921082 4.994743526054578 13.741655763508355 31.05731293523089 0.5098314721604486 0.018432490307602478 0.4288151405166173
236 7.680012726001529 5.641703653306591 11.269341664398548 1.6652417551795244 8.25947246068063 26.571910752031208 2.9543910704691085 0.699932200191149 5.356084372878137 15.74068399954313 34.480573658404104 0.5090080022075454 0.035116855715985044 0.42791679002993666
237 7.204859507696822 5.750632952461903 10.693135179657688 2.3228426201285486 9.876106666972902 25.749809790798636 2.4949727743015404 0.7631143394849449 4.684031454091456 11.509468517616725 32.49033517066206 0.5090786199809197 0.030803015860587632 0.42814462174477425
247 7.045505575611079 5.8442860186177255 11.208143454627844 1.9992100674354765 9.948303157741014 25.69909380331345 2.4739920280843943 0.5836753194277794 6.408177899172927 12.641956650509314 31.42060018509557 0.5092399154745672 0.0405426605791253 0.4273798139158858
210 7.505694909855989 5.972807712615014 11.466795650053195 1.586703097650252 8.423068879774078 26.300838303239853 2.9828549099271346 0.6029784870689192 6.114237486017264 15.587780503427076 33.33728912195802 0.5095317691948227 0.02868376335705298 0.42852626468711413
246 8.070140935227597 5.563288903099076 11.177454348147092 1.9507873812410916 9.175396048134994 25.586378674487612 2.9644770359496473 1.2946740155755425 3.391114083658998 13.428864565642357 33.80265457061068 0.5094531670067504 0.033018549298937216 0.4279588765140343
245 7.585694120344543 5.4647847394619 10.247363009973903 2.888259273818236 10.581324178416185 23.665512694211184 3.6256007544777002 1.0980264237913653 4.7380963276619665 12.421593382275413 27.93774341345102 0.5039205414948299 0.083254086282879 0.4215773244846116
235 7.923049674431804 5.463811743925819 11.083808111779604 2.1036122336213423 9.686394891433238 25.208982280810414 3.022129606895147 0.5471461063101557 4.721136886138073 13.873793862267021 31.650509080236695 0.50899932438379 0.03184811366678893 0.42818800074908503
211 7.802749341173625 5.633712615572036 10.89158613215286 1.9986929173949393 8.978411464864246 26.405168894992563 2.731223104863784 0.6060640437767135 5.387176341636341 14.684096748799362 32.618468383908976 0.5078073183004951 0.05126322553524526 0.42615797105954817
212 7.574605636992518 5.655621788602192 10.929040149306747 2.1406166271813367 9.686815960961923 25.86992587026037 2.564647440779265 0.8338990018737161 4.340984679127436 12.315599046806806 32.70964272869838 0.5086037496974161 0.029972334214227334 0.4279945376303246
220 7.872918254752909 5.366616629140713 10.784398117402018 2.2697838143406863 9.338470997214225 25.819287975725192 2.707399548176016 0.6350553787678179 4.940417133537854 13.836189620139681 33.08484084364078 0.507939954194381 0.048289652909316964 0.4263560435078021
221 8.347812606217882 5.34275867925558 11.192312619295553 2.0497209975005504 9.27338812536078 25.5929700466338 3.0182647230983886 1.0167539482500718 3.931318088576131 14.345145820733014 33.141661841532745 0.5064710636574482 0.06114335170486638 0.4255099743251234
222 7.219396143553478 5.698631517137092 10.972130237243515 1.9803940564233908 9.386355973201683 25.932370971585616 2.655316737464468 0.3833494179987358 6.801791680089396 14.61793902192111 31.193352806017277 0.5076517845490632 0.054637203849466236 0.4263489933831182
250 7.482401742311642 5.447543003861648 10.569666757610683 2.4463766285468296 10.153672431746013 25.08852827201199 2.702218587827332 0.6172077004093882 5.341305795592676 12.577417377662021 30.647648683505114 0.508944735157041 0.03751419876058042 0.427698912420992
249 7.331895078507437 5.455045645756866 11.050728824894 2.1246160040293485 10.008825942693687 25.016533221521048 2.8938898134487534 1.0460983479993842 4.384679467082343 13.317470486508082 30.620104471697907 0.507126060556365 0.05861355557417686 0.4253613780676444
248 7.854124459937947 5.5367751172410555 11.309026377205663 1.8601713379494398 9.37924644855338 26.07652344501808 2.5537700694084586 0.740433366052747 4.860674518047014 14.517039781601824 32.62338751874532 0.5093115993053293 0.0313450430995099 0.42812076579479785
238 7.776359788793621 5.619155115838859 11.437331382385711 1.732573399454983 9.268056307379899 26.512378191621476 2.4194156322875444 0.8587727096799768 4.605198419763981 13.96186807108456 33.240584399989075 0.5094288409430956 0.03158324521189029 0.4278876895875718
213 7.475319965496835 5.651043477422118 11.415229452981178 1.6619664676132122 9.327681891833576 26.066399632198305 2.506075426236246 0.8027188452797911 5.238995485314104 14.865152637820325 32.36771644752349 0.5075158739031954 0.05286242042478343 0.42579341682326405
214 7.385511950302527 5.411216301704892 10.694834923408077 2.291452649625226 10.480317156537202 24.662871833209735 2.797897278494489 0.9741280815952025 4.501223182202822 13.440673158320045 28.81969654117391 0.5055622091767114 0.06552174388088845 0.42388135802056204
215 7.739214683221163 5.202745086178993 10.925747395894097 2.2813931006619894 10.637948886364203 24.442616869934145 2.9432836215944453 1.0816192488077272 2.432840409058565 11.675948989676241 31.071928249947863 0.5096997728325061 0.02550161645003136 0.42805302556237274
239 7.212021500804423 5.850359701124048 11.244957674555863 2.186986428935959 10.745588666245288 24.794523853229457 2.568022277562316 0.6957508691566782 4.952132315587301 12.381143788188453 29.449061498136707 0.5092325095525424 0.03184712934887426 0.4275318730132192
223 7.755509330158418 5.490041906063575 11.51053468912656 1.6631604584869604 9.217205839221753 26.516451849487794 2.3274669640403394 0.47408537277186746 6.4447808137908495 15.706291144239875 32.35168333868084 0.5071495910825201 0.051847047821227246 0.4268017959346082
240 7.4497932292952385 5.636477042495058 10.909900215562168 2.1245069126297573 9.632416986234498 25.061491178355986 3.0676702103931923 1.0372590484381006 4.590726374302972 13.981753962492691 31.368349464036076 0.508736705418614 0.03514891567639147 0.427892202653076
224 7.93970747002663 5.3384786028674185 11.218672953250076 2.101961700299026 10.457644648261077 25.33274636991115 2.3609388592576788 0.6514030231822318 3.98357661295343 13.063923961121965 31.03627934053143 0.5093710663221889 0.033614115905062185 0.4268114808392304
225 7.224621907374119 5.732039176241005 10.990294184984531 2.196976389961726 10.211891119672888 24.97695308415901 2.8044330188422038 1.172255574035397 4.351706198977119 11.371936798784029 31.483456868398026 0.508330997072888 0.04635019803634567 0.42634508712101676
