# timestep 250
# phase bcc
# id f1 f2 f3 f4 f5 f6 f7 f8 f9 f10 f11 f12 f13 f14
1 7.485886165763315 5.9370444766209856 10.793920253763867 2.362791893900654 9.785146164686973 25.55326370262527 2.598214446972339 1.0363765034254404 5.452563401534159 12.625558488466352 31.715316030230415 0.507697216262874 0.0540436780442336 0.42565024635552146
2 7.9849225957298895 5.701578503101634 10.97763657173169 2.0102900477742605 9.167981528681214 26.057721963159345 2.7113553311706213 0.6843233035559427 5.237654155401173 14.048542218253083 32.92195323315597 0.5089581884958457 0.0365621229283768 0.426704618616689
3 7.238067910903727 5.7272257683069085 11.009959635961959 2.019802971732769 9.296172704885596 26.006476065472203 2.6379553926194887 0.8425976881702966 6.285380156697356 13.99875005961769 32.10179030413364 0.5083824873689086 0.04179691799943381 0.4275911521615849
11 8.002519578437298 5.848374462763613 10.786355910319088 2.1509878915136125 9.236898936906938 25.919928301393362 2.744818986970819 0.7881221004929911 5.413537415515975 13.29951271304422 32.67482487264672 0.5093738473074717 0.034459005732837104 0.4275998559481025
13 7.9357752174877705 5.738649292809107 10.91792612813775 2.073349815225434 9.227948416971124 25.742050226713484 2.827457310290591 0.730835985111513 5.206222137350568 14.08931660663603 32.49708328021296 0.507208291415316 0.05313504748710548 0.42626671198959143
26 7.246378956979715 5.909449830828727 11.09598548976999 2.1415614313977622 10.144428140949245 25.009417841898458 2.8651712596587027 0.4081893523158342 6.0005947747304385 12.837859717738764 30.346484840759896 0.5092320995218275 0.03401466981777745 0.42780512711781926
28 7.383362263874332 5.562512249419009 10.772974814395123 2.1602082406519605 9.613100958744479 25.88974746510907 2.5499403377520196 0.43751451136643243 5.806758841439923 13.502175894995922 31.514477030011054 0.5092065845580647 0.033434567457419566 0.4279933740861286
36 7.892636216929765 5.523914091880745 10.669541085937375 2.3409731329241112 9.685862661986286 24.87140154929658 3.2137531531848036 0.7138308021157641 4.488340441752432 13.649674155301717 31.181921842072043 0.5090028235913016 0.03045242379046226 0.42833062168002883
38 7.186382399300806 5.642426936537453 10.921585320621057 1.989310628964719 9.026221913897936 25.576676214213297 3.214082550444426 0.985839949554635 4.217762405439405 13.54212527619123 33.125852953770746 0.5083139910921544 0.04416926578114187 0.4269686789495917
4 7.360225526544041 5.810606973499792 10.947242750306488 2.16550303823524 9.801883774469308 25.359944438751626 2.8405732796588263 0.7993165383670852 5.132993429214111 13.056719886652592 30.744754785924968 0.5084996846653156 0.04755225560659013 0.4262903202769597
12 7.430272966062939 5.652345739709517 10.498650627763672 2.5734863574984206 10.002930319491652 24.76312583533084 2.94888862368533 0.7318505978509097 4.944850135723008 12.912563854418716 30.56747593597276 0.5082615851808946 0.04656990904006721 0.42661640455125494
21 7.289450221094623 5.810432931798654 11.25374189340546 1.9394155372934567 9.201279698769016 25.582221429002143 2.969759678911963 0.847502400852547 5.632479568903434 14.38028298863423 32.27790254261746 0.5091444510191482 0.031535950652055084 0.428317914994423
22 7.779216020511476 5.727607337201206 11.247434502757102 1.9366728051612527 9.307030935432953 25.697244542144244 2.762672622105144 0.8091453994269419 4.948314746560643 14.188380695368487 32.87958398001931 0.5079227747969987 0.04479533845290309 0.42643228885536977
46 7.928883301683786 5.5904854005213975 11.137912035786226 1.9413115385532616 8.890378432162874 25.969138753631544 2.830520997055469 0.6900737061048698 4.98388886103709 15.216180328377833 33.33480744987918 0.5099343521943508 0.024924192305720093 0.42818532032985956
47 7.382334095817201 5.60419198774082 10.788299275656676 2.2000929943491827 9.592936518957499 26.097977332061664 2.4350851566151817 0.6986321272698567 4.940074009334846 12.761149424818202 32.80282551915095 0.5100119373472964 0.02820311477251226 0.4277357417389055
14 7.492992455459581 5.41072716543772 10.587694291796899 2.4215276180811784 9.835949839577548 25.414346352313977 2.8918021624035135 0.8668861754719259 4.443883821005167 12.674957514356059 31.412851420609154 0.5066674476458305 0.05529085636545893 0.4260120703064948
27 7.496452951421252 5.7049310176690256 10.895993207739824 1.9999002882037853 9.039676915362978 26.17164100154404 2.7521537153916436 0.5996977654593023 5.585603915353847 14.481515732348646 32.55682516899039 0.5084424968305318 0.048223101687468295 0.42555854157319023
51 7.632656650114103 5.8802457136420285 10.869982087009333 2.361385530015912 10.405522037101798 24.45432918037577 2.9843158033421227 0.7808029995549884 5.677342620313048 13.469430958818885 28.61767767744439 0.5072488906554442 0.059064147042734154 0.4248345692869965
52 7.919201051257634 5.569314909198028 10.986712494617919 2.1914475376211806 10.083360929776635 24.768481926845368 3.1272166900908807 0.6100518372242443 4.33751223903 13.362689007370541 30.639541260595855 0.50929357478869 0.024452065107664272 0.4282016781562464
56 7.408385781333416 5.789033601620559 10.70999808771414 2.273995944391164 9.238642813607193 25.74880520371647 2.8260373894140267 0.8217755613819587 5.802188672034015 13.334851345619455 32.792612381966556 0.5083861712686523 0.04465188217915069 0.42658960715949407
57 7.320179202946499 5.955033925332189 10.977075383651652 2.1219791647555093 9.640020805671872 25.70635995464634 2.7119559259144377 0.701220132623369 5.4942803195089205 12.5936830771734 31.846047583841592 0.510116221720676 0.01635529121286837 0.4285285265678774
29 7.593876257197874 5.523292030755525 11.042806152607296 2.1604226592470233 9.949815428485644 24.68860183684783 3.0789735397547764 0.6296290559070146 5.3779929526433286 14.820491424140133 29.71186774600033 0.5050463722690112 0.0763298495575865 0.4219311703666045
37 7.607100554307834 5.567950304861856 10.935156071043957 1.9762276616823025 9.055548267373458 26.093850462866392 2.881185023270833 0.6833059094942212 5.01204968335832 14.227098260416167 32.821876052133284 0.50832735701272 0.049067148144412695 0.4264565798545154
61 8.083999584814807 5.5412973009211886 11.133452550247977 1.9304749207974974 9.302943526458522 25.487239414885877 3.0093457816650306 0.5677723348545279 5.4109321572299605 15.143105783253583 31.809260910414487 0.5092222403011933 0.033619446203637354 0.4279362678203669
62 7.532207422305552 5.791362966296463 11.00684413478056 2.20085623606337 9.958610587866273 25.15497990617406 2.8610061380829253 0.5096342968718579 5.300161227043589 13.342727971099544 30.812107832123644 0.5097427613431115 0.02789689980190175 0.4280697643249156
39 8.07958894511664 5.3138269835147485 11.122388514632592 2.012077268150949 9.573077721570735 25.296583573756127 2.9749936777889556 0.6528235992404835 4.482696418383643 14.798633746799506 31.65684397906637 0.5091927638398835 0.033698368216062986 0.4282462578499504
126 7.604778956517354 5.6131958231966115 11.107565273250275 1.9732623764318629 9.31081580484265 25.66740415614964 2.934450691139224 0.6164529768253832 4.807480357410747 14.089630071940206 32.56133524777533 0.509060226185581 0.04087481916240376 0.42684237102451067
127 7.873018821657431 5.728143881848817 11.012360636992044 2.0686059546586404 9.562980336829394 25.06681522438308 3.1309443863428745 0.8620134991414442 4.981836398993067 14.364967595166036 31.084146325690348 0.5080649863372692 0.05274494874173443 0.425011627702962
151 7.443809049259896 5.80961521192817 11.103728200349039 1.838005375783121 9.062014174340263 26.510253530434937 2.557112782780049 0.5614270009198311 5.860075967072158 14.168868326287749 32.93966511414457 0.5097508752826561 0.021108775052944846 0.42900505636909664
152 8.001051880602684 5.718726887293604 11.094216514288009 1.8757897783586714 8.754710962128842 26.526199312871547 2.6300715170129467 1.0010607461613024 5.001810954618554 14.503145031349538 33.9460224363596 0.5102208745021575 0.02908371135786838 0.4273867184582043
66 7.604346029120036 5.845513309725552 10.928992701094417 2.087503751304108 9.059193663068028 26.09463443544703 2.699178837975367 0.8790305332758519 5.3868608579194275 13.478404975042286 33.268844195138634 0.5096464223754666 0.02789959734829717 0.4276085190755266
67 7.634430033130422 5.749462491017549 10.98531442388984 2.0041054646806398 9.24893110795755 26.063304449551467 2.714508352598651 0.5141665489882614 5.631135240355563 14.111340679069492 32.14489360746199 0.5086217828853604 0.04296873122092659 0.4267182901246142
71 7.894828482780683 5.673330480179557 10.747391202149045 2.225878622969271 9.447293445360442 25.539755822071232 2.786217551215438 0.9135418948413022 5.409133806940797 13.981030454648895 31.920772303259557 0.507453556136902 0.05788231888271436 0.42549737749440747
72 7.731337489770365 5.8899047614805164 11.205299690584878 1.8528649261693844 9.338043172640631 25.65836784611159 2.9418447376577253 0.94915896536444 4.81601591438845 13.19999361722601 32.527987382635224 0.5082548874892968 0.03525439575064439 0.42786467671192513
187 7.750964929139508 5.5628207364285975 10.80598975102786 2.2493581652522767 9.807311401622744 25.10350446148257 2.976120346451243 0.618297477486074 4.824013991326161 13.666369275277614 30.90853041663555 0.5091072583705999 0.03132813074628337 0.4281112669651976
186 7.009407573685376 5.885177855854903 11.242798721452829 1.9113994907849394 9.385998612953081 25.970427754547384 2.639039074785236 0.5433378391751262 5.9632290839215445 13.909206371318362 32.181783669092766 0.509512024090806 0.03491606968277877 0.4272898444761737
5 7.769377998546607 5.773285730814523 11.12905923634258 2.021612471630526 9.403294747007283 25.533890182289785 2.819820858488391 1.1409664590722877 5.264880103235257 14.144372810737035 31.981286864020856 0.5089496496077901 0.037114795017713864 0.4273581915386334
15 8.259229491801412 5.1924779088687485 10.810700511532398 2.162784529228313 9.70181990886999 24.958260292594233 3.3123485323593207 0.8630818379985346 4.353710075204005 14.771536477303597 30.527757567240172 0.5067214588026093 0.06119364553055654 0.42353203852622123
30 7.8004668982442364 5.613745353796484 11.115969137922766 2.0025995198052082 9.516764398386707 25.600333973409935 2.8313989447635404 1.0690551231454353 4.293981578820665 12.786895343361563 33.07502831976083 0.5097094493471732 0.025454924366918635 0.4279326957917679
40 7.621679030243029 5.246770366733406 10.705357924783867 2.613518164906846 10.213735631186124 24.418646237285973 2.9999725146128626 1.0051432188312344 4.400255448807533 13.671273071380861 30.183091123883596 0.5028582443920286 0.09029145460685001 0.4203097981383329
6 7.528360334135264 5.757344540359167 11.185825461029316 2.068597749835858 9.862633877270207 24.979028734722274 3.03287098946124 0.949055771435244 4.32122375819784 12.921669812635695 31.73055894573848 0.5086975045343312 0.0352319177556103 0.4276142827186892
7 7.55909195328183 5.673115211384829 10.957381379006533 2.0690435515251866 9.28737660593932 26.084176727842546 2.6153820829485337 1.099943265070037 4.3455048587901395 12.900487269903703 33.77990610431344 0.5096046983592873 0.035050110686753996 0.42679877673025624
17 7.611784391033872 5.607673356482518 11.002299651093114 1.967561469997478 9.340514716123508 26.145618249039508 2.6059328478806774 0.6594287501065224 5.299148130141467 14.307120925616195 32.11466283577113 0.5098584253128925 0.030595380322739174 0.4274258855114362
32 7.65542935913624 5.693901533125234 10.874607148344618 2.1543940853715107 9.673850163310656 25.51687034029743 2.886316691337584 0.47753156877154845 5.201979379824793 13.704355670365626 31.127580387216266 0.5091702243240959 0.03409608354074477 0.42750563816136217
42 7.503971502068979 5.882838363052557 11.213802445553428 1.902880474153333 9.686043082132285 25.5949925109351 2.696079450159446 0.5903746516348245 5.79186716890404 13.913167562917208 31.056956905250406 0.5093555864578632 0.03724665889296375 0.4264043980425418
23 8.219404548497101 5.212166661254282 10.638482418287428 2.285068370700159 9.689036301208516 25.36848039624805 2.780049516796591 1.0701767985736672 4.701061240355345 14.828886053529615 30.988209247590003 0.50585430980972 0.06589824364138516 0.4241573019175861
48 7.0128280696677825 6.020178564037823 11.112614408818004 1.9652179498334468 9.530021402459445 25.255886158221667 3.0780808646202464 0.8999029823342801 5.993544735781084 13.605077407491795 30.830728060603136 0.5089621686552548 0.0384680466297319 0.42765380089348387
16 7.017800685250526 5.8365100393665745 11.084825530283881 1.8683864958880492 9.13843806162254 25.73051027314902 2.9513416217019572 1.0090732450683297 4.9035719642929765 13.633367076017853 32.86789049987134 0.5076982334627809 0.047455476242818415 0.4267159698170479
24 7.4131475367879585 5.469220219965039 10.765175121955089 2.2400704035085925 9.519238243590515 25.69317570754071 2.7776649015213764 0.8652494661829662 5.046920104754641 13.746616494216951 31.87503612696467 0.5069771981550579 0.05979643458965841 0.42466054414297183
49 7.622585390992355 5.693903959499236 10.39003094102014 2.692449981241511 10.132825584825854 25.29525979598044 2.520869904222683 0.5995775202803708 5.007213828074421 12.279803845751395 31.124416631376697 0.5076214246446609 0.05616790524075466 0.4246413524762251
53 7.282681650675712 5.828591529483224 11.153761534526712 1.8947316082298016 9.101447933271233 25.76936301727107 2.9319429660494043 0.7525746443717329 5.595740998338625 14.252894796221241 32.47644180032227 0.5091368968865366 0.03345482187062448 0.42738878825921794
58 7.729060024381774 5.3479998277108525 10.847033085660078 2.0730913667058464 9.268474962112096 25.855169569612062 2.806089146588889 0.8091951681881241 4.800178899285773 14.080938066162558 32.76891235765725 0.5081704914929275 0.04358580194602896 0.42612188761609354
31 7.52729461123496 5.667581915114283 11.014954159624658 2.1003605398465046 9.590796885674932 25.493080225112692 2.802824914191115 0.9847894392757769 4.161462076173076 13.077227355056227 32.722480319908954 0.5078569438142418 0.04698216171339433 0.4269831502263283
54 7.679912777124373 5.618215344912588 10.936023975670643 2.1695980703980684 9.657029504224912 25.91513017703285 2.5698472540634367 0.6584430502142735 4.8376100664992805 13.076521748402325 32.058618272039 0.5097128258945627 0.02691267493088234 0.4278521871175164
59 7.74229693781069 5.5113658700531785 10.739762938830726 2.2029728459673548 9.48410289627253 25.518789343914918 3.016010104562825 0.8591433471751121 4.877013608680002 13.932514824925097 31.172374907713806 0.5080594240032289 0.047558095240503515 0.42614147123904056
63 7.874920589883673 5.619689717155976 10.305564519367817 2.6612493862693003 10.297719787413763 24.751061682083265 2.9155694096630613 0.8275531151008712 5.000676457987331 12.646402006060477 29.58838214004677 0.5075377696319762 0.05436947618572438 0.42599864782864555
41 7.561553815044985 5.674129067322188 11.094976423609054 1.9972042742249358 9.701328552835783 25.672087098719054 2.6546476782615778 0.6244474801429535 5.375003107666322 13.548765474028508 31.477679356223387 0.5095170132712608 0.028704468269954885 0.4286125750628687
64 7.4914251143757085 5.7256550375036745 10.887349971403513 2.0373157692388055 9.317551602341926 25.55307888194603 3.1073765468649635 0.7881169959935309 5.22247476180715 13.886330077095371 31.739046345199423 0.5077247631247764 0.05484628310535873 0.42545206807666003
128 7.866281320437077 5.419116462918716 10.710992424563758 2.4109633897783724 9.84322878781503 24.578235307823448 3.4277170540863495 0.6339569826008804 3.9780470641839694 13.611139195091365 30.570164969416226 0.5077941631391881 0.056606305341854624 0.4245696513109849
153 7.762441265876609 5.714019262284177 10.609667991316114 2.1893346192967273 9.00994273917997 25.903701815428448 2.8464514917376107 1.0484290767405895 5.421645695089302 13.958950229414148 32.94107936415391 0.5073364742737411 0.056857409901712855 0.42575725936790576
68 7.127891292769016 5.508645980074245 10.94792640618052 2.1544990357344553 9.613577521520643 25.498131272737332 2.7490254901978908 0.5698648235408859 5.5862838856287285 13.76938840600183 31.48497185587549 0.5065021700561492 0.05650410594258655 0.42503869263158456
73 6.787873415254564 5.7822090848834025 10.810534644119684 2.320809372452302 9.919798889129058 25.316891841804193 2.6803323549604707 1.0691632456001312 5.035706011903049 11.887821098005734 31.85487076865249 0.5080383731637104 0.04941572300790518 0.4252748577554873
188 7.453939357738224 5.83083507368274 11.031062660326548 2.1060624111274113 9.64938429675288 25.62981500111684 2.772932988935668 0.5995946144829006 5.441298637168337 13.45109314548852 31.599303635249754 0.5082307473758917 0.04080052671517594 0.42728894940094986
8 7.897467237889073 5.543830283009945 10.834686552439445 2.1713444132501634 9.377868736988686 25.857087865711026 2.675662110661884 0.6384757407286498 5.261670317958446 14.356345578289341 32.34050309573242 0.5080780610387691 0.05355374926422549 0.42496994477618916
9 7.555625772001866 5.685488562285912 10.632707647469209 2.317320862579496 9.618529644617094 25.662395520228536 2.8019921250340363 0.747954048981848 4.507250741037565 12.160433605474568 32.2651756193066 0.5094875953051708 0.032507331531733616 0.42783904629690117
10 7.865963279799389 5.631356343576379 10.682333604574273 2.1737997338360104 8.751991650004172 25.64059414864763 3.3206203024894205 1.4312330491057506 5.103322202245229 14.786576780936826 32.57892881462796 0.5071332801419994 0.060888530488054 0.42477830521520343
19 7.966449346596619 5.749551955231561 10.992936375322905 1.9960475463715572 8.96879787917542 25.47485315689294 3.2670966122316054 0.6985738479902243 5.3859855412788615 14.713963868205196 32.58010942613903 0.5084984962033118 0.04381513699159388 0.4269471112820751
34 7.397795835957818 5.589009760300688 10.592623394583205 2.377796145254937 9.84712156415527 25.003435164691954 3.035110399491649 0.7822019707719857 4.957591443242414 12.82630861332239 31.226551728912007 0.5091484651107175 0.03528846423639769 0.4276780823032663
44 7.3783467777055245 5.835590689397593 10.975498566750806 1.9751941742626906 8.892787359168604 25.849087223269013 3.0720338718557567 0.5480032001206186 6.09782168564862 14.39034501602996 32.66004038744972 0.5082405106335687 0.043644278858824166 0.4273013995750811
18 7.800217740071072 5.729661027061557 11.092739860347775 1.947097524822991 9.087362281965763 26.306982697073423 2.609885115777371 0.6019340046086348 5.430511558613472 13.964209571349446 33.36348636813601 0.5098651719871536 0.017031242784809473 0.42897154383588987
20 7.5150886163226955 5.9803619726479775 10.909314581179405 2.043198403465607 9.121305325067002 25.87313861400047 2.8720393470544403 0.7702035328801531 5.5913936548109175 13.146166364539312 32.954784226615054 0.509060442134615 0.034664886513495245 0.42791810174640355
25 7.7374829577435555 5.766583578883546 10.916314971131698 2.0926522386523967 9.123671776259794 25.82771609192883 2.828191522878497 0.8763821292187358 5.040314315488891 13.571073273465638 33.4387683533012 0.5099640758593346 0.025249078915263526 0.42803541774407694
50 7.61136506122389 5.898321236224906 10.901303454400125 1.935943753330655 8.598403333469534 26.100990404727597 3.2454958402848844 0.7352234796325908 5.90195288760221 14.988466585916669 32.42211090717875 0.5081915048416257 0.04732780934380085 0.4269566215709264
33 7.300890845909433 5.838073216423714 11.181575249548166 1.8480418344480933 8.841521173688697 26.41491535616121 2.656502452371257 0.7406411693340488 5.383928338939807 14.225603078928058 33.418513892059906 0.5087251170821548 0.04648833228068376 0.4270341643082998
35 7.980227001078015 5.570023967542497 11.20975242505409 1.7553029431424023 8.281437756327392 26.77303126265113 2.737690148566573 0.8565401011260029 5.581821684940875 16.01074593085961 34.58841018920554 0.5094218436831576 0.021561947574845197 0.4285539015865991
55 7.699510659852693 5.711685133188061 10.680200483288804 2.3803462804429945 10.102123622748538 24.503612082919147 3.33062534131445 0.5296169125514475 5.007974135314461 13.351990912745508 29.451578762654734 0.5088443526338435 0.043901006774018494 0.4265878960594878
60 7.302192785467608 5.842647334590249 10.481178145994612 2.4406607174707022 9.400463948684497 25.41983975022942 3.0326823015919993 0.8345672355823363 5.0887725952079705 12.315796414611853 32.69890475736758 0.508497588628532 0.04447812038714118 0.42698770621103316
43 7.836360712064505 5.721190707587461 11.289984085870511 1.8530214582430933 9.170108749513444 25.87008231871109 2.8680450159332036 0.44024226465010274 5.857135300428389 15.182879478842459 31.873222584855743 0.50867867529974 0.037237624010863994 0.4276269654849422
45 7.598516068548959 5.747497378939625 11.055870060461856 1.8069364932473841 8.552703501457257 26.481067866801133 2.9027474729871723 0.4572137901949441 6.482396569241973 15.415636224544839 33.071232845676846 0.5084486154939223 0.03956189585647261 0.4275036582131302
65 7.453310866031444 5.817083056593827 10.929894190904434 2.1097932847506775 9.226211956851195 25.880203837972882 2.7668126345607984 0.5717108866993017 5.6395569261204415 13.476803389930664 33.084967141154166 0.5097299564449246 0.02553682717846503 0.427919926008969
129 7.6441685275055145 5.760631431084385 11.003772650476712 2.0469956472555593 9.439242789126823 25.497569848592235 3.006232773649921 0.6880880925640552 5.18876841710688 13.537246579384021 31.828852495013404 0.5094153441100034 0.025093618652953557 0.4286117270187301
130 7.129991577167758 5.888691358169362 10.735084883269668 2.1257867945761855 9.434444350267691 25.641469975927436 2.9279859279004814 0.553238550581245 6.1252414704152836 13.145273815949087 31.4881827405305 0.5100545339297206 0.02026073231246565 0.4284293541894305
154 7.7642120736900715 5.659700178012084 11.014113203835933 1.8888579874638707 8.712155077723402 26.51551058567241 2.7574603218654024 0.8621208327753676 4.872866067841623 14.155456281732123 34.1956647234983 0.5095886670383581 0.029792338864063145 0.4277987472565341
155 7.440955811061717 5.8800923037200095 10.816975159997622 2.263097451589101 9.539689000676436 26.32133676885789 2.2689323654905706 0.6759170273030403 5.888205998710345 12.442202126837348 32.955048394979514 0.5078059065055984 0.05009811941027498 0.4268147154062967
69 8.076005314424446 5.702867526345523 11.13880934548929 2.086810595613585 9.978695430301054 24.685625066741522 3.1883941811499077 0.6004476177475719 4.7081817653272875 13.751900616192806 30.351212452814604 0.5085570558351523 0.04052065613169681 0.426190801236803
70 7.999338981385511 5.782535421708422 10.801225190706491 2.0526966255375694 8.893323455559106 25.807810398863403 3.184335781901389 0.7358003449909397 5.210096875940781 14.310471619914377 32.37495291755764 0.5085921430462266 0.04102692454032431 0.4271135292114719
190 7.500430505636686 5.854481138390833 10.960108897552265 2.0282544000873846 9.45436139784387 25.718433114921794 2.7189361204023914 0.9543670961795222 5.01426396511498 13.172612396221686 32.26706199363221 0.5078575472342733 0.051678959845826496 0.42669588310508294
74 7.733417298180466 5.626442718078854 10.737148555686526 2.201883789729804 9.387823274970497 25.588726585508507 3.024499881547709 1.1566275135449757 4.483233177797276 13.228716647465967 32.03020610838427 0.5071755432777817 0.054535803387578075 0.4258726473226696
189 8.127478724852235 5.408702342361511 11.238631092458888 1.8731874750019908 9.235648314461445 25.392705920703 3.1602684686330758 0.39390724003226923 5.186431796248934 15.883533353954617 31.354405968830914 0.5099097058527148 0.022690891269363078 0.42811533624476095
75 8.120748939360933 5.448031490064344 11.064237097770894 1.9591478281642616 8.859896049418483 25.644939667160596 3.223199329490228 0.733053780143918 4.924263724718596 14.84954970928481 33.48840147038485 0.5090979448864306 0.0338475913749731 0.42778281308725286
76 7.878951486491257 5.464173825535936 10.28883942139745 2.5474766497262533 9.579354900763771 25.70102561535997 2.7122796613541076 0.7681441375566151 5.04291963225939 13.505853394780228 31.24672744861198 0.506505606602964 0.061849973064124555 0.42471246990040235
77 7.179452502881278 5.78711043750157 10.937558901335278 2.073867721401496 8.913334516020809 26.045903287984174 2.911695536043895 0.9039511586898086 5.895793519918834 14.012961500841978 33.07591418383034 0.5085544477590883 0.045355321744161396 0.42672325205442785
78 7.441685788484697 5.63627373208473 10.761399058076 2.1814452285463006 9.273215386391765 25.44273366927575 3.107341874750127 1.1097127346235285 4.059761352493239 12.44342853587159 33.28865442886313 0.5083563505159289 0.05039274583244305 0.4266954428242416
86 7.516777177903852 5.718728319278475 10.894368185865781 2.1397857955242605 9.081740943771518 25.296534790142204 3.1861131618251743 0.6340266669579682 6.201083152182878 14.974835316315176 31.854570880505605 0.5076277987368257 0.05549239466561968 0.4261155049454379
88 7.614634271221659 5.930430435194252 11.008720247097802 2.11246457105193 9.589290110051747 25.670876438480448 2.6801110390510927 0.7211220731058078 5.797228069117961 13.024567565209058 31.933829607583245 0.5092401272669818 0.03364515097325565 0.4273005547408159
79 7.8370461454177525 5.574711652854156 10.498278160082739 2.3997852923285596 9.798451317134125 24.73079953177437 3.24853307317972 0.9147208030020089 4.266512013814868 13.457309298672909 30.710810547638374 0.5067088702707079 0.06569143026957121 0.4222963882871952
227 7.3002278193410115 5.87585933365157 10.853969820829258 2.1390414458248324 9.685914272046391 25.815830368377696 2.562168542138466 0.7024214186167788 6.061787434315093 12.417462920030685 31.93905971910042 0.5079341113559465 0.04299901230379746 0.4268463832714385
226 7.847060106167112 5.277807620916585 10.300976391025847 2.847220761480669 10.339963644167277 24.004736095623205 3.273413813882627 1.0635948768240946 4.236191091814719 13.845679347471256 28.82565781503459 0.5037075649035534 0.08114842100152982 0.4218752975338361
87 7.7098928548478645 5.519013337610632 10.798755656472089 2.1760367180902422 9.112100132256158 25.57013864686675 3.1149927375244237 0.4702852508363028 5.805234574568716 15.373022750052227 31.713194093984857 0.5080676253707822 0.05082545396716985 0.426338332706685
96 7.8123740380420355 5.515259125500711 11.062953965802803 1.9578218170761592 9.2724811110802 25.341665747087692 3.174643306672876 0.6957890907351747 4.446259788997197 14.450485133512553 32.36457281276189 0.509625068433615 0.0323869609699564 0.42813713113801055
97 7.443372360423662 5.740071897798888 10.772064405764706 2.056194379318766 8.909252724302638 26.123939429857828 2.9162689301580533 0.973062846434806 5.059901139518857 13.52879127260422 33.42252345443992 0.5094937705508419 0.03359401672491238 0.4269787297367929
89 7.808774047720596 5.63935158270116 10.66197606653149 2.557550734881269 10.50707299334248 23.876505621877968 3.450431614819329 0.9423179887774318 3.7095401779094543 12.325201652481523 29.123259734917877 0.5064308300535877 0.06202635960033295 0.4242942015611927
202 7.368095291679175 5.65374973934754 10.47028596362055 2.5316918345307506 10.007331239631043 24.318488349429582 3.514360167357779 1.0060227331092204 4.473544797757645 12.550005084370012 29.79797495055724 0.506452357299686 0.05604128687432863 0.42646645927768967
201 7.462000137506969 5.635746745103699 10.817461759753778 2.1444404520576676 9.490630083718411 25.697739439500328 2.8629460956603583 0.8039011966767886 4.777236982778726 13.238624185352139 32.10594465640034 0.5076683138232053 0.05720397878838309 0.42538624962202276
101 8.303760203972017 5.202275763625386 10.917902620255042 2.02668523832246 9.05890825385904 25.24044342239163 3.249395450668936 0.9032386236045402 5.151824991787423 16.61491056566392 31.581439439182752 0.507592990232328 0.05561245161960143 0.4253832566557636
102 7.693364358669429 5.494424257106252 10.512337688136121 2.5374705767008834 9.573791102877497 25.069268454645595 3.116303862759357 0.8587634605385978 4.662625002462514 13.11513755149301 32.09863640094533 0.5089433098334653 0.04180921944565019 0.42737548616002613
103 7.551027848309623 5.550244681319727 10.838523503220113 2.1423148687269977 9.29751489673563 24.992435941746102 3.479285514079258 0.7703669362571198 4.962420762632684 14.90861942802342 30.944945071378235 0.508600404777887 0.043050572461592086 0.42664779546954884
111 7.577963459968507 5.6674136309973475 11.123256836909034 1.7302822048760007 8.07433028000351 26.96086699803676 2.727402244957951 0.5790735598744273 6.504989249695264 15.948742284843844 34.90044130603749 0.5083258314896638 0.04564489348000081 0.42701322571449873
113 7.735256473162919 5.674466462931311 10.643224507391126 2.2807652080026126 9.319816163236808 26.36883718388813 2.4090412382485855 0.5716933488633703 5.625528204047544 13.346824713359386 32.69972619311119 0.5089783160441002 0.03702011951077085 0.42729760458010524
104 7.74312681301508 5.69642249059793 10.731902722926819 2.388892960049127 10.04442806467748 24.79077264081396 3.0691930160926693 0.6922190690932081 4.555165656531282 13.089067491585892 30.19203535522695 0.5085440182521274 0.04277916883089443 0.42681447080223434
112 7.663291781629642 5.713965730962904 10.979776347079325 1.92817801477838 8.935409323599307 26.049420898943808 2.842587053476154 0.5299723442725681 6.547156615397763 14.949221709876927 32.541396447108184 0.5086079894688104 0.03704230662138022 0.42727438771799103
121 6.923817006489799 5.70654809789898 10.879247963486842 2.0135763028741063 9.057231504160368 26.27378895197967 2.5918615866374664 0.49444327449440717 6.241065375324809 14.137517074737156 32.67877809359555 0.5085696124008398 0.04047444172605338 0.42743187195980364
122 7.520081577675175 5.808842578113427 11.234091399899157 1.8117298944750875 8.940945062261115 26.300321359623638 2.69959316879431 0.47914113592500374 5.954472520629574 14.661877099027441 32.853997253545586 0.5085115454095636 0.042427352549556534 0.42717652862317557
114 7.148025036366423 5.901944475610967 10.600439752586434 2.3053261556611435 9.949243580359271 25.658128783873664 2.470374499108612 0.7555554319084191 5.457728569630226 11.155780335652928 32.13653348520216 0.5068400633462471 0.057304860982579364 0.4257487866721986
80 7.298732283922025 5.68407545464671 10.700456387146813 2.5049175988547647 9.959715063775194 24.728126435288083 3.0057716769414764 1.0220468391893152 5.105169407019821 13.298998461101016 30.478312883193883 0.5057642221935397 0.0657890865009429 0.42453491044657327
90 7.8810271601902455 5.3697335186512785 10.44230060164239 2.4963904636909824 10.143124092471847 24.334088622855536 3.3461417177720274 1.0290587577572845 5.170610564772401 14.698601832559048 27.84979208201841 0.5040124992129446 0.07423595026262689 0.4233673419658539
228 6.9841331338369725 5.644772723415646 10.986178047887638 2.1671921105532976 9.821840817674635 25.02919361621635 3.0319977063777928 0.7001234847098388 5.435884638434855 13.234746644186476 31.00763822646293 0.5087315813202421 0.03903506981468203 0.4280454783057262
81 7.282004395560033 5.394174696177838 11.050792941454516 2.1333399436547316 9.75690790334126 25.338726886798977 2.940373061452262 1.085335486400073 4.793064583275225 13.264122716834658 31.165141885429193 0.5055133087569126 0.06733726352369596 0.42419340096894503
82 7.140135379509247 5.8791283537168715 11.328258240870117 1.817759932970122 9.176860723590387 25.895790259043377 2.7701816164155897 0.7545816218237887 5.603193242933452 13.933009376825147 32.795459891081755 0.5080135249557045 0.044347076048485985 0.42693287952687287
92 8.143831002515165 5.239767031013945 10.765930724733554 2.2293740554043966 9.699268968344343 25.703640413063738 2.688185066329772 0.8711060300316155 4.544405007480415 14.205225161496848 31.07479450178596 0.5077891476737307 0.04965767014336115 0.42610511054957406
98 7.48837451102043 5.512305121293584 10.940354149154981 2.0452035591192677 9.379703871195652 25.566465531824218 2.996548425098981 1.2150637620242648 4.748323152450144 14.208967104306106 31.324739343951382 0.506351880078794 0.06167764938154302 0.4238736779006682
203 6.934589078852635 5.816211351458845 10.838456565053123 2.3680843911183374 10.103864875378035 24.97886854291906 2.8025451523621547 0.5335331392707704 5.331151194833958 12.53412328907229 30.680066293193743 0.5088585939612853 0.04046461929325049 0.4270804580233909
91 7.296987584093849 5.43596739723397 10.485090505025134 2.776544801008787 11.171094600471664 23.532022184558773 3.164546727725647 0.6904972238302605 4.080888049148324 11.801512542859363 28.107290133207616 0.5070018609025937 0.05725363549869429 0.42568806801807524
99 7.7253744148175665 5.541616098933468 11.312201769335669 1.627897349355582 8.677687386944893 26.80627427400595 2.536581439496941 0.5929837322857159 5.676200886532662 15.75577619805234 33.55604195182792 0.5092095701203486 0.0350382533853961 0.42713784846082964
105 7.404614564258874 5.550470214275152 10.746026746182803 2.3492043647821674 9.830323330816691 25.536561069080882 2.730744623382528 0.5612950764092917 5.243751587471123 13.182277455630317 30.915837705918864 0.508343326826681 0.04707877011050517 0.42582928915831547
115 7.160335209808169 5.8312368709496205 10.742466099248512 2.203169144691445 9.512291995128523 25.462630093609544 2.8901474010855823 1.5707836614947353 4.9984618459438135 13.40271965020895 30.91559022005199 0.5056612438504957 0.07074187102633464 0.4240540775819062
106 7.834740401340413 5.498893249265797 11.060088685857073 2.286910556501198 10.598781762915594 24.315026084957427 2.96495137370551 0.7938574072761487 3.7761286996988264 12.819512858688455 30.02273344412478 0.5088736339799165 0.030465350055945962 0.4269918538860517
107 7.426439083056181 5.591122653138778 11.073903561909795 2.091304570380778 9.773471424359144 25.15455439491541 2.952401652246751 0.5043212871248532 5.429908101575752 14.498274583656812 30.57412229630598 0.5072990427484579 0.061002097357280204 0.42389163943910146
117 7.860389927677853 5.340845356357677 11.26997773920995 1.830797594827125 9.330080571019478 26.64061298088949 2.200193660248705 0.701878269927146 5.1884312940908766 14.05824155239079 33.53766548929812 0.5068098930292737 0.0610805956767561 0.4251767822594902
123 8.071507101596003 5.140532579577985 10.824193219354152 2.10376586729564 9.32153071120539 26.00543631865664 2.63119027082517 0.815603622565434 4.318282040431714 14.994408772819774 32.232145564057724 0.5076300318583163 0.04917113510515308 0.42648004618455104
116 7.303799907153229 5.312855157619715 10.650772868036242 2.623313176014236 10.970216389070531 24.21454180330867 2.8976342890468407 0.784438350831763 4.042523368358089 11.64732701892985 29.029634808035087 0.5074987177780464 0.05143349221890216 0.4266364391418488
124 7.63700621698764 5.359258872629104 11.196596665774019 1.6951326119619305 8.678514909476597 26.028014888064067 2.9809790328599965 1.0579872287678962 5.179576378940414 16.0989723928195 33.31353085773686 0.5052953757775347 0.07701297665903853 0.4224218126145299
229 7.826171109845124 5.668509824244119 11.030881295582496 2.190488103746919 10.184623277518437 24.90250357048142 2.806554981516783 0.6788609660055684 5.286963933965548 13.282462552981857 30.430546203255176 0.50834756939034 0.03943736898830119 0.42812558594863365
230 7.874860479641405 5.2761838138581165 10.561705675773874 2.2728837824751156 9.217861873044141 25.180617885506326 3.349116941878386 1.0552009475781792 3.862647141917138 14.037726785254092 32.61276105557809 0.5071811082770671 0.05619891779550099 0.42566768371854613
83 7.665916897529929 5.576705170593673 10.146513850323377 2.7136096530107503 10.377274227244811 24.918175387610127 2.804070090747755 1.0689934541781945 4.988013693212913 11.782518017733528 29.79570414067798 0.5055877147249288 0.06890125284083772 0.4242925861104444
84 7.424312207388926 5.755600749862735 10.36764578463068 2.2544224389361487 9.043318297708511 26.18819285949964 2.685249149457497 0.8305773426627944 5.664055793146661 13.438767573934822 32.81146696858888 0.50660925188561 0.06352779200432308 0.42350507186693
85 7.35803042931192 5.830489374188314 10.801478524065887 2.177653368929748 9.399196565294154 26.12213329742618 2.5145636928116875 0.4527228463350941 6.137196840311531 12.750045329762143 33.0332737843484 0.5091324017131698 0.03502631496884757 0.4274872743539915
94 7.900027513089342 5.789740531400799 11.060314512689406 1.9657507556564064 9.062458971294227 25.76626975634832 3.0071771765931845 1.0025845915081795 5.219316168471497 13.843634481006454 32.997626608249604 0.509391326404203 0.03338780879458082 0.4275045190065603
205 7.450128379153991 5.725360805227444 10.86741685688798 2.1081188269436253 9.160364819592726 26.140942580321365 2.6731200654249263 0.9473857089441364 4.529315801611527 13.120688759743432 33.5712340428223 0.5096768812781449 0.032073320635175734 0.42713725787586493
204 7.530076868140214 5.799598862459512 10.998404395916221 2.103051885336272 9.89416858267757 25.40294589398289 2.663902136515384 0.5772963240061288 5.866100598276589 13.351430798529055 30.907605778394625 0.5078269040932955 0.053895171439137565 0.42634585738133324
93 7.26713046032319 5.864601455606871 10.9891185144736 2.214088922563966 9.964243720252643 24.968268131968248 2.8869613726289423 0.5552524197815183 5.327135788306759 12.491177154231746 31.501797297684956 0.5093944684109466 0.03946495931285167 0.42763196043849105
95 7.6133767306843545 5.468543495984566 10.621746782271721 2.2693732429962665 9.353104086138936 25.221131855223884 3.105461755701893 0.6643660200577575 5.561273952740406 14.3189103706565 31.54559291395626 0.5079470109023888 0.050423522934864504 0.42647831598493274
100 7.717737085224267 5.6700009289214846 10.52659527076683 2.4345100720051263 9.87915763380051 25.095976718639267 2.8477861486746336 0.8307456596462762 4.854501437993726 12.864911714260774 31.10132301754982 0.5061089209504203 0.06661030060718201 0.4246420529667004
108 7.410102538152901 5.616381088159651 11.163318654677047 1.9595490793979287 9.400453710787747 25.207187837705135 3.083813036495124 0.718291983588814 5.250995426897386 13.827165051771026 32.587174360289275 0.5087516886337724 0.0412708243280388 0.4275461462780774
109 8.074544168073855 5.467560879903981 11.258273140822292 1.7998155619515566 8.96136063739842 25.725877511407276 3.1028276424724384 0.7256268657004481 5.039240911199535 15.605001679413538 32.61310938881952 0.5077476471207436 0.05508294922334824 0.4254224355826252
110 7.526593425955775 5.727102138445602 10.646410860294882 2.440365868801037 9.673550781707474 24.5461536048462 3.376827693673075 0.5797106408771642 5.623054033157084 13.582668017656442 30.999686416980165 0.5065094430062277 0.06627256738729866 0.4240798616470005
119 8.323978058242943 5.3158124991799465 10.935896630405813 2.108141048891377 8.961420711004154 26.093470078443065 2.8269400991011304 1.0160660520971436 5.029223586470639 14.83242771857815 33.511772212202935 0.5071066819341408 0.05813809336444307 0.425720783384849
118 7.746313945556544 5.68055718472866 10.810735446544616 2.2724452820622183 9.941501999170697 25.265494747856184 2.7668553186740317 0.5430659067690832 4.984030881569823 12.958778547977305 31.360229551852612 0.5092978117020907 0.03515320133590059 0.4284924561014099
120 8.016050448573884 5.579001032947859 10.54072943779468 2.3403925309322613 9.407027346496992 25.32605126339016 3.131727052369023 0.8411077366105221 4.605478094611247 13.41414254036851 32.00620510422364 0.5094457273030814 0.029741470508473 0.42813123768685135
125 7.831821677744001 5.744177567083386 11.143897465645592 1.9558989749005875 9.416826655429757 25.738819992836323 2.785826679471378 0.6937755886609013 4.809141658775327 13.605964854328668 32.65705339700478 0.5097506476795512 0.029507658277586446 0.4277305756660319
131 7.677806078857808 5.17663146009555 10.935043469200453 2.1926415035069255 9.76205254444824 25.325646456551535 2.8534015177532197 0.598014042533524 5.1045641894412155 14.264721968542577 31.292485728473654 0.5070580975430263 0.05786963613260086 0.42537886532539954
132 7.642241520301951 5.515394354532934 11.025905262315502 1.9311304673255356 9.39364075055256 26.084361654793994 2.5163432364161817 1.0301779120803178 4.675999075469383 14.013498027519429 32.73611344317902 0.5083865993817895 0.05099909462484478 0.42602600368113486
133 7.310862247702103 5.750515923539883 10.669009630943686 2.158729632876169 9.182313299028278 26.02593739833443 2.7948425094608806 0.9616922809413178 4.752440685022304 13.016157742149346 32.81347923659953 0.5085004733177048 0.04916260743326986 0.42582918574446904
156 7.86052794330589 5.774342054847678 11.24737939709709 1.9671727964413872 10.057022085095802 25.22973253295814 2.7093668218005598 0.6640075035174334 5.292822427088252 13.731529742107153 30.25802049947828 0.5088952941217809 0.04035006919294108 0.42717156390333644
158 7.414081760268707 5.866633311243706 11.045349952810628 2.186201547871073 10.123865144351878 25.068652898743753 2.8005974729653147 0.48890526320259614 5.517659520851354 12.813048394161958 30.673533103449543 0.508597359017158 0.042503819879669134 0.42719137812382046
134 7.629285331495221 5.773593852511459 11.023667541534198 2.014498127107818 9.17364563092525 25.90585351376239 2.751367121869423 0.7809787382648593 5.162429485132692 13.531910007705934 33.47749863334847 0.5090157227053757 0.03705267691774371 0.426258402137545
141 7.381666637252955 5.508481666370911 10.531992852163087 2.5207960561376446 10.152245730125323 24.870562433406157 2.898061237405917 0.9607413251775079 4.76928642340412 13.137753317390274 29.713534185894712 0.5071539118826212 0.05940683171592277 0.42540176056844853
142 7.731356840393018 5.6068802437634035 11.403466274781923 1.6496342171131426 8.911257545920908 26.14049264508022 2.888554206697655 0.43063523303283513 5.950074222835612 16.59713415991285 31.695391105314325 0.5091833755894163 0.03599367523896373 0.4277161737149286
143 7.930455632992393 5.276815255440322 11.216292587392505 1.8990184489051152 9.20310910335227 25.274563081390255 3.2336730900715964 0.6752910722874017 4.3609191845128645 15.299177909448872 32.5497374774913 0.5096659033159429 0.021351076706293687 0.42861930392477254
166 7.218595277842834 5.740446307766716 10.630328852994433 2.7387348201300528 11.008405376343406 24.376236310046416 2.6924647533930752 0.8283610677989849 3.863057818524953 10.455723783768763 29.993193934521113 0.5077179909425786 0.047946496491347135 0.427121561716597
168 7.37676583099705 5.584278174717697 11.192783341693687 2.0507517814426133 9.86341226627513 24.789197832759427 3.190454728690299 0.7985022787191145 4.4529241616926 13.293674991254052 31.363618676111592 0.5081110414930287 0.0433875636580666 0.4271972636007725
144 7.624239790481689 5.877205411708047 10.743982047016093 2.2719931716156068 9.69829972393101 25.924195195941213 2.448127688024952 0.5880416019715587 5.764306360305064 13.025227361820855 31.64900363509595 0.5086725674978173 0.03478857038304958 0.4279304928561419
157 8.179759946421383 5.244966564784033 11.441967049869149 1.806000089103232 9.736304765449027 25.8045862929583 2.545254627828502 0.6957556496572284 4.293570982230491 14.37663794020628 32.01112361303333 0.5101257579849765 0.016415869113586626 0.4285496350486456
176 7.566819629081174 5.484082109536607 10.61038702635246 2.404263571353407 10.166926868336253 25.005936152395556 2.899430931072904 1.0710805624219917 4.732267022679489 12.715742825749667 29.995933998129157 0.5041494369006613 0.07307222741606671 0.4238044857105303
177 7.1373612901854875 5.702303140804299 11.030663520012338 1.9282728285233348 9.001038548905262 25.878273531330205 3.0594651149221743 0.7088502898226355 5.118975580906672 13.941698438795385 33.0487010003512 0.509415501490195 0.0289712116863101 0.42809469772301745
169 7.541292713697774 5.607874363245266 11.131613080295857 2.016198078090633 9.201875684122184 25.94828645410949 2.7917115764037557 0.7499871667475961 4.818765974964287 13.808380373409909 33.08527770738784 0.5094040946174792 0.03784832784219174 0.42723314624820186
159 7.945606732943895 5.328455873402764 10.564966223563086 2.445644688844977 9.61689632919941 24.58937513607945 3.367846987855761 0.7740633376069382 5.5534477828617765 15.213692837789027 30.042103703219446 0.5048482855420918 0.07321026845253084 0.42385764631290634
182 7.470452698434992 5.507615190220816 10.723606340971394 2.389890124277531 10.095392492964146 24.62963370654356 3.1400667861548093 0.5476436521705143 4.869163114994832 13.557119030461543 30.116713707656654 0.5075968586671724 0.05674353840540561 0.42609062586681684
181 7.1858687379264365 5.647563239955928 11.008563801812334 2.264087549118101 10.574537891996785 24.819971264675427 2.7068837059390716 0.7129446632604267 3.9679959265542584 11.194108063208116 30.894758210129563 0.5098526947483232 0.026461417387186537 0.4278945863264763
167 7.410580248419137 5.6346303794378745 11.457061548824393 1.5595493872140003 8.429946349687683 27.23038120057873 2.350918836509893 1.0249875385280287 5.37683782360113 15.035900111564565 35.06315377363302 0.5091492667453419 0.03552495776348944 0.4274092861254201
191 7.501108043985718 5.420260865695556 10.724218256911332 2.148629046905329 9.219917096152109 26.061071759772666 2.6828368732114365 1.222573493090504 5.2088527691905595 14.531750954369162 32.03163584740301 0.5058639569751099 0.0673388112244624 0.42514326125623686
192 7.688744310715836 5.575169292533622 10.809994813978776 2.151407378546162 8.97692551526378 25.594519643409967 2.9743105482316525 0.5956814685106698 5.665516183306899 14.965992742769858 33.005880890956774 0.5081345734850882 0.049731877778175275 0.42621963614145647
196 7.773961774750389 5.434295662369742 11.184801380455362 1.9083375000541967 9.27621373713541 25.918910983003908 2.847133410472914 0.7355004671116774 4.855477370930843 14.193212979844708 32.82881925130097 0.5090947140382506 0.03479539613712752 0.4281524727542472
197 7.8636719923558305 5.688522782464385 11.048233810060829 1.9603144972318862 8.935497658117947 26.176847508919444 2.717528166593819 0.8091845346260911 5.053864990212431 14.344867680382617 33.55020272407851 0.5079845231521918 0.05057194768362543 0.4261580536452553
135 7.614544459316617 5.7194310161971424 11.234166304353446 1.720149641217272 8.333025410805265 26.61113354145995 2.8766154280031873 0.7031934500609301 6.134734580280506 15.566599041266393 34.01690753908615 0.5093574027651923 0.029474442864699798 0.42756207362911836
160 7.840987259855708 5.752276227956207 10.428325840420516 2.4024400697246375 9.692281594618349 25.36892328922223 2.937072164806107 0.727449460035029 5.180030849787844 12.408905091657138 31.43043792827518 0.5086821564575514 0.03624289086002215 0.428135672938205
184 7.795761248318446 5.675223541679186 10.582626519865219 2.2863782611237493 9.801320667532332 24.644428376853565 3.2034046457765375 0.8198454883163874 5.481633102957205 14.455912713298323 29.714936877312223 0.5061125504719124 0.06549259750942252 0.4245399570067938
136 7.504178278116742 5.540556760951917 10.683575655337174 2.3258708236033394 8.92461562043524 25.654137732824108 3.16950441799798 0.975964493189428 5.014008808280717 13.752929190499131 33.34011844113632 0.5060852319820495 0.06758417079818986 0.4232464075434432
137 7.340210628216661 5.830172510303956 11.11175792487339 1.8314510555724803 8.923445695091594 25.81501975317061 3.0824212100794663 0.5596883720523084 5.945801163293617 14.67406413335577 32.438992456365 0.5074789875191281 0.054916525184051865 0.42580239126222064
162 7.687179493107151 5.671771803486809 10.814376711164169 2.1945935686893034 9.296998352631869 25.37022618979017 3.176911285230821 0.7570135153591453 4.9598212783960225 13.86411730459249 32.19396105382533 0.5083468661973917 0.0487230353922298 0.426525335309678
171 7.8721883382023705 5.631421050612167 10.571424557719212 2.435811926504702 9.6785422998473 25.013108882839006 3.236787932826281 0.9615983222408567 4.4851365479714564 13.375370522390813 30.837320324215206 0.507569354885199 0.05473678883575583 0.4253429827885197
145 7.917272735622702 5.675271683040392 11.057153250159049 1.9754503373594303 9.078604826577076 25.822979574933377 3.0593391201623326 0.7111560456744201 5.310218905772269 14.641925949365449 31.966676446032054 0.5090312945317687 0.03856430982899952 0.4275776547310349
170 7.757443920302964 5.804932541652426 10.402798550282768 2.454686118358903 9.316628717671326 25.62782982041398 2.9426328683870286 1.057256308600392 4.515464829252835 12.458761091723337 32.65732438152972 0.5068804622565062 0.05787299092730076 0.42598635521420564
146 7.8104096253518 5.731903094920987 10.905588059612203 2.2141067430397854 9.568275970285422 25.188898493382084 3.078522812151859 0.6162097771190693 5.187416942302354 13.58232535696482 31.63177221804515 0.5087823245054348 0.03885760162894822 0.4274472263656287
147 7.573712906541831 5.818684323200428 10.683162830371385 2.13455212057426 9.226724224064586 26.345983448045533 2.4734031536064744 0.4919127789481443 6.403804437650728 14.043575344342058 31.845759508768968 0.5086407063406291 0.04156480624402622 0.42691178255162404
172 7.36635353112097 5.856957822302707 11.163065316010098 1.8091419527222206 8.635561995906208 26.2738324934587 2.8566527015270373 0.38214722758211433 6.537770533559114 15.3169535037383 33.224700826422 0.5094104082682048 0.03527320813764573 0.42774990265312
183 7.618320226492373 5.978767608134418 10.829476282778133 2.19749954175234 9.221011700209894 25.78385142169236 2.919532225864487 0.5209396244868442 6.011753815750372 13.760677929515074 31.905986670365966 0.5083988756877273 0.04982206439466585 0.42593438585311105
178 7.7760761049674425 5.683277043015425 10.803893385580846 2.1305758767431255 9.054013170162403 26.039678057444085 2.8035209161779164 0.6801155770786754 5.454944082045452 13.659259918729871 33.26533790793375 0.5093263289266019 0.028272142090982784 0.4279683758411575
161 7.841156914560879 5.359106232420288 10.881916216182228 2.025867118437645 8.857187924211626 25.719843899066273 3.032998829233159 0.6212771939844878 5.966033305285886 14.78716779334475 33.60124770370554 0.5082182861377293 0.053868771452115126 0.42511029167747205
179 7.518805616329764 5.692926619868911 10.922416150406923 2.1229360219239632 9.18261678776543 25.93820073819776 2.73345250639316 0.4851602327651378 5.824976682250359 14.322676199642968 32.64399456958478 0.5077521528186995 0.05415442793844797 0.42598480738540995
193 7.375499334969394 5.850692004629111 10.8069733787189 2.104646952263084 8.975709764595324 26.195429096461755 2.6937333233462297 0.6819542335059179 6.183026696802397 13.541085993331698 33.3851549149349 0.5091699293056781 0.03343054384455041 0.4281762831956469
198 7.723217856439458 5.627963176272254 10.757223335781589 2.3089658095436514 9.625313175385875 25.684134537888685 2.7610583006364284 1.0387850655188928 4.9861458633082965 12.88112867661319 31.79630048745001 0.5083949241522567 0.046793940515884994 0.4261399281595837
185 7.674998809965732 5.35211880254861 10.929615965601272 2.178006030142268 10.126695710284817 24.60151828428256 3.196936936790943 0.8114510114915041 3.568377230502461 12.720031840619857 31.255856515844613 0.5090784671707789 0.037159681035475796 0.42756645328498716
175 8.014834766997666 5.484331813961601 11.280466599854623 1.7583591204104818 9.160161607422804 26.541937663969254 2.372052311145765 0.8336928731739347 4.744959275703531 14.417831999690408 33.53754603940888 0.5100196463830724 0.01835202766701479 0.42891456143435647
173 7.170229768506638 5.820020642422816 11.147199192564077 1.824857591197355 8.869878954638986 26.741744311130027 2.3750967044000006 0.5396798023495675 6.386046624323505 14.61931458805538 33.436320864606515 0.5083393325564676 0.04935929897909242 0.42645957005303087
138 7.434352178794166 5.863662603806815 11.20707094235034 1.8296398965308993 9.016442803268486 26.289221231845183 2.6973085235855145 0.4132065958215488 6.321411824896024 14.580655515759084 32.56376715983945 0.5090745650099798 0.03993375899087414 0.42757056419771994
139 8.046017612689354 5.378700467064665 10.3927564337122 2.50960890444206 9.42123961076687 25.89848620483426 2.5932942471458857 0.8116558541192087 4.467572874573676 13.219186949054398 32.807665546086945 0.5086239672934068 0.04578127580209606 0.42665392889103576
140 7.612839654009748 5.485688848670796 10.31690067516857 2.505280106737611 9.50234766698401 25.663221980664478 2.7640640836599575 1.3362136083314842 5.042472698647021 13.288880273980377 31.805449418714947 0.503785158908032 0.07806127531587237 0.4233781550534065
164 8.157945954748559 5.4319545512195955 10.695372864546682 2.4418272011942976 9.913797355651095 24.40599431491536 3.3491155548120344 0.9663944947063664 4.150465053907508 14.122673326449696 30.385234879787618 0.5081672544577621 0.05386523926768084 0.4248954388025543
148 7.691240823134752 5.806785739475307 11.268240947182335 1.7451499239102186 8.881440306570068 26.481947473235874 2.62074691295149 0.49006818899956334 6.223361429808403 15.56554437209534 32.403248796703586 0.5101054519678625 0.018871127819904472 0.42854868991669265
149 7.373859032495667 5.839198368413455 11.137583010449882 1.976759044984463 9.727887517114942 24.972916503005955 3.114109762072685 0.617959584647394 6.047262947094713 14.026306034394658 30.484881504870433 0.5075029451600184 0.05325402948376611 0.4262867192502902
150 8.495927054535484 5.19191113596119 10.971173116850656 2.1044425833138067 9.441051517465189 25.903953782424587 2.6013822806594473 0.8250269000961052 4.127759861612257 14.47989282437933 32.73664159241685 0.5091029421446152 0.03694455699376124 0.42772075503362533
174 7.502029753231084 5.474863019194166 10.83662695545238 2.2457920485497156 9.832575873273516 25.065411538462865 2.984144335314132 0.8576890946143216 4.688129147039711 13.059332018394358 31.70498338397362 0.5091680708100178 0.02685190360388894 0.4284725827456629
163 7.737748216210418 5.48155399533603 10.764264198749114 2.2641589602758265 9.493143317973162 25.655478911491922 2.7523767423686984 0.6034862043249385 5.245345690176471 14.432736837504622 31.875993619328423 0.5072979069026418 0.05721014909522134 0.4253111012535361
165 7.860512040188971 5.494621803686332 10.75387303694315 2.34459825533536 10.15171603237599 24.5779320114119 3.2034904304173506 1.4072858269870034 4.125894651674862 13.563324799877291 29.191534885260683 0.5062197598079159 0.06716523057693423 0.4243766988912173
180 7.1329678317272105 5.822235523982144 11.046284514696046 2.0733405671081457 9.645963071591135 25.69771848411834 2.649613104714582 0.7804869652276998 5.050968801207127 12.2868237143823 32.635818186949365 0.508427357658646 0.044350593549410955 0.42706713351429904
194 7.615443702782789 5.516311794363652 10.884457752280634 1.9946285195191784 9.245269958117575 25.45603245704632 3.2133299443807744 1.0052982629857075 4.6278388858429675 14.303774359889589 31.843560490089864 0.5063081794272272 0.06518506598008166 0.424237572259541
195 7.973930612281118 5.296717671320335 11.217546607682431 2.021409644210555 9.866189440760566 25.19442139966919 2.800651594427776 0.6430848014956829 4.308914389895328 14.565447523211562 31.074259506817985 0.5083069251962791 0.04198502959371818 0.42709224175865707
199 7.488767338935084 5.549809172794295 10.587687710410519 2.2417419511774423 9.567124479380578 25.748112793951304 2.6433255790348085 0.7537304932574596 5.413908742783105 13.437708640744868 31.645435723491072 0.507071699778715 0.0601692052825301 0.4248246364425517
200 7.466570152042643 5.674034407763146 11.225640766113912 1.8260520920244847 9.039408181789625 26.483850631972864 2.5637076058330117 0.9119012502210538 5.261692095355774 14.22260507561532 33.175052028217486 0.5095418188837408 0.032025336812901775 0.4278917606785909
206 8.033351988306418 5.382124942860386 10.728183346539335 2.339085934541097 10.197346918247524 25.0495453753025 2.760805944670428 0.8248144246671903 4.644011981960264 13.618061252574973 29.94379742230169 0.5080286659017802 0.047950318151491894 0.42661888905711476
207 7.674595449746144 5.72256909702304 10.93353875695913 2.1145619845855426 9.5922495079761 25.782393856503194 2.541038933474487 0.8638174850580155 5.1092845417603066 12.58848069601193 33.03736661777809 0.5079898200012546 0.04944354234474559 0.4267749492389235
208 8.155930397580894 5.310395104924494 10.641767854464996 2.335596717311249 9.609490316764274 25.28531893309778 2.9764967983499493 0.5973809810204852 4.2008441791662685 13.97049787707007 31.83788362774425 0.5096951903510112 0.031041039936965064 0.42749311462431033
209 7.856202194149133 5.897670806040993 10.783486459034254 2.1322139861801044 9.050253525883923 25.513744351058286 3.2637240937774563 0.6982235856996167 5.549618213369305 13.735730504689368 32.165000516078784 0.5080300410700366 0.047206537750001346 0.42677120109479677
244 7.300737006735286 5.779363354727636 10.992404378681197 2.004138960052843 8.912909043813148 26.38597590864567 2.759927236951614 0.7272309379410944 5.444660348471202 13.547350672386035 33.85501354171045 0.5092182401866008 0.033469630280444966 0.4279381106634593
243 7.754563572594256 5.549040455409748 10.316176614881021 2.4272251063556656 9.432814013163302 25.554381192247178 2.8148292319530412 0.839345297853668 5.179397801318634 13.30083963420966 31.969007269565587 0.5079504988676584 0.05098535021170707 0.426576251721024
242 7.2806315827249275 5.592377472854951 11.180533650410847 1.9281270972676074 9.281534504519444 25.943814848265212 2.702144291309762 0.7940851739658041 4.879419986340157 13.683456241429216 33.24687873061548 0.5099149984165463 0.02127039950746266 0.4280160335547245
234 7.858396874847213 5.715948010771773 10.519551197820007 2.420049427757089 9.67367080664272 25.722371413084538 2.628767722575336 0.4673165399392619 5.351803716955694 12.736750946653473 32.18205116705856 0.5090605742280233 0.035337691432297015 0.4272129283365241
241 7.810726060781971 5.571454031160411 10.75076849922242 2.235378376010043 9.62775964881971 26.250251996194883 2.34665245952689 0.8103572138984644 4.296790424588883 12.431593243376655 32.96360709937156 0.5082800271687207 0.047250922538350344 0.4266307366088915
216 7.163997535317203 5.85804068603589 11.215318902233488 1.937439609294143 9.423685152592737 25.422430576540485 2.8857080682862306 0.6459928480344975 6.174079248857383 14.660769843923013 31.496027891839557 0.5074812946819814 0.05737012508948809 0.42551939758423013
217 8.031767832195532 5.2743749943009615 10.536375853372205 2.6737663843954165 10.338815412013377 24.37985438377926 3.0901623197398886 0.9769881488378953 4.335923440861215 13.169194534032526 30.29072052524034 0.504744221738909 0.0730867139714647 0.4235153346239958
218 7.665050821284583 5.4865079707369615 10.976265428406972 2.2000881048244856 9.774420589446498 24.902008627541548 3.1354735652266696 0.9152982701316814 5.300277176636721 13.312229886248804 31.800195316439016 0.5067162518568299 0.061412994259589376 0.425371801009088
233 7.338211157579741 5.947239403525948 10.785561899917631 2.3025921660880373 9.501843201200398 25.37388892483075 2.9319119586814835 0.9307872955673772 5.208158597626673 13.042843972277065 31.201914092382797 0.5053486678123125 0.07316495823946889 0.4234522410803431
219 7.898780593332111 5.719942153005094 10.725780245030863 2.1416330712849923 9.26737886216735 25.234862383006647 3.2608096560530226 0.561264615539396 5.486947749329366 15.084172228713946 30.614237056039094 0.5089305023683169 0.044430023722214135 0.42672331782020295
232 7.235120658513426 5.667863143920528 10.98850803533983 2.224617569640685 10.192704547331305 24.50592864446523 3.1387081675734207 1.0016462863815414 4.481004124060166 12.955583669313999 29.696307406989938 0.508168662169668 0.05181321086929258 0.42590059456682705
231 7.531374867374491 5.4824169321296505 11.316928111932112 1.9662466473109173 9.7778016895103 25.358037123831895 2.6947615602872035 0.8120082829550256 5.849757371950252 14.23568051392176 31.510946895005652 0.506774204104775 0.05540937827480729 0.42545574875564757
236 7.544387680739674 5.648800463559274 10.928323937206528 2.236062018167325 9.44913869459622 24.891547209362887 3.4172280619964064 0.62321377123285 5.205747478530091 13.856551947804588 31.421107511072595 0.5072459395437223 0.05578818542379957 0.4257250818127601
237 8.148478452389654 5.269755648777399 10.492731798357836 2.3686976784793816 9.417535785427786 25.790185995686834 2.7438742076139127 0.9854874813585 4.122332534553522 13.389198966577402 32.78987285198565 0.5071036212697562 0.06247646806016518 0.4245705990796145
247 7.5035939755351295 5.676796626666333 10.974690168709223 2.107504225669604 9.422647703446495 25.434901845149852 3.003543630437811 1.0456527034468142 4.457765141759149 13.423418795410587 32.408491387530454 0.5087198285832797 0.0464866680262498 0.42578523074590635
210 7.720193256739781 5.728149596631776 11.141967529149516 1.876547160616495 8.616468737983388 25.941290102204537 3.193656937169198 0.9503920473483018 5.701993228034541 15.531636438537692 32.96024452709451 0.5082001292332821 0.051763589183111296 0.424551664827918
246 7.327926555555388 5.7042870918503645 11.015430115847204 1.9612354108088286 8.89287312321157 25.987996287411423 2.9042766185448263 0.7148466611616398 5.726090949379537 14.423195540610694 33.10963883548565 0.5086574261663186 0.04403297521415518 0.42676373950405516
245 7.568457013247107 5.913161440896672 11.117888605288794 1.8924511878766566 8.632394035578864 26.576185079869056 2.6149332323893404 0.5567319785627638 6.826909802011652 14.837001333794904 33.79780056511077 0.5092213652219951 0.037173302400950375 0.42752431260459356
235 7.947801589978365 5.396994932548411 10.265455317584873 2.4151371742042054 9.032378311630552 25.64631209782174 2.9353063217485187 1.1408341605590044 5.890521486567793 15.371628069822242 31.49328672164517 0.5056022793927702 0.06865028415869043 0.4238533406244423
211 7.7806306117692605 5.775681692434509 10.619805382281942 2.455971822471007 9.890561787637255 25.084950401205777 2.874342968334954 0.6680305915973571 4.730245839012856 12.340348358277488 31.826769830351875 0.5086366058426943 0.03702667307731023 0.42718657231464124
212 7.671129906568041 5.746952677983566 11.087686400004145 1.8835127866813641 8.928135316373188 26.112755657283635 2.8545313222266886 0.596623318509427 5.627623517974586 14.912154642011117 32.58387917836795 0.5085794264566763 0.04224117406837246 0.4269449224822064
220 7.777548750780328 5.863395126140183 10.342233531136339 2.4010484508480943 9.145223352930724 26.43384294657605 2.461529092400137 0.7373492097797413 6.297102301255119 13.095447929791424 32.72554956284797 0.5091967726051018 0.040590362488165735 0.42688716914481717
221 7.668622718263784 5.645281250661644 11.18995327250339 1.7989807315721946 8.750423722758274 26.113180260504777 2.9570151262884905 0.60130536777924 5.7936374599965035 15.557732172851646 32.925551997913246 0.5086226806911048 0.039386447177849095 0.42774562927027737
222 8.122654557592178 5.408244362611075 10.916117560849242 2.207064111321313 9.954139389978156 24.80057250339128 3.077121433856362 0.7860348121162508 3.7934553557003476 13.238480823768914 31.490549290443447 0.5092349385079461 0.03575942092665836 0.4272441736253299
250 7.52233845216849 5.888541025240009 11.002568872411803 2.0119597025590985 9.656703586644522 25.674466220428684 2.716989246122787 0.8355872949986439 4.792423582096355 12.661790838698257 31.93313456985576 0.508379892472069 0.04601009165650612 0.42697566085571653
249 7.405940698364701 5.786041098730969 10.903833020598396 2.0866197514091542 9.514745611976435 25.61590401088911 2.8628797457896553 0.9157377024978252 5.123088530306476 13.420446076625765 31.427909052437354 0.5084656575167006 0.05067849786602326 0.4259279954612478
248 7.801380815892881 5.499886756823669 11.006834378880457 2.1566821603600212 9.583352526699581 25.84233332987415 2.6428594109572234 0.7935678337331328 4.318600461774643 13.177278431358944 32.88373271948865 0.5085595254459796 0.04161486822911721 0.42732707350084936
238 7.68208674095865 5.814691745805849 11.144174767235715 1.9835599293030899 9.413704752734128 25.690817540605956 2.878410842301803 0.739359628169553 4.833522425015578 13.274682875361956 32.490200288094165 0.5100243717084877 0.022125638949369975 0.42845211521554366
213 7.625830004985529 5.735527175326601 10.776753036782463 2.2146208172903283 9.709949386844547 25.42692126951479 2.7788992629323515 1.1616748712052853 4.124340287887511 12.551195902141238 32.27577730856895 0.5086781893864291 0.039961606410176015 0.42670247172804243
214 7.242437670636369 5.946389813008389 11.134350394132774 1.9826113468053228 9.719966026020042 25.91225505023144 2.6580337889047767 0.6442738709008795 5.733814290957451 12.543761226817816 31.437258271103232 0.5079746107735202 0.05190742617869734 0.4258128183640919
215 7.802476954505148 5.62728618407008 11.282876631394052 1.875286077748178 9.3471706786856 26.184337432477662 2.453126733374655 0.5466117502378518 5.4403990540246685 14.339008044614362 32.78286160651707 0.5094840765048625 0.025504868219219275 0.4280930640090276
239 7.658508876578617 5.858308730988644 10.897753723814247 2.1297251830766752 9.641575342985945 25.376529642181826 2.8779065204710195 0.6236379883012005 5.571930154339118 13.876058797675507 30.823156542281968 0.5088438832851397 0.04575544347768323 0.4264808417869369
223 7.908890869153004 5.348831230629494 11.19258581405756 1.9889593507517827 9.784472376420862 24.98792155935012 3.1480164664569648 0.5955655405918118 4.314183106243754 14.360562964116934 31.18103342222758 0.5084005656828307 0.04134980438798104 0.4268629754439542
240 7.6460659056454805 5.72359553484164 11.040453835786183 1.98970249324756 9.452095468735736 25.448804302402408 2.947867238801952 0.5886463668848392 5.495373132257225 14.773621974915075 31.269631383128704 0.5086541909370152 0.04875126475025242 0.42596092183677337
224 7.439084054457689 5.419218809663629 10.086422983480736 2.7922292519597285 10.160068097209257 25.085719665334103 2.59240602524511 1.0282101025825883 4.8224295907317405 12.942369310305896 30.254491267085953 0.5054361095003871 0.07730614402031162 0.42212218522943884
225 7.1930217607172615 5.671968826532945 10.743822542425521 2.296775243581766 9.828788967920218 25.301386856418198 2.692364469819842 0.48768749193887734 6.162311563054761 13.773411716941549 30.43194373091407 0.5056961438357991 0.06532377262977991 0.42518564086239397
