# timestep 50
# phase bcc
# id f1 f2 f3 f4 f5 f6 f7 f8 f9 f10 f11 f12 f13 f14
1 7.201892007926741 5.385316058850936 10.550369580671314 2.521006929246131 9.157310910481964 25.55517237349595 2.99359972996322 0.8659091110837063 4.700838450273014 13.16306518613191 33.76876366302736 0.5074131940046548 0.05830506613173198 0.4245741733072033
2 7.440742499648508 5.266481091262419 10.608457506981646 2.387030124683826 9.965453777601011 24.98290742416078 3.1838690392639726 0.6336934561252118 4.608154097355485 13.080366813080683 29.985610303327505 0.5043392624170954 0.0728322104292572 0.423798568278444
3 7.200007754404529 5.694007813906743 10.933857559550583 2.0026410264605783 8.928418482171914 26.81360472583109 2.2700884874390868 0.9970741268111729 5.485166032168711 13.575578000105963 34.06646297434821 0.5077977932993667 0.036416782840972786 0.4272392210921084
11 7.647514840131633 5.312547734299647 10.061270648391801 2.814947581612631 9.815493623262716 24.40034954225202 3.391071474766587 1.0875343077457444 5.078825425583968 14.054224535951064 29.630655008881615 0.50451104539517 0.07639783189230905 0.4222879772642718
13 7.516848462126991 5.330773761230585 10.545532910616824 2.171918558359888 9.867741452013751 25.30908148894435 3.012048442291195 0.7422505575203195 4.900578100214483 14.735284109585288 29.0515261304847 0.5058748844025562 0.07364501900900162 0.4230843624694186
26 7.1280917242886765 5.784527665515605 11.28588955383905 1.917375591881121 9.48000882015934 25.228748566113698 3.1203249384309815 0.571219044585544 6.01898754846639 14.353272968991513 31.281070810102268 0.5097864688974413 0.019509177538470857 0.42749937336822874
28 7.743016376424823 5.3091658200822796 10.566450978660258 2.139346956851559 9.33679209310174 26.039826667988308 2.527615983974295 0.9683892167985212 5.704707088969087 14.931088486550179 31.61521234607594 0.5051495407585628 0.07457672021520816 0.4219849681879514
36 7.921919983190853 5.481630532314124 10.337377876106121 2.631727516828349 10.38708473375007 24.79486844024974 2.9599713170009925 1.0285346355611282 4.403039951709129 11.987364419655622 29.290577571770076 0.5074985961245012 0.057965580717933875 0.4252150632136517
38 7.8738493095241 5.641298329860859 10.857037899624238 2.290308784505399 10.787040490802948 25.07472406357586 2.5058913240021132 0.9237005318224057 4.084224388799149 12.133839546796155 29.020489517092386 0.5068579912692395 0.058063408907728986 0.42495638659629226
4 6.961582231388853 5.3711089806051815 11.265304889206238 2.1093437443361314 10.432254002777976 24.825444663521786 2.7085909738331218 0.7332958476474528 4.298021859779684 12.568128318639463 30.92318304393475 0.5085405509416389 0.03883896403877214 0.4273415059906048
12 7.760743910857923 5.045794430008921 10.480980959184173 2.7780181657699736 10.373212610639571 24.519741240747546 2.983155949032323 1.4068547075657953 3.536161591206249 11.481794559821749 31.841524834105158 0.506151674361806 0.06183627635671104 0.42403914070940296
21 7.29865023247777 5.873684275481684 10.780928665409489 2.2477101365686925 9.515333939824458 25.275815497097582 3.063908021222496 0.7596827701367255 5.397815233051738 13.016896894873863 31.4488403046245 0.5088746392497119 0.03682842938835904 0.42715257802469486
22 7.611506212095736 5.308835502867438 10.859088241340903 2.426347087928627 10.33694783366403 24.78319703217117 2.9408632320256043 0.6001002042349548 4.796820226563423 13.396047448515016 29.568801303227566 0.5081326890462321 0.04422971575029995 0.42636489993935556
46 8.083246171571707 5.593856907770471 11.076658111518821 1.917517941038054 8.91912648754254 25.780963632229614 3.0316476224071374 0.8089663772990662 4.826225542533244 15.13081381213918 33.07252543073212 0.5083122523376941 0.04157149269586489 0.4256584480287077
47 7.322663644788875 5.423343144573352 10.625222513680042 2.4894119004153645 10.150232998737144 25.382515262438346 2.560327204420669 1.1638597096476069 3.5944465348800563 11.018002428206271 32.64366229669165 0.508309292996999 0.04236607405038047 0.4273602993010583
14 7.513120431304748 5.359343953181505 10.860443622463231 2.5369953273920025 11.157611292260652 24.776349347402462 2.443340019931163 0.886052925454716 3.99878539255905 11.381556865945004 29.31213853986361 0.5042206663923278 0.0760100971037405 0.4233792363960221
27 7.489151790486286 5.795628918836455 11.07824199817558 2.236542599846858 10.111925982972474 24.76234341823677 2.920979882679037 0.6961851071321851 5.508265514485359 14.113585867951445 29.597714835839795 0.5085888400274765 0.0418539908213733 0.42666759689116873
51 7.366253657800298 5.60968993190381 10.813949777006908 2.215352084554692 9.404038445892416 24.887922733965553 3.4363999614217815 0.9937252626227677 4.788367178180538 13.931183700917863 31.15920802328273 0.5063909878405987 0.06688572762610943 0.4237678413538118
52 7.875957426151098 5.268483934943786 10.412070283102608 2.7432102510521332 9.801937784860955 24.68662559078786 3.102011984496479 1.003598916710326 4.407397960610013 14.11725629183792 30.522264438861818 0.5045762148088374 0.07883173668042004 0.42050000921526987
56 7.153522170695069 5.541593941639948 10.658265663699229 2.4124929301344813 9.430717189647433 25.524667398478154 2.7685787299583278 1.1221846864146905 5.021304199649296 12.59832747863015 33.28608468639899 0.506412946450203 0.06340581397462107 0.4245372934314586
57 7.190865156407468 5.785107347410909 11.033853637950752 1.8792640430760676 9.44508464510989 26.06727663012547 2.658156922533919 0.8979705036193781 5.179728837537823 13.105763595425765 32.21342263922347 0.5094439802986064 0.03393907979020478 0.4266899817547397
29 7.002501661380651 5.8016338532562 10.657276754416095 2.4574590183606646 10.310662557218116 25.00027096234034 2.6681882808002655 0.9881716384408682 4.164017323516265 11.135956245212892 31.06981440859928 0.50655766288248 0.058661077041965964 0.42550278792831625
37 7.712730712358361 5.69212823778998 10.807704909961387 2.4770135494648615 10.608430523673322 24.13643368458095 3.156047439880153 1.1238355415776795 4.090946341571097 12.343023030916717 29.020642683884127 0.5070792026691191 0.05754626366785762 0.42557711042288004
61 8.099736139614528 5.350896071456648 10.74916860783614 2.2501004434275904 9.387035328325226 25.141262020504783 3.300201764001428 0.9028733466259122 4.397905704541056 14.412795761393081 31.653869132558334 0.506257804721892 0.06428657930339905 0.4238582528512726
62 7.674829786574573 5.503840424279397 10.906361814589904 2.1981783449786265 10.104658718862812 25.305167701393497 2.7305876821733492 0.535236292663344 5.245270310563255 13.683442970752083 30.161754198793368 0.5090843249600974 0.03452095021776117 0.42719515624571325
39 7.645432970546685 5.369436983692604 11.020300581269074 2.310536327184735 10.512425100507128 24.343025403614938 3.0770684112615094 0.877481898410799 3.5505264299302306 13.217642333972849 29.446365706094976 0.5080894006515453 0.0491946096822452 0.42621249935873834
126 7.985575953740165 5.566321275898035 10.919443831100388 2.1730272107005226 10.026829901075175 24.548920079417783 3.087627574199662 0.7475975015560693 5.256984344977457 14.742254519969684 29.57672461057656 0.5076183773791723 0.059011700342914364 0.4247545727495158
127 7.8548933903670335 5.456122984236944 10.817345412187036 2.2666476922303236 9.565766260181299 25.083577853330123 2.9991196513674536 0.8792537837712936 5.456253922484069 15.345221222058251 30.120007817504963 0.5057119352787979 0.07021675100618054 0.4244885839767146
151 7.424098080533429 5.430907912330288 10.439366650717107 2.4967902344281216 9.671605763787362 25.91212107872424 2.5450622980988684 0.7649412422163178 5.839327656125012 13.178848858708236 31.1983905160622 0.5056860903564468 0.06854090202924061 0.4234038200111882
152 7.5248059625496975 5.502929916932755 11.389098277580258 1.8835995479272936 9.162834129981855 25.497147470786505 2.9634149765283095 0.5941049612759699 5.174892881170047 15.483131607027243 32.32423466049315 0.5096683143869069 0.028180909569173015 0.42680209561260757
66 7.467593363005684 5.559368885927927 10.551575050190054 2.3571665782211317 9.287819096267025 26.210959072008674 2.581012322142783 0.9346548387059019 5.0805087718076525 13.521763070027193 32.312367741247826 0.5083721251534647 0.04092761941923072 0.42647429436039536
67 7.396642278750881 5.679794181513858 11.2441551892407 1.9337389848644582 9.70024278570955 25.103117167807156 2.962904492696697 0.5984218849703448 6.084020090158804 14.9216408081944 30.20693450935714 0.5091669987986708 0.029666183178825876 0.4281329741868491
71 8.011696482367237 5.389525419711112 10.475353949263006 2.291864434967706 9.381622011327602 25.733207319404276 2.859465324747337 0.6963304950061265 5.369544741282299 14.72662115672852 31.263214839490836 0.5085201601427132 0.045939295358101526 0.4267677462847085
72 7.433042694307328 5.513302690173394 11.457024641357988 1.76057193506946 8.885067036590076 26.02955181149133 2.8143755240498542 0.876743606513495 4.423432937892652 14.841927070609676 34.170225233615845 0.5088980175962706 0.03451255049676578 0.42767624290881046
187 7.427302053590848 5.688754782598816 10.358495804149735 2.6930386004789413 10.542236718160336 24.792704871148487 2.7897988239855285 0.8702351130253251 4.273920524634887 11.599027364566549 29.33184422201068 0.5066862773155524 0.054307163373168175 0.4256447251004925
186 6.891566969294988 5.874898383292472 10.944930928454076 2.294386694250122 9.907853387544751 24.677925465656212 3.2481551686878856 1.1371105908015922 5.337363886654678 12.404540176883478 30.544771466035044 0.5048803948331845 0.0675156884648281 0.4247793417850563
5 7.222163800145865 5.609754491339109 11.148975935524652 1.844676867630197 9.434843201478683 25.42186147062997 3.0854754974854774 1.0696139705810206 5.114018068755934 14.640531597961994 30.60657368312689 0.5086983309570495 0.027928125333114385 0.4279886954405553
15 7.711136720280536 4.981104811765048 10.995748264690304 2.5236853977281504 11.293487511160869 23.915067135329817 2.9786570983641965 1.2893342985301142 2.861446550622762 12.602363698549107 27.704069988168023 0.5046031679202598 0.07359909932505564 0.4225782481334429
30 7.906276867573351 5.316383153948919 10.99160824347071 2.0807400927203923 9.472613030117467 25.843119548693956 2.722786428611239 0.9073485858435344 3.832744621016694 13.710010520997665 32.84784126064969 0.5076767099064161 0.05394928889988144 0.42581604755013697
40 7.845808340386661 5.2999107819744795 10.518560473598106 2.582379644350616 10.428076222272997 24.691076466135495 2.892675433936399 1.0252326469440516 3.940605903168631 13.175856852376807 29.27478625373719 0.5048081409340385 0.07358876381119164 0.4226907247307526
6 7.237564724252256 5.682697972741828 10.744961279533937 2.4221037425140164 10.679642442315831 23.97099904919114 3.1719828875542833 0.802763728686086 4.043490207033458 12.535482413352607 28.535633327146346 0.5070203106270241 0.05599587699948389 0.42557278061004883
7 7.3852998600094315 5.799016572352859 10.560064738151029 2.4544385953907923 10.051208928521412 25.244955395139428 2.693565366442851 0.8802088314972555 4.473484310118719 11.632885953531863 31.12696608921574 0.5057259294609672 0.06228837312832616 0.42521611404692067
17 7.339266041517637 5.686902177380588 11.407718053296028 1.8813357900924692 10.014126456339778 25.119452035162507 2.8830978648168344 0.9014153874353248 4.815949053436881 13.161308702904872 31.002142932462693 0.509350030615504 0.013758516172276912 0.4279089023826889
32 7.750488277872967 5.670969414859247 11.127928274760473 1.8530493269778037 8.454521842433127 26.309884563879052 2.9950122546027744 0.9734176476607881 4.7011779760552415 14.739339965863056 34.578402402423784 0.5089941693178432 0.028333642376312723 0.42749171391341095
42 7.476010268050566 5.699907546478787 10.851472587660988 2.103824284002754 9.121183495289932 25.94058229151582 2.8003068434578937 0.7173272034222624 5.378783199553432 13.940337339295217 32.882162834325996 0.5085183609520186 0.04718833110400467 0.42589854425491913
23 7.861075776930022 5.272338944244131 9.881653202605158 3.183901524658724 11.186641381079678 23.17806019802202 3.3911732960503187 1.1850224314893152 3.9170709023478993 12.361794052739354 26.766776959479067 0.5044688986252231 0.07482352561203175 0.4222709189850707
48 6.738457605184772 5.77106953369958 11.107895000472805 1.9657095025784685 9.71614814111908 24.903173938935154 3.2853654585139296 0.7550875035341409 5.458853754236874 13.174137242816128 30.74996994918023 0.5090806563621956 0.03973078539828109 0.4264830868053902
16 7.625191896450767 5.702918687876555 11.527653288324256 1.8137333932431756 9.797715875161854 25.67580019464681 2.440575890910012 1.0440346116691344 4.719711515614204 13.752116177293255 32.29563321760065 0.5079678040047828 0.0432701394510769 0.42659839060804083
24 7.345202868625471 5.773497663963533 10.271988187555548 2.7236490695984674 10.283746474708515 25.42476131992034 2.69182126136811 0.752687652793685 4.68728181910143 11.18885992685776 30.39459253455292 0.507526187101505 0.05291139992614546 0.42563467723002163
49 7.447171429445134 5.63086239211238 10.090420886018933 2.617130326791369 9.705980745093376 25.294577457851336 3.011266150840062 0.6210113461464047 4.968052869025511 12.468780766949523 31.063614752577937 0.5068086728594475 0.05906604408704328 0.4257389020334079
53 7.438267901051025 5.864568620127745 11.111899561011752 1.8635330274875666 9.38523397377906 25.21180334553707 3.1473956404310743 0.9825120573782026 5.6633673123050885 14.251371812750738 31.19110493626374 0.505906561484598 0.06618272201768326 0.4245656517569807
58 7.551453337595796 5.630378118054993 10.526149839127797 2.5822926548868383 10.213216722366118 25.239275424242138 2.6238146621996687 0.8581804497159612 5.41694052150683 13.78585141646047 29.122098974611824 0.5070906786676925 0.06381652092389836 0.4222301474844479
31 7.6221404524558976 5.747939626065223 10.90579552456881 2.4456668068359124 10.590128270608938 24.246712144060275 3.0246160966295754 0.7252637810749797 4.3111319252225755 12.255927664104247 29.738703943908153 0.5070233996361849 0.052269395228964316 0.4260676170274168
54 8.028192914250297 5.217257257457226 10.638222634067256 2.2735407460048904 9.108018115534977 26.022069221336903 2.8508458201270215 0.7007351220600886 4.967627671999535 14.481475816937639 32.80905990479549 0.5081034592983922 0.05805794860512272 0.42456393444521495
59 7.343062551854255 5.733516378442681 10.545007579275829 2.330381670065213 9.519245612580715 24.893630516513987 3.2313318035683283 1.429088270372459 5.039998052663377 13.623780764156022 30.498613776245996 0.5061084630981715 0.06692645650211512 0.42250628376721955
63 7.534379330044283 5.621615349151526 10.591042591227806 2.444580360955885 9.945036827685001 25.18735770988181 2.931783758093596 0.7485621030007783 4.775736152970984 13.34052761466983 30.000178382679966 0.5060875497112376 0.06589351107298778 0.4239352403265259
41 7.501479823630039 5.502440228026559 10.96196869642914 2.3400984097512403 9.978568194008927 24.913417135257887 3.0478183104063796 0.6899479199409648 5.6059257741788615 14.61512673422088 29.24912918245674 0.5071976680654826 0.05451400921958606 0.42555120172640665
64 7.536865052808455 5.7127181300557135 10.508093556730518 2.415099556883394 9.828471366748401 24.865410481047594 3.2971174726903762 0.6149758435466468 5.636435808444639 13.21763275503616 29.5321695574946 0.5071048526663989 0.05619209692737167 0.4244167512564061
128 8.541233165826213 5.292026315024416 10.835151761543802 2.27230834476533 9.489793490087685 24.977451450320455 3.224658156597884 0.6003086072810307 4.555405523223209 15.324236569323796 30.870147184801745 0.5077920977774052 0.040716604590268095 0.4276914872560651
153 7.409279007928552 5.658247331717001 10.407686795679192 2.4962025239116103 8.825830775669795 25.31107533803298 3.428649715033049 1.396963981471588 5.133612179411352 14.597118816466898 31.944651785688894 0.503654609960878 0.08175098646008058 0.4228129474476094
68 7.245880885392562 5.797053611084382 10.902496911559602 2.113250112043055 9.287304564759955 26.153994367327087 2.4632948887488535 0.5464500392288433 6.0454233147202565 13.757546300182609 32.31014111314773 0.507346694941055 0.0539787468774768 0.4255917036256153
73 7.194145319403956 5.941884178201756 11.145938782699035 2.1309278619495506 9.756914187257982 25.81752862885826 2.5377768785468273 0.7851529401486749 5.2549960989886895 12.39805005149525 32.05142303773196 0.5048088356447379 0.0656140166654053 0.42344292590433547
188 7.337638768564127 5.87545904457145 10.566010028865144 2.3409110750150735 9.295435110367693 25.86287300010751 2.7844193307975225 0.6726335714916627 5.850510661152333 13.254146889977175 31.905654822687634 0.508233599395352 0.050222080805136404 0.42529723209879144
8 7.7660737535434 5.749061375631032 10.725900016384136 2.4752030625588133 10.013237399582394 25.236826638547356 2.754563654357425 0.835342170018412 5.2857844685026985 12.770634523383029 30.822106081762165 0.5077940844449141 0.047757214055232616 0.4266430188011311
9 7.682109486537733 5.558362665916072 11.00175149020933 2.178432456160835 9.64942668333664 25.38353644435906 2.9974259697503065 1.1852282234190725 5.092780754286516 13.51454883960649 31.196749825405433 0.5065975294849746 0.061854708758091514 0.42432804391947193
10 7.68239517339883 5.636845778819926 10.668837047287623 2.225388343664211 9.14762193938663 25.661225168038555 3.0176248052851466 0.8633081562815099 4.799265794782088 13.689355600417436 32.587419860070746 0.5092768720658949 0.028897409054389395 0.4283825450007852
19 7.7989195984160755 5.157297230020711 10.882796017002786 2.2588261497130078 9.261769479211345 25.03457293870063 3.2283119038634185 0.9125778030971862 5.33719912017844 15.040683016401454 32.34894675331373 0.5075071854728285 0.05476070710205903 0.4249882970439954
34 8.003834430710528 5.541300334628064 10.30963589687147 2.481992984458887 9.78982068265375 25.64332143359355 2.625832384472071 0.7630175061115441 6.053334739253267 13.913962957605932 30.08199361520125 0.5069049725229409 0.060243615474029566 0.42458678466187194
44 7.559633367359979 5.7636245527709455 10.800664268940533 2.210536862040128 9.24200772727945 25.148501765610142 3.0999654561532464 0.5774961751509544 6.362165824114199 14.74363571656489 31.667018299967168 0.5070585829760864 0.05939043005363639 0.42511925100770187
18 7.561155379426535 5.634066313428724 10.913784309385024 2.0060172474860862 8.636180511976153 26.894826296235845 2.4333420364599503 0.3542892647235022 6.557584973584448 15.307563334451805 33.65290418598619 0.5090331264777933 0.03465746302892381 0.42849269284755226
20 7.336546050355084 5.7842132470138825 10.892072728800121 2.1903457051743236 9.19689826199415 25.111631645779106 3.3125708972022854 0.7486218620898489 5.56557476838105 13.853131562606903 32.172750466620265 0.5076336945823183 0.0537961890850855 0.4261729907135949
25 7.568195421616298 5.773140447192972 10.927155139028766 2.385781335867314 10.114228356543164 24.755416875846212 3.1941582363450114 0.8704880563341497 5.321132747189258 13.453626193059364 29.258324444793093 0.5065632746570027 0.06600092709690131 0.42416060027506497
50 7.731935204993977 5.770220438189009 10.793747122209215 1.9252864947669697 8.367211222281679 26.642091237178995 2.9298979425623797 0.3964952400417572 6.973170674525229 16.331388112746993 32.17959423364872 0.5074899356978406 0.054307646703543794 0.4257738002961273
33 7.60927091481018 5.742156590216569 10.766797784698552 2.1183062014636995 9.12133785724225 26.140986155107726 2.773100273407111 0.9475860596078128 5.640565671079543 13.416212220965154 33.06111325864231 0.5090084657238242 0.03708485832034321 0.42683921070653513
35 7.868640522518936 5.658106512076328 10.907060434593474 2.1372394591356385 9.327794295088584 25.79208309181241 2.813780650190455 0.7252991724135452 4.8607550455796735 13.696430263268217 32.635626963853746 0.5088114676847741 0.0348146831381578 0.42700661874932
55 7.665962857701496 5.425480256610911 10.723258995926896 2.058112388240395 9.11109024584307 25.535432287923303 3.308519280649987 0.8799688264631217 4.8428769224803725 14.388979534654517 31.788899556652296 0.5029099818804696 0.0851326631612502 0.42105258118262656
60 7.290122438538204 5.757633905054091 10.466030115112037 2.7013995714847665 10.226284981201177 24.94192134956248 2.7240772799826907 0.7668029497235188 5.442335562734429 12.063165852574908 30.349334128475935 0.5074879801329972 0.05027125901382514 0.42458638023526923
43 7.594324337550638 5.773700660146382 11.108334050996733 1.8485499762371953 8.62711344716987 26.253362671298095 2.9564833377800475 0.8325157602114805 5.5650790761002025 14.365815993911431 33.66085675034269 0.5096041128137315 0.021786801365114374 0.42774289753700334
45 7.686759428406097 5.692915338799259 10.362780840845396 2.4322213929051775 9.377571135495248 25.197853656390595 3.181852057105476 0.7691534527976113 5.7435418301494225 13.780029402868944 31.367012101656055 0.5057558366950815 0.06989119549573337 0.4229346705494908
65 7.5068966376314 5.748363478614043 10.425958772381193 2.4452919400102098 9.672440267271794 25.02193986903689 2.9558888047910314 0.6800007744139308 5.7697005655558495 13.293681970059104 31.150035703947427 0.5072807041885974 0.05639376212323232 0.4245656633320888
129 7.60267766586148 5.729785562066337 10.96295400344675 2.0797889020115488 9.353370103005043 25.10654412245533 3.3903776361805305 0.9843619710172338 5.248042498566962 14.295326798686377 30.900594392593412 0.5075454818237037 0.044182771918241714 0.4269677479965052
130 7.217886245690488 5.756023528675073 10.949310300060992 2.142181170222435 9.628081391607516 26.053607555270204 2.52134760901983 0.6153043962701145 5.97705909790257 12.955264547581388 31.81403444277924 0.5056138338808969 0.06143864817987829 0.425585077233892
154 7.485000915052484 5.784163657882961 10.441663776403997 2.439923588624746 9.109963626920415 25.520092636012112 3.198447966285381 0.9687806950858256 5.091218869030159 13.049378630878103 32.49085052768858 0.5055707522654086 0.07307799915246634 0.4232275769052026
155 6.984334240659489 5.741395625490027 10.766292408420306 2.5903924451502722 10.133365361092235 24.845129582372326 2.9116169745692817 0.3741105544860797 6.240730509562097 13.20787742683701 29.543459498147783 0.5063001302450779 0.06667899960406092 0.42396969578409827
69 7.88673067453961 5.236385994132929 10.57510112416672 2.5962050580789127 10.248823455735009 23.834525396175458 3.73404893684826 1.1146954916100393 3.936798378896703 14.304286473219587 28.58576057668163 0.5042108580219696 0.07719611316957765 0.4222104836477292
70 7.429508876085219 5.598523561124753 10.800651765207572 2.118789666519941 9.54792867210976 24.716413495942884 3.36823204624875 0.5678912223191581 5.284150033804639 15.323404701329068 29.364029523511512 0.5063429784367007 0.05878123301242502 0.42572520847231365
190 7.559984536487721 5.42414973900059 10.463383351578948 2.4113828337846113 9.62768440335725 25.627245767433955 2.7188373109400135 0.6903903175659722 5.454662026553523 13.392130407908748 31.640754030733206 0.5068045480475678 0.05987561748876233 0.4250533825626519
74 7.704654975624216 5.602644477269999 10.670309360663495 2.4240364483120183 9.952663628675031 24.575864620288943 3.4877144194595777 1.170773262492344 3.7014616779855443 12.881056129277482 29.78063086405236 0.5075478118935394 0.05231831624085004 0.42438771708682144
189 7.9934508862395175 5.543687067102799 10.572670773486864 2.4422078052019502 9.54391166082582 24.36614171931432 3.7704677077806372 0.5123947771475256 5.469269296801318 15.523150554451817 28.70353518561419 0.5077902302619662 0.04587101818442796 0.426814349704858
75 7.744634916633027 5.508544283211326 11.129105772562072 2.058634250393028 9.21859033543996 24.969303924587166 3.4211005092108504 1.0985393256419564 3.6463388387465585 13.92691220912931 32.89137119973273 0.506828461871973 0.06074038021126153 0.4238569892963169
76 8.16993625902357 5.241105827056561 10.125054677922368 2.8607751791760077 9.761435257864772 24.962453579699083 2.974663960221158 0.6373100579166587 4.589031885333832 13.885483735625494 31.04825198317385 0.5023335628597387 0.08303360593756699 0.4224609762651808
77 7.465881934236398 5.905901184518562 10.973408569014932 2.057698556776284 9.110996069321097 25.947712376000403 2.776558055579239 1.0150005149681713 5.632735481374925 12.818062658843898 33.70875288660497 0.5075169803111622 0.04270618362214486 0.4269911796794031
78 7.334527092044022 5.914617076848718 10.719123816189674 2.287316550893832 9.675417079081202 24.655697800559825 3.5443530474620113 1.4392252266861532 4.360919806767239 12.700895271837018 29.965147925311083 0.5075836493689244 0.05651517442049279 0.4252490416799857
86 7.599308742105691 5.796559627164531 11.282623238999857 1.9184438052774613 9.555378458449711 25.461539567209652 2.9641402677672377 0.35901405259066554 6.771857832296519 14.86833787037547 30.611899591479222 0.5076022120488607 0.04467803735043128 0.4269031638486244
88 7.308294546404851 5.647550110711418 10.46966181173375 2.691632856535694 10.113777620877327 24.96558186317375 2.8665792982140257 0.3674767577326269 5.645061481154276 13.239174332289245 30.10759116191039 0.5064270150703849 0.05813789684330075 0.4258670648673566
79 7.7693391766183435 5.391884037770501 10.732489222655834 2.1546001980873113 9.148295241823394 25.720041214417147 2.807740365255994 1.2477856440634614 4.661932898779355 14.516755997297407 32.46971606629485 0.5076899690961357 0.04333895123773402 0.427222063457731
227 7.219654858359797 5.741116184606511 10.924831186495213 2.0908928181020094 9.040555719070028 26.869851524379577 2.1917794212900383 0.7805496923714228 5.688178111051924 13.52782302415395 33.81725234305248 0.5085500773663485 0.03168652419637511 0.4270864926455232
226 8.09395800389036 5.386828872875513 10.45275945093339 2.8039262808166034 9.922284172264481 23.947306973633303 3.726701221599248 0.9188044646924428 4.339160038616229 14.830965191961974 28.63749417000831 0.5020778169374707 0.09190804626572088 0.41974067634185475
87 7.82647460502945 5.600811267833089 10.81032272733163 2.0607055827789256 8.817499183022193 25.800347383016526 2.968141654239828 0.8665410083405475 6.207622960534298 15.558128291454382 32.41561163789394 0.5071204503856406 0.0584948505297969 0.42490373261933795
96 7.73793889094314 5.78293271029298 10.376173131601643 2.544242910665367 10.16216562183587 24.70599390914306 3.1937205676029756 0.8120536239277554 4.163505672530866 12.052342522689914 29.489431564898336 0.5083654136050457 0.04894775258330104 0.4263430515269264
97 7.324380074423327 5.692063136480562 10.921230559568642 2.1999252759822623 9.654291414103316 24.796704486907203 3.296664504234702 1.1350745686404862 4.6750740990474675 13.192584354110387 31.252416820637507 0.5063505986253346 0.059418372907357395 0.42504943317542887
89 7.943470439525935 5.192669158281325 10.578353960980328 2.5500782869652876 10.227096313720647 24.728516299511597 3.08585064625899 1.0750620531094097 4.262235791293684 14.44635323408211 28.45637257272376 0.5048675430728055 0.07443991383476195 0.4223967000070314
202 7.926987523246582 5.486921304241756 10.854339930170585 2.2839288202294696 10.051762627110582 24.136359200179054 3.5396998860454025 1.0220227439070089 4.542912121212351 14.477727848002232 29.190842047686317 0.5074335936402209 0.05484715230406811 0.4247552502856563
201 7.822552236717938 5.388546850837778 10.481667214230013 2.521540932438295 9.8574524392576 25.725534817664645 2.450278087685684 1.270449005384079 4.085211756607693 11.786755882134418 32.83155617273746 0.5071937583245595 0.05115857236708571 0.42591747188388324
101 8.112440616103955 5.346604506064112 10.222229404666002 2.365404266102025 9.2488589573336 24.91610141841814 3.53790144824113 1.188927195841713 4.272256670530268 14.286997340796749 30.61449944270458 0.5057936952264914 0.07150662439021287 0.42315843822093674
102 7.72636158680362 5.622120244436355 10.634305862149416 2.7743229862145253 10.764809710359524 24.369200855723385 2.9046085613275707 0.7787333313348371 5.460834058220684 13.057449305764806 27.64425010373414 0.5075098581784675 0.04628954014293174 0.4258252624915415
103 7.685194163697467 5.832312491394082 10.85182432998538 2.233549402493626 9.871024383405665 24.607543082253677 3.4043416018320563 0.9523933082109883 4.453227172424876 12.92481944483662 30.25628093665939 0.507638818282459 0.046656477350557696 0.4264420848718881
111 7.475949634066631 6.059395228476901 10.80184627656502 2.1803870232817406 8.745646917944494 26.330321568601804 2.7231183209109706 0.9799824862345745 6.482794179283762 14.193314746950604 33.139631004826164 0.5055490802779588 0.06544177980923713 0.424645275499632
113 7.304348494917375 5.723680934583271 10.424456838667648 2.6483823960887745 10.314855067527539 25.12410347941985 2.613158503023525 0.686863973445173 5.092066878396998 12.281929107863103 30.03652880340644 0.5065526224773371 0.06030301657042441 0.4243370998490451
104 7.413643881196348 5.230738443017259 10.627169111039702 2.924865354002253 10.83497739886991 23.821770151470044 3.061756913494709 1.057239033899657 3.4106146103612365 13.012814378722078 28.718386357871204 0.5065823159306658 0.0604979889035363 0.42342370628822545
112 7.15261194677201 5.840680786616999 10.899553252999702 1.9126462182256847 8.545150560800877 26.436229615361725 2.8223348936981827 0.6260763912397272 6.593348102510321 15.371009873757801 32.69619754857908 0.5066473642945761 0.0631944993077555 0.4235934232480398
121 7.442042060704718 5.8783852669561645 10.277905573064533 2.7800962285429134 10.216941267268044 24.922540476712207 2.9457610250708273 0.6980390102407554 5.412266630639939 11.141043891070089 30.3506109873489 0.5057210582907758 0.0677468884800387 0.423228020642812
122 7.339494333703458 5.385637243752091 10.349212099741782 2.704423429259845 10.301856995014834 24.382032375777563 3.090845840672233 0.47910329985594546 5.914286570794423 13.893289396856591 28.473178779342213 0.5046986910190735 0.07087483778143684 0.42397418066188497
114 6.654075240273844 5.675471137140638 10.61977229076158 2.2927374575253414 9.790823488894212 25.889431979759042 2.432811776883276 0.957742009365219 5.916459420218728 13.190099391489792 30.317799631799105 0.5056756479869552 0.06956094402760829 0.4226681107634803
80 7.41338282280717 5.813135990143953 10.275801669830177 2.8742203986576214 10.497852710147326 25.253532923447388 2.4709564883711694 0.7651495562342701 5.49464672554376 11.519396748124027 29.895532750528858 0.5058295317121123 0.05582938015397948 0.4256002634922544
90 7.448586302600801 5.4291831305361375 10.705323310942005 2.341155539386917 10.381819376894066 24.129696099535522 3.3529339413179056 0.7662190653284232 4.277711185612365 12.805586272793558 29.27653375959868 0.5073797141080393 0.05500525670911309 0.4249868628544464
228 7.509010778530815 5.709096934765497 11.002031309385993 1.9439019459682343 8.769094997970441 25.8635273845683 3.0362709385662825 1.178794431453762 6.203282324138743 15.428066089033086 32.19200443662133 0.5079400218189739 0.05030717238517985 0.42588757691688867
81 7.909160841173678 5.509404165033034 11.06269734437943 2.01304260189843 9.204967431693786 26.234109603634078 2.6547894525897178 1.0245934596256694 4.780191592831301 14.679643004329069 32.440178543409985 0.5069276888021853 0.05681536752839106 0.42573560870204996
82 7.0597006700563565 5.698114432623723 10.735498431712967 2.3440993533255075 10.004709951299018 24.043075191522973 3.507155529771487 0.7163412786055205 5.544981613588993 13.588407208767313 29.421711415165536 0.5043583269801788 0.07848753211055548 0.42267225139336867
92 7.77909177300206 5.333737980554792 10.698073953640357 2.5854469035479135 10.878618029662851 24.062784779603103 3.0069621379458678 0.6519736194247514 3.6632425661816614 12.478686487296503 28.885276277499422 0.5075232852576423 0.055788823976595216 0.42561729647887725
98 7.39222839693859 5.665996994946303 10.719591268589983 2.562655828827052 10.345796644081009 24.33992310446902 3.0680184603052387 1.1904027726817838 4.299904787109611 12.478057145809041 30.047674586622147 0.5074419353696918 0.05615097411130347 0.4238003123730362
203 7.6042699157709075 5.8851949158557 10.78927966792714 2.205484754256912 9.377313078534286 25.737718696166997 2.8357805116720898 0.7777111167452629 5.442387727575522 13.242498318816311 32.25739916654046 0.5075857421474738 0.04987106283596082 0.4263554446489723
91 7.835179490872144 5.545211482682971 10.801710391056623 2.2215457243752654 10.426198740160121 25.30503664206518 2.4701659811884644 0.8728940236696273 4.526203171582077 12.95797771701321 29.777783048443222 0.5070982102783552 0.06625082697997545 0.4234286719968651
99 7.489497673144714 5.792898065436767 11.119505976369634 2.018008252748082 9.110444447311952 25.751274239239923 2.8947677247520365 0.8506347983391733 4.679084789627028 13.442564563585561 33.68967891609552 0.5078681738069963 0.055210703553828504 0.425132382514471
105 7.217463217939893 5.76909501381504 9.854980474448416 3.1581375122331674 11.399883280041726 23.66538969136858 3.1465496819275685 0.5817934540983101 4.855614373776905 10.779346334463627 26.20188877355911 0.5058033008597378 0.061404901127869255 0.4243881046638365
115 6.725825691224719 5.657743580063305 10.543420689648674 2.482768552745811 10.911836500217506 24.178367913766245 3.059252166191356 1.5065527914476384 3.6771481657558605 10.548853852683832 28.735444753143746 0.5058475108751681 0.07059304307677318 0.4230981214128778
106 7.924730883372348 5.16193925699943 10.669055697878463 2.409620550942775 10.307043495769339 24.417848686086824 3.0114097280621683 1.056584050454541 3.2923053809313965 13.822895578485692 29.74392407217399 0.5051865096198233 0.06871300018307486 0.42361006394156847
107 7.268233668549206 5.77904068809593 10.715665751764206 2.379745274652824 9.93170015314551 25.01618783771959 2.937810554916952 0.7460616400780387 4.944941210517521 11.88177138764075 31.498392767300462 0.5073299830419002 0.06135101529271617 0.42438818666388173
117 7.240342282543908 5.321235420333721 10.314043378578564 2.802846670701248 10.816129615387593 24.551664398140137 2.6268837917487695 1.3040170361100738 4.374800868675564 11.820528685207504 29.191691710201876 0.504373491895287 0.08011890883224564 0.4217078251555491
123 7.637112206685577 5.305880937428817 10.274222489943375 2.6862293042383225 10.638382050320216 24.753118082569493 2.80166458057146 0.9918241271475426 3.2754416497932506 11.09961709267619 30.220565660508218 0.5063166580435099 0.061689885693759064 0.42553695091571797
116 7.822461678222512 5.163214107377427 10.311778557589928 2.8228698826938916 10.781349845373903 24.851632037604418 2.5145174716720606 1.114961812327057 3.804738119718303 12.30128355957463 29.11664890598781 0.5044489518857355 0.08032299818619353 0.42123877414390193
124 7.758062470686643 5.497798301443184 11.099611190560932 2.0968648454942613 10.067905854127668 24.580394579646995 3.3554838296075244 0.40512065026105404 5.625001107887578 14.856319345780097 29.009718436363112 0.5051509477528611 0.06974072292906662 0.4245231080585204
229 7.543163672004985 5.435568825518566 10.797924784872336 2.127175692662385 9.013985198589582 25.287229440703708 3.2463195232943853 1.003926650682637 4.343942094823891 14.141418978610014 33.0129910240687 0.5062228089069732 0.065006077330701 0.4243671761032225
230 8.015194955864235 5.583663141701278 10.930316217291361 2.213198414361963 9.539296546347238 25.39239900565022 2.950492994715369 1.0177312957885498 4.050052339080374 13.73949336333023 31.55511155314347 0.5082743578313698 0.05144944775163822 0.4263639500776256
83 7.477877884487269 5.400286910040709 10.382087794661961 2.4943652755733248 10.167812500391788 25.24913541557706 3.0096510809518335 1.0696506403512034 4.353382099135797 12.504054645914577 29.586898001919714 0.5041179743180147 0.08188382310979751 0.42163390233603876
84 7.556318642926629 5.166803829586764 10.738523376131475 2.040619486483434 8.906837383040727 26.733748226853894 2.3007113177215692 1.1354770646146553 5.717793123487484 14.031089739646616 34.35588608069144 0.5051756410035495 0.07383454548652113 0.4222532948966776
85 7.106071199037858 5.449484105076761 9.765730748267137 3.1879136918891513 10.049675446133921 25.169191783168458 2.733119291139934 0.6639374620177512 5.924839898643873 11.818539617705692 30.391372413484866 0.5037474347725862 0.07785181873823292 0.42277302035359055
94 7.049861438922063 5.606597792807804 10.65783020531512 2.305553832505031 9.98043386938804 25.0628343612604 2.9699962720969144 0.9244190839620542 4.584581818976956 12.767720687872517 30.09193926250082 0.5081541165710108 0.04892775128544342 0.42629618330134256
205 7.578640153082687 5.697058534160113 10.930947459322047 2.0311725755941206 9.076044670301403 26.38971369594483 2.524945433286682 0.9651797785178144 5.1214909136285 13.751922669242123 33.27174956882667 0.5085130431201791 0.031407958108760035 0.4285892666407366
204 7.518035008417785 5.427637334047983 10.808811587190801 2.018837611278338 8.560563747279778 26.475845149097566 2.819841924746036 0.5839942028137054 6.38104538943321 15.638858692962572 33.41736188836207 0.5078202560183059 0.05139005371551358 0.42580400770258003
93 7.22743319016111 5.630657048049545 11.000640885450034 1.912991085569506 9.434515699688008 25.879528023974203 2.6204732545161344 0.7179425988155761 5.476704656061285 14.280078872610616 31.971198058685843 0.5077288613094548 0.054294385692674293 0.4252095227683635
95 7.922196329802956 5.196278556701125 10.666511280521178 2.5704202770278193 10.020692114922896 24.812468434537465 2.9346164152364262 0.6347844640126211 4.958532511900673 13.311396458799429 31.202976970877586 0.5064863864448291 0.06172705530876117 0.42449285227799555
100 7.562576041447713 5.527354377081907 10.27580751091459 2.7877546779811486 9.802020455321308 24.87073520125135 3.0746270444584343 0.7356940936928352 4.362573121963281 13.03945236696865 31.333524383455543 0.505960109523188 0.06323344522272199 0.4237124964181188
108 7.30639877336205 5.766052512214136 10.94957129548454 2.0638755486569758 9.727339357548146 24.90686114579757 3.1731706529269803 0.9737529683707883 5.840175318332681 14.415405713164565 29.84661724340438 0.5076691233511984 0.05192949545915759 0.42572331433948546
109 8.231858814890751 5.363874197646301 10.351895637561556 2.4765255793274727 9.668113884090504 24.397671523826926 3.5579019497147883 0.7689232253887985 4.959426817056841 15.486299102377586 29.016945014593066 0.5062256704479966 0.06149914565145103 0.42418333365822164
110 7.42009650704559 5.758458967950761 10.56309172069755 2.372485204381235 9.628782734412342 24.97905935482724 3.2204548129537045 0.6206590280332843 5.8624855888099745 13.79775692017475 30.203355745021533 0.507896645586014 0.045911491309827274 0.4264520838102392
119 7.771239240829152 5.25426111687262 10.79125925057432 2.3427424161361716 9.27732409730437 25.651847134429865 2.8837408429362488 1.109381569628872 4.233686462287411 14.356369420393824 32.7402297018002 0.5093150644437232 0.02751873587257391 0.4277615933026956
118 7.445674093697589 5.5934104084449645 11.237181446042003 1.9600816808196724 9.427174372795822 25.85510253420824 2.6470077754290307 0.9111281384311196 4.707250403695266 13.90094242499279 32.72289631304747 0.508259204086933 0.04802923958046537 0.42704497544499553
120 8.068431447349509 5.524140683851094 10.794267138342327 2.2672077815224023 9.680220061983798 25.319718498989833 2.893384874042385 1.1409640744202192 4.255960797809748 13.059516886845095 32.06959894813002 0.5069299406618213 0.05474004906284063 0.42581324712084395
125 7.923631153049042 5.2868624895108685 10.82170893262223 2.459599186090713 10.57604203214538 24.120090992326602 3.2443723852165394 0.8668682942183065 3.96919077337341 12.626849466996653 29.96548471817845 0.5081440392465997 0.05671695408326067 0.42503786666954996
131 7.577008108548035 5.511401292960994 10.113299733567287 2.9464991869795925 10.36535057958496 24.780062571333705 3.044706305797193 1.0374853409255131 4.30507645837731 11.544045474665385 29.84993805983036 0.5046971961133565 0.07596949692675951 0.4222579926758951
132 7.480137937396685 5.686090867331509 10.729394800422892 2.298074963645765 9.936740711723417 24.820828383021894 3.1182148765631186 0.8998280910016461 4.603927736950297 12.829843234856602 30.606083435862082 0.5083121525926589 0.04475967116838078 0.4268446115194429
133 7.538750520050124 5.757855552010775 10.109920575995181 2.56589250273699 9.986338404318715 25.54634161933139 2.7211168220493627 1.0213046222071933 5.232230212680628 12.058545626946657 30.04209159917273 0.5068631700311453 0.0605695675711452 0.42363878654944864
156 7.4308893978981185 5.5387244532737006 10.941408531017471 1.7984002041215414 8.790376970747722 25.801838662327913 3.431736036268958 1.0144175971768716 5.289759291510386 15.663115964630803 31.35045594240477 0.5074631905221605 0.05762341211583817 0.4253570514124267
158 7.40541102068022 5.5980443490555105 10.74099393438084 2.5295299588762963 9.766440795706748 25.017066504181283 2.958682565338147 0.7376558301909247 5.7230663522638805 13.834054560621487 30.824528877851353 0.5073608369441054 0.061905723658536256 0.4226731191378265
134 7.296225220230305 5.719114803093144 10.770402903760722 2.2228353351235017 8.650822153533346 26.197982583644784 3.0533559708271523 1.0740454422538288 4.999775073331649 13.094223985478369 34.91926191655237 0.5076744973934242 0.042226729718783246 0.42602094857517414
141 7.615665927483547 5.738348670836571 10.872172338150003 2.185402366941924 10.175260175156245 24.69920196786243 3.120229513990025 0.8414706644229022 4.617506930938282 13.296493712587264 29.578205523942614 0.5067466449232803 0.06474965040740646 0.4246306001344693
142 7.798708105075125 5.4348037229352855 10.95953297241873 2.1604554324979515 10.015087857056564 24.854143942925646 2.9912398550147516 0.39261321681017447 5.712684659530729 14.61117602643856 29.662943587498134 0.5085997803093131 0.03875380616672244 0.4270269422934984
143 7.887198664865702 5.673491506231071 10.486629287891269 2.5690363144090176 10.125232891342232 24.423745161222392 3.4829771578806743 0.5380821783316204 5.128205254223454 14.359481055470116 27.28900195219977 0.5039357932497223 0.08493978318758016 0.4206244900480491
166 7.3362168711469895 5.572265299581861 10.644632192051402 2.6021897406343246 10.070902341557542 25.445604414353532 2.592619975989594 1.1551168975714925 4.222479501547843 12.147560862272144 31.402674970311207 0.5040706815014976 0.07936638395233156 0.42329283065430773
168 7.6848730418400235 5.643172611696594 11.170883492661538 1.9218429843544125 9.036184040858842 25.689381003756363 3.079618039929191 0.7586674790580373 5.17763772284788 14.599919940224316 32.27277217328798 0.5069624643467797 0.05630773463025392 0.4249047197619715
144 7.058532056621201 5.738188348039155 10.662370128827465 2.550962523487716 10.46528412635448 24.80587419659215 2.8227638207251107 0.35049251302886725 5.797608519411084 12.186760841213914 29.282763696762075 0.5084382450809748 0.037276462808507785 0.42819350713368315
157 7.703570393867129 5.417169322508604 9.957242830688882 3.1221290395510044 10.75343106470852 23.386929790745047 3.6289603005333766 1.0134512975600947 3.6989432250510093 12.235649108736306 27.688287933899016 0.5064488833922514 0.05955775097387371 0.4246081854291209
176 7.911514728722578 5.180677111528203 10.856052959573889 2.2324254102632333 9.537425792890575 25.331982088026113 2.8539860128404424 0.707317269609318 4.9068728252582625 14.979186402136481 31.82692792501944 0.5061966110248131 0.06719034666478704 0.42347915985689266
177 7.449826558394975 5.8038448618353184 10.750240442786664 2.2099201498575187 9.272649176590251 25.41507266976462 3.0939253915741083 1.371085140140661 5.849699454898522 14.457467653712381 30.517737553034216 0.5020292119339109 0.08853135760660887 0.42015235969355325
169 7.347693900101306 5.71794803181622 10.488990270522185 2.500043912856601 9.871391182165127 24.885833502790867 3.1498986593427913 0.9578493330180725 4.85326590762979 12.232568706169673 31.213276695633883 0.5068056614747144 0.06082309548165984 0.4245874581025563
159 7.491916702429074 5.856340883009901 10.53088043819231 2.5605182101621486 9.851654384686915 24.109841588071713 3.535156943647124 0.7695524737642867 5.6848911398170605 14.003005928773005 29.306135301019815 0.5053256680479584 0.06877766193774845 0.4219836051254787
182 7.620843882464179 5.75987410718914 10.36226939963309 2.5112371568980634 9.521876510000407 25.51529563413006 3.008219749980787 0.7933492783705745 5.3070525733944125 13.454750203130198 30.061692855734922 0.5059786743024955 0.0718732938299148 0.4214355745132529
181 7.709581269490452 5.590268055065013 10.86894901930959 2.2243608004755897 9.794438393403414 25.19914404791556 2.817918780992471 1.1965081756466132 4.662826968007825 13.210593067802936 31.59071721819763 0.5079037055652669 0.03622758158126864 0.4281361195810593
167 7.499471414194167 5.496038721914314 10.807837416020018 2.406873103258399 9.892922483440463 24.859709110402093 3.1373879609458375 0.7515222520652817 4.880979537479817 13.05571672776117 30.970783109986552 0.5062365856789058 0.054834562035269076 0.42557461089154747
191 7.434774200966153 5.589320649552031 10.423120150832165 2.632796327956033 10.241925540050731 24.766981540583693 2.937902237210916 0.8470943778627688 5.45918501044904 12.24639216361365 29.772095590185437 0.508287016845514 0.05060784753255728 0.42538086463614316
192 7.074458530814995 5.881329554575865 10.480246031848825 2.7304200318685834 10.044953864081911 24.75074853031451 3.079126359142153 0.91227934804771 5.363792130521426 12.425574628600055 29.822565959258423 0.5046072105589857 0.07270075571973886 0.4229213724959892
196 7.468943383431105 5.604171085897981 10.424665833271323 2.6016977498665863 10.171635057822678 24.29562527260352 3.257143783066836 1.020455628354205 4.923531790399702 12.367589300525445 29.43209367755677 0.506532902293829 0.06297253471485423 0.42348674096873434
197 7.380043534254406 5.6634813517764 10.028139904839387 2.949569179277218 9.999349869822126 24.377291986282053 3.4176656527089606 0.7030576999494257 4.911123108173903 12.676953815001754 29.217339975768315 0.5040250712793346 0.0783874453826025 0.42130625363957414
135 7.301557728315006 5.691621134745731 10.043106411129576 2.6492224890955085 9.377940290018973 25.034126297441404 3.5701367655407097 0.44372157757325914 6.453224495193456 13.554432649847419 29.701331183200036 0.5081776164561216 0.04985144551275654 0.4255669948132457
160 7.4244439223327 5.5569664424554635 9.73270066776692 3.267468601444049 10.212345304203916 24.032650405705724 3.6238589222468116 0.565470523801217 5.340204465639314 12.730665011102488 27.75745733941098 0.5048049635232824 0.07749732408495312 0.4223998157589105
184 8.116872071704684 5.458208466908092 10.123386121568494 2.389788955051395 8.409829826686575 25.189536385237496 3.7185606365413455 1.4570231391886386 5.106119907796583 15.875896747208932 32.46984412309638 0.5058063446793328 0.07288242131459305 0.42256641317729476
136 7.735844481054002 5.9115620877700055 10.609629211751846 2.210626158131665 8.535137578752979 26.00786303162799 3.114187095728938 0.8834229526384462 5.8617285856982875 14.583248149688886 32.88400964506057 0.5086735784683842 0.03379732544755315 0.4284266081335087
137 7.075648548564401 5.960165543687213 10.397051230091336 2.4496356314954437 9.16362740258366 25.214770365520604 3.4514656340562166 1.0359177837663327 5.523363122468885 12.256987919769655 31.99374871589797 0.5082612432188288 0.04698375328254155 0.4262067086668181
162 7.7976447037438374 5.688417399991694 10.355625042175669 2.4929827794803847 9.604961241625535 24.856613877916125 3.286163488187031 1.0480927671446298 5.171302794883432 12.921722669478891 30.883531464437997 0.5065156097921261 0.06002568893425726 0.42464979852136064
171 7.946868909052742 5.584831968769472 10.560790912162194 2.6553075363750778 10.640099756705137 23.668857678061826 3.6380674321528006 0.5068696055769341 4.638399971191105 12.849065714113367 27.90633150840363 0.5082125487916753 0.0436555527465607 0.42699496564591827
145 7.649184558422325 5.605580413311838 10.783056292777415 2.2729039586428645 9.215712476730571 25.390819874478254 3.023758254171446 0.6001115690446936 5.677748556237784 14.147736001327736 32.13997028955729 0.5079687549929462 0.04845305631102744 0.42568962518454223
170 7.8910317374569985 5.441035580371603 10.45378011782065 2.3449989261378112 8.635320042883066 25.81140560237163 3.1684415822638847 1.2594193590665481 5.056153073370353 14.81671016166895 33.45715053900364 0.5054043197706137 0.06902575236984965 0.42381183552442464
146 7.590519819873811 5.730442803295536 10.891855750713297 2.239978337228332 9.405236759004866 24.793665293837563 3.488106005370612 0.5387739728673601 4.9176914158694025 14.138501673968328 31.446514960878062 0.5091595415360749 0.02226491011677487 0.42796403030294816
147 7.560206244231687 5.687768031250787 10.477540466222203 2.4510810658980384 9.149550542236987 25.36682028458089 3.42399259999498 0.46529574240813526 6.1908352380623395 13.899731333021657 31.4244519517841 0.5076869708970997 0.04360347466228464 0.42642543112939724
172 7.703384927931402 5.819652412685408 10.89013273386211 1.8561091426572653 8.144796197211251 26.44865613357717 3.109662412032995 0.5142242929112739 7.1989844937165355 16.444758016216795 32.928503599208824 0.5073975517107139 0.04821048616603569 0.4266256777217999
183 7.520405722407536 5.665805464530984 10.896832333660655 1.9068708246737773 8.081820325790734 26.49730278625921 3.103583059276299 0.6878005494279192 6.180133629303135 16.08347812887807 33.972314858454055 0.5077734657197108 0.05390486450162867 0.42477469012361835
178 7.765317458509815 5.521485496101448 10.449146422524795 2.2690258771982217 8.886893649641728 26.71633192219324 2.557002751370622 0.44536803737940517 6.019163337733742 14.433601947065101 32.588272583771136 0.507855917828354 0.04381888299074348 0.4252001320516095
161 7.548805729242728 5.792400393557842 10.550940006290054 2.5075738916862553 9.484157368678494 24.471730939406577 3.6941775941330217 0.4896714296777927 6.21602372712778 14.351642145166151 29.824897340613294 0.5060236320873644 0.06981090766842467 0.4236895935807577
179 7.718087931718013 5.5981281767681494 10.385183570148426 2.3448816262135437 8.626797604003725 25.752162719145275 3.36528295200276 0.458723638718489 6.4091281205282575 15.177593495780643 31.985530694783513 0.5067648397752366 0.0585937073555691 0.42471762730009605
193 6.988565689141583 5.977845504822139 10.50782296202559 2.356587725335369 8.780550940947528 25.79895462262905 3.138963594625737 0.5135575926906703 6.629193098702376 14.487652170485276 32.023309326034266 0.5067440566832077 0.05979516454709793 0.42405463129370435
198 7.544794326618033 5.61736127960502 10.50335904294317 2.4439924433844307 9.466248697066012 25.469356385244108 2.9501181562352987 0.8075311889813332 5.033624402121674 13.223043151013773 31.79714592801209 0.5085334788555831 0.044927263758716154 0.4263754518624799
185 8.190818646698505 5.423923986326815 10.725395064961532 2.3501759334942554 9.475514175983024 25.191361440654525 3.2645432433168957 0.8808374446920991 4.459681344015827 14.642302551068182 30.857646705131096 0.507516687626099 0.05440661511965822 0.42420470395628296
175 7.6736219490903625 5.4120806255176115 10.519313327867225 2.5869970620760636 10.08118279979612 24.669372706163145 3.1409033483386724 1.247217807017691 4.338685042435301 12.872581638595843 30.60368612320256 0.5061051177337097 0.062250516898718355 0.4246063423301646
173 6.914035202257941 5.917870008515355 10.736533502217258 2.2558101045796386 9.322726401766282 25.66875562518148 2.881552073538988 0.4851447734325879 6.15648019491611 12.523253700415824 32.92441007830405 0.5073504864716528 0.052921368398466666 0.42558861042225477
138 7.312448593803694 5.7802428940786275 10.90953438634115 1.993444510361608 8.701106012422416 26.333935473311083 2.744328747702719 0.6277396195133953 6.255572334164342 14.380667321714279 33.79153049952318 0.5075974028752815 0.04564194884432236 0.4263747297489616
139 7.776518437489417 5.313048316651079 10.220777030627554 2.7543581245751647 9.989765414728602 24.590757101569434 3.359299890122044 1.0988165009694888 4.410645585177504 13.453504119028311 29.71893957662819 0.5032519842983423 0.08268546278150277 0.42134458659476254
140 7.5343160609899105 5.244353703269946 10.904399518486992 2.3377191606183088 10.30329612499028 25.12967130810511 2.591481822348362 1.0153671385524456 4.395407604134212 12.487743372893657 31.592862176066536 0.506285250768188 0.06287119710858527 0.4231310657362727
164 7.8626354425228575 5.26167308399586 10.705317511928763 2.375826995991667 9.599059806003488 24.7987576172087 3.2886860310759523 1.0444389847998001 4.508349606347657 15.105716629381105 30.233795376435364 0.5061738175315837 0.06548211516233265 0.42409298478443075
148 7.291125694037864 5.794953414009769 10.658465327249923 2.210204588940869 8.894847737709231 25.733114563642015 3.035596277384195 0.6176902932311069 5.856358534626584 14.119232712173812 32.78394447191906 0.5082915314234533 0.03945009954369143 0.42673688440860447
149 7.390451609928703 5.520810949632409 10.88468261515481 2.1484503083063426 9.208405666511858 25.884960301506737 2.720843848141883 0.42186104537038194 6.284826897054652 14.964912610283726 32.192999863810776 0.5065200598404866 0.06366854408688541 0.4231945338646529
150 7.993371911340341 5.089377405892405 11.027217306328632 2.53700025841042 10.289309155542277 23.644602833983583 3.581720635078885 0.6991703049071862 3.3477393681282015 14.135182518282429 30.215881600971667 0.5057480732567327 0.07404689417087008 0.42292626711800146
174 7.394653200901875 5.633785036288924 11.154127876372913 2.0737324038596254 9.515245860604251 25.2594290408291 3.0348172615845446 0.7562759089093499 5.192147273316679 14.961438148706264 30.38685273504637 0.5075720868047624 0.058164854970010546 0.42494987388735567
163 7.339745636516061 5.850786509147407 10.010753476207405 3.055834981468331 10.64447445851265 23.973548489428286 3.2872321811442538 0.8897222863916311 4.852085543092163 10.944218297790679 28.68837324394246 0.5042345106433488 0.07710759974416899 0.42315182276083163
165 7.553381763233071 5.275534293993033 11.027892393787349 2.2795059777413202 10.23287924867836 23.599943117786662 3.869056693948419 0.8303648782619244 3.8565841695916383 13.905963121219864 29.606631333081896 0.5088194660911918 0.04079212407338277 0.42698498357172837
180 7.362586427757556 5.518836983149744 10.662682050962582 2.156992948253987 8.469532945596727 26.875921399516248 2.4999186027064546 1.478982920297883 6.158975194048734 14.46889776522271 34.360482823996165 0.5084645761341021 0.04263346593826503 0.42689831529883326
194 7.726615918838874 5.626369105327033 9.921637931696184 2.87358952842807 10.041735149051572 24.122970670952153 3.655026671491722 0.8066830701777956 5.684858404004617 13.280188643827087 28.041591707146036 0.5044829303746508 0.07190188499308614 0.42408808011658294
195 7.706511913494088 5.359484609479184 10.54700036110242 2.6729460577531245 9.986864480050768 24.152138563237415 3.3137333943668335 0.9878238234285621 4.110785268207359 13.458351426113003 30.919758201310657 0.5062437984169077 0.05862025194582048 0.4248215356402873
199 7.372409252707486 5.354729222038203 9.959098056885114 3.242951437022438 10.427073763098596 23.277206163108385 3.8706605171901685 1.430203765055141 4.376365284345268 12.34900907107677 28.339183000894575 0.49946437465328686 0.10453506548022329 0.4182601371350265
200 7.201329538366857 5.846822121029136 10.664470301571168 2.6405019154414457 10.204380142093369 24.414894743605824 3.0267853129920472 0.4575867577628157 5.533707141623166 13.261252947538889 29.308431663972776 0.5042392901163194 0.07340992021043156 0.42402661648885004
206 8.103479107813909 5.144953193988077 10.406567923420404 2.461238019287944 9.794138259590348 24.839620708980153 3.091337422501176 0.8561454001311818 4.869798180242985 14.80159337695677 30.18005728243546 0.5070467367033479 0.0646318969039023 0.4227520405627102
207 7.318261111983387 5.479963594117055 10.959031850364891 2.2662002528329794 9.876054676036283 24.413486031752743 3.199618055300122 0.861496577842237 4.600050813358373 13.808732351845443 31.338173826505805 0.5063819846314414 0.06009994836315478 0.4261047591135635
208 8.144546439733402 5.146214325365625 10.4101433389382 2.7158863961604456 10.272692202472905 24.5195237556558 3.057900941969987 1.4177951122635082 3.4466632216375994 13.0394883592235 30.279572845776876 0.5057396361154555 0.06428256602841793 0.4241648052384317
209 7.875051271178197 5.149148243190041 10.697693351179765 2.1592197938552817 9.519905801386411 24.893789626018023 3.2659430979194037 0.5336768860799173 5.850093445970736 15.639826244368837 30.338843712256224 0.5038688036257175 0.08202263382132174 0.4217019649189802
244 7.266321623212337 5.999033702462038 11.032340500854328 2.036995913418771 9.214711868312644 26.57422264903148 2.4149945352296713 0.9049452019465659 6.006505999735155 13.091379073354908 32.703894560457854 0.5067625498091566 0.04806539965854987 0.42624946859171214
243 7.467156165926212 5.511133630924139 9.99159633048254 2.7302385270517835 9.658505319565739 25.1170662594334 3.0382775024637425 1.0700065585592087 5.176588852685271 13.81595102380914 29.70586268174615 0.5025835324138094 0.09280087551314474 0.41923730403835024
242 7.566965369004869 5.673709559771955 10.41932945519767 2.695907347402502 10.334925511675246 24.248011822794496 3.1452754863698527 1.2139958760181906 3.891511208533717 11.410601143896228 30.933879742853392 0.5056742182661859 0.06609638214920818 0.42416267002110847
234 7.666222387440674 5.449954234313074 10.513491902114835 2.4959175861251177 9.208221582124073 25.45607623603389 2.909932444017099 0.6946446285338448 6.064556744831142 15.199509793937642 31.804121211746747 0.5051194667552832 0.060092904011991945 0.4248092553154412
241 8.066126878170786 5.128561813998807 10.586488373353752 2.4220652248020413 9.507971548805829 25.977609723319112 2.474741100015399 1.0071952338904866 4.095366360441586 13.44903473700545 33.40506528899493 0.5061893932613876 0.07357139331282057 0.4232691686641005
216 7.3302844873182424 5.672892501743236 11.302121749854402 1.8601611323118827 8.474388160850326 26.178983266855262 2.8920182628136457 0.7512705610073621 6.5362299251743075 16.217070184301285 33.75378867662475 0.5048702980234228 0.07642126344679412 0.42252430811858704
217 8.201373930939093 5.156337218307879 10.004230553817903 3.111323020412884 10.750956665262526 23.62513841099394 3.603065393491456 0.607372673203323 3.9976248123003573 12.261938657813237 28.602710470269113 0.506785683239133 0.0533572908477102 0.42579283948378494
218 7.523312776069548 5.617892495051813 9.991121180220373 2.677894811573656 9.581346696753773 24.477978345519585 3.573808856996164 0.7609258935507192 5.432592696525103 14.34205466572795 29.27917629145687 0.5043262733136074 0.07737050721020722 0.41993970042089024
233 7.536137963486702 5.428062311496313 10.949784277394826 2.0934307019178804 9.693015963888751 24.949896417123576 3.134533074867364 0.8822747403145744 4.736652658385872 13.851140184174035 31.441831915473976 0.5085388197724177 0.040344095029367144 0.427101393476137
219 7.643739396452986 5.62334350219323 10.715450153833585 2.1778189545447884 8.77974391307636 25.449312932454287 3.2152236990198753 1.3165214917064327 5.159466203977692 15.558221841865029 32.09699371229234 0.5065125801221348 0.06643151711324932 0.42099318671530594
232 7.317181410853257 5.528746585716915 11.06694204178357 2.1154477477024063 9.605104905403294 25.357525485343757 2.90959562866283 1.1739489469419369 3.9080305379283633 12.29243964105709 33.02061552955906 0.5082182977892241 0.040678326623514074 0.4266861089197419
231 7.3354800589737765 5.626771937874573 10.02593132330817 2.7529874539649644 10.171775435971485 24.510674260117224 3.4745715120932283 0.9411206451586857 5.11150926655921 12.712305202168027 28.467222969302114 0.5060290164312345 0.07031264575139379 0.42164174006098326
236 8.049640903826834 5.639815469846985 10.964333392070959 1.967594610761153 8.656409182687382 25.613932128511138 3.250545003232344 0.4793255328480027 6.658259913372596 16.32211350846958 31.7515373483358 0.5072341101272859 0.05534784876906578 0.42554110113741334
237 7.826388563941871 5.734770379624002 10.207420657845566 2.862790690468656 10.539043152313123 24.33561588857841 3.301991412102588 0.8435234680409062 4.2224170021711 11.468701306063068 28.554102106303983 0.5054741459140858 0.07809556925924291 0.4219957975554297
247 7.410002994518086 5.824475849569561 10.237155749876148 2.793489156303556 10.002184873705065 23.830079830521704 3.9313873811561977 1.258549271089194 4.743577365619855 11.869892737523767 29.559466993288 0.5059114200758346 0.05886305735069073 0.4255433536663883
210 7.241766419274446 5.9369471246041945 11.038013588609452 2.0810924421634454 9.18056157530532 24.95549845713425 3.330455312664032 1.0542730154967623 5.380829341580436 14.691823121693586 31.455768113030782 0.5071029230247026 0.05548159442585729 0.42571882490751495
246 7.5473774660534705 5.934680927484425 10.789866586608309 1.918165336932461 8.290060367287085 26.905434622889953 2.8208613405968195 1.0001203733028845 6.337242578808173 15.11917074392687 32.79235731280039 0.5057027830161022 0.06353244572496303 0.4231854883148506
245 6.8415425683611755 5.786479232233961 10.473358829500514 2.526675858193898 9.229040655343685 25.05257777282248 3.201599917611713 0.7605125699128652 6.348945711095457 13.202194154154789 32.33664008842878 0.5049095312634967 0.07316954782541216 0.4206945253093112
235 7.52959579919847 5.478218870005809 10.52267615986718 2.522969343726577 9.452133837366784 25.25180896857448 3.1560674508424866 0.8086930161932989 5.365810274452917 13.466136037775222 31.887096663602915 0.5059592219924784 0.06686840659829249 0.4242395929569609
211 7.908236009867676 5.271557595144274 9.97680889010932 2.748265600541294 9.083366507175695 25.835449398905293 3.030672332390335 1.102687048510782 5.017069186401102 13.388906915580895 32.53294573075359 0.502755657494915 0.0821314664521003 0.4215520341884625
212 7.799138170814732 5.688983949512309 10.615143170608771 2.3834124803397927 9.195362014409875 25.276618142099423 3.340422514842612 0.6213066737272821 5.731332604329225 14.378932315558139 31.21031319046195 0.5063830828080497 0.05290027738139571 0.42536422825725806
220 7.181972863489639 5.756224586639761 9.946521543524579 2.745380842258889 9.31344381499684 25.876154048009088 2.755209049878904 0.6019688738051185 6.482381251720739 13.829880469378413 30.333478867790475 0.5053711385103303 0.06713195217457475 0.4231999971641692
221 7.66088172055265 5.763129386112609 10.803519752827752 1.9074644549015374 8.348206586966272 25.41909829951486 3.687358304301148 0.5646588577860683 6.1471958083956695 17.25653341744326 31.083671742533568 0.5056895656250369 0.07624741688955394 0.42148727668752634
222 7.983912607333421 5.3288761312465205 10.158780488910088 2.767182562270932 9.865678244167517 24.31702207527152 3.803734977829458 1.1651397000565087 3.6460210909356072 12.490262188941593 29.999174659137 0.5062978148439906 0.06084327468630694 0.4257017638864573
250 7.54254688091649 5.327858812175107 10.260199829703343 2.7030439422222323 10.190447357088994 24.470959610755454 3.109360134835483 1.108555626018428 4.588510284934883 12.260146665061418 30.61937082933502 0.505031791860307 0.0781543133644779 0.42239937704033426
249 7.466947681996214 5.5356067161596325 10.481218901349722 2.4491505344843625 9.717854960048454 24.72751031564609 3.4682565461585204 1.2205316289774863 5.3990594508349 13.74247154588263 29.73572567431114 0.5054135113130588 0.07544034097175203 0.42173625722595504
248 7.700582349579001 5.700275922388034 10.576626688432004 2.248900696277624 8.960588590602262 26.053964648209863 2.825282785815005 1.3439022809805814 4.840272019978957 13.315518992514063 33.281828292707395 0.5071050568223138 0.058625603221943205 0.42406890199689407
238 7.865209872031032 5.349702517215837 10.763336758829432 2.2372927958802173 8.903668222167637 25.658526325496616 3.107967940957 0.7546674786737317 5.595597260497846 15.609693350188632 32.246156721083835 0.5087133254837484 0.03775009847385702 0.4274676491941528
213 7.616665550847884 5.653655128625584 10.554441665334206 2.3614757615021023 8.972780153053638 25.052762989319948 3.5304270836091534 1.2768232486260171 3.93254827969351 13.155795948476653 33.41515565047085 0.5068127164075196 0.05768833024066077 0.4251030953941041
214 6.913191920951005 5.733042783987195 10.378319749087932 2.408170793928337 9.184546845761467 25.371519008062105 3.1255113650278314 0.8077139439369879 6.820424653142878 14.446916736398038 30.739810260702736 0.5072075373690759 0.06117033327226295 0.4241272856055313
215 7.52127907173595 5.514533623476546 11.005066094970344 2.073354082123474 9.59847363569731 26.168284097212982 2.4417068278841825 0.12256375217312002 7.226333811093109 15.569137814446945 29.873304798386528 0.5083784336387144 0.04550248315040715 0.4267293476821345
239 7.158987689981743 5.49261825731943 10.248737633573773 2.5728431260293942 9.797815918745128 24.39532384406141 3.3917546736967124 0.918428742428076 5.217527782927919 13.677529166268647 30.126019165977343 0.5053592339310166 0.07908247174078585 0.42101917748484735
223 8.134271009215878 5.451970565283297 10.248559352424333 2.688692034005312 9.909498238544264 24.485732415142618 3.451130972311454 0.6043347572193721 4.478214305452632 13.49743970291717 29.8568679892982 0.5078060642412444 0.05664025440900964 0.4242848414481247
240 7.508872459818872 5.389651838110811 11.098296436883981 1.9908484344705761 9.716512469009112 24.731695049915185 3.1627377849639933 0.6688685135851631 5.439740739225309 15.22965498812961 30.24203196180919 0.5045870145779316 0.07589958119893643 0.42365115785098534
224 7.41480226289681 5.753353378532161 10.193184169979034 2.758651942903237 9.857269198771428 25.263379443834694 2.6621669019443037 0.6862366730200503 5.604986563694038 13.005855729544061 30.199671740076553 0.5032295011422274 0.09352527048094984 0.41905118756035675
225 6.998793738066846 5.693702878899838 10.558550093955274 2.2817049623254877 9.395892495134675 25.517939847397393 3.053256763271539 0.7752773958407969 5.732181988525903 12.57320654286968 32.14726192809945 0.507110697933571 0.054888930936008426 0.42558296564827486
