# timestep 3700
# phase bcc
# id f1 f2 f3 f4 f5 f6 f7 f8 f9 f10 f11 f12 f13 f14
1 7.9756721691777415 5.65195375456762 10.733596553172816 2.2631951409491347 9.668393420202088 25.08366060966509 3.1633129450041984 0.6329274908024882 5.066727128846226 14.073619523784267 30.58998977564704 0.5057383581503423 0.06964572742644869 0.42405546030065433
2 7.457233495659405 5.454447858696381 10.462023103310658 2.5073340637849917 9.912226253557991 25.15576066240379 2.921649089089985 0.7797488716360756 4.795906578724002 12.171759852026918 31.187702461420763 0.5073514311895376 0.058067946977445446 0.42462824365310303
3 7.689164529433888 5.680349308389985 11.224823005764462 2.0666742613775844 10.027273077807079 25.01913025260081 2.896402551733932 0.6035245806271423 5.192827091696753 13.593917626773154 30.431167595144004 0.5092965911579916 0.036939134903922755 0.4265251388695176
11 7.83960536616624 5.849669827891894 11.17217101954013 2.0318786189628106 9.9956596737954 24.941347816617213 2.988814015219181 0.7545233131697738 4.659535978669783 12.700967968978642 31.10949235899158 0.5080613772050593 0.04173197168407134 0.427095506363906
13 7.484856982187196 5.801111049536635 10.595183083244658 2.235532955387193 8.972324328071076 26.44308056670379 2.594127387195681 0.4711831299928084 6.129752525597643 13.665360727274678 32.9187801449952 0.5088117372471651 0.041314747079267175 0.42654069245887766
26 8.105646989536513 5.609649341174374 11.06181683574096 1.9871172633970056 9.228785406538753 25.937185510599665 2.7881483237156477 0.932836396356859 4.454656261719597 13.630058270545943 33.01408272629885 0.5096854331317913 0.024367179250732448 0.42855136558738216
28 7.472646398034456 5.803742848424099 10.698979321251073 2.216465859130377 9.109928402351054 26.039679887899602 2.8807789642129396 0.6913932585960698 5.228701884669322 13.21482608698209 32.753196477669896 0.5074437503885408 0.05650066124653159 0.42556522371746175
36 7.15975845960704 5.576504014574777 10.826012379186196 2.0015343240610366 8.531046750499774 26.11469810445568 3.131534216215275 0.9793076169417805 5.510235822546155 14.997382425931221 33.35385039593073 0.5081075798295861 0.04581341456704873 0.4265929572153263
38 7.185619275323969 5.642965571846801 11.111189440836851 1.825355311591126 8.438011993575598 26.25352473861995 3.1187431777696006 0.5653927639261853 5.52387688997906 15.167741679086804 33.859292698009085 0.5090451848939046 0.03328380259410037 0.4270701058649095
4 7.792066585134868 5.610371733000468 11.128469533126294 1.8954228125197223 9.130011106713233 25.7503971395878 2.9663372204636094 0.4351080467012877 5.729980309087844 15.33781401469798 31.55755204874773 0.508904877157602 0.03204552648886596 0.42753015259267707
12 7.500871840777553 5.642731186689211 10.954500684760177 2.057040759275067 9.052647576651008 25.968616234224903 2.8476320899182577 0.5815085750332583 6.057117969032391 14.767470673905823 32.16676004859892 0.507703766860648 0.05220933448084557 0.4248051167014876
21 7.247905099040744 5.617401121112438 10.670779556776669 2.1655872084508343 9.048041708529324 25.595545592196405 3.2204523334908863 0.7996379755495812 5.098569550894007 14.214332382113797 31.635531965045182 0.509267301395016 0.03621851515256711 0.42757609567931726
22 7.752556944310645 5.824486691290019 11.015612618994487 1.8908608097676571 8.728316901234386 26.252147003488215 2.879207764781941 0.6207239609357312 5.867699174897951 14.631646399332428 33.45937811192845 0.5096861347488141 0.022266736672972635 0.42838914360306596
46 7.5079917169915475 5.939669525097049 10.838546228712055 2.3404528763889934 10.21264148542062 24.87096015132242 3.008976089605797 0.6937965352141012 5.200373028647181 12.222582340356428 29.937738179737696 0.5073675082693745 0.05258693964615036 0.4256206958424635
47 7.804510940660998 5.696882438180575 10.782834689776246 2.055576366356003 8.999518713964116 26.437232393340896 2.672484963180515 0.3968823548373876 6.084803493116729 14.862349834019176 32.05434397055545 0.5088254597945575 0.034752497351458904 0.4276863930315105
14 7.684378509620025 5.598213966452251 11.061712343114523 1.9664793503587372 8.965425008110229 25.49889078477299 3.2419000658588804 0.7009207106369574 5.033444723511228 14.827408896248405 32.85055686250923 0.5098647918860731 0.026297106458475553 0.42796375174436835
27 7.507295776454897 5.45685039218467 11.05684999260555 1.9673414040911366 9.121871849158689 25.586875966644786 3.1260624585649914 0.4965268947434324 5.637467182087859 14.25586334092167 32.7934652670027 0.5087151216986003 0.035500995248102275 0.4278362399603279
51 8.106232048901585 5.66482239481236 10.912300261198554 2.2532968432674743 10.018040820571326 25.150996295958105 2.808374759784149 0.7507391919492099 4.629422214729872 13.223771636467568 30.80655734362962 0.5086721445168123 0.03838173437558254 0.42783151543020287
52 7.633069987781463 5.861468223695274 11.172505319206858 1.81549244279594 8.77354241296772 26.757556599905623 2.634478357079397 0.48998780067480335 6.211616821882404 14.734386761259456 33.166401257155094 0.5086405019957091 0.04021856683541286 0.4273238900509989
56 7.999066441534648 5.234141343926149 11.127950174486505 2.1643103638749634 9.946057094925202 24.946141434758072 2.9104115075492625 0.6289487860236983 4.61857155369923 14.500618579985604 31.095218925865613 0.5073789841487703 0.054585633060374054 0.4261433855424202
57 7.581628336494669 5.8751109851878045 11.01416012556349 2.1168122130647653 9.712080268613633 25.531983203073267 2.701430413019929 0.5085383084062793 5.565680727622908 13.79015071258955 30.76302177588527 0.5085762411327207 0.04682252360848263 0.426248918800984
29 7.70415762599391 5.723884758115532 11.078734400462775 1.9274299797706795 9.112097665175277 26.516785234942386 2.4628769165024815 0.5358121028097278 5.672209035289706 14.168837033427799 32.980003444850496 0.5097953070744815 0.020510503064809452 0.42818561275199385
37 7.633341828319522 5.624265592469053 11.026829703298652 1.9745092982674306 9.209599206541547 25.889782580550037 2.9235208654965303 0.43576182145662823 5.737209908435891 14.711717159431451 31.717471177816908 0.5092367112994814 0.033867493891255346 0.4269837230617976
61 7.620352493788614 5.703166703729217 10.86319299900709 2.179423175426377 9.539256133221535 25.433602620923814 2.9151304885990736 0.8490464825329666 4.856194384815133 12.736585415011549 32.63854579327122 0.5085097442665732 0.04564333592525321 0.4258096315021163
62 7.622738408602717 5.858850237070323 11.061614202329785 1.829000849058479 8.61719065656045 26.141605500625634 3.0132621056398188 0.8716161449812226 5.179264593582438 14.382804287961983 33.9146896594119 0.5099900242270234 0.023829231394653837 0.4285275349160487
39 7.374159155249754 5.826898361781315 10.846620060534855 2.0318352666928723 8.954023055234558 26.005920766141248 2.937320107904163 0.7679334333546097 5.028986552991831 13.417140884231602 33.58313290686253 0.5099896116573102 0.018368201435498895 0.4285954739039024
126 7.548466385622165 5.742069055426458 10.955289280927273 2.0648403517495892 9.089947746471209 25.666294460020698 3.1792597956900064 0.7392111964976963 4.967301600759872 13.709177231310747 32.56715268204621 0.5082409063052974 0.05132691192437949 0.42579440964459486
127 7.137709029260545 5.809388445140186 10.760751922436098 2.1842263632671814 9.25301180877638 25.58399373924933 2.993877054418772 0.7822209647198277 5.095440177883903 12.616872270199744 32.89702530390569 0.5076612681233535 0.045796883703872866 0.4264893525488106
151 7.989073102377114 5.603624948311086 10.807004144902095 2.156985049987469 8.956938566271559 26.202745143682105 2.719619482487456 0.971653649178822 4.7554243703735555 13.153292054724663 34.53109085888974 0.5091867025716234 0.04093975698685333 0.4264187386946429
152 7.455017009862377 5.681834780548968 10.829663574052821 2.3067730398148636 9.966732252379538 25.135916094527445 2.9235074136717945 0.4026170795973346 5.778375774245653 13.150507893100782 30.621782707540984 0.5082221154706484 0.04925142043237547 0.42625782617049623
66 7.36617014120955 5.501738216877119 10.375956305371526 2.39267527117259 9.146246507019532 25.968072436292704 2.795290404369749 0.996562784063961 5.21715631308884 12.897114833450795 32.95838267942922 0.5068778138433916 0.06254644793571669 0.4239044163015365
67 7.307008707073029 5.926705623068446 11.03729042809813 2.1144089445090666 9.603738296084712 25.363961700479713 2.950116072712138 0.4793366894408368 5.894077475018166 13.747010086274207 30.80554136400029 0.5083082575158397 0.043337386607694366 0.42649026783664434
71 7.800307429637398 5.8451490771577275 11.167651556796713 2.0140550217038284 9.709118143756118 24.936933697199567 3.244296311985323 0.8106553892194333 4.210726565875572 13.00543582459338 31.72349756143582 0.5097802587372884 0.023739422793849378 0.42802879990013654
72 7.814659576728941 5.795083314636632 10.718782179896873 2.2462217932700996 9.358639609407021 25.43104938716042 2.998351960175858 0.6215300497840406 4.800350601289502 13.104087675155727 32.835707934158975 0.5092388603492458 0.027060508929846603 0.4281198951490012
187 7.1886542756436596 5.72104106769136 11.425741093092986 1.6861250232645741 8.800692561172324 26.130258835712095 2.8863602759192486 0.6604227179913298 5.453206458445058 14.839498800675775 33.47050944935685 0.5094116076292557 0.030593747615886503 0.42791662991219775
186 7.95995886441181 5.701113549060273 11.072274286198605 1.993883282669167 9.360700918898507 25.783722465298098 2.796844544928654 0.4096730616001618 5.836794076380928 14.771238488791228 31.39894122282959 0.5092799556777028 0.032625425412823254 0.42800624228463613
5 7.693959524134676 5.561125781884534 10.63304479688639 2.2844056580293013 9.30849449349183 25.67109097120971 2.864203110576803 0.4289065330666463 5.78884401676509 14.343392099602688 31.974295039014898 0.5091112553436689 0.032692658119600794 0.4283057674118392
15 7.258290849889483 5.922692034895814 10.948774823601747 1.9358201260298882 8.450750720135517 26.56614132269306 2.8617387265305925 0.9924960435851209 4.881687587661046 12.89880508011634 35.62808977956885 0.5099390403709454 0.020831007490185172 0.42813467669906413
30 7.604313445243475 5.839416463732252 10.864706884041945 2.1089766827358716 9.501282884201062 25.23258172252816 3.1814513765149486 0.6899233459049635 4.794825215398743 12.870759725951617 32.088902646060724 0.5091606048517415 0.02721466675120369 0.4278651185752028
40 7.421533598258121 5.702176362298776 10.772193261294685 2.3511822319613906 9.6305036926277 24.420284018753414 3.6850136163779137 0.7306100876040287 4.619048515020258 13.758825084755813 30.42921656568978 0.5084492754732236 0.04568223615362102 0.4264809861218386
6 7.853595843865496 5.674622656436023 10.799455276058854 2.1798476372991904 9.186389116009602 25.445908228083532 3.1470396534545144 0.6777437479862117 5.164869654687994 14.172798365594216 32.051657544564655 0.5078946470229365 0.05229776784995504 0.42609724139720917
7 7.862659555755989 5.711699354266091 11.142263292686502 1.9500333081284793 9.13334808014556 25.341000050824913 3.3427854715191527 0.754351471229516 5.071157241033689 14.703729015593476 32.05312369131637 0.5093064963814294 0.03886611186965138 0.42748856699371124
17 7.802919463995728 5.718274626405045 10.76519270369141 2.2057714154838193 9.21625338335678 25.784981176587095 2.909171617365994 0.6183757038281203 5.659735565103082 14.02954685748404 32.34897634590189 0.5083694060282129 0.045249790799163 0.4267505719762508
32 7.629233428234695 5.815007141886022 10.913261643679911 2.121540216540874 9.62315246211674 25.826891628080197 2.614157505563618 0.6596567944536202 5.538857458441443 13.049128100277205 31.972869491112167 0.508658399999061 0.04294293154809129 0.4266495598328073
42 7.8791069387582375 5.801520554680765 11.172479773249556 2.0334030738331967 9.685446725520167 25.357429984864073 2.9043926736056327 0.5640829887970438 5.057776022150925 13.519129499865391 31.611825142531856 0.5101312330494389 0.023352517709922225 0.4287722384031007
23 7.516410978469628 5.707215007721586 10.702236708341259 2.317359279256473 9.554496689475572 25.274503935438172 3.054198947582247 0.5930410662799476 5.744369002045477 14.144973588727485 30.43597465168355 0.5065708320459269 0.06116122709517488 0.4250124423760416
48 8.148229625372217 5.599723470731343 11.122579967783278 1.9537067840050544 9.392401034302273 25.579606649691243 2.928906217794041 0.852262496830756 4.3989952992051 14.082135140386313 32.04008750397959 0.5094316683304737 0.031522665500242804 0.42773344237578304
16 7.854282185821107 5.507084001507424 10.638735408542981 2.2787875172083427 9.377579792962202 25.247896576037494 3.29125037202558 0.9749356331275639 3.818206972646834 12.871061871715119 32.45620961522887 0.5089757811492565 0.0359430990094718 0.42713213667811534
24 7.526729077997446 5.716866551545224 11.06457248747475 1.9725482117450746 8.959051605956713 25.80472523122061 3.098777844011356 0.8339453691962145 5.136413299315102 14.431001344836902 32.936897280014946 0.5085504368939378 0.043705387317639253 0.4268140527983864
49 7.6643778832743585 5.852146234699701 11.06564494773631 1.9427067420076 9.017771933513949 26.30998748031431 2.568102177744279 0.5397777808204336 5.94061565366638 14.709021244494735 32.82396095510017 0.5102220520264117 0.018987207281473732 0.42867224700015044
53 7.534806296970784 5.704601368168666 10.993852121052672 2.082449569190469 9.469239601646533 25.747587506792637 2.71425302612026 0.45635928254187835 5.54033583706952 13.96239409460148 32.02283847496289 0.5085268857816373 0.04288954334242483 0.42728876125137355
58 7.605930734603962 5.81348026237524 11.065624246374682 1.8759032447971293 8.651643027085084 26.073650418371624 3.09185971484478 0.6886310864181061 5.229763971097851 14.32600796855962 34.00985793497086 0.5094375465070955 0.02709722259727704 0.4279000413116049
31 7.972796805140762 5.628529897729054 11.25779823648654 1.8111391691969718 8.734143772339111 26.125694986077747 2.9957041866745495 0.781079781229688 5.048476390997262 14.748801673563303 33.9757625944388 0.5098430009045622 0.022788258938292463 0.42813607969204626
54 7.402452366087216 5.85138700610361 11.046218620012018 2.042184582760299 9.747697167910658 25.4217880172225 2.7542383288068435 0.5566098918691926 5.889817698034322 13.36724641379383 31.183143761593303 0.5082301157840732 0.04623120867491743 0.4265828198859338
59 7.538606987971449 5.787263038039448 10.745434611536824 2.1317110439357685 9.071559023277441 26.37914343607558 2.528046717658137 0.628933233266079 5.735888916909346 13.510723834841873 33.23720053612443 0.5098164308536492 0.025864536924624055 0.42855439547779317
63 7.8943147496630495 5.716020738276638 11.022639815458142 1.952608936934924 8.887567076362224 26.623149962056075 2.55142368958238 0.5382095680604881 5.738277530889493 14.462754039344238 33.479402964064725 0.5102979905548893 0.009064700146717902 0.4287201463610252
41 7.701725543054951 5.903590826658481 10.860620005411965 2.0896149025136337 9.088183846566887 25.86036898524495 2.9483701497873183 0.6769521554739827 5.270629700806837 13.353043778094339 33.10872977752374 0.510182787922178 0.0183561972218702 0.42875505115264323
64 7.675333171860299 5.849695379981931 11.023822022329128 2.0033267401578327 9.377454290311631 25.660813423754583 2.991301129835917 1.10931288903414 4.964715661415832 13.646395726061588 31.91644768634338 0.5092999708312079 0.03428160496496411 0.42767754569685995
128 7.19117294485124 5.912563458104146 10.938108647433715 2.113016795655766 9.68676910620466 25.241824005885203 2.9725310560016376 0.7285370904313831 5.515989059990905 13.240037061313828 30.82004466702681 0.5083679338231998 0.0432402250347925 0.4264191615902346
153 7.657744949659476 5.8314592730131745 10.841875002700446 2.388995122163423 10.599888298985165 24.93297729173917 2.6142921686277574 0.6223789965175152 5.33183428446471 12.25292107824053 29.572009460866216 0.5088652341395445 0.04027560624469327 0.4276428242575943
68 7.548856496191618 5.622140848283465 10.708182956857836 2.2531108299970506 9.030805416300474 26.08490651565763 2.7158980572771814 0.5328064115566463 5.96394680717065 14.823863166295782 32.29750118359154 0.5058910721267255 0.06847194883121303 0.42433587190808797
73 7.947312140916733 5.755286325070766 11.228413681280669 1.824520889414421 8.925048473768305 25.75741857748334 3.1320925707294553 0.5167237606309363 5.489024930652997 15.195554281819524 32.36340307960491 0.5099066458948133 0.026452606570378758 0.42811211452775205
188 7.8381342624861725 5.641731107515829 11.315672604268276 1.9052982334300883 9.573643746397986 26.367073641376933 2.2701287382234256 0.6387945168856634 5.02434363787041 13.609158919849973 32.84437632230771 0.5097725214212773 0.024311254883599455 0.42862474030921177
8 7.2058127800794365 5.821983894162956 11.13876437675486 1.8240439882509099 8.707114806579217 26.56389882781836 2.6988052668037907 0.6955385710935705 5.8428251225028 13.824444896884087 34.140995977525854 0.5092436635041283 0.039068564945106216 0.4272459068273714
9 7.709225298591083 5.632098550933283 11.143871261011187 1.902336046015705 8.988297623287309 26.157009940780938 2.786731133619886 0.5532475482451885 5.471591509778384 14.466593881703409 33.236763556358355 0.5090258819470914 0.030170385645389593 0.4276797412227964
10 7.82643586886693 5.225347455223352 10.78599205151088 2.3268054595445067 9.831726574029073 24.827116497483985 3.2029560689827012 0.7393972396139453 5.428458897880835 14.27321731066835 30.57973930163933 0.5072645105127841 0.057581592939688585 0.4245963122806492
19 7.637883861192192 5.682141549213475 10.832678497349765 2.1578699633317777 9.285920707255192 25.981719049559754 2.7015539216200852 0.7078113468579936 5.126165576201406 13.354954638372536 32.82586551778573 0.5089604526595332 0.04070117446108664 0.4269364949711556
34 7.22444731378339 5.79459528141187 11.246525632717587 1.795100422655852 8.906639851146052 26.17389831512929 2.818284282198754 0.6507653548675648 5.637814984877101 14.710912978286352 32.69805575333012 0.5085318686673213 0.043671078164819604 0.42756938007622275
44 7.50550659895857 5.566128757118061 10.93459343389272 2.0410310590658836 9.251342456047496 25.773182225669423 2.8740667883731272 0.46457916155389584 5.480274754027558 14.867241345264587 31.83065754998212 0.5089818855562768 0.03800874046508294 0.42725484160286975
18 7.598546517931419 5.580184770397663 10.999881321240526 2.0362119238694647 9.061361380002666 26.17186616874295 2.7100370369780946 0.605760722515252 5.978107961070045 14.827027732367695 32.773169358018265 0.5086622171449392 0.04561694406587435 0.4268606056020084
20 7.692567997770274 5.504725052381358 10.90223206171281 2.2180834258802906 10.144333284172406 24.500040252214266 3.248490541513589 0.8008589823826526 5.110261670726191 14.186767330762876 28.766079842753363 0.5071144712762687 0.0573332284487854 0.4248146165308511
25 7.485039127571128 5.714400940515772 11.04680209173299 2.1356817417758887 9.536985803590456 25.402831219201385 2.892131466479859 0.6800822443207656 4.830144916287758 13.747731655278612 31.86035672429533 0.5089869908845656 0.033244243502998067 0.42731594892625774
50 7.3632806981391505 5.7869533290924435 11.051086013239647 2.005984846191982 9.465882876040938 26.25162650017822 2.424807786786166 0.7516059990477824 4.9756452256663986 12.579807132823804 33.231792256471024 0.5095008651974973 0.02682389545509543 0.4274613420417728
33 7.599525075159489 5.567202380746925 10.635658329019497 2.2237000759761676 9.417566444586068 25.477828161539833 2.960711693307772 0.5740825312397256 5.3458271638138335 14.248327474303316 31.4176881064188 0.5084728393295963 0.04254734288014425 0.42692411997945695
35 7.36788784698236 5.419132039333581 10.354297226152884 2.5379018843300396 9.897097628871226 25.05893063406509 2.98726765935084 0.8092907137646455 4.892012973337735 12.840339562164633 30.73397146790668 0.5076586245771807 0.05504373792167352 0.4254156206526454
55 7.5708460174501555 5.6328389076519585 11.0174770958647 2.054830432502498 9.480363997230281 25.96812316680464 2.537561390220797 0.6460913954358967 4.737237066695856 13.45815684605495 32.75032539926787 0.509309049061092 0.027222550094821003 0.42853385354314655
60 7.81408946662624 5.612972045502913 11.60614699541685 1.7028716898694005 9.600368408131951 25.12094849850281 3.125813439214171 0.9257292796551608 3.840447990177074 13.930508113554753 32.307306699751926 0.5096214052148658 0.02419234154610103 0.42876270551022505
43 7.544672213032812 5.935001561906049 11.299604005137557 1.8817640480990672 9.71865200515292 25.74265809842258 2.644399167995268 0.6693577761022556 5.178382364556316 12.805682213226639 32.137104061268914 0.5102424364996662 0.0170042979181335 0.42885706389289097
45 7.6360301400964214 5.564778006879958 10.873538251922216 2.2053891363939226 9.686092071183934 25.630714155773674 2.5953389480115385 0.6666382951730878 4.43159918537493 13.23161018635053 32.4313234899642 0.5085811185286764 0.051375686554875295 0.4252206031263658
65 7.877544016890637 5.378454503460115 10.818422791188677 2.272721567516522 9.837210455868236 25.0402814967723 3.1692653972568117 0.6201862589155399 4.602273774632518 14.08110621516605 30.287569391746406 0.5071779259988991 0.06034663847778956 0.4241452342310858
129 7.4798903441810145 5.705462249679593 11.14137403259738 1.9363237623149447 9.672106841065661 26.143287756815667 2.3344267634754687 0.675249909439846 5.314576665504512 13.535085771240212 31.95562999430698 0.508999004893317 0.0349984903796282 0.4263863536928918
130 7.6200384101529295 5.43917961158257 10.616588495472332 2.2706000379303712 9.32787537427366 25.419680840969846 3.1045171197223267 1.1649503573854056 3.9412182919391983 13.408554558473686 32.36090835326156 0.5074610888644712 0.05309735999389846 0.42507925285189313
154 7.3921717357893275 5.55908972358208 10.797356570382355 2.17513146648866 9.639451855140027 26.011855372374256 2.4437083998425533 0.49441821278793385 5.698717590480854 14.041561340914457 31.268121615856312 0.5092615900029017 0.03291044117724621 0.4275185496563237
155 7.8046471814208855 5.767654724415783 10.990500251068346 2.1546074517978417 9.714437908109721 24.61177124421597 3.4050065023621547 1.0015579856278132 4.381311840412095 13.577081276201529 30.8996498069528 0.5065822844072877 0.06268423782406937 0.42441175634415695
69 7.505578494419211 5.775390175677444 11.397042079091047 1.8184879307105355 9.340806206540222 25.908241030664136 2.6844343284257195 0.778789625822967 4.7302515683457775 13.51347111994772 33.20191234853848 0.5093524308678756 0.03135913684000968 0.42711447875405395
70 7.479365649191637 5.528545066955713 10.864573904241443 2.2926731016832984 10.166725878447943 25.212146136383545 2.781563979223567 0.7853843864429728 4.64252770409062 12.870898453798514 30.4394227595341 0.5075486940416372 0.05382280847996403 0.4255950543618758
190 7.4539307572921185 5.798019593178019 11.034576495944371 1.9933664781792908 9.282050376943111 25.934604551678984 2.7525466057444685 0.5206679915671995 5.72553971821472 13.841211672203363 32.23624639867275 0.5087273551526952 0.037959865402832915 0.42729293516486655
74 7.636019356876618 5.710178731921867 10.971983444047419 2.068574398946826 9.629258344350243 25.38824650729211 2.976605134146435 0.6450231742669873 5.172438704359688 13.838159754232315 30.98007133974202 0.5092349467269451 0.035082550601818925 0.4275575063126651
189 7.19412840767165 5.707446691628399 11.118478569949641 1.9237909858655518 9.216649968612277 25.750887651372572 3.0159297869974164 1.1632011208249466 3.7227600686005067 12.51004011091832 33.8704983872202 0.5094494103720748 0.025032426094134218 0.4283787694299671
75 7.460119911317762 5.639682915990796 11.007639281041671 2.042567133306459 9.846787913145349 25.39497425817086 2.8153205540537662 0.7302391374347391 4.304069005017339 12.860896935121032 31.592476268413957 0.5091903831042194 0.031216670105326434 0.4281646601923043
76 7.0783402895399385 5.889715031937162 11.228560240857727 1.9138819308351993 9.291796123883502 25.94886951071909 2.712335309434814 0.538099195570291 5.892436513883653 13.528574526017453 32.74555456821587 0.5098423190333433 0.02704050585815798 0.42819109756894175
77 7.794635871563586 5.3167340274305745 10.48005733727431 2.50776947145721 9.66418515835693 25.202630230741523 3.207960867455066 0.45789622949191544 5.705158366432779 14.95650132705393 29.406050196534178 0.5061957264094278 0.06770163851462385 0.42421882005942346
78 7.724351795326461 5.753258130628933 11.156753439767224 1.9179692575480205 9.226452540693478 25.61703567491506 2.9627406168789037 0.6428255570065421 5.313183082982838 14.659091135203873 31.968990209495896 0.5093399197079375 0.02281633358733226 0.4289278239569448
86 7.334651226831201 5.60591177532613 11.108402131429708 1.9846487171623068 9.311288922633892 25.934029052386677 2.771354774352351 0.799617658874325 4.954088230726042 13.910303068242982 32.663196321785804 0.5084273452689952 0.0445550337366127 0.4266591211694458
88 7.733875308933273 5.851285737774068 10.95506523013193 2.021817546989829 8.937796809381474 25.812703192963266 3.087889942969899 0.8289098952531085 4.7336110049901485 13.672063836261112 33.21297112931649 0.5087534042755746 0.0376004970780761 0.4276813312774301
79 7.546175791353716 5.482318427238639 10.615413444312225 2.447285103555355 9.870151824544477 24.602807493825942 3.3881685642575463 0.6777812331487821 5.167940497690349 13.07382767726869 30.740812340241245 0.507438126619265 0.061002580337309535 0.4240944133552589
227 7.638157532845594 5.8262531911507445 10.963002432008375 1.986228030285126 9.035097175139136 26.12369924480441 2.760225700158846 0.8304359495926564 4.904446906057901 13.341522134422048 33.58026970639721 0.5091387944021859 0.035686918851142835 0.42758375605794813
226 7.691047360941655 5.867843662620027 11.005422819384963 2.106865179317094 9.836745876455364 25.352860071009882 2.8310719282622974 0.34623009773818775 5.953496119775654 13.827933294331261 30.443909344046542 0.5099231772722023 0.025706581654363625 0.4283430241166943
87 7.803499911496241 5.6863126923539955 10.86939356931349 2.158757687208159 9.617923627942249 25.618542368032752 2.764194165557251 0.48719197732701947 5.209915112307758 13.34701735449092 32.02852122650537 0.5096797893052714 0.034074609970141334 0.42742903328980425
96 7.463262097316211 5.664195924814975 11.13498207715821 1.9453925837073507 9.085570564522248 26.087301559209216 2.759124002553393 0.9106870211648715 4.841715369241925 13.713620207251026 33.54809981064393 0.5092586349298796 0.03040025169742779 0.4282534470019758
97 8.14493063454562 5.470431998321184 10.773427067833525 2.2040695833789283 9.563448260087382 25.270089885944785 3.097599122760566 0.5483770601077086 4.648994291585587 13.583995048709061 31.83432337869938 0.5099891564703135 0.02420461418056741 0.4282264575454628
89 7.5429084174952905 5.699850439411776 10.755669948993239 2.1306380931821134 8.69936371332621 25.895705876483746 3.133066851768949 0.9671122935647458 5.530600130215953 13.56761558647837 34.01090544269531 0.5087422916236399 0.042756106161387426 0.4273031283935133
202 7.8946015368936 5.319613811983792 10.76506475283145 2.2161481163783776 9.088936420747043 25.33250062140796 3.2038602629362023 1.0979193106654352 4.073067750887004 14.363577866599242 33.30843209674567 0.5082837942694295 0.043646574711178256 0.42728386938657587
201 7.75186877738675 5.668991247284573 11.153931368970762 1.9589655071257792 9.340085454669888 25.31140909168708 3.1471219706804763 0.814057068033771 4.8809652796938146 13.84178356023636 32.510204254530336 0.5082460305331208 0.04568197171539889 0.4274502641753918
101 6.893370735575515 5.809687694369386 10.443819489321495 2.471592392543512 9.73904980484283 25.367340308735333 2.848571977993604 0.8011782608075626 5.3087053922911975 12.06476081497534 31.204888148422462 0.5064410757831358 0.06276898174002662 0.42474591382852817
102 7.466266770577841 5.679903048370376 11.16131036410512 1.8618980189283798 8.804551404066675 25.7325464389639 3.2470515234481176 1.2111649139375482 4.912874190156179 13.876487845299676 33.56410254728105 0.5091970366747088 0.03238451177747846 0.4274209057436437
103 7.543338525509254 5.682408976751163 10.93772271393933 2.1657505745358003 9.440402783563437 25.72015219860366 2.773517850279538 0.6305676659846413 5.049721058853559 13.901861705860671 31.95983710810264 0.5090496240605621 0.040563428829699925 0.427701714294303
111 7.781011402197384 5.402749189624068 11.12154909967433 2.063412185265061 9.484720533222657 25.422793551085576 2.8858685846415515 0.41490834940373633 5.258982894370643 14.689522608944886 32.20084140563812 0.5096808698847815 0.03020614106820178 0.42780272255665064
113 7.773054213177453 5.905125844510058 11.05854853705389 1.9612559533801703 8.695015203478777 25.700525831106514 3.2240155962190955 0.7946859617631498 5.521062886933405 14.966226894615994 33.16178250006068 0.5083050320849782 0.04242855408458091 0.42743788977070135
104 7.627122244724008 5.774729421466337 10.543194848286948 2.1961935473356715 8.7411762167568 26.742740387843767 2.5091762571754352 0.6870828901123582 5.47257843826007 13.239513542793446 34.55050073833653 0.5091609793506693 0.03548727129731868 0.42760714764039076
112 7.704998358272875 5.847902554159319 10.610875648915384 2.3102762215730728 9.240661119163148 26.025345747230777 2.655333350933577 0.5287386463123167 5.7213490472603326 13.491422221335325 32.65811102001867 0.5097031063068739 0.028136632593733838 0.42766062307569214
121 7.746668133227034 5.423281616398609 11.145443617441751 1.8187376141875413 8.612191708186845 26.147680351672843 2.942281715787812 0.5815504466171555 5.251249422981498 15.773905718127176 33.75496284093751 0.5099768633751013 0.02361307810195115 0.4286834840402406
122 7.824491357915268 5.888050058000615 10.8718950211284 2.0963437599817105 9.09163798251405 25.815020209610793 2.9129298829151895 0.9193815781715485 5.080941406124009 13.236521990203787 33.279686984415534 0.5094637079340638 0.03303581813451264 0.4281526962671053
114 7.905776096931409 5.867187362005323 10.875511523877723 2.0655602037672733 8.999837417619288 26.014824821390302 3.0359424816052476 0.41365409014601506 6.148324910984759 14.462518856647373 31.984648034298864 0.5099029758082976 0.021390389710795345 0.42834141678533844
80 7.407411040564776 5.525142874917291 11.089993760922448 1.8394706625727593 8.181731533797434 26.707813205861356 2.8914164523039676 1.0447212721032806 4.618039890630926 14.69040055806308 35.72643574539505 0.5093810414366231 0.029074040506752045 0.42803129219575686
90 7.69787127629881 5.776080295098385 11.10248340875906 1.8769966997011274 8.820576641702006 26.350015544170063 2.8002729089446436 0.5833981417471957 5.831585163956429 14.248402976888388 33.48833651035805 0.5094453624632072 0.029253292113611235 0.42826028532521254
228 7.803911120410717 5.449685992792641 10.673024049406527 2.1530434976748 9.094269515950373 26.062456208962193 2.840505248044122 0.7124852854326231 4.939101640363206 14.177727262415116 32.78718238019412 0.5065372782987235 0.06253974071041017 0.4248467913454621
81 7.636365892120578 5.751817393938997 10.833965597856308 2.133743864645493 9.299199166498925 25.409784479084337 3.0882885956839576 0.5319116540376874 5.445291697696437 14.139985106212297 31.89607133352649 0.5098314194742927 0.02422502562387169 0.4277099709697774
82 7.552708631841633 5.784082155251575 10.843448015439737 2.3046239571426455 10.126169061303948 24.576584130848126 3.298066611212385 0.7799329238626217 4.651061192159943 13.218480848093094 29.0691723846271 0.5066947973046486 0.06363374757697758 0.4244144201844781
92 7.432713323150088 5.865467637974952 10.874919935791283 2.1270892878166094 9.136455751665808 25.826434975406265 2.9038275289987565 0.48703772332050865 6.023991947843616 14.214573754993552 32.32169238161173 0.5091051651184293 0.03594350257149661 0.4273236394634339
98 7.423875645347873 5.788836679307028 10.805619179267545 2.2132538551357714 9.725778670312973 24.607925465093807 3.279804023700945 0.623977242378419 5.589046063291097 14.002502541545518 30.46885569789681 0.5082558271103916 0.04975275933886763 0.42644990363429375
203 8.21234761380842 5.336390393318975 11.25828678188227 1.8641426430467425 9.360635004341303 25.376314936182833 3.005217180644733 0.7003410160209556 5.029741564910484 15.885500660106032 31.458877837780506 0.5085846843622915 0.04597244384992848 0.4270803990199563
91 7.641977641464019 5.770195916490629 11.006381514018228 1.8364319770328132 8.040577721864222 26.877516141154043 2.809618642775651 0.7054588924341024 5.7158588262259595 15.21582835525045 35.53382302193184 0.5097877977921603 0.026951172067343387 0.4279699543894553
99 7.545432840892048 5.749013554744869 10.680379882978405 2.3754286798058764 10.160967489450641 25.113584585051758 2.839823905888835 0.7370280209480573 4.407204922621408 11.600696870905638 31.181660037016826 0.509387249688921 0.03366440025102641 0.4276970748756684
105 7.762087334941409 5.6923499353029445 11.428817195684244 1.7221163875368655 8.81723191692699 25.424610085243966 3.2788471144143982 0.9187419238471143 4.44036617469358 14.981115788175432 33.889520817225296 0.5092800183754822 0.03287593650037991 0.4279386581679083
115 8.021005969171826 5.725822921589938 10.73917779102888 2.1930925418090674 9.161253828313995 25.780231919480066 2.921079171748667 0.29236380229181796 6.418508271813183 15.149155808029139 31.3181821371987 0.509438483154305 0.03657067686443968 0.42765709100933724
106 7.6421036297706415 5.909572473330298 11.081618688457075 1.947277206407061 9.143188312501527 25.71481722023034 3.0115709982009644 0.5930148062596374 5.7861558526584425 14.17365900906853 32.210593201791795 0.5094224958341939 0.034826185983675734 0.42718590461035966
107 7.834646755303228 5.597074935560883 10.679584574388445 2.1970514821257137 9.07214351127918 26.033576810172 2.87181508492507 1.0440619124081874 3.9534761102101172 12.771702707300918 33.92883561507059 0.5091744570596423 0.035450923707357335 0.4275469190045509
117 7.59030726479309 5.661871027222499 11.050396831051392 1.9871897420731786 9.011553116828278 25.740486836145823 3.06416823571418 0.5161259671292329 5.8755767051803405 14.297017493804624 32.86825447898565 0.5091200314257155 0.036147643761511306 0.4273626857949113
123 7.4720960292305865 5.827397553263709 10.907787805878195 2.103185892712464 9.065496431279033 25.97485266757906 2.8674291899101094 0.42119125847560135 6.143686445280728 14.104593113717527 32.72649574314167 0.5090524222975471 0.03921669890538157 0.4272907690464153
116 7.632484946681353 5.7423915423332685 10.957876476955487 1.8639523997813925 8.305446325954595 26.423794367087837 3.0971493066839635 0.5449498541128335 6.546168120908021 16.046302851465086 33.15894756213207 0.5089475751106864 0.04076305264527019 0.4266837814531864
124 7.608581885692159 5.482580989781196 10.498368968413233 2.463517439971639 9.691037585648415 25.166984840668444 3.054986260147135 0.7500905768712496 4.717876099269736 12.253337450785695 32.447361326390826 0.5081939541364069 0.048943858848516715 0.4258854827967665
229 7.654408358897561 5.841187516640679 11.171936178798237 1.9731152799538656 9.862439452106734 25.561878188401746 2.6032873168441917 0.6543314630381295 5.223336712823803 13.062998488617175 31.271890064366588 0.5085405782806224 0.0430609201003019 0.426747332346698
230 7.378375140319709 5.629064187798768 10.963676159429172 2.07080745300366 9.513224386418951 25.207176696798925 3.1473435436297503 0.6927864383323745 4.911926768674836 13.826153713748884 31.541423300105656 0.5097677406979912 0.026084010597068174 0.42849479455179457
83 7.8098928479524785 5.642256243162803 10.81731934594574 2.116986286595485 9.113530452738003 25.839524154329126 2.8489654486821907 0.7937076456373537 4.963663138458755 14.112313480959061 32.98306372539543 0.5077844715247437 0.05470986344469271 0.4247101948889713
84 7.394283034810721 5.707371641009251 10.679466099143385 2.3654550592583554 9.98791229935363 25.070372102755705 2.8912415652343535 0.6238264519344212 5.066202329660907 13.01949608981871 30.439901386007453 0.5065807898391366 0.058369320598945756 0.425819169939849
85 7.895962255110999 5.522926408196103 11.440959274553592 1.606227147504675 8.944698819575997 26.416047668911165 2.6021765090005387 0.6022782560006265 5.3895753958804775 15.650462886278314 32.90429411340829 0.5087736150165544 0.037820369794759896 0.4279358722715422
94 7.477781223423714 5.680890256955262 11.139237074576002 2.0903909173882056 9.895096713181786 25.644559900210915 2.594676131762817 0.6431340792131296 4.397334772331535 12.602312307349445 32.18419319022825 0.5088276900365593 0.04509292514012391 0.42536574497908264
205 7.341937339508316 5.642656544495082 10.888360845889625 2.2207589992386145 9.671853967451106 25.469977717293293 2.818367311708227 0.44386971133208053 5.820119401920701 13.553440790414086 31.612334127163887 0.5081352873666158 0.045001323290884215 0.42643882268464733
204 7.7228032659853 5.678375256864826 10.703066242453062 2.284150856558568 10.157886829891384 25.039637102531273 2.9253557623743074 0.9181201311628445 4.522414134443214 12.410885172372328 30.055917882558177 0.5084476007572819 0.04333968908926402 0.42744734703493875
93 7.782620307435424 5.554118282784875 11.028508902697705 2.038483388268906 9.252814767412024 26.022954874615287 2.7397908876083132 0.7984291891311646 4.659877722664984 13.412649607766618 33.229162404901146 0.5085678969641976 0.03927293321280338 0.4273086760447976
95 7.183830796670714 5.682379623283853 11.093961747897197 1.9235748325749142 9.310117767928281 26.108389886105122 2.558425261872388 0.4356605339078826 5.887621756181502 14.330108448091586 32.12872574627393 0.5090096996789116 0.0387054859216266 0.42719051815249376
100 7.779936183437638 5.516560704846906 11.457138129031893 1.8428328068591957 9.433912831870655 25.365975131322692 2.9552304219204797 0.5750996910577549 5.1873403408550995 15.223926923471634 31.752523142741303 0.5088393346927383 0.03841439999422684 0.42653317427460335
108 7.807099497138586 5.709289895346967 10.669086327482027 2.2534728056016866 9.195381557724964 25.756231081068183 2.97352431389596 0.7777814589509315 4.869472176531985 13.55368728621006 32.654434379413935 0.5086597498095925 0.04257516699790434 0.427337904162468
109 7.505868696110284 5.673732354195811 10.789864409598637 2.362360621102745 10.12306122078685 24.598893189292223 3.1133994452453515 0.763475745588014 4.9268222469425735 12.660433092119893 30.623086802658243 0.5064517523722695 0.06655577961484975 0.4231287879847166
110 7.825074586799559 5.581734266804006 11.060577122116594 1.963409819776896 9.1177362693492 25.6364430464199 3.09563104131869 0.9879995650521073 4.103834057883146 13.446373504825749 33.540376463768894 0.5092244948751944 0.03324026247519781 0.4270779546205684
119 7.7329170312045505 5.465867486452159 10.65250599437442 2.6215250215344716 10.339034328225416 24.552381505183682 3.054071309949125 0.6263370556561018 5.256575543347617 13.134826312819126 29.570334580979562 0.5057515096637064 0.06970280233299135 0.42362240371724474
118 7.866664544725837 5.841158602705903 10.97661103851125 2.0285953712712166 9.21286391352766 26.228851998044554 2.639636267962893 0.6762689529984023 5.492985099750266 13.818685918228768 32.688541526553045 0.5085622119839311 0.046787651603881396 0.42644720703567096
120 7.387293694200922 5.702102045552043 10.753209171929647 2.1289718882712854 9.257075878561205 25.64579402976593 3.019670995761643 0.7445908401173799 4.756231261747743 13.254959845035875 32.70741145726094 0.5086883578611253 0.039789070462366787 0.4271537627907532
125 7.40738667875865 5.621229953801384 10.793229128123228 2.1998703195142877 9.684075330210565 25.53118353077477 2.9427952929964443 0.8461587169238425 4.984482255442098 13.002887876504994 30.769130285243946 0.5075481677691674 0.05626706863008425 0.42542279929054305
131 7.630676787041229 5.520310664979712 11.014960117532013 2.0899213893235675 9.571173802511257 25.37397952094326 2.992702781078837 0.9766896560829633 3.84863373656359 12.837543092594014 32.78827406241588 0.508682252144585 0.04110095072507856 0.4269269678293382
132 7.745804287844283 5.496787632078836 10.812806213966294 2.1863786331475494 9.415488420936386 25.400144360606312 3.0181405916353765 0.4531706876719661 5.818413860718801 14.849058503371653 31.24827909823584 0.5081871475221936 0.048580815002460635 0.42619635401330186
133 7.488250925553434 5.729743300323347 11.099296689525383 1.8405757781733074 8.584004331819592 26.50496275268032 2.7874092997419173 0.6181131980757401 5.5368731722595586 14.637298003530441 34.10904502404398 0.5098468872044357 0.021313922099413653 0.4276236157733191
156 7.871857564673021 5.6191278394168584 10.480581913195849 2.666785485435921 10.188899262974955 24.987152188466066 2.840368739162897 0.7179564431078372 5.299971758239675 12.430086351710305 30.452523145284065 0.5072853478313545 0.059216268494467164 0.4248789426831554
158 7.570340654298176 5.833265879243861 11.19174750322563 1.8728860968701175 9.054713638240452 25.81549827444661 2.9744984871700932 0.8795124284495028 5.246009329062296 14.224066485838481 32.514461268681124 0.5086911052460651 0.0411671539286555 0.4273105956998908
134 7.633847636942626 5.588163128673592 11.139328565353889 1.9927977019050418 9.63251292761123 25.65065691545848 2.725369430243583 0.5454351145656787 5.388919001639426 13.946696037430806 31.611394810368424 0.5083710907629913 0.04543993456976044 0.4261184130420643
141 7.563885952346271 5.59706441643352 11.105105882634426 2.042064713999886 9.58872659045174 25.23056010576237 3.0965580874829794 0.6342783567837944 4.555554973302634 13.83833364342661 31.71370764129274 0.5089782041788328 0.036262816978943575 0.42740954928049313
142 7.438875054612682 5.843919969048682 10.68056649526376 2.1750803803831475 8.986787197691733 25.955336668362644 2.913261301621634 0.991620999969599 4.556816723638258 12.668050812619905 34.064992762581745 0.5093462679883837 0.023496883242853785 0.42812520684308797
143 7.182331840655004 5.724438165056118 11.111218716338657 1.8519108233164858 8.660088106771592 26.903233028596045 2.464719404435017 0.4348548942700299 6.180427943045411 14.824114731892358 33.98055759746418 0.509320411655681 0.031239584952737758 0.42770305513479606
166 7.870362338442071 5.7036904818877 10.714312726337626 2.1111780865997716 8.83713694512271 25.835900556804184 3.191678062721159 0.9129159342726536 5.0440515921865074 14.237910860887283 32.820040616891845 0.5095881812967957 0.019336381499818225 0.42895809021416137
168 7.667564013666119 5.812855393442644 10.880647488639559 2.1690350123833095 9.578662748402376 25.345093534819714 2.954629337245604 0.471840630289989 5.491297277103062 13.837266962363094 31.38198060712159 0.5085550319810656 0.04128758660548556 0.42812754733281894
144 7.7139632548221915 5.698084316957074 11.260366450777132 1.8956329928836857 9.162697789001648 26.09746155609847 2.657106593774134 0.6622655584515944 5.164905298302327 14.129190595916949 33.318535076749335 0.5092753524622992 0.029550792603851364 0.4278858302773609
157 7.803808032645707 5.68721212486093 11.070281274643646 1.9792744726229843 8.962472061869883 25.504606795762562 3.222210561738206 0.5805618138575296 5.683453731951275 14.690055589460588 32.78704909113904 0.5076205792838896 0.053868105046766014 0.4255984555532696
176 7.53742506314219 5.89834380200757 10.803979097417296 2.078604586345705 8.757653061680173 26.13636945339885 3.084237237666617 0.873917658449233 5.900580151069543 13.688028485952886 33.28810418088167 0.5089406580439322 0.03830673869564285 0.4271885903240543
177 7.685809478858223 5.47039882332938 10.721882890583707 2.3536026013828404 9.528429376940075 25.60703248194854 2.809011087957644 0.4598515044228942 5.28852552675476 14.158986991442148 31.817687218147864 0.5083826919134069 0.047836031196582876 0.4258968342415476
169 7.548402759234154 5.603915741908125 11.175943852445918 1.8868396261843727 8.947172342584315 25.725840578732672 3.0915769836958287 0.6039841651767935 5.257083849852378 14.89901564752498 32.829936210514155 0.5089284654040783 0.04186450493666913 0.42712052550346835
159 7.515190629281612 5.491848367816872 11.1335432423777 2.026135580217412 9.55683777094861 25.439644000489242 2.98497012935222 1.1039480334422602 4.680531875785904 13.584656883146625 32.05667277268912 0.5081869499089945 0.045167398845917715 0.4264857573292654
182 7.602280654106932 5.461490712015512 10.648081579121763 2.167234915553829 9.126576769016703 25.578382963959474 3.061620573292008 0.9616102688290122 4.8590239651029545 14.0078919406191 32.95121215422796 0.5083874577725555 0.04337382349322751 0.4268072685694457
181 7.73201587717613 5.627050331366434 10.824270122772182 2.0683333501919505 8.485453066439028 25.82448773341353 3.306579049768666 0.7457404148930866 5.389965474053343 14.669082503263047 33.87688442685728 0.5089588067617776 0.035273757234089986 0.4277780496412251
167 8.00656162553073 5.484302380374221 10.349279105053729 2.670353396520511 10.114450099511098 24.609378625335836 3.322269900691652 0.7083822357518956 4.953122303773533 12.61602554155995 29.775027179192456 0.5081541331523768 0.05211524969089258 0.4256747961906387
191 7.722217388775652 5.7544781953303135 11.025575919481456 1.9946322955324438 9.091072121901687 25.884183377665547 2.9176317430919942 0.45282334899261245 5.827322545756738 14.833553595225535 31.934163927220172 0.5097003861832506 0.02504365676614898 0.42818852951924136
192 7.178401396599369 5.561407739745865 11.194407948977997 1.990972712502563 9.66397621754626 25.885045999081008 2.5894308334527034 0.7269907103960509 4.3766520296234575 13.033297975164215 32.43999803010221 0.5087083250154363 0.03047017957920508 0.4275859151087797
196 7.738707935269072 5.688230487516044 10.919888313099342 2.2836466943101295 9.62774065013535 24.88856873669358 3.236832321206778 0.8039001456412527 4.3852956330494095 13.113932625592144 32.13221689140683 0.5079625995148652 0.05465063703116502 0.4250815427496339
197 7.174124518228013 5.686212562576535 11.020365774678407 2.131071011889802 9.595283904538244 25.287944020683607 3.0024246589975427 0.4304167721509806 5.407040567467913 14.183521537999168 30.924327759804743 0.5087335080160954 0.040543866586140564 0.42756099391458985
135 7.52251812287356 5.536834464417564 10.806996508696965 2.294086010998815 9.913730429953329 24.97780033237766 3.041416342019852 0.6631143869167806 5.153168897082696 13.754496100425875 29.68220026680287 0.5049081555139008 0.0781402846910318 0.42139780525998277
160 7.911704304714409 5.504657467597315 11.022901820525943 1.9379649189766899 9.043888416029873 26.233317378578857 2.6336492650158005 0.9764279209342325 4.293079094235177 13.707849823228077 34.1816836989998 0.5078496950020188 0.04255653595006433 0.42723191022885054
184 7.677091898486474 5.6348306882046035 11.005969170452252 2.374657732273077 10.959195489701512 24.600996621772524 2.5477834362762457 1.1772368623809404 3.6171820744477245 10.991753254187598 30.255442902286905 0.5080044318473774 0.048004792751297494 0.4262258989788427
136 7.814454641253822 5.59861021482038 11.36457379971342 1.9302795836942088 10.1862679963569 24.91317018346069 2.905374981343273 0.5880701745664044 4.514208289857498 13.477500499337589 30.473019622275345 0.5091982456645336 0.026207888972797622 0.42748397398323157
137 7.766168343825534 5.5452262843447215 11.168399594706225 2.1064462453045447 10.130819523576942 25.086881706497525 2.843337388213068 0.7598153562585579 3.810546444708618 12.651201184017653 31.420201291206535 0.5076306255333247 0.055987271099932935 0.4246376690177848
162 7.366967309333367 5.541525611358686 11.255603674793523 1.8475493029208625 9.414607420440207 25.641164295289602 2.9310743026282218 0.9281628554997462 4.077298414890485 13.666746104486188 32.68590149035777 0.5095285110007073 0.02904976634546576 0.4273297351098954
171 7.648172988226416 5.76954514861509 11.150679568715544 1.8829376284779324 9.044827570660065 26.087508345413507 2.8429615388685447 1.1282986814076426 4.3631118977576335 13.262329263506192 33.510424843481296 0.5082143404618628 0.045889185392142644 0.4263200229792707
145 7.171070442590383 5.8547468865483765 11.177757531640221 1.8454696267257094 9.2981219613434 26.596354520289697 2.382078370512536 0.5705259502084101 5.630532871540511 12.995801913414667 32.84284535813879 0.508798690134293 0.04111619871866877 0.4270228309938166
170 7.393459326940842 5.832579765823134 10.889351051712117 2.3111005695590565 10.235100179398328 24.56846084523558 3.101415208565275 0.7048822789219886 4.554597401585099 12.604917854017634 29.758413269744732 0.5082303554402686 0.04990130458800392 0.42614264157582327
146 7.664200507340462 5.682275822855506 11.045241439003405 1.9997027882956266 9.097509079036355 26.28251534008165 2.516323374732621 0.6798965397239916 5.268360820940685 13.977554004153118 33.49393609565357 0.5085408918468842 0.0441313511812328 0.42696655938418127
147 7.384487246352607 5.800811400587347 10.786604904742735 2.31570485380592 9.81020507529865 25.319829827795658 2.8349989703994067 0.7012837594208658 5.2261902172509025 13.624696698101783 30.41911259005405 0.5073979121793933 0.05382595893488212 0.42611516026500235
172 7.382639386560624 5.6277996525061695 10.860127723865133 2.3937858310356868 10.483303366880344 24.384284364824442 3.1214177553226348 0.8361549863248369 3.631521837233819 12.088161625480005 29.986055083265487 0.5085862254514355 0.0415339289042187 0.4269682394355279
183 7.457903581569018 5.614597941564258 10.924626135408305 2.167896346121724 10.15672554434557 25.39541261194792 2.619417834076022 0.39296737219879296 5.375058913332214 13.564604728037699 29.68600555598049 0.5078372677996331 0.055499228588227416 0.42353094535201086
178 7.332239000832622 5.652230081009022 11.376164697542503 1.7885138732563106 9.454906374732385 25.803351503112538 2.7125224591113377 0.7052016936870606 5.047002840464268 13.892953997317282 32.34277276432414 0.5080357610170867 0.046250763647328996 0.42673293250277616
161 7.802777540738684 5.3993596880960455 10.957403850754531 2.3004953404934523 10.267019715381172 25.241489328189775 2.645490737662642 0.8909558745022029 3.5454300008537127 12.280201421743728 31.311368884577778 0.5072846262225891 0.05730670858104689 0.4246641674470423
179 7.710345976924865 5.159081070024432 11.097940481593898 2.218769218496492 10.297283893330501 24.95640932156929 2.6928086746308217 0.707136209311131 4.594592458614902 13.739748104245804 30.586735348161824 0.5085126555596904 0.04668944348248059 0.4265138897288343
193 7.4303337221344 5.668855062109429 11.342281196403638 1.9599557410504407 10.104983064306156 25.651997331188902 2.4185663662956784 0.4631836409664078 5.251093885369805 13.635848513898946 30.401455362631207 0.5087256717417116 0.037934752273948456 0.4275284663447405
198 7.6614380306780125 5.812035705966079 11.465413402968858 1.8002034955835309 9.652068271241017 26.053695651333406 2.429368401436994 0.6034293091669041 5.263668644802917 13.228602012729805 32.598311487056904 0.5091175287030263 0.024152806890781583 0.4280228146159838
185 7.446185652330933 5.560757021433054 11.299743324950068 1.996163400896255 9.660870274558212 25.133653527367308 2.9950678631937095 0.526048346772138 5.119368065165708 14.254609185061947 31.303604406345265 0.5080347210295395 0.05098393946503095 0.425581674301001
175 7.451850573578163 5.839126408313783 10.595040998533374 2.258730839512325 9.84339166428953 25.337780907168924 2.8953864917993517 0.8555688972010913 5.273015301989646 12.23507928661551 31.017370296280525 0.5093444396897076 0.03374103684105189 0.42676406118424465
173 8.04477982253734 5.424021689994124 11.16160587788515 1.979175089177313 9.65126247530473 25.36592961326323 3.0096684712920068 0.7815922729468086 4.348760204195587 14.36486756466371 31.382010419249315 0.5087926237929132 0.04232763567870441 0.4261501364210549
138 7.303169920459094 5.511146142437688 10.956802324029598 2.1848880412272895 10.136963082149244 25.23459961367267 2.825554897843049 0.7175378094605043 4.515624528765859 13.383731503901389 29.8404733841789 0.5076986197870165 0.04993689770797981 0.4259151038869817
139 7.721575198271109 5.72938553997188 11.305106898231559 1.9937650947110215 10.377373363960068 24.842112949347538 2.8005227636077534 0.3646857370490195 5.337153106792029 14.152403928511998 29.169943690673787 0.5089699214682462 0.030361118510387614 0.4268911342380937
140 7.5724332035178 5.560346759929857 11.159086086525479 1.9434317413747135 9.38411516940006 25.55830338164162 2.9249583312104934 0.9386402030852983 4.322388925998826 13.65277157742221 32.8326052886974 0.5096877880255442 0.020388504964669023 0.42772712302374133
164 6.9935186810809515 5.733096392026988 10.832342016300071 2.2102213581969634 10.17497125225131 25.661814866534147 2.5108187252261516 0.6246280905035474 5.699306518047873 12.694446389157424 29.6931326479542 0.5088856944454699 0.040272374165733246 0.42627812545936533
148 7.609056220908887 5.677591652073713 10.86897249254983 2.1961392622836784 9.870119972878719 26.068171080014867 2.283401689680059 0.5842757520834397 5.7553383669914675 13.376966389524414 31.247725541302305 0.5079493805604214 0.049429225603032735 0.4256405128854402
149 7.217069458330352 5.751031253399929 11.178881242369405 1.9588923600260604 9.501156353676164 26.275573351129058 2.375973323037419 0.6680803907644064 4.8450094156256105 12.819025783717352 32.78330740930552 0.509504972402552 0.03473602775995561 0.42775750656146927
150 7.2659118407890775 5.496558649520942 10.750854158344787 2.5026130532618516 10.358560307282012 24.769337573051978 2.8782160656485516 0.4681287682727034 5.863049826428427 12.888156812613296 29.511010436410206 0.5053162322285921 0.0748341018511151 0.4226459832873669
174 7.302489976607387 5.644634620789401 11.188663295383039 1.9849217791226523 9.557308618375792 25.942452486887582 2.6005255634347177 0.668960928250737 4.964744253149021 13.366111993894133 32.41808586973622 0.5084328134013762 0.037203050075149575 0.4271561420537985
163 7.313305130021807 5.504505798873017 11.259785113929974 1.8846084424543699 9.71162801037036 25.02096693185399 3.2698489191640574 1.128232047704044 3.7453678968969597 13.89646780569356 30.75279071500504 0.5083796900725245 0.045344247583296464 0.42658355348670474
165 7.605392165288362 5.7876629637048405 10.113927079243798 2.70037089119941 9.705369025679836 25.438592894703266 2.892587059898688 0.5921545419185933 5.7936868222012565 13.682615833275573 29.79371194418382 0.507752941221268 0.05335683712322823 0.4256184839756086
180 7.717938857199667 5.475163546432886 10.789533605107017 2.412049212571526 10.156365294701867 24.739464692076712 3.1078177875265354 0.7445218499577602 4.692447395529356 13.746403995670045 29.5110829742818 0.5061436608641778 0.06571098904742849 0.42325804943012457
194 7.560924144455679 5.4898210659209346 11.029763653906677 2.0931420327195847 9.907308354679166 25.162046808618395 2.8570763563691135 0.723593949758515 4.215025916727813 13.003330356795516 31.787532423387972 0.5084795565161006 0.03999251976334876 0.4263765435282459
195 7.26557940472841 5.9301970779922195 10.611062715362685 2.162756938760853 9.294474146340333 26.485727275684035 2.413269071436938 0.5444064644751891 6.383422168754664 12.968252769022891 32.06409346026994 0.5073394478746021 0.0555625828992852 0.42595813716330233
199 7.464844098139147 5.374786962527292 10.394374986548199 2.7308916616988865 10.13042728976932 24.26335720347737 3.247673274123701 0.9775376664289698 4.0746239552335695 13.052483281584761 30.02827408735076 0.5042439042768172 0.08306745739942256 0.4210416412912702
200 7.659461272427345 5.666996790424458 10.748138106804479 2.1923858119661475 9.133578942951646 25.572697434075472 3.148454610248305 0.7014007282461528 5.57338223979532 14.883927384966933 31.663829438568175 0.5071776182445138 0.059779577212112606 0.4248103141446871
206 7.443782255581381 5.716972512050351 10.848443036944536 1.988869854267684 8.737422246092153 26.57543022014481 2.6122150715353856 0.6123922293898131 6.272412681784895 14.294753713547294 33.75159549864124 0.5061229553764102 0.06370171153242905 0.424784834451261
207 7.997034346386241 5.577615525855536 10.688859961801375 2.268527083880944 9.503043698729941 25.632042378857104 2.7837459519313614 0.6481164092992463 4.714016080411374 13.369047736856446 32.455066739585625 0.5093579535828833 0.03454285403839969 0.4271379880490618
208 7.449516442189736 5.595126099144536 10.737928729299675 2.179929551000538 9.653711739015757 24.811618159677906 3.28395942040036 0.7779223797447082 5.024389017232528 14.079143656128645 30.883381555038696 0.5057860423955465 0.0738073111113023 0.42212389580732057
209 7.556702026441951 5.535228919499942 11.007950538367117 2.217313780216345 9.864177475831593 25.062354881732713 2.935132619203359 1.289050634353487 3.5611462790032746 12.422004555098331 32.47093420484826 0.5079745851210439 0.047545597621015866 0.42708484047503176
244 7.497000379062658 5.536998431095945 11.148355037822826 1.8769766197831652 9.1545398781373 25.663424712952235 3.1857901592520537 0.6452762085491113 5.004176626103781 14.452208581364665 32.39227468832863 0.5097246957423657 0.02695365811759621 0.42831879693748853
243 7.763836839446225 5.624726481824489 10.916766348915932 2.1960423203244606 9.914364108188547 24.900232697314156 3.1469536363715345 0.9434741481127746 3.885779162820422 12.953551082325944 31.276150948256003 0.5074546598780671 0.053529949944914466 0.4264963860932015
242 7.667382587829169 5.463616809556966 10.85762250209374 2.168902765272078 9.331817387096832 25.664203721637303 2.9828392523691276 0.4380858481908133 5.15666603247825 14.647715122218036 31.539303567379484 0.5086197414253543 0.041348559690670035 0.4268401127150822
234 7.4938279977050035 5.686588953994547 11.309568733872636 1.9241092795986607 9.501393276977753 25.87739611353491 2.594695200373566 0.3038339495024737 6.383755612112196 15.038284862756003 31.40198303771773 0.5085605173499851 0.03945392068057161 0.4274422338803589
241 7.3865006217522025 5.77202439386597 11.230280699111756 2.0078670273329102 9.714398875152225 24.968929470180857 3.2114248237970506 0.6917680181638641 4.896588747074404 13.29277724422832 31.336059363716593 0.5091723941153959 0.03148937444177181 0.42747169684903186
216 7.823250686806441 5.727966453363762 10.540592278006109 2.420574016914238 9.608324040548766 25.710888903315713 2.6852586066666624 0.6626851437227248 5.227931334752111 12.873246418748856 32.08420916357793 0.508608219162023 0.04383772860681395 0.4262936947867847
217 7.862371619120463 5.697140132534992 11.084680756225303 1.8783545560647443 9.230787328230566 25.47228800331225 3.1073905307895404 1.0839492484834026 4.6450160444292425 13.89518376266812 32.490345169282946 0.5077586010314653 0.052558931682890865 0.42533061671028427
218 8.034100141381273 5.564209768171718 11.060863975105525 2.081080886662087 10.178693364942244 24.9412866784394 2.9495999751433826 0.6593597873760748 4.069970985133927 12.89962208172407 30.67298574754762 0.5096675887207616 0.03169041609073462 0.4277271061601319
233 7.795847773963221 5.6793752139573925 11.088606072500506 2.0360453751402736 9.555432827674279 25.683332778785473 2.7820100651740995 0.728046661928102 4.75981762676215 13.058942355119397 32.70805806931789 0.5095951145347812 0.03514205536317254 0.4278759067507706
219 7.714380486224014 5.491434401039195 10.844383529339936 2.343198145306778 10.327550893515298 24.92690591812052 2.712440806685848 0.7859265112620024 4.165169098048277 11.886722134575672 31.610334253219797 0.5097520118799496 0.024690878791948707 0.42834437243780615
232 7.527558653249465 5.71626095776622 10.871376005530138 2.19707642539051 10.033104615710847 25.398106588059917 2.6464185860546516 0.7375942234092094 4.953656833039242 12.859160168794078 30.5528458336621 0.5082947808734856 0.0507902144029876 0.4260497341613295
231 7.88041141287038 5.566746975701666 10.9799859316769 1.9808895454206081 9.330750226985318 25.877774722715774 2.7632139524327495 0.7147541223708029 5.205627176308478 14.202733044689476 32.16847922279741 0.5091663868235617 0.03333922259405268 0.42805978866480154
236 7.347406917494599 5.72502364652792 11.129461529398268 2.007979549772563 9.490963460756475 25.834884743085045 2.5832279034067365 1.0604009314841876 4.537411918153129 12.709827413074331 33.14683522429491 0.5085899281982197 0.04242183056234192 0.42754848404438295
237 7.477927021375538 5.609117585637315 10.871119462916312 2.096947652088261 9.430256994052069 25.19960582025112 3.245810873153308 0.8280017801323126 4.702910992144094 13.268391991256813 32.2546063861386 0.5083824280725131 0.045821853099689204 0.42721821391753667
247 7.9347072218399175 5.691234120424246 11.259543667993869 1.8891122693657125 9.536595007567788 25.592024660347878 2.9435926891806825 0.6032431054917662 5.222514693322659 14.465052142604408 31.293126054994804 0.5090778695278433 0.039356524829867456 0.4273771192683321
210 7.271365769453861 5.557878452738205 10.830164396663026 2.2887302495872794 10.281815522198258 25.726787863066416 2.3630928272124145 0.6571137206503959 5.145166835929814 12.578187518921032 30.410348159211434 0.5074262618924305 0.056143073930169506 0.42536501068320187
246 7.6910094263257145 5.560461247827099 10.87082291740456 2.242282200322376 9.587305900703269 25.110261685462078 3.113191041826194 0.7332375052740372 4.630328666348636 13.582609659700331 32.132636695630964 0.5086530359533198 0.04643978359303704 0.4262781657867869
245 7.978182867853062 5.5552140866301984 10.990594808059097 2.084499319065503 9.770885900570626 25.931815190640005 2.488270743355494 0.47630316767699393 5.135459725434654 13.88231842745653 31.441388158230048 0.5085666264908728 0.04854511562535257 0.42662187759095
235 7.554038844978443 5.7054148370344775 10.8456781733709 2.1121015206610703 9.80872949891956 25.500294295369834 2.6873537118286412 0.6542736201245934 5.222218176310887 13.209472898698836 31.484930660071225 0.5083460572346417 0.044870982689238434 0.4262337755933361
211 7.472059776326854 5.7520093501837355 11.20302521207226 1.9106230400526039 9.601214145856973 26.059680640175763 2.3822093742302837 0.46078474143992876 5.734084670211235 14.005897163184137 31.748496046054534 0.5088165414153011 0.03720652320761866 0.4278153677284928
212 7.27748412296851 5.680654461002935 11.0289260937159 2.0563259807023653 9.615210284135527 25.142528762072086 3.1835162345899746 0.934179282373183 3.867820102604175 12.887976547304893 32.15773545977459 0.5095154514242203 0.029649406258488945 0.4280360729074864
220 7.555959319792506 5.59308284153741 11.018373355313646 2.107743737876707 9.868987537119198 25.167946860644584 2.9118144072208834 1.00857508365419 4.261292672361131 13.46978374387653 30.96084657576488 0.5071374353115348 0.057669548613838814 0.4257632395899587
221 7.674253942940449 5.6423522289189485 10.799235985403534 2.330145955459628 10.475496812691208 24.853119334377638 2.762065591502764 0.47773590768004864 4.972249632127279 12.230204385060642 29.964594219031888 0.5093620242276592 0.03673830722586722 0.42761708778611246
222 7.537586857377896 5.727814451012617 11.091189440078228 1.9123774995186347 9.065258536047192 26.476202461902034 2.5335527987300326 0.667998326374743 5.162765296807206 13.644056237673935 33.5600284982731 0.5094327855400748 0.023091758186309465 0.4274078230110079
250 7.7803444689267485 5.606104347396905 10.928207305713146 1.9807681386353162 9.286905369711988 25.39453702525925 3.278186762316919 0.8039078710511663 4.998642255002627 14.743987077840682 30.93743471010537 0.5070159096084517 0.061064794051823745 0.42423572995264025
249 7.63788524027894 5.742705422169014 11.019951421247365 2.088989788517127 9.624313095863567 25.670472022332465 2.6892359795356513 0.4205247632817742 5.491960292960423 13.945351374278719 31.533188680277114 0.5093644004247448 0.030857294470165646 0.42815738906654965
248 7.643066596082431 5.7256019619861585 11.131105192519545 1.8988161284271983 9.29697010490709 25.835522885243293 2.88524688566494 0.5353596919580103 5.403386610537507 13.918360257262515 32.30944297686836 0.5101348506808759 0.017421509418662346 0.4287264205725627
238 7.53252366795396 5.5657343840995175 10.954605371162357 2.1308982924916484 9.690904879809347 25.161115380100707 3.042008421027348 0.7931750368723516 4.431419410064938 13.14181251236119 31.9264923537796 0.5086282826787089 0.043633788619270863 0.42726918168522876
213 7.559167293472942 5.701496494533991 10.994865922308774 2.204455658008301 9.933794021985078 25.302794116310174 2.763412897441245 0.38861284118422784 5.730245259833776 13.915620817318638 30.41851487060564 0.5087481113299639 0.04529371108614323 0.426323027299965
214 7.865710266120746 5.688707821161954 11.101985789053899 2.018690730998064 9.702445281674697 25.855486401855707 2.4952693124389587 0.49168074420353636 5.371369332974253 14.237608700771569 31.05020987499097 0.5099905319177374 0.027399909355952882 0.4278351248439512
215 7.1773633584974315 5.834982060343258 11.060917160626277 1.8760443077794855 8.772474971845726 26.448266319736756 2.732852325411939 0.7621535002052391 5.923993330307201 13.693991793199771 33.80394705439502 0.5088837942010752 0.04223935610555398 0.426541085744273
239 7.91214847658652 5.539263260421683 10.901555060335765 1.9772446377858894 9.003782163052254 26.640447131714307 2.3978654264669035 0.879875411467894 4.895468741685464 13.785367498981202 34.00819187434855 0.5085774379055941 0.039736414426652475 0.4270585829359087
223 7.390334872310504 5.810132217719775 11.21624823054245 1.8253238276586847 8.9171508645622 26.077577045205324 2.7816994926046923 1.0727147500775152 5.123601715092025 13.694566910829 33.98300825981713 0.5085554564564739 0.03990951710691038 0.4263508369830084
240 7.551944304682713 5.512571151037979 10.704403843735097 2.4565258539444526 10.079546820178212 25.08310106948653 2.6553693568745165 1.0260950309716566 4.247750669694162 12.402983540756722 31.670194915269136 0.5076720888316429 0.05348383221071202 0.4251262756743284
224 7.416922570354737 5.887508576516672 11.218614973244401 1.7737766594378943 8.953205704550843 26.337552182396454 2.7349943500145018 0.5777815757466107 5.9375924585743185 14.57251344536645 32.56194288100852 0.5093012208026252 0.029244571579736305 0.42756507019426826
225 8.13271370655167 5.43573777629384 10.911876300187636 2.034140786766286 9.215870243795303 26.804059169284617 2.1728765952852696 0.5007556192093984 5.326993788056551 14.480686564628034 32.90962860669541 0.5097583655317731 0.02764522564785473 0.4275950753396774
