# timestep 6900
# phase bcc
# id f1 f2 f3 f4 f5 f6 f7 f8 f9 f10 f11 f12 f13 f14
1 7.308087027738418 5.678534361180431 10.605126088172453 2.4431088685706825 9.890461339887374 25.249010715769682 2.835551377997406 1.14312217493999 4.501008443849341 12.360171004654836 31.11572784590679 0.508280793298797 0.04952880692568529 0.42645497460654636
2 7.577986568341853 5.821085016070286 11.436218143429926 1.8107850835661479 9.704675405725537 25.72466264085147 2.5720889556204716 0.8387190527744556 4.511829762370651 13.286999149136918 32.27049342998706 0.5100358491967532 0.023475152560599455 0.4282230512566197
3 7.698142778959842 5.752098759932294 11.203803732186445 1.9940283093077582 9.954145776696048 25.701143967141725 2.5260026178259016 0.6365750304090917 4.839256104778161 12.786200197783396 31.67065789878226 0.508137544205855 0.043417507663707534 0.42722868078823656
11 7.6076932856451345 5.436897209493891 11.188122027814478 2.1001651263096432 10.466151310342106 25.103629806669247 2.69281373937342 1.0516027436527455 3.40564930137708 12.027830282923793 31.079412708876415 0.5093302691342437 0.03267052482463751 0.42743151583651634
13 7.743050686849786 5.66876137232957 11.184366629714104 1.9553411416177242 9.711737346857792 25.870682516677444 2.5328517806250703 0.38477778618485825 5.883543640965271 14.56420854081534 31.051132489113222 0.5084147463967393 0.043699583541632996 0.4263832238230288
26 7.8787991738023555 5.689353589238223 11.130438024874993 1.9184963221123634 9.161145207035 25.50759354318704 3.0965275141771884 0.7448439145802445 4.736359223997019 14.397525836971052 32.59087779885792 0.5094669650080129 0.02617865877662857 0.4282537065156938
28 7.1245338796600075 5.8144651781196135 10.749990165747368 2.2609948511076126 9.78598472196827 25.53975559368369 2.6348310182307064 0.5746834896126644 5.0714169204361665 12.289308471972873 31.960865853057438 0.5099238473074037 0.01714712243460851 0.42885066770186925
36 7.497380036897922 5.71538338909955 11.534970363349682 1.7919567413134654 9.8972117588025 25.411882454847902 2.727139647502869 0.5585747325517342 4.956086043793566 13.905163162868705 31.046163803256846 0.5082321163091394 0.04201948268917184 0.4269685280962967
38 7.414076517174251 5.774791087756532 11.194549100463743 1.9673438602379532 9.614983001177555 26.126263685734592 2.3834433721104236 0.440412732914153 5.481675646486777 13.368236811271613 32.38104534911966 0.509862922879345 0.020831231950779915 0.42837134449847253
4 7.847321699727473 5.543102922343553 11.071342867009104 1.9506217669552226 9.159002975795081 26.640756664579538 2.407086098116468 0.5062619750091685 5.224844050529233 14.086082249964136 33.27470066934487 0.5099535692874441 0.01671647909383121 0.4279003553230704
12 7.497620749658162 5.467371287730811 11.250576272186253 2.0139555253064585 9.731904567642285 25.745693941280607 2.5145776846604893 0.5981413101972355 4.885184275717345 13.685744820285851 32.261450967222125 0.5074673855241735 0.05429762879215543 0.4261184673574606
21 7.488070199230898 5.291624953343839 10.278360444780057 2.723181643986791 9.968682725846875 24.331076138358018 3.355232345142623 1.1160135939517912 4.784677774295234 14.4636897023836 28.61887746313888 0.504767829621764 0.07353751050731745 0.42398737761827726
22 7.6524359900969445 5.550840670246235 11.148316830722669 1.9768245454125177 9.750663283247592 25.739484061249364 2.5464896894050884 0.678184044867562 5.1061185634462865 13.657181866193216 31.681343929841752 0.5092749238566722 0.033624000162129006 0.42668479074448146
46 7.409369055634219 5.88816296483894 10.836615002443144 2.189802634785347 9.82907780090963 25.412102302584547 2.8333444521729256 0.8464416618765054 4.826971728243342 12.269592771556535 31.421386139382907 0.5087740349366583 0.035702385416045666 0.42697646051403104
47 7.53791679032104 5.625920315148506 11.101700951220682 1.9634398915409002 9.101665650202513 26.28064913749429 2.559742168035203 0.6331546025712996 5.201031683215166 13.827440305093491 33.80703687248388 0.5084421173318938 0.04096654781155283 0.42729107294599794
14 7.446841456541409 5.737536885817962 11.18324202126595 1.9158084884341928 9.661369535769179 25.497053482990438 2.8098536411660486 0.7792274899477974 5.731685314645103 13.37385942084566 31.48842456070982 0.5092216029199671 0.034381874089189995 0.4275909660149638
27 7.5065365854608626 5.744163710714283 11.159050204874491 1.857016048998799 9.275665458973172 26.111880948279662 2.7639796048974787 0.45759428886209685 5.975076816493236 14.631369651755353 31.69563276599763 0.5091612079912754 0.037811163694462406 0.42656765828015203
51 7.927875362256617 5.633969434368861 11.065390162997078 2.06837000019674 9.764973067812337 25.11513643363108 3.0671395949973395 0.7927183385440266 4.5385966646354605 13.350533882763933 31.367122502016663 0.509455209008684 0.032379215333993974 0.42747339888585084
52 7.4436514553041615 5.662426308000166 11.194240804880536 1.9769971400824666 9.415735853003214 25.488485128713794 3.030503338107876 0.6931615880518722 4.58131001203475 13.739669783678675 32.42855072847109 0.5096946063592468 0.03199438740757823 0.4275829246380557
56 7.569027981260238 5.667096710765683 10.856441067208362 2.1210154588767045 9.580578314517245 26.094933326604405 2.454783453050819 0.6286018223859975 5.260346224276202 13.299884766012326 31.97509175791031 0.5084816062166423 0.04387532818774066 0.42680737506319855
57 7.44340466267525 5.790166156121823 11.486407703092967 1.8408884369854013 9.9350545142186 25.4938925731507 2.628360876212986 0.6618501717305273 4.953240100444279 13.365672291807574 31.41435173455682 0.509488208854037 0.02958918811291541 0.4278517855540645
29 7.819589199740465 5.6849824881702435 11.321744112885442 1.753367252824122 9.335736719962377 25.904960317364555 2.7966957297325123 0.7917344888727988 4.655742363541751 14.380348816521092 32.22815986181966 0.5083387617539536 0.04872832992181094 0.4263410359277519
37 7.367596623245077 5.672859617834306 10.960895936754932 2.1255892016378803 9.536531347854698 25.43972272998185 2.8728290368758125 0.66953738732806 5.39830112387372 14.137253388557012 31.004686483412193 0.5064918632686335 0.06563282113323159 0.42374889529471693
61 7.525918418226535 6.000072327746207 11.039963396319171 2.0666358432015692 9.825593989980682 25.536600903702123 2.715820570133679 0.6791712517625986 5.3249585194389235 12.388661298898464 31.369771008292915 0.509367556659915 0.03383335003195105 0.42796142579565777
62 7.479488963576486 5.789880325024401 11.1737139465887 2.007876139039122 9.55353216448939 25.399301933419036 3.07981395478129 0.3533940003724285 5.942389145210495 14.544223567939124 30.643769243490656 0.5081888440683205 0.04734575921400732 0.42683205351292436
39 7.866908731855314 5.56659725364259 10.914603140936647 2.0361836350899245 9.269513901629958 26.33510239360555 2.491015045475749 0.7017041078634833 4.920621875485481 13.769879399310232 33.13531366837218 0.5098942146709619 0.023264367248436092 0.42730570971514237
126 7.811611508060647 5.509400416733122 10.698036334694613 2.2266455474720543 9.399547823485362 25.902160780183678 2.6686693946796787 0.7673764984464548 4.6231978846919475 13.34376958755068 32.791588564929434 0.509477011000154 0.02492521812154215 0.4282144691060653
127 7.365907867274722 5.6862658089019895 10.943406798756628 2.325870391690908 10.276969273366685 24.71898185023815 3.0058376583637223 0.6492278050368393 4.8051492083786105 12.571474277543437 30.06159394665247 0.5082174056476212 0.04645008615332572 0.4259039507105296
151 7.671920431721877 5.820483998319882 11.152405419677267 1.9227586420507605 8.779783350982367 26.338284217338888 2.754553314264667 0.6380836919784534 5.849831913920749 14.89999853694645 33.3903419088986 0.5091816373761461 0.03869118593379087 0.42677704452675863
152 7.365507781385531 5.833419474959592 11.102784225619512 1.8746209663829656 8.996363594784636 26.091172554500563 2.885531667036852 0.6173103162764829 5.712203749170593 14.385414169219626 32.42898234442434 0.5081737974861343 0.054073627250440834 0.42528866702625845
66 7.38248333077575 5.642440008535226 10.854283999524629 2.204845018374731 9.76052221413999 26.389031260324003 2.084836425187352 0.6116385624032953 4.771314851696026 12.215368949247523 33.11309949337148 0.5091042269582529 0.03584374918133134 0.4278543509086923
67 7.491084171306888 5.740290078009981 11.355801669716154 1.9570735084947741 9.933647018851286 25.504412880732627 2.6750685298838457 0.5072551556450288 4.898646939584606 13.414267386040223 31.218356094206214 0.5096328258782375 0.02611872072995799 0.4282507179641621
71 7.371896675732752 5.772667944985227 11.319576647650228 1.8592553178697133 9.46547087493688 25.759689142345707 2.7962106198693717 0.7587375723070753 4.700617903943705 13.201030256970146 32.72460156840364 0.5092966061310868 0.028880958050165526 0.4282698105459008
72 7.7064292125924 5.630460916034583 11.16555299059948 2.030094127399676 9.933980350265394 24.972013428594753 3.072127277599989 0.9534820759806676 3.760346100028176 13.041227206371177 31.459601258101547 0.5093157989689289 0.0355580718183465 0.42750697628157985
187 7.813981391950562 5.695924313843185 10.841605246985273 2.2429156154110084 9.740461958033917 25.58073282618594 2.790861119482251 0.565220759292307 5.081501173877826 13.646519572732018 30.95821652825073 0.5076444494855566 0.056578645639133895 0.42483028620683677
186 7.745460952889237 5.82063950501627 11.015247989524457 1.9913233638261485 9.133556757868355 26.112589171996255 2.697867968176508 0.5277478192037982 5.68638773934429 14.114290046784852 32.73939447123661 0.5085228766946791 0.03738504279628996 0.42731614562334663
5 7.238984381139939 5.575115605891805 11.05232926706141 2.084058300843312 9.483177583902462 25.58726066034488 2.9264960962814883 0.8855825016839469 5.061937253040948 13.258335438273258 31.77388258844693 0.5067785402320821 0.06045444722530202 0.4246921858335895
15 7.9697003711753425 5.452838974138968 11.039523040699256 1.9731142188278623 8.928206579163087 25.52975658783161 3.2941956249216098 0.6523501083935883 4.732722621064239 14.939719772900553 32.82442434725611 0.508658029886415 0.0456958419896844 0.42592065513843563
30 7.255708618690613 5.869106333456418 10.873279290266494 2.3570253160349917 10.326398365002575 24.810742944440175 2.862647459116495 0.4443911972040838 5.0991514576910175 11.83131617127153 30.702336733627135 0.5096805885929259 0.020799359028205382 0.4275231135480395
40 7.480552048766234 5.815763256027872 11.091790485248755 2.061347744744041 9.796642896489514 24.892845401835192 3.2591660289910287 0.97284491686992 4.0136317169422195 12.535811653927373 31.473680026584745 0.5073099152708554 0.053527685187759515 0.4261059810030378
6 7.546368594553854 5.548979786658725 10.483104681629083 2.1742025764015747 9.055520798254198 25.112577066288946 3.5287631043235326 1.0454640299933442 4.931051798659593 14.585859193230096 30.810629979699616 0.5052317227604328 0.07128423325505247 0.42343485827585325
7 7.220893094180846 5.9108707089093775 10.49079022483637 2.2341647006441567 8.958721102049694 26.785420299598467 2.365939811317943 0.7956364327734009 5.991910492880362 12.88421645656477 33.29052882362986 0.5074536191223663 0.045989538405891206 0.4271145338753596
17 7.6435677441149545 5.695150756970941 11.152381526002788 1.9269590974593935 9.133720190935097 25.757181428512872 2.888592381747417 0.7170143058870491 5.428036198093202 14.232937470801126 32.891701190057766 0.5085977458388863 0.04440463317824999 0.42724607040214796
32 7.15469031979835 5.891731032705849 10.772556593572478 2.266162970744958 9.843588224424034 25.206088488838553 3.038919954112597 0.5229914197634051 5.9162125012639075 12.91090032850592 30.05354129822165 0.5073994628160694 0.05476727086072006 0.4257381827559985
42 7.650502673647818 5.654710285180332 11.01165201317265 2.140078425140295 10.128949767873502 25.480519674251628 2.4993319768423774 0.39984722268616224 5.506918323870674 14.025798726507656 29.796212014069713 0.5088109595582306 0.03428306810826785 0.42796132307282564
23 7.912251894055364 5.727900423881068 11.189842110341308 1.8295965794336702 9.178387428474963 25.94458105836608 2.7781774345838257 0.88185281176252 4.888019686792428 14.291502010471142 32.60367453806716 0.5092271467138916 0.03274621421438701 0.42800913361561826
48 7.911144953650658 5.623799865956604 10.901557051072945 2.098258243342689 9.401337090058188 25.47079447921537 2.884552887056789 0.7743908743061745 4.823166865675138 14.067607912295632 32.21815716905542 0.5091786589634011 0.0351284020693089 0.4274291298395921
16 7.5601189357631675 5.652895336392618 10.75258851854027 2.306110910254611 9.959073069652568 25.518814735504794 2.598405632006994 0.8341039547869599 4.719033098748914 11.852217626714529 31.921255724908132 0.5097567778933169 0.03221683268357821 0.4273837586326889
24 7.618690566871533 5.676915872228142 11.078491099384996 1.9074916614574748 8.991373435740913 26.697480816017578 2.5788471085522744 0.44574528743941866 6.047283805542212 14.395177693068403 32.793721660804124 0.5094905735183514 0.030519290536927694 0.4281822258761181
49 7.393977480490412 5.6666647793586025 11.197220839365428 1.8007168288343096 8.665289276165147 26.412804562613466 2.8174868169703324 1.130614426353174 5.284471410819133 14.706614473321753 33.87993559781834 0.5080569340302675 0.04999006525045115 0.4261282755510383
53 7.726627300645416 5.7565119040747 11.058610967010491 2.0900066946245968 9.887792679329197 25.439705682921627 2.726411625424492 0.5302052442610548 5.461625692859208 13.539686373722663 30.87029725649061 0.5089182844538144 0.03609348058468759 0.4274172864683263
58 7.490912469904988 5.6751567730428825 10.967310911400515 1.9918613425458667 9.544473864559137 26.310617363784935 2.3457426359579645 0.5956942743295495 5.237603161139387 13.264998022685287 32.32909990868088 0.5098325355304393 0.024713912870464774 0.4278290628779014
31 7.73988716121204 5.509889760278913 11.105816806056195 1.9561686327259502 9.092464658967863 26.18795494880381 2.741471647619714 0.8851400351406447 4.681561772039353 14.204526053243214 33.11322866150495 0.5089296050827036 0.03920816793227911 0.42673468466232034
54 7.659827676435948 5.757983886635099 10.68378146126506 2.327744287418046 9.537466159819676 25.36574404291181 3.136123264383718 0.8956358815202327 4.7662668783976825 12.942213374859097 31.821950947315102 0.5077328499385996 0.05534675867221404 0.423859052068404
59 7.283589291787333 5.701338124990142 11.079333258354913 1.89984409492867 9.019037143839956 25.70251977760525 3.1519410782133686 0.9012440693079594 4.539396516081197 13.89215960775155 32.96291759401087 0.5092385951199381 0.037027087412735187 0.42630745059971337
63 7.672987693658306 5.731261024040215 11.06115687335675 1.9587008826126076 9.362125051786684 25.932199678480877 2.6954086889407924 0.780898440870041 4.761513960520175 13.331944073183934 32.78572591602604 0.5095485040315115 0.026954375651547558 0.42806494433882736
41 7.416450887302277 5.764794427685184 10.99463541731686 2.1491085847505786 10.109978835050804 24.658132340123295 3.196663698302133 0.6579255998199302 4.744692322455247 12.94176504793182 29.98337065955101 0.5082610274884516 0.04760132102727796 0.4266291502336154
64 8.256447504710756 5.454067516215873 11.113969502320993 2.1380519639171607 9.882507105583445 25.423713854386392 2.5893836554170897 0.5702866166980907 4.918017744418477 14.162427669283568 31.533019129666442 0.5096066488361656 0.0287132204838502 0.42692879537673617
128 7.510512040078871 5.7752810309921685 11.065662024827725 2.0535988886219982 9.575940680032472 24.82716470984996 3.401576025187313 0.6484601837048728 5.008161815204487 13.825584715319817 31.166567141970773 0.5093467276459971 0.03375447396591782 0.42692455577229277
153 7.923104030482248 5.607690068208205 10.75467049790532 2.3837463707170836 10.231905801473077 24.99601947396322 2.8280569525206953 0.5767348388153329 4.783992373122762 12.333540655052435 30.83712282758538 0.5091339443111712 0.03644991724709927 0.42729433603212347
68 7.118432186712969 5.720685673071708 10.638211318866045 2.187542229729169 9.4069088790098 25.646442897692737 2.8230155544418722 0.6407125128972326 5.591588534529938 13.606972653197248 31.540769039283063 0.5064453862762962 0.05933511515770937 0.4254820255851833
73 7.426360991536311 5.677472173612351 10.791765088597565 2.2395821969559675 9.715992031594947 25.982144308021248 2.4087743282680387 0.589828867142442 5.168292279471129 12.424554357754259 32.623220230806254 0.5090500117500735 0.025489392725382753 0.42800882480312796
188 7.002741691767184 5.936937546121303 10.94743014843454 2.0055130958040173 9.099172788328817 25.9416662637514 3.0035192465613765 0.8273585882761684 5.13100703664646 12.78492435512662 32.75133483542704 0.5094030732458925 0.037144266045103236 0.42793054626531374
8 7.3920088548489336 5.944037735172788 11.146354281294043 1.8621479692047445 9.141985528166778 25.996522842953077 2.831938311249816 0.6800199584595701 5.374208049782596 13.68925460036634 32.89137422158382 0.5089857524039721 0.04345656232712096 0.4261053094675399
9 7.617697157456227 5.84844298100816 11.25249806229312 1.8959781276411438 9.163122925453822 25.665564727730406 3.0389786740682188 1.064413377746082 4.383674496004843 13.091381681417989 33.664296266163205 0.5091674464126068 0.038560988078606924 0.426558841551769
10 7.659666694027243 5.607031891921779 10.577117124125854 2.4936729401950113 10.466640745051043 25.440107837687684 2.4542681799019466 0.6990336935525603 4.208692886401455 11.661580989718695 30.58947426143012 0.5089610949870674 0.03356349812119952 0.4281004221967961
19 7.860910720242474 5.13221634072923 10.273904956466874 2.598117528710605 10.027590178723356 24.927981563427892 2.9306430351891315 0.7507798718303249 4.814651775926418 13.685103934977802 30.509876378261104 0.506662539088867 0.06218521069645186 0.42518666551842577
34 7.808617485549372 5.615892925391227 10.833268280157666 2.346109560932055 9.843793162283728 25.305026475301098 2.9807315859775665 0.8785652236569947 5.1413289591582565 13.928515919154298 30.019702481972836 0.5072874116891866 0.0557490255340552 0.42548403531901097
44 7.714248512847924 5.175229624835923 11.31668120677675 1.8966571548051423 9.607367850031599 25.6081249173977 2.7650408484251523 0.852229048784297 4.246085173423691 14.481501796999606 32.149939431169926 0.5085932851251522 0.044664840228393295 0.4270211286214761
18 7.32874008802622 5.310959788689957 10.565117806362135 2.501439527411843 9.82138469199661 25.25926357025319 2.6856208171530396 0.6369332909008623 5.026465856592831 13.660866773141452 31.8104324528574 0.505480050483822 0.07094601653430749 0.423636980234065
20 7.211815538004054 5.523678358205934 11.06339163307002 2.2158415523586044 10.146127398072247 24.620609023229978 3.0437876765595067 0.9400984177923352 4.210155887830186 13.552609700165672 29.9958760297996 0.5051214151436587 0.07201322888725038 0.42392878474051904
25 7.688779146304157 5.589238067223406 11.077045934864769 2.0531638853119616 9.661389105372066 25.50378868771183 2.806834295563697 0.9597478358144406 4.525529191269351 13.096055399445987 32.310208319557866 0.507624525791025 0.046057577534312936 0.426423843046923
50 7.326972289816784 5.677243119437367 10.830521258431864 2.17075905717307 9.623796601877938 25.52850620006743 2.8051708792032115 0.7766148462591955 5.754511054732348 14.166895068539867 30.49885896189395 0.5090705335579236 0.03978022324535387 0.4273787808876904
33 7.492538657377651 5.597943106190667 11.09974200219186 1.9165853237789676 9.294098050959427 26.35239568792414 2.463688514191143 0.7923234758700032 5.2829310280993536 13.843599755065119 32.73000918743946 0.5084210282030912 0.044152248105212746 0.427077449165989
35 7.47126377973269 5.67622621657978 10.96541080360745 2.1237855704832733 9.625123544233496 25.53404892022344 2.7853954296318295 0.8801231358423602 5.1214915490857225 13.404738372931948 32.06250888656433 0.5087797581846762 0.039557997773963814 0.42690777924794115
55 7.396439325685347 5.754741487855414 10.396796593996207 2.419920613284932 9.500185984150598 25.10720229903451 3.4286052146277304 0.8227833829022145 4.986699841538959 12.872317982642306 30.797740950929537 0.5067358095276542 0.05683311797297386 0.42579702173572653
60 7.4296488127684475 5.67585520603469 10.883062961488932 2.1727351163822672 9.686597292607377 25.2166503618259 3.057048489099609 1.012841381540116 4.025497553953784 12.359276208644161 32.4487806559272 0.5091758060745882 0.033475938106203355 0.42758461672239706
43 7.238767401878499 5.715483667785882 11.252299351300774 1.913992271660755 9.602252734138101 25.702768437493983 2.701888791084016 0.5613379020245736 5.56626051771872 14.16871629984255 31.632079439427258 0.5099009866039365 0.0277806288485239 0.4276665040472814
45 7.944760486453608 5.502205777537677 11.081719009896855 2.137039387937881 9.99673921234644 25.269745642160036 2.7129398961597553 0.8516419824704007 3.7269658165212096 12.798674759380598 32.199628479373004 0.5092994492598175 0.027283841209478472 0.4273880308596847
65 7.916404099392925 5.577278759458008 10.69717386745358 2.505998955864514 10.511039641093875 24.214574200643245 3.2119763624580275 0.7702955206459928 4.217641895345904 12.531855747406198 29.59101980727144 0.5081041466747186 0.052060104997823826 0.4262138780708647
129 7.893139955957411 5.6704480875494365 11.018862200948899 2.077317856794809 9.593288785257082 25.60956856312675 2.783649085578008 0.38877437732054904 5.5764408805746655 14.448223462989652 30.92468657290879 0.5094787728525902 0.027335375355976778 0.42823345076991054
130 7.83697719910251 5.8845786365935675 11.300628043717724 1.8545938842538792 9.238190904664503 25.892717523220895 2.828706898242427 0.7930294235718455 5.263262108597455 14.262590986871446 32.016430721482905 0.5092797558437716 0.02994580274803997 0.4273247320882316
154 7.470464035063417 5.773697494573539 10.854726465396526 1.9795130922492017 8.693692164067222 26.75693066182588 2.5778871437637436 0.8566647604615871 5.608094492249388 13.917479619827239 34.04741254432774 0.5085680228411141 0.04033670065951394 0.427742162542875
155 7.894930540672582 5.8075717674091045 11.23535948569035 1.7751476934767352 8.566239072350442 26.746119786348633 2.625680970724077 0.857382690588732 5.196401879397788 14.364729516786522 34.696728483232384 0.5097779703931055 0.02780227359897041 0.4281518291467968
69 7.8967017730709 5.728520297496472 10.962896385591565 2.1022325832305415 9.861455193266906 25.115676277823535 3.055284745216951 0.45934744206059086 5.456859358864427 14.647186441532748 29.180145039898058 0.5063616314985682 0.06045864722555285 0.4252159348738527
70 7.74869545206612 5.764650424841081 11.410454934940311 1.7828672107952257 9.211503205523506 25.616110513684546 2.8557646671424743 0.5506328536610977 5.611342427236693 15.256812319476158 32.03792379489245 0.5094265266459538 0.03286552439390764 0.42712615851346764
190 7.868891582381497 5.6809575648992325 10.962108154675745 2.0567166526886833 9.46859511019784 25.752110910876826 2.7641399066545107 0.7014872370808256 4.852337783164417 13.602731630267488 32.321602643875046 0.508901165519248 0.036106403312531274 0.4280530973821693
74 7.821421002377537 5.650027936848688 10.797988758953524 2.1463174324361374 9.648934084647577 25.425488913494544 2.9467335491930227 0.9552366123599094 4.368241335365066 12.84583316855384 31.482615120125434 0.5073071539049474 0.05578792167975774 0.42573229436092486
189 7.71704862065868 5.530352034815481 10.992970183494494 1.9423535065784876 9.1749624662644 25.386327681730826 3.2101147086338684 0.5781617254885271 5.2662484604330055 14.656716677897123 32.18922088766632 0.5092951052000194 0.030791415242456863 0.42821801233717505
75 7.872138867212865 5.639667035375678 11.123005670603824 1.965391130899355 9.258958487832949 25.383951873143335 3.156085950275477 0.7722889766273738 4.414811558605617 14.20448760895957 32.537883551032344 0.5097781631273537 0.01985983395876481 0.4285202954090068
76 7.309279395187353 5.710368201963618 10.67458079542301 2.3066340973072537 9.929559160499743 25.26168330733587 2.8623600301299286 0.6606908381262855 5.6084618694538575 13.330936191748101 30.156179162558175 0.5076728253960191 0.05140954758614761 0.4265658501651398
77 7.396328325634157 5.708855977701338 11.419084155652131 1.7935837829500185 9.875200131807414 25.73401028549135 2.5620854261030255 0.6866894952073049 4.611385491926506 13.161982388979409 31.653846313841402 0.5091865414522566 0.03663826701654032 0.427742358336533
78 7.624333473804698 5.595135662901548 11.3108245689984 1.9715752822664279 9.650622307860653 25.23727593739621 2.942090534076787 1.117053656197164 4.094087169121135 13.4881531787239 32.45178408726597 0.5091612558624391 0.03392724649992357 0.4279980571935928
86 7.57435365644946 5.658409130278881 11.279862219155635 1.9034857965811094 9.787034622442839 25.57406800047014 2.6968193361549013 0.6086044378330387 5.191269668621102 14.270769755804661 30.86801575719554 0.5087508013184384 0.04053875239308549 0.4267333144020343
88 7.757738938651311 5.409873448078954 10.888450223095026 2.193641579344876 10.140706263465473 25.299676169761323 2.5930015166092946 1.079008098933855 3.4056548140099583 12.307440477765468 32.02609425612496 0.5089481244596643 0.04130363122690638 0.42705868723506124
79 7.473437605790646 5.694272338584728 10.730694369156645 2.575465609411459 10.612355362878496 24.343915241618944 3.0281887032653025 0.743696487321649 3.916635976515268 12.03371791876244 29.486645084899685 0.5074860044893764 0.05896659827934171 0.4250166691218585
227 7.660130792922795 5.661613185261521 10.722652748066084 2.264099908998162 9.637389814831321 26.03827940866392 2.4829880807517566 0.7986954054707986 4.172075537854958 12.194718514911814 33.086895304580246 0.5090423074300215 0.032928159236516416 0.42578017598152523
226 7.518205653734875 5.8633945052712315 11.288734383713182 1.9186406606813509 9.768321785093514 24.64161692386426 3.3657679694452125 0.5807237687950408 5.089391940814287 13.997345002047417 30.4711746252873 0.5089089644906385 0.03582708034544812 0.42744202053358227
87 7.4573290544470385 5.654080632845931 11.022891552788858 2.232112481334465 10.675337655428251 24.96850554121317 2.558846260857426 0.7290029585509458 4.592507460064958 12.271408793793242 29.593648901613385 0.5089122970580663 0.032778646000010236 0.4274372182370499
96 7.8599395471731475 5.579120398770637 11.058321385008163 1.9046133346201455 9.19849744639894 25.567850438843617 3.021817318463747 0.8279293679478683 5.184787495404233 15.471540561453878 31.329278521877754 0.5078120095407179 0.05145905948885016 0.4264350103012585
97 7.380673265446686 5.65336536008702 10.6810951767737 2.3521341676957714 9.46163333117202 25.255051595793837 3.0522836760731433 1.430225916820182 3.5113907749922046 12.36992741785687 32.694199003215154 0.5086078802565943 0.039398328846307715 0.4265533728801721
89 7.910484370513981 5.539573949392827 11.020386394164293 2.2127335240656927 10.504370777591003 24.53317286204024 3.025496067869663 0.6862822187552876 4.178212245574435 13.229493888289904 29.16934345600208 0.5092588718366866 0.03785886101229552 0.42644203799088215
202 7.753703962028776 5.645666612263052 10.775083528286409 2.18057327027706 9.502633220516586 24.589901517808737 3.718698843554664 0.8902227919723245 4.774941998413553 14.854524681426838 29.43309696291281 0.5059375193228152 0.06726559339008197 0.42346658045769775
201 7.192359924629734 5.869011808085896 10.48361501277628 2.357243928257234 9.728122567533605 25.7628010581892 2.8044204308282135 0.6460033211912367 5.28825654399584 11.908171720176737 31.30282852087624 0.508395886768104 0.04285457928542639 0.42727345502551267
101 7.324025756562193 5.6733331080887375 11.121869360790344 2.157477226692307 10.103790246862106 24.41201820772344 3.160569148886216 0.8657827810047147 4.359615732781114 13.391747531556545 30.850396808957953 0.5084468542597166 0.044264440056643574 0.4266303917836396
102 7.9361452513241435 5.4653549728865105 11.109065896434174 2.241347628297172 10.345951610525718 25.14670784704694 2.530961997765605 0.6743950972406616 4.077016381073877 13.281879722672123 30.88282023898434 0.5088846026603472 0.03945327052130766 0.42698941885386354
103 7.806471393162077 5.594219240876972 11.262603204115534 1.9860193821589938 9.995769543118898 25.090267062259894 2.8554708756393774 0.5421874422800796 4.667674854329462 13.959366042075038 30.702881673340244 0.5096253247850178 0.02671384990767872 0.42808899344937296
111 7.395452474463737 5.593015034318968 11.35345202811333 1.9379227858533659 10.12570555275694 26.02704954591114 2.0695933376715554 0.5290465318756407 5.033866578780081 12.987479839875514 31.827791525677732 0.5095090819997227 0.026892654711732307 0.42819069024569584
113 7.22869551062264 5.7410270591147485 11.228613546224917 1.9139348073506095 9.520924091480554 26.496463678988324 2.2013424183251593 1.0776568776582318 5.11446743363376 12.908469512062274 32.746853036849366 0.5074767046658745 0.059142404544893584 0.42467887192098125
104 7.267782909758785 5.772300319732264 11.184660470322344 1.9285463466900428 9.453555035028101 25.92057138017311 2.6492656620741744 0.6782938147164973 5.60814503923966 13.198806116186262 32.685424685272615 0.5081760499732146 0.04302921886349535 0.4262202352753791
112 7.205150671109977 5.502658802002107 11.03135724095707 2.164084627120839 10.036813503498474 25.03241896264785 3.027096684592324 0.9248218184696946 4.080000211128491 12.880340888410833 30.838122883499373 0.5086788866664904 0.04756925762376131 0.42587172758542396
121 8.07376787690019 5.344007473125647 11.403338004778586 1.8338358434731097 9.183330512828991 26.29657990897271 2.4672688620685066 0.7943327563141038 4.688885567976303 15.447911417050152 32.97970613780086 0.5094674973368098 0.03121823344544236 0.4276017432560089
122 7.4233397974613125 5.64089902133262 10.83339303315288 2.153420980317147 9.825681477987183 25.50809117426325 2.853727881234757 0.6768167287235244 5.302676509110953 13.524732895605263 30.278075433260106 0.5074716350010726 0.050672231135309456 0.4255853813411269
114 7.359608968409948 5.7265025935238265 10.412040109152285 2.5622401097768543 10.223597769790803 25.251311089657065 2.744746967657677 0.8020575029625552 5.146410989233077 12.010287263690259 29.82791337459213 0.50624317507977 0.06502570874823581 0.4247076553632423
80 7.610913499284967 5.711152442611198 11.232290621307754 1.80903320654156 8.953027829870594 26.987476885432887 2.222681791120668 0.8202266467273823 5.168940698337911 13.789194620710424 34.08734791446239 0.5101549002388716 0.02030141869304862 0.42884458274426124
90 7.860078671006229 5.482011911143735 11.578919777932013 1.6206302557252772 9.250016401746839 25.568213040222787 3.006073350142552 0.46298452428437425 5.493248410609969 15.88208326616074 31.840156620941478 0.5100114549753851 0.013850295480936213 0.4287641051694408
228 7.421532893935841 5.553969720734147 10.855758524550595 2.0596498503248206 9.09581171940074 25.188997197264563 3.3567078728280806 0.7450713507191727 4.756633753824129 14.280675934492878 32.44982221393381 0.5088257839416004 0.04333583528956625 0.4273569888170522
81 7.058603003641549 5.780819837516725 10.897164428413832 2.1216584599104342 9.34922652917752 25.61628588823401 2.9860041147006786 0.6370699817241469 5.34629421552706 12.839530174298279 32.663090630660015 0.5087335892527558 0.04543887034569944 0.4267067022036559
82 7.811809692413158 5.558461019283947 10.896911366235205 2.1045437291166085 9.034598293172461 25.676772575759326 3.0087781709159303 0.6657890663108103 5.900290278265598 15.389267471851108 31.815025970923724 0.5073789874652533 0.050060150725005914 0.42630174129546744
92 7.475684473992815 5.495698349043628 10.292771824533045 2.746868688697829 9.866770133970864 24.70369032655814 3.1885776067386735 0.7487691207167128 5.145880328841689 13.4341836002603 29.646432436411395 0.5037016684326114 0.07663269856866677 0.42356049217921027
98 7.709396517198137 5.6033011860159885 10.93464178576368 2.075064387866457 9.663619696476987 25.79861645867869 2.6064938257504373 0.6862477740042664 4.8286703981177945 13.050339433418005 32.22385576079014 0.5091070012750121 0.024595712972426437 0.4275725673264328
203 7.651169922766393 5.445651163563784 10.86526064259248 2.123399396595376 9.213092327021934 25.822897946884535 3.017256994530886 0.7140330575319487 4.8526565808034725 13.962334862188415 32.561468488106755 0.5076440842177704 0.045388334779939525 0.42691669979946895
91 7.41234651606844 5.811957065087456 10.73320258791029 2.1605289224547715 9.310409984959145 25.6733794894009 3.0101509333776275 0.8955528063782048 5.426291779320478 13.613562891772435 31.805670703908234 0.5078202143017723 0.05362859338802983 0.42604590759460964
99 7.610992516402383 5.486031929077813 10.420250935979672 2.4656983893700937 9.72477071923866 24.794934482026843 3.3008699534349133 1.1254213294131379 5.223981319208635 13.84813591138281 29.764324163926783 0.5044116285384946 0.07817117998846099 0.4222703480674552
105 7.810739745444035 5.740516965917524 11.441482639943892 1.6429067176912693 8.660460464445991 26.588965782903962 2.648205579117453 0.647768029742501 5.581459700956962 15.570233992296668 33.629591200202974 0.5091399799951739 0.024487516084368013 0.42756892586208123
115 7.853018079990516 5.560206229044588 11.06670927099987 1.8900323454841523 8.909592879764691 26.740135017923905 2.399075759011001 0.7701159609099564 4.9843395371372985 14.172370396421986 34.079675419594736 0.5092296337600489 0.0334036327285752 0.42785794523741605
106 7.498616485173387 5.663512508571102 10.534495962774148 2.4676835258674132 10.055473588099016 24.361666304432774 3.5282716731109356 0.8282798025020057 5.198532497416326 12.969604621641176 29.035425853950215 0.5047125164851548 0.07785224547374979 0.42187153963315
107 7.934735839356288 5.54988475185823 11.157787267424455 1.8393879008470555 8.604498845277996 25.955818444290315 3.2224321977865107 0.707496724580616 5.695867331175037 16.343268826667035 32.13126584101648 0.5076072834907089 0.05151434101949334 0.42606271220716024
117 7.698105862266529 5.748806356333024 10.844673058689501 2.042574510856682 8.623066375785834 26.576343833757957 2.59237093580743 0.8807707843241894 5.780472263143404 14.25827709154039 34.28698794281396 0.5083804880489006 0.041268995103788744 0.4270698754735382
123 7.416941413353018 5.697201289024857 11.245247338462875 1.862470789317028 9.10523627778729 26.36295634361199 2.564558085723581 0.5013694202041661 5.576243102272355 13.990726450867252 33.42609417346494 0.5093832492483615 0.026597258294984858 0.428508386847486
116 7.623324899562918 5.845633151339802 10.92229056311099 2.1802410674508286 9.53692832182342 25.703537225945364 2.7388587796406183 0.4159927097087655 5.799234401371948 13.524560922121873 32.04392863996256 0.509747409362288 0.035067463836222446 0.4271897339278075
124 7.690278036499918 5.834258588474123 11.038329761990191 2.024399793576149 9.027120443925176 26.326510861707842 2.5711711345918955 0.3614831381787349 6.517095323682508 14.84920185814884 32.57289472110675 0.5097510294935765 0.029701734988458614 0.42863089002653987
229 7.591329256025556 5.859699130261167 10.931898298794259 2.162805881171815 9.679553456309058 24.911132213239878 3.3118637139473157 0.9445426363472728 4.278162268691873 12.764843927851249 31.375429957543904 0.5084928329992591 0.0477052704348686 0.4268653080631102
230 7.5748516503167975 5.84612837559141 10.816746566779047 2.2944883741354176 9.990285386898156 25.224510274848498 2.784508133920682 0.5887915736721085 4.997136420414666 12.3437841332618 31.407448632886883 0.5070848360772707 0.04406160024784241 0.4269835993408948
83 7.355879673226689 5.943142030889779 10.696340958838084 2.013385825028376 8.573209502399903 26.58673933989222 2.8811745188904867 0.8139288764086159 5.393273893880641 13.302430281438792 34.17255160687503 0.5076833682511023 0.0416398184266703 0.42768442021383596
84 7.490885658708275 5.695148155025385 10.73198266747332 2.2935024068073298 9.635926906454223 25.602472783101902 2.8156477986752924 0.7330956356404044 5.606777885828478 12.845668988615971 31.935848445916186 0.5084628481275315 0.03546055110367489 0.4272192837893095
85 7.4315424391669715 5.58179746906315 10.940390285536914 2.129829853680877 9.18334674703234 26.11537430877741 2.5924745758201175 0.6716798837182235 5.2279915260492125 14.299536121884307 32.95292048761418 0.50799077577259 0.04839782547595697 0.42664664147172354
94 7.222882591985774 5.792879756798387 10.917526892835872 2.1386322768893584 9.386138843996527 25.924992642557132 2.6466908609507303 0.6407594628107268 5.609215251309056 12.701058778374543 32.961370461492045 0.5079167434505244 0.045104122462240374 0.427034782898054
205 6.685749831478876 5.977397158777336 10.950030756393092 2.119459109804574 9.496157889706723 25.971754529315234 2.551787810573373 0.4758845519197215 6.275202508524828 12.674287666590693 32.38973327171424 0.5096404881069566 0.028229644475766816 0.42862840644375766
204 7.756363061795523 5.622483861362514 10.859450358089052 2.203547520723026 9.782878028464356 25.051845422445925 3.036477307605834 0.8057160244962663 4.655310223864713 13.227665144780765 31.51807726702229 0.509183514067059 0.03046750489265056 0.42817468017774446
93 7.955369187164278 5.6468789341668675 10.284931426799648 2.6635903250425703 9.884383724568684 24.95990029330802 3.1674168957713036 0.7219030881520916 5.369941947844885 13.438344597827253 29.42381678699477 0.505859093193322 0.0713729418894052 0.4228590365159308
95 7.3445404858256556 5.752071299277894 11.042026601522565 2.0715169621122063 9.743545372710836 25.394760854607117 2.8808787703492076 0.7080652707687088 5.6173997175365376 13.634576767114403 30.99789053147053 0.5078719560984091 0.0507764902098339 0.4253190008930693
100 7.438920232237639 5.489493823021011 10.862444066831621 2.0994963985837236 8.947687891877168 26.239850154923168 2.8282159572884065 0.9086595107466888 5.328485695325561 13.767534657633679 33.4054641499055 0.5071868541483368 0.05631546801808111 0.4259060256849713
108 8.039669265608755 5.5585564791933475 10.37092046032128 2.667148758895631 10.2619121735536 24.94066981750496 2.9355085694495737 0.748181408213994 4.962864426691854 12.566549798450865 29.635044947782934 0.5074292700283021 0.05557360354625943 0.42577127090849975
109 7.9625974975140075 5.50571023308263 10.522886907384416 2.4878118877845323 9.79200437130297 24.751166535055564 3.3330298620970087 0.6024128413088808 4.584696233182138 13.877351928052633 30.187650771962147 0.5068499379809698 0.06089861371299984 0.4252867852689996
110 7.85392265954208 5.570186105583981 11.403632836027803 1.9322940782070308 10.063664213098534 24.22194474764127 3.492270898296097 0.9722542522031089 3.5748602765441753 14.047855320850902 29.963235462762583 0.5097795245986125 0.024822634225442307 0.4281096587188597
119 7.306718894980626 5.727387723154273 10.953892695737013 2.0702501218210214 9.432761821061796 25.620415172576458 2.972772989709149 0.6579582888554021 5.650502030749411 13.491427049677403 31.418145663431734 0.5088862640025269 0.04016742678922426 0.42677525773500985
118 7.810689769482712 5.682541268258059 11.025619574003287 2.0159527320276016 9.21147868602011 25.707884427945835 3.0007158901577387 0.7630948735330567 5.308346367531531 13.624187647023925 32.8599744691833 0.506882720287551 0.06346230828669192 0.4240581270020741
120 7.209868799841812 5.57143353163523 10.646648508912635 2.460083285406973 10.242862547209791 24.921252788899523 2.789652570728697 0.8721971130954318 4.488504446110147 12.272773905229707 30.373736733661726 0.5078390278747166 0.056766359411834943 0.4253452373547268
125 8.037939994332493 5.659433359728023 11.145313667492314 1.8683117592449603 9.073135714506959 26.230531716147695 2.683815967925904 0.739480194145155 5.44607509475323 14.651927236793378 32.680807173123284 0.5092873940863649 0.02334823402522785 0.4284402651376228
131 7.4308338032419705 5.8759974689649965 10.723752064528307 2.368571867981986 9.569674426143463 25.076394912542707 3.1236620785725617 1.0322835321711117 5.140608865992233 12.645741961506692 31.794456911745336 0.5073234682522361 0.05604723917387397 0.4244889130821494
132 7.570227920035309 5.793351619289385 11.29831576930217 1.7464503874863342 8.52876864659855 26.20617742573389 3.063111709726052 1.0229631622229987 4.942424260868637 14.151950538357818 34.72204960855944 0.507963567832986 0.04783097194688958 0.4264505300645302
133 7.497092868088107 5.695862977668679 10.666277052942263 2.102330284118575 8.83877315709295 26.631365999519836 2.51282262076633 0.8855366012776471 4.673665640172562 13.311385633555846 34.39147183265786 0.5087434366109117 0.034330651255674874 0.4265966107183731
156 7.775677269885756 5.829079279568552 10.153588250149328 2.811329152905628 10.119468063309796 24.337551447438518 3.5262540586197244 0.4837857684209964 5.221205704521216 12.716728985622272 28.816196145487986 0.5075668559618041 0.05359902920472812 0.425230923694822
158 7.4800706940289805 5.692169514912754 10.60629357544974 2.389295859021014 9.827617391208532 24.949848465376306 3.3442071300720673 0.5290082217084005 5.07496747416792 13.78689884592551 29.182721453107447 0.5083709387636868 0.04775886821756846 0.4265211079595015
134 7.23389378305533 5.664111106945693 10.971893137053552 2.1090103008329644 9.43680086189469 26.12705016666609 2.539021024673296 0.41077159753575404 5.795486610303709 13.888031778847784 31.896524318560765 0.5078383094067964 0.04590221105559837 0.4268459150889208
141 7.609712273787674 5.597900611003176 10.985107120285692 2.0187041350417174 9.153000116145238 25.657216298998037 3.019752123580917 0.6370652598208725 5.974410032854903 14.03322423082865 32.65243070024071 0.508160121178409 0.04397747292044301 0.4261560403913945
142 7.797675750748342 5.6163341318454085 10.9752617233902 2.1127187395693157 9.316655033190335 25.392609201841694 3.058368509903883 0.5540095535749779 5.619505539589769 15.176018915813888 31.300826082810932 0.5079559230012034 0.05114159176825735 0.42588684690851775
143 7.821481069013355 5.553987892359523 11.121489865713713 1.951234741429487 9.351473135127046 25.72997446434578 2.82747131694672 0.5267320336206898 5.68145483359564 15.034702343693718 31.71178392748754 0.508577876632482 0.037236725770919216 0.42793672429748936
166 7.608343242619336 5.564095695502429 10.258570170819814 3.028011456871007 10.109818075717033 24.523449927151045 3.0837596296165506 0.9186325255734848 4.678307579869961 12.166409387449942 30.383169534333266 0.5026776118926951 0.08670136558811443 0.42082266934081697
168 7.305628170413501 5.731192460769992 11.084341760808119 2.071150324745886 9.792140960242712 24.99524883546287 3.108417678208109 0.6196980528353212 5.2586528725671915 13.302682730719903 31.12401770573398 0.5081777684110913 0.047327669462151396 0.4259636576646947
144 7.67136024066832 5.670029436447688 11.094187013889597 1.9006918130627317 9.130559234954404 25.988351047589514 2.7725903115583628 1.0168761557529535 4.383779501535222 13.885525659792568 33.233679483419245 0.508685002357735 0.036316079608707065 0.42793652936973126
157 7.763367929880719 5.63775933705594 11.012122222307752 1.96026122307112 8.874560695467212 25.811946161777698 3.121011804170812 0.9993950603212454 4.730559723754349 14.361023305843485 33.08332324719642 0.5087262860048397 0.03631838065245361 0.4277748436949898
176 7.402945505384585 5.888718354453163 10.8094678379114 2.1261240797188266 9.00298534240502 25.87967876971488 2.988662202598357 0.6782109138335095 5.34793587079528 13.031963035950062 33.678252954870345 0.5100869540226903 0.018089898818834608 0.42861419542801643
177 7.468378706295653 5.789495676100871 10.619236168367435 2.2274036265831403 9.329171461564924 25.978364514676006 2.704345673202842 0.6380915624789317 5.411349768358842 13.080378624184785 32.574507931872255 0.5094642195335793 0.031533319486491324 0.427238805741513
169 7.8291328037500705 5.5371382249987535 11.190702830317655 1.7746906212862863 8.645542281609998 26.645214485102517 2.595273893684264 0.6921260873483531 5.667968272628502 15.734788959092912 33.52839449925358 0.509552216185758 0.03226412892117546 0.4279952589589883
159 7.69715509100335 5.62490435420802 11.298349161822516 1.8246345393996255 9.174872454327593 25.787737185951165 2.8553208536476657 0.5100525609258463 5.552339626098363 15.262352414355032 32.12542578306758 0.5096137606237056 0.021232660861146325 0.4282119590187561
182 7.569268788365653 5.582397052701145 10.470458860691027 2.4022732111659195 9.544357847714451 25.123975152569887 3.238004181069079 0.7132760465207458 4.6059619035275245 13.235961772624862 31.47780902098426 0.5087489829589867 0.043989629523346355 0.4267864500115173
181 7.633707284928253 5.735902561325485 10.659429473231622 2.475456339932075 9.805760605812374 24.52079946799156 3.4410126616037697 0.8204695191953373 4.235570817604049 12.42577973941573 31.35952205055475 0.5084075485806862 0.04727098487735198 0.42594058815543867
167 7.856696013137084 5.564583863425747 10.625822360475889 2.3007618759799633 9.694638694123103 25.568079806264485 2.8096634117423243 0.925453213881492 4.062624189662983 12.476423076074239 31.904343626517626 0.5088343112210282 0.038955419143840216 0.4271397366917532
191 7.746365356269422 5.740298256937075 11.076796854023373 1.8892622818514082 8.700354622194032 26.41252159431217 2.8192436817318822 0.6958281776159474 5.6731637321798924 14.789790849300614 33.45332073912297 0.5093088703358586 0.03309921490422448 0.4277525927346906
192 7.4303048015240964 5.7906380878871895 11.250908360562994 1.7742012358708568 8.531504460464769 26.386116514437983 2.8508572026691135 0.7457144177593213 5.39972628559641 14.884348597404234 34.326591319446834 0.509066452846998 0.03535041581166568 0.42774768514620093
196 7.600665990852434 5.824560535140877 11.277378995798156 1.8098004284438132 9.249705524831306 25.758412661274505 2.938262911121925 0.7188989116887479 5.397503965526485 14.071898032432262 32.33115988565201 0.5090698503342794 0.04407946690803652 0.426905861619212
197 7.569474407024574 5.786536092734004 11.075305368814087 1.9550419453141095 9.347826240662503 26.257174118324112 2.4458354934807383 0.5181300252483365 5.80454272865707 13.915626355966529 32.617430809758545 0.5095837686912315 0.02256876000953168 0.4287220773341025
135 7.773223879770489 5.458965202543021 11.147230855231477 1.8942293293758985 9.343791735963585 25.62072402067768 2.8333520341828367 0.6313447596281001 4.976101241612356 15.139726532121493 31.753183889951284 0.5080485372662251 0.049896470414828004 0.4258850559206626
160 7.523480668023192 5.5814347524156105 10.99351414497763 2.076022672239602 9.13678405504709 25.185106435541783 3.4548864207985726 1.2424619343455252 4.154657647085105 13.998286612120467 32.38807027409613 0.5057946606796676 0.0673817200777129 0.4241346358945369
184 7.627464627099193 5.824674656169048 10.539179846240302 2.394619524470662 9.851838869338126 24.81449451033381 3.463569250720021 0.711190361839331 4.882041774187364 12.602162108512385 29.596124495154594 0.5066295493665792 0.05642851881190412 0.4258034221949603
136 7.565784342519975 5.664951724779378 10.995809667270537 2.272544112646443 9.878315945862989 24.933007035417322 2.8820108371337207 1.0456478686298252 4.365292261363399 12.76607611768732 32.01006618238216 0.507721135310794 0.049179719468261086 0.4268841424927556
137 7.700695565526099 5.769446583635651 11.063083696901531 1.9670517119914932 9.331709236207253 25.972694861085344 2.634926148183859 0.6496062144308886 5.3286949455239405 14.223746350732522 32.23823998267796 0.5099519120362576 0.020484015722302348 0.4281730824750657
162 7.846799006159355 5.603717413997712 10.6220975868019 2.405821525626418 9.775479402886875 24.99476365577089 3.0916323709194944 0.6620271251918732 4.53992330726788 12.899592031810178 31.549706933985465 0.5081842947015198 0.05195411692778813 0.42595289567816136
171 7.842341906928303 5.932672448309455 11.473041362424398 1.620810875550375 8.465583139084915 26.148254491450135 3.1106446881048324 0.9925909590563629 5.216578681322088 15.000352953255016 34.13941479499399 0.5098021319749984 0.012584591008326212 0.4288228582416284
145 7.974452932082939 5.324754278842439 11.0037803427375 1.996370781055825 9.49020685109386 25.53259998046753 3.102354431921546 0.6368190873978821 4.885128424112764 14.414897663169532 31.538923271055182 0.5084466680055263 0.045199377593059836 0.4264178019568131
170 7.350195718266332 5.720181509903426 10.432930278435093 2.5858304517304487 10.07522193308894 25.05593884424804 2.8971378909719885 0.9751553796289794 4.790078535553841 11.844354381719873 30.797155613169835 0.5080251661655075 0.05597763344933022 0.4246953929757119
146 8.063109059187266 5.397262526347807 10.950000600129776 2.2076780468333417 9.564932172034508 24.704234956394405 3.514899303057314 0.7725657903139909 4.171395995134738 14.827072679950938 30.465038326212582 0.508308555195457 0.04505409564514351 0.4268213015309936
147 7.780985060964748 5.456593744013359 11.148514380364436 1.8852641410548028 8.85241682475364 25.898342039953228 3.1258678326763727 0.8692766277627489 5.343471288887372 15.41564208016346 32.89427277485304 0.5090888720378467 0.028012936941353817 0.4284007285759047
172 7.817510431242512 5.604061715668173 10.494180362165809 2.4393907346327093 9.65544507098984 24.877077157919462 3.272847682945796 1.0055880309549408 4.593010982596725 12.492727748836913 31.93971946320845 0.5072141520074095 0.056325966665958904 0.4252022449270287
183 7.673298917015347 5.601250446487181 10.989969087824491 2.086110889940909 9.428269117592126 24.96240754107974 3.3274699336007107 0.45797060642023163 6.024012102007198 15.258873392420398 30.55181880814369 0.5088007855368545 0.03876943505562824 0.4275358696270809
178 7.602322691721046 5.689881000342083 10.877952117360808 2.078553939856299 9.15482140781573 26.525118218674248 2.4192645311674195 0.521729423126938 5.927111257174143 13.881622997597981 33.06379081207836 0.5091181329009277 0.04020398052147103 0.42645463773017117
161 8.027054821893262 5.391278520594604 10.750195945263446 2.434664434930558 9.866827489337602 24.844210903366573 2.9779560247017 0.8614584486229611 4.761762916962882 13.278425587714333 31.643045786501133 0.507185293956665 0.05789505316907042 0.42482227946022355
179 7.557863678618073 5.6941150991540415 11.019193705314883 1.9715622321715698 9.071239770226745 25.585802161600537 3.1729562609153126 0.8066518029044067 5.534996848690094 14.595864961277742 31.976452581704162 0.5075332596202278 0.05343858758416637 0.4262662050327679
193 7.275744551306035 5.733165145426899 10.922602568322903 2.0376462307405703 8.621556582408271 26.425341750021754 2.6671993056210788 0.4222791719411094 6.41870005071247 14.847774875548081 34.074158531033994 0.5079422926138468 0.04045155723673385 0.42650051143729556
198 7.377742210388815 5.960337864257714 10.745110777990439 2.225372153456245 9.32059272061917 26.039858029488656 2.591315709591903 0.9340957358630086 5.794660159281025 12.975622346234827 32.51913581197746 0.5077854641167988 0.05161709896324787 0.42664259099668755
185 7.253429243120087 5.7697880712555305 10.489534288016218 2.336895000820279 9.343015266352959 25.167043275596125 3.4131464799496496 0.46445598639326646 5.835277533783558 13.635321520666347 30.955681227250942 0.5079553016035201 0.04096134815132638 0.427003162243612
175 7.311028170018903 5.989972117665934 11.08960194541992 1.9299660999325603 8.89145112108011 26.272034453519517 2.767477921231627 0.7331931712479134 5.899716349604541 13.716287893671943 33.23087949599313 0.507394246037651 0.053837552894321176 0.42575881210514277
173 7.582629967637496 5.700103303079526 10.802598180781192 2.1305489039799905 8.611077046470033 26.275025268555773 2.826927990021277 0.8298833545679027 5.259377382665829 14.436298347440962 33.97084578831419 0.5083572065813958 0.03964436001935069 0.4275522357055675
138 7.432098165012366 5.744508052863165 10.831422782964896 2.0939803277033366 8.792863623403015 25.87809439574972 2.9642956696576404 0.5817202516047203 5.645955881524251 14.905851544918571 32.98044846779125 0.509010077492719 0.04059432194600823 0.42690727513023036
139 7.193302555108854 5.911838239067204 10.489263225970312 2.3202179353908376 9.14454547712567 25.925968232479995 2.908357298785392 0.9752815041833934 5.560581233737313 12.693313411532479 32.1741677579975 0.5070741471068171 0.05688524527793258 0.4245407145324895
140 7.637615655644171 5.791165506585939 10.441130523673786 2.2067742153951846 8.4496649657284 26.686747372906325 2.678388828483095 0.658800696390081 6.124855875392676 14.574674463363303 33.64047438164949 0.5078618811088403 0.040185166792634425 0.42673864874956297
164 7.327256031749366 5.8329573414102045 10.974986265252056 2.2362630316051435 9.644030974623746 24.638958549667183 3.3540188320471755 0.7025548640711794 5.883208158584575 13.919029593450139 30.867216991786805 0.5076434651294989 0.05294066428696086 0.4256131756267964
148 7.73926542157198 5.760833211187393 10.514078356270415 2.3164449599065873 9.498443583505919 25.715206463308043 2.877145247133951 0.3994509704061688 6.235311211963242 14.278177709704195 30.40366559841796 0.5068975065701321 0.06195994433127445 0.4243573538197333
149 7.592848212387416 5.602343577909457 10.428871204725581 2.349673780988439 8.975370825435855 26.066668949553545 2.9146739771197296 0.4499489778603423 6.1478406430504515 14.883351773453722 31.580893822859935 0.5090013067834074 0.03695917830171484 0.42672785947240366
150 7.3755055184625995 5.937338728186024 10.952640569256822 1.9871771415958341 9.017064367156955 25.87681064799282 2.939433265358885 0.6321677661101165 6.442759265003606 14.467029122628409 32.1637515365951 0.5077374175412871 0.05092963748230378 0.42592622315931206
174 7.183558758207319 5.687527500929066 10.755865011530823 2.1520041675485775 8.832397063106495 25.63351684146314 3.2644375561562056 0.5931634519404851 6.139140720594511 14.706006010681257 31.89216632680936 0.5079120398017599 0.05002073693765045 0.4262399366583004
163 7.534220910903114 5.4684373962123685 10.786199546466351 2.2277036799229974 8.721149368510794 25.446687472098105 3.2867186063280394 0.7817441447912689 5.529285596146047 15.426471602239134 32.60598751877524 0.5057985173541446 0.06754156786410523 0.424012556717292
165 7.866315572329083 5.552340932428527 11.103578399536287 1.7940530105778867 8.07539949348328 26.521477831494135 3.079844357271515 0.522970032173977 6.041668574288255 16.739312803594867 33.92823403816782 0.5090296335275961 0.037855227878788464 0.4275734767429785
180 7.255549393890555 5.815903267147811 10.797541257766596 2.1224574523797157 9.306048037639004 26.05291353804985 2.7741115382990063 0.6230191041046083 5.5300001683329105 12.815433451750172 32.744024637681264 0.5096324872123692 0.02906643847557071 0.4280682152820997
194 7.456918980869638 5.58779265662611 10.910458248058525 2.256544800784639 9.721970080306415 24.37633013716022 3.5314422752805825 0.808782691301372 4.945781200805748 14.590020605735038 29.59645216995881 0.5057578854842768 0.0669519633518088 0.423649234522409
195 7.876316097758368 5.574286361440176 11.179176600632816 1.8265893981718186 8.587870946102885 26.193491557176635 2.903161925429421 0.7704730452394372 5.483839879853157 15.809290231199215 33.5044997587051 0.5092608551536075 0.03333872066733917 0.4278811811976789
199 8.010584100342182 5.431973368521001 10.824715565005338 2.1831303365351387 8.972798551345578 25.479455102655002 3.1802359024312334 0.8201784312425788 4.605102125598001 14.594657883124377 32.97336576870154 0.5081857566033087 0.04465409167887888 0.4269236881968025
200 7.7256488836186445 5.58332296577488 10.45124227529469 2.156932606554204 8.535400094030189 26.4550894485408 3.0350264111634355 1.06412663381586 5.968168681528118 15.043511442724805 32.271339412564565 0.5054271276173078 0.07471485603098113 0.4219807745559384
206 7.994266309584651 5.525011049641704 11.020880404139708 1.9208949750686268 9.004341439933434 25.9902136441879 3.0103760916086437 0.6643106358561984 5.6899012989796525 15.335532641974956 31.960665608562564 0.5089368301695469 0.035139672904107785 0.4275366176952758
207 7.646595184272174 5.857496492510237 10.569058088210173 2.1458082455425904 8.715816545921038 26.27475292052393 2.9679599499749645 0.9696412339097747 4.7722659223340615 13.128960298223662 34.06106651196489 0.5086978851169789 0.04442640469036361 0.4261922390239705
208 7.510254319937952 5.739576189875317 10.911227510069796 2.177723837367903 9.669626589224425 25.15897804883127 3.049383573976636 0.7930631288237481 5.459889410867034 13.203577506814092 31.32011917453623 0.5071261817178965 0.06105660632535064 0.42457796720941193
209 7.9943993447528765 5.6764184253917795 10.887908183593503 2.2104603545369694 9.503397626912301 25.27609835204644 3.0593311433930532 0.6552246163933102 4.8915713717760365 14.16390238985255 31.31189339506101 0.5079218228138253 0.0531204171563766 0.42627258513684796
244 6.956548406873424 5.942818229167014 11.01984366769156 2.117542046560319 9.692381557356272 26.164986090786247 2.2928192605173257 0.5806459013007954 5.862487294319579 12.345666621690382 32.170604657762674 0.5083820953082208 0.0499168166769873 0.42658993828880404
243 7.659880035238631 5.655474327017855 10.614081778765813 2.250190172533888 9.26015074551129 25.559647373478583 3.0475911455470275 0.8879580493375908 4.566515370925381 13.346573815719964 32.398475078866795 0.5091148763256845 0.030079056857788077 0.42803992705462607
242 7.474042155965766 5.685303124137781 10.773498161693675 2.1029446012610795 9.004270617184874 25.79931807103645 3.1683598602915155 1.105131450971332 4.5704006722307176 14.039775407309303 32.407760362247544 0.5066777833591554 0.06253492711600173 0.4242617779966513
234 7.145257827172459 5.826327760929276 10.85060463534464 2.081623898417476 9.502728489050927 25.75331749380813 2.7235222554990903 0.5097435858661085 6.139800824895656 13.792075437153377 31.123327881616536 0.5060913173171773 0.0661891584284015 0.42485820283203823
241 7.282986073385055 5.992627237915519 11.098269622301286 1.9679826221132488 9.222476156599903 26.329025551282935 2.4897166331245564 0.6808248373566457 5.860098981043277 13.02771895585469 33.272026844283495 0.5098665912524099 0.018769736184225602 0.4284684684256115
216 7.538518400078199 5.901754351843113 10.747848662117638 2.2064285824730283 9.611479284579831 25.885206039329184 2.496864177950208 0.4310493448881403 6.3292827439200625 13.301562326116002 31.52981459504832 0.5088595710618865 0.0396099923293251 0.42716384061721924
217 7.838276964678119 5.527041408721687 10.982252746876073 1.9122113223009745 9.017032665540066 25.76443059184673 3.072988156991512 0.55529391923904 5.3737818902905925 15.229304265041147 32.237060266086765 0.5085850301218326 0.045683468574273606 0.4268531218246511
218 7.748967459436134 5.720788314557588 11.095300321479748 2.0279333364063503 9.511718928434165 25.014480168268754 3.231193591408911 0.7020895985276796 4.694996397318041 13.557826276677853 32.16932499769884 0.5097957954389923 0.026877799903390058 0.42801036188539876
233 7.468081179302543 5.862078569686168 11.065469424679529 2.032915174329989 9.424735720338722 25.62652332598924 2.8840646712375264 0.6827786764656006 5.423065579332231 13.299073483301003 31.993952161657496 0.5093079948718855 0.038241158079026664 0.4259807328237249
219 7.983347856427212 5.6807883656809395 11.005893318642938 2.178340492755051 10.179547020294368 24.354111211444305 3.3260533459255486 0.8292073152623682 3.965391387356056 13.006169461845035 30.31320812332844 0.5095334642798225 0.026443943921057637 0.42756989744237917
232 7.903524975777722 5.7404864226588055 10.609536449769442 2.4507794219303016 9.898182543088224 24.91122928480989 3.0896582900914358 0.48509404285335106 5.580176749623558 14.142092689937414 29.55156291942426 0.5066209564495451 0.06471656834998772 0.42416369108414737
231 8.023163942888722 5.49438903807383 10.692040177415253 2.0116293020874823 8.626668100964414 26.44409879753704 2.8569054958243214 0.780474593885116 5.7174548925248585 15.14493760829555 33.079850098250816 0.5083750502474121 0.046800916318736195 0.42639930388666053
236 7.403208834574761 5.708943167950792 11.026933033916675 2.1731436960662958 10.011718665334561 25.093074391923242 2.913212713395269 0.7319685616909315 4.955960600638253 12.692519706359784 31.196460918623103 0.5093940256065911 0.029013171020387488 0.42825005098497576
237 7.574170418227982 5.814398376481772 11.203254629443434 1.8698851682299733 9.093883310615428 26.073299551711013 2.7242525508181683 1.0984643837954968 4.482590692541811 13.475772892042748 33.558799786054145 0.5090617368136789 0.03324287052668966 0.42675529188009936
247 7.838381136817584 5.565043185495792 10.702487786928286 2.2647209554698136 9.377423697433192 25.19840575853598 3.1706178367419438 0.6823837881886499 4.951427247639453 14.799412249935925 30.92489416041034 0.5068141438228523 0.059879434894926774 0.4245172487560579
210 7.5672888561404 5.533604108531053 10.478644293950174 2.321857014951626 9.567338165900443 25.20676258724981 3.3526125006389824 0.5556523497717207 5.950466389522312 14.342538334533305 29.713993624951875 0.5060048104128722 0.07194029531596662 0.42215955930262833
246 7.319745091378021 5.702029449878596 10.251137744577314 2.6461301717628363 9.863733225852592 25.098525148312774 3.1309431829146606 0.6968899854508516 5.017759149119886 12.557356003560406 30.259365839235514 0.5064172182597637 0.05983861394101894 0.42516150015419885
245 7.786091116573136 5.359531263514537 10.972119782481315 1.9767305780545348 8.928023843082302 25.978949958024902 3.0369925356849845 1.099635343996351 5.004279087853988 14.159729814496242 33.56508627343543 0.5072099207999051 0.05369982129805986 0.4254679620284974
235 7.102803969117945 5.711941231505563 10.651320517801524 2.3517565664457103 9.713073290154576 25.58255112579197 2.6374028127889937 0.7530525222876155 6.239596897541624 13.632153912363567 30.317114023318908 0.5064177775095003 0.06313242180367744 0.4249289645242526
211 7.358315739260009 5.831746292704799 11.018318608289993 2.20385937427881 10.013619804672484 25.061676494296176 2.866417379840485 0.832029957485354 5.022388489164365 12.459580643603003 30.685382946190742 0.5073081638583488 0.05268159212218385 0.42610197311183057
212 7.920611320333147 5.405232309370917 11.033439809959235 2.00423041885961 9.098529934735039 25.74043278609509 3.022314473494271 0.46385713082035185 5.062258406628144 15.110454571901473 32.545880020150065 0.5092135663139493 0.02857753728943006 0.42671637853637356
220 7.778286360771449 5.300737263310982 10.610985778882178 2.2522029246964017 9.085433823460809 26.14156428993413 2.644553660970608 0.6903645082776191 5.228896991250506 13.728135386086254 33.77581655041026 0.5079627639864179 0.052581950243749336 0.4256323431045035
221 7.527384854990282 5.770728257601524 10.440051087718354 2.5044399950644416 10.056842179370284 24.35552158445726 3.534578399296175 0.5620928354336786 4.971156203263221 12.808625402409286 29.346900920316234 0.5089544200177816 0.041563041879491794 0.42651426580721385
222 7.25915731151845 5.971273801375281 10.636191983975259 2.11195852202647 8.822877475565026 25.668440261889593 3.3996719429724753 1.0852640566649312 5.30122143782075 14.028541779071587 31.531561315875805 0.5058642123159492 0.061579311622142606 0.42485446645361646
250 7.7970697665411 5.6063719056246635 10.70136661169855 2.220728556092346 9.472272710365464 25.76645559105111 2.661844609123949 0.7169984946969845 4.944988493808645 13.6961362703863 32.06509354774078 0.5086935367100135 0.042321834378013796 0.42631162938560857
249 7.693201047438538 5.808341461403798 11.141021133704111 1.8330619444281009 8.890664540881444 25.858290279729253 3.1865274708634597 0.8218254195829108 5.079202656297379 14.53116337177249 32.474963693152276 0.5085894231294764 0.0410896336339138 0.42668698116544734
248 7.093761668073088 5.875014076133712 10.875699645617292 2.0563339420634588 9.13930454581413 25.835679263615756 2.8554584066078754 0.8661772110386653 5.690067048392643 12.967902272159595 33.15929802933459 0.5089186009494187 0.03795361175697707 0.42711702847876715
238 7.423785260271724 5.6516326549191165 10.63271787475324 2.2753649268578857 9.410845427108642 25.33803358954904 3.211252595745768 0.6146787917574856 5.033401030788767 13.434399222303906 31.70418566743997 0.5086343355759586 0.0388110153448684 0.4266213330301998
213 7.479744980595046 5.9214684848697745 10.693767527293991 2.446019772512209 10.419042813254313 24.958344051107026 2.77240769257447 0.650341304828994 4.80832771246236 11.535392567756066 30.026166593274773 0.5076588615717003 0.043790029505522236 0.42641179111113736
214 7.658892514343095 5.4760169080431975 10.780093579283259 2.00462452079418 8.699071440231492 26.162544610095264 3.042625352840717 1.192465446328616 4.413579878695088 14.05478068709403 34.16466992619588 0.5091042998119851 0.032160668034164674 0.42797157277668424
215 7.339781276059895 5.938652981008914 11.01198339381395 1.9798747489550312 9.114021117753039 25.993786265372073 2.7687038250560265 0.4276977407400812 6.47311824895035 14.369079592070838 32.22706919809585 0.5089389308041942 0.039671829925039905 0.4273604509256748
239 8.014711950579763 5.312622757067734 10.664469556293502 2.146145509462316 8.86315566851667 25.454668223323097 3.4328385608400502 0.7680968483378566 4.845943060235095 15.582673280464789 32.04116078639677 0.5067643128938524 0.05938877427818069 0.425069706482522
223 7.208619302718802 5.8326547444700525 10.549469368189083 2.206947523854874 8.930514539734776 25.631321053127618 3.2183832078228627 0.6390961476082867 6.206157818643452 13.971454043140916 31.96838972614179 0.5073781805632485 0.04874517217710236 0.4264298599898444
240 7.549825772874654 5.801118547952633 10.716302896561114 2.3220857593636453 9.45164602470286 24.505205253041357 3.646621102034 0.7817830170204005 5.136901283199047 14.349705060107798 30.111081436835068 0.5071584328429529 0.05868927206426462 0.4250764981737789
224 7.21618261144358 6.013497387788945 10.647314177033858 2.2016725490682134 9.262160396547513 26.408254798954335 2.4786907983014705 0.4801022808447341 6.132990648647596 12.427780502665541 32.70132279812442 0.5092377092078617 0.027719839912572403 0.42803085519960565
225 8.000989961094113 5.379877101625061 10.766131249559848 2.1651712709994406 9.13797772151581 25.783905957109184 2.9169539219711127 1.0871473603586115 4.454552620720147 14.188653782103817 33.20743094335582 0.5078971129678794 0.05127080404651671 0.425454395436244
