# timestep 400
# phase bcc
# id f1 f2 f3 f4 f5 f6 f7 f8 f9 f10 f11 f12 f13 f14
1 7.292747301548513 5.711159486092165 10.6745313883776 2.305459125589238 8.868594570090398 26.54553073587417 2.45752339242867 0.4709314418799935 5.743216758508525 13.467911610267004 34.44664033982325 0.5095269099802182 0.039029456725829866 0.42694245895188965
2 7.79546782358771 5.735998702818616 10.910827908120986 2.093107519786837 9.08103212511265 25.754793468040976 2.9607364433778836 0.8737668083187302 4.581154691176919 13.633045461151408 33.28820405930806 0.5095911933093094 0.02592256913128253 0.4281860465406234
3 7.908637732146799 5.631697147992345 10.847745408073735 2.157837611245061 9.404021710116993 25.41289352231431 3.241799311710529 1.6788124379367837 3.1216763178673776 12.247924009248843 32.97033085456714 0.5087175364922037 0.041483081911215594 0.42642499499289827
11 7.759783766440496 5.903664785160544 11.030288206842984 1.8917790336572942 8.56865246240144 26.842024676104877 2.531799997790504 0.5222058271326756 6.288130227531472 14.304306427027573 34.45729398519937 0.5098298173711361 0.016582437326817936 0.42799946205131056
13 8.138594916574242 5.5092900788405865 10.953184746522481 2.018744373512663 8.904048353864011 25.54526425119445 3.237269565181983 0.8934631141271613 5.273407287381664 15.569728246972119 32.21115944089587 0.5089113280573226 0.04068621460640461 0.4274768258220303
26 7.241616873082344 5.78784701600444 10.53639331350852 2.360385407822439 10.215663093257513 24.498366426588337 3.336386491698848 0.5072442153209128 5.083328116105912 12.052670743026795 29.517080295735674 0.5088295615249808 0.037562846997361565 0.42765280109359405
28 7.856298410624756 5.37474040694137 10.527338769716582 2.497124863138801 10.080605925572229 24.601994796061923 3.1805146857032542 0.7742381990437015 3.6858255857357745 12.345525605668055 31.345905905280496 0.5091179584652809 0.03803588718186489 0.42727051070045463
36 7.408742162854777 5.789330134633457 10.482271188913947 2.5283933782398536 9.891192253782416 25.02716432214749 2.967571288896152 0.47512256550809084 6.406444190198803 13.692809642340734 29.44330205598281 0.5046718374881621 0.06960026288275106 0.4243106310809422
38 7.373756425176881 5.794806125703005 11.032951876450074 2.0441791507671114 9.512474834615078 25.31666440898773 3.0052711554857794 0.7206706117033331 5.987475867761858 14.583896283557523 30.481869644916042 0.507316382651518 0.05442257247087865 0.42506653761161056
4 7.208223420256287 5.718748454246492 10.597800745515078 2.4080390789588972 9.664729908504567 25.1626273784846 3.086832057893218 0.935749017111417 4.759280941300749 12.449217345763698 31.69441337682294 0.5087741363942799 0.042033832590662436 0.42672731965059624
12 7.402593423776921 5.756545502665731 11.030223106825815 1.8779950005791675 8.55417030825718 26.48881200814217 2.98643603557806 0.4555940428169958 6.219794363442174 14.948738981682872 33.25674150884358 0.5089524003827565 0.020031925886739084 0.42868636699074564
21 7.1850688751550456 5.7293344352515225 11.056069843954726 1.9777422461480285 8.819544114605732 25.951633627430564 2.8462004268690095 0.508427713753182 6.121916804591791 15.088708738660285 32.75692893121993 0.5086381729770083 0.043107723563353656 0.42651272947523133
22 7.540619765400742 5.473687994126445 10.979277451825169 2.1447577743269997 9.449000777713636 25.17783985054165 3.1079795818066884 1.0610846819196451 4.9070254304160965 13.763021306388472 31.706903731653185 0.5061445866155814 0.06471922698335476 0.4246811865637386
46 7.51544988990149 5.673642424939374 10.966113943860952 2.035177182095995 9.15551081790139 25.68504075344278 3.0981666179141003 0.9030990429022695 4.308786659898742 13.25617231406783 32.94247303007475 0.5092234936986887 0.03114731827930348 0.42752871102185785
47 7.233285441724982 5.692855200473432 10.574704542955455 2.2206422839912205 9.00721645900885 26.02882302477207 2.9467506542977535 0.6812516721380154 4.955143282612163 13.302090264671675 33.19401709070459 0.5093090797958688 0.03443528576302618 0.42747222139099283
14 7.510401614782765 5.642847775694123 10.410149092360358 2.4478517458766964 9.898858271851608 25.435292702346437 2.6165340054875696 0.7109977100201702 5.228218493090667 12.599517386681043 31.409757493259633 0.5067156597699237 0.05123523702876739 0.42673781779244224
27 7.736623536209776 5.727010890616842 11.366428925831277 1.6701003408854356 8.526999756460917 26.620628274337648 2.681403430402787 0.5878869041010469 5.7509608716225875 15.786063899877268 33.56444769784246 0.5093116891326824 0.02906925236107861 0.42773219596669315
51 7.278793420439884 5.873622499228266 10.846620051606246 2.3178728941730657 10.294662987084198 24.42084683726774 3.319693727754635 0.8651971498812063 4.2554547031848875 11.34934291811143 30.305383394866872 0.5079430589528834 0.05492974607944796 0.4250693983087405
52 7.783188012138398 5.0316101836056 9.864726233806486 3.167128247243654 10.121000158604039 23.84338977071597 3.546055646921931 0.9821702333717824 4.8233664711556585 13.599296086161154 29.707831403909736 0.5048266233058363 0.08011650201162454 0.4210170751444279
56 7.085224358205714 5.834852628767262 10.467573156122393 2.2830718952692326 8.893913476254943 26.336658985097706 2.710368015031045 0.8044969029713686 5.615347337446285 12.637057860563665 33.80629640461143 0.5097362972897955 0.01995598003770502 0.4284798200478099
57 7.544077713795712 5.860897072182434 11.031868722548108 2.0529175623322025 9.501165418436555 25.31776985660485 3.098183142019887 0.9636212974256115 4.878060126693903 12.612511730199815 32.539139819616025 0.5090785534343736 0.03677480202724187 0.42692393808158435
29 7.707131637860485 5.41469819172143 11.008608682151777 2.1735899498736053 9.497008994889384 25.098168589223217 3.1561291409751955 0.9649414183227045 4.319406401109312 13.52742186145262 32.67226762584705 0.5055179498199276 0.06954729380807999 0.4242223393808324
37 7.467898684868894 5.873727991470812 11.503428674560743 1.6398577103206764 8.862308498015935 26.095967445204177 2.889404432869268 0.459275969639335 5.97437290486029 15.50289163219126 32.36769451391975 0.5083161352942295 0.0415895819103415 0.4266029489723264
61 7.646623174969543 5.692076628904563 11.027104940375981 2.0606373986451345 9.801917467618244 25.153956368896175 3.061724277417022 0.7203766599757305 4.6041474310549235 13.035003228059981 31.085149965045684 0.5093751309762055 0.029417775525838505 0.42747625599570166
62 7.516692187546538 5.7130421759638175 10.61394665851122 2.3998187190650473 9.918569475872262 25.01861795228814 3.1013641958394706 0.550998816920972 5.313958979256877 13.518924397526145 29.807612821927506 0.5086127094676878 0.043735102470157834 0.4264918724401566
39 7.8146132910033685 5.398542065081327 11.188560683008614 1.9008438613450218 9.165357787172727 25.56057523306186 3.110289310850264 0.5680862056316666 5.094277621515631 15.04541584603338 32.3333974548681 0.5094994430742007 0.02886348666407088 0.42767699089846245
126 7.557266032574859 5.474607148063237 10.918161737145192 2.2222590236102184 9.608079231194655 25.30928494614754 2.886464344855453 0.5776876878400358 5.260828249750277 14.158638594921694 31.082373624855915 0.5077379198292136 0.05224757334259799 0.4266185768685411
127 7.914977083200281 5.693449129840265 11.29096117884482 1.8853864476572584 9.431979107153534 25.7050746783643 2.7996770968608353 0.7179325392876093 5.344677116618161 14.145196972532991 32.023785821305964 0.5098347549728107 0.022262715748041093 0.42774565600424
151 7.775790769415466 5.595661399988125 11.067114590220278 2.027333643298083 9.442941610175353 25.89655213954347 2.6086782870449303 0.8150865509401972 4.8715998177557145 13.822353996245708 32.6575980613387 0.5090828972346235 0.034684810018249815 0.427460592588096
152 7.495505272035722 5.579550833113164 10.504414645994405 2.2693574456777705 9.172297961259165 25.55484832631429 3.1915984225562006 1.0572704430840874 4.553505741732893 13.623148680162787 31.538955340918008 0.5073476554393748 0.06013356007331111 0.4245134381134663
66 7.922636302380186 5.728389752145045 10.840008155630487 2.078564850852489 8.907399893890817 26.471158212001104 2.551359648650791 0.6149409486741825 5.671365789598178 14.457337535148927 33.188351558688154 0.50911314948026 0.032057389055837056 0.42804592697110244
67 8.016734309256751 5.558269269666361 10.92303558957603 2.2696843408009424 9.516846432214543 24.53706339821051 3.5279830736725666 0.9996003975074931 4.8644515404780515 14.71183862767798 30.902372049747886 0.5061004697011977 0.06683354049537771 0.4243789163849387
71 7.712852008086232 5.762195593971555 10.986235104393334 2.019064276786258 9.129039043264171 26.166132346255623 2.694512524587518 0.6665683774090229 5.050208239822933 13.53320799645146 33.28881871943387 0.509682568913804 0.030005515739457533 0.42764328175390975
72 7.604813398109709 5.724537079655485 10.967667478493743 1.9805995681502684 9.001220204708634 26.1160821326009 2.7370245055271543 0.7510526934583578 5.447594412334585 13.661145945868908 33.518922885454515 0.5083083290633769 0.0453412093693341 0.42636570746668345
187 7.696601982688819 5.618514444632818 10.75463801165854 2.3277645586588602 9.843681236313905 25.14713835485533 2.908576625447268 0.7964940700103922 4.873278916651371 13.22009893820346 31.271995617494763 0.5068793672373721 0.05485644950731595 0.4257631851800275
186 7.117127888443335 5.70277934232857 11.183855535972567 1.8099221392923566 8.839287933009194 26.174092766921717 2.8396495787472333 0.5243415501757791 5.890090327626331 14.75011743397409 33.10701317387051 0.5092582881126007 0.03501392912943955 0.427444342952377
5 7.698067079447939 5.648229319379486 10.861160557025153 2.1617488668743587 9.206864587231436 25.650517046327842 2.7488780729471562 0.8045852646571516 5.80920646708199 15.083216807419412 31.984697742242144 0.5069517298644626 0.06119502248195043 0.4241092198221787
15 8.150260234519793 5.351148552859871 11.171165303243416 1.8254551051796866 9.08382475591082 25.78101933896242 2.8132388301752487 0.6317266957540352 5.320735003069343 16.28631379936802 32.21055458792149 0.5084171511639621 0.04428296702337876 0.42669125990166107
30 7.597186569620075 5.66571073643675 11.055330012026456 1.9250524448922361 8.976327009190381 26.76564932582878 2.3949487135118273 0.42515613785465245 6.449923353904464 14.462153758123584 32.978891937928665 0.508968776706542 0.046826071027553644 0.4266633643985464
40 7.839181871341708 5.136866034153293 10.638458191002803 2.5011477747289916 9.794340764850068 25.33380656847032 2.722995065893975 0.9601429814257707 4.241725582426984 13.467704623065305 32.00315013689308 0.5035623462733944 0.08066270800253367 0.42296836719195324
6 7.479311617537173 5.543239403607682 10.916466446491347 2.078334601034795 9.689483797222628 25.61337791046259 2.799227413101272 0.5235431557608539 5.583880078182505 13.486265114457664 31.53134512535993 0.5087094339188025 0.042115910828520856 0.42718873552002423
7 7.257837057951477 5.8400464484826395 11.199092953928472 1.8675771291906176 9.304320361918741 26.664906284958573 2.2254070080766795 0.6187387244162839 5.798103984204513 13.197732407860382 33.1727415095968 0.5094926254195014 0.031112242149052678 0.42813616905848256
17 7.751685651056955 5.618008286031788 11.142046554604873 1.9302783661398755 9.24296040093573 25.92697249903229 2.7639668541176734 0.8696756661483767 4.831180433392987 14.587334349922 32.42317788937162 0.5094014152792647 0.025803486112723522 0.428863465249065
32 7.500900123469793 5.698880029360449 10.777051791159083 2.053724644389838 9.16582736328956 25.43102334156132 3.124432570123077 0.641193883430792 5.799755549917841 15.131015497385988 31.40216000734747 0.5079919860942623 0.05000177772012172 0.42564287332419787
42 7.636657481638714 5.6869686190274304 11.052901982300867 2.0812912106428194 9.534014017487072 25.18630209470596 3.039636456797983 1.0183260896034785 4.067937058828972 13.17946546901553 32.541314674188484 0.5090597119005065 0.02989882881594981 0.4280187318959258
23 8.043037063682709 5.447065174993133 11.060968602355796 2.077803599991631 9.500039527219275 25.736730836044767 2.657254482880791 1.0896039487314513 4.00359205480919 13.334492248530367 33.2861096688843 0.5084178298648496 0.038919360055333585 0.4268651668899263
48 7.03690347062436 5.90301697247901 11.28664380821002 1.7789757058393088 8.94858734829996 26.05889414702563 2.8359506374100376 0.6008592328907063 5.814837679687045 13.783645652173488 33.34205225960585 0.5095735096685696 0.026521753606177752 0.4280814682941919
16 7.398928010524768 5.511948216655995 10.793972678999573 2.3493666465778307 10.325033721971886 24.852747138258472 2.781344881420671 1.0368765223259848 4.689746746094359 12.237114004827468 30.559132434463002 0.5046542149772048 0.07365050801286098 0.42333880270906976
24 7.628978157076937 5.372724474868637 10.8329047815855 2.2044546757775154 9.456105376791923 25.907969680013395 2.6130215895479427 0.8421617482676099 5.082913575777628 14.092175691485703 32.27018099995146 0.506389900327442 0.06501330637339682 0.42443981695848704
49 7.447965690768753 5.709685611408381 11.092095642025766 1.9688628197119746 9.286640499914506 25.956134717290496 2.7311686595281177 0.46657130085844206 5.566558929625798 13.876128404208238 32.47024825390794 0.5090590991024165 0.03688469430162643 0.42705539493808903
53 7.660803498862601 5.934744053106573 11.288667277540052 1.9475765868329225 9.750827719571047 24.68113325015452 3.2731664369924163 0.9960614118126687 4.871344709151387 13.620437114762117 30.99498846890047 0.507596376093268 0.05357315479175961 0.4261362042207253
58 7.847052281949638 5.387629439746796 10.90614801473697 2.1696759302504853 9.405764072310571 25.509506929025033 2.8731879959678843 0.6569515554217642 4.691820061664722 13.840004411929089 32.96662990009931 0.5079240397835374 0.05146661955920874 0.4256757937288775
31 7.420467821278409 5.58803695866757 10.90481676767592 2.2521853650732058 9.791663809717328 25.2955204669502 2.794640320068871 0.7362908836675595 5.079743249664984 13.036034957176502 31.608807164684027 0.5077874441034391 0.052638459599392826 0.4260687171799803
54 7.6578778875549265 5.420001707771925 10.740972758317701 2.2066393340944552 9.43504473248841 25.96694065552996 2.678886562549985 0.5972655899979026 4.885365146503473 13.680808151689128 32.09178142158423 0.5091259849250143 0.03159066250396057 0.42714217182115494
59 7.068065417150427 5.753746992491506 10.61391902464085 2.2573431475524157 9.48927845297477 25.11409892757186 3.22305309731755 0.9419498182727376 5.830697796305546 13.97448386266352 29.771030288769527 0.505756165885326 0.0670616044004705 0.42414458102315516
63 7.871771720337177 5.762720586737679 10.984593774193023 2.148170059387833 9.81024252723973 25.427056235805154 2.692283423080343 0.6504846423000081 4.884824140527455 13.221068885302826 31.661498463312753 0.5089105310071566 0.033362286288928004 0.42639232872251387
41 7.835520784813816 5.525194579980844 10.72839211777963 2.279747074998307 9.842870266016327 25.2380342783543 2.903842826600527 0.5950368074876029 4.952697160138351 13.584914844649871 30.82737187814029 0.5074103586058056 0.05078890707455653 0.4263913176470019
64 7.502441929606591 5.820684979724765 11.094942210358496 1.961264060032716 9.493421300475623 25.554253311859934 2.8881644457571816 0.5120825144908117 5.949355301013083 14.31562405017194 30.867657909073834 0.5088834742414043 0.039041281809040825 0.42694383867100955
128 7.7899698473022685 5.369962900328318 10.860249867598869 2.2978641478067594 9.423169804531396 25.38721039533478 2.9154667094768523 0.5097776127317268 5.510720127739325 15.02312267648542 31.520695946561975 0.5042985203601209 0.08135162113084606 0.42250417899603987
153 7.656659200658977 5.6623343845830405 11.14844737546818 1.8957735469893962 8.806267250063007 25.99724588152127 2.9310748807964404 0.9456953922525868 4.934637342966174 14.11648385962641 34.26426602262081 0.5081587459709116 0.04685134136090388 0.425488131112888
68 7.435149604842293 5.578673041841233 10.737830120007725 2.27944138183976 9.372931805567914 24.933696112697568 3.2688565075921243 0.66976908110144 4.714202374120256 13.823663780451094 32.0213019003328 0.5070441313701424 0.0532941408351499 0.4257292099277077
73 7.15086211907111 5.801008874519963 10.782309714807692 2.2175273130779707 9.53851820353882 25.90670788748467 2.6385020404358532 0.7143886102811566 5.261015595080512 12.39907636169736 32.245807960916004 0.507929501517452 0.043365444764438106 0.4271939071897841
188 7.332386259681019 5.731982831257257 10.798132292496966 2.379844607669338 10.120374725549722 24.715570700863086 3.039212142684023 0.7295240474993927 4.447963365017928 12.12630178997235 31.13738214308205 0.5094324687003029 0.028107085945193105 0.42782124426149326
8 7.977126776259509 5.8055850087515966 10.87890809307271 2.1982848214323596 9.913273138935988 25.01435606868666 3.0080821763389642 0.7088327271585783 4.5582158733932605 13.087041428557711 30.889954122632624 0.5093199137978093 0.032260257222426265 0.42753661206808613
9 7.5835280791334 5.8882385115453655 11.118622831584947 2.112318741857207 9.550860423923062 25.652701570083348 2.7070785180902543 0.6528972014764289 5.707320992894649 13.573239782164139 31.93504604215769 0.5082787823556207 0.050137870811205965 0.4255043148510059
10 7.53494790320872 5.866389779618357 10.838258873191124 1.9239297185133102 8.230254157097196 26.969627091653912 2.783739999615532 0.7438662107666117 6.187941011225017 14.704547804720862 34.16494538829234 0.508871217149783 0.039432841579898306 0.4274683035420045
19 7.8871021440743965 5.732041626007483 10.992826243696033 1.8914692992269493 8.383573726494914 26.573565187323506 2.820177817252385 0.6593205091787812 5.93562570490787 15.113134340217941 34.33219933197445 0.5096569187998157 0.023768997877179048 0.42826712309396353
34 7.760593120196148 5.621088834344485 10.627149057700159 2.463632936773822 10.354900104374112 24.57238817649035 3.13265835926328 0.6492169918929405 4.308796842761786 12.092855552512141 29.970297202489956 0.5097352049548325 0.03098352702392475 0.42722508252313623
44 7.516313698840969 5.700603845041644 10.905874302932814 2.1465462983439374 9.413854043538642 24.98796559730856 3.323406795541782 1.0414822853884245 4.884372408423695 13.428336819929575 31.60004619288385 0.5081935568781633 0.041392443013386813 0.42772169523040454
18 7.513825442001483 5.574994877864456 10.299505944272928 2.5388851052246744 9.605457439787438 24.98714912690766 3.282232984650277 0.7478965008245639 4.656855337200576 13.007352496544659 30.935968521911448 0.507870787993823 0.05494156012804333 0.4247024649291088
20 7.108803795856562 6.0225280241359584 11.052986438130002 1.9295565978539242 8.723769459297808 25.894795082297268 3.0050121074575675 0.8777343361824188 6.255573047415017 14.235563061680672 32.919605169746035 0.508571278969109 0.03777302591438597 0.42735805454035686
25 7.800878979059304 5.757617614753597 11.1879179161285 1.9683329488973873 9.438436516699582 26.0347306923868 2.4820681011725845 0.8880264236597044 5.600863245085956 13.671601834903358 32.45478212172551 0.5091096832166585 0.03741974198954602 0.42696376865576163
50 7.918627947638801 5.598960245258995 10.804857208441597 2.1079097460532337 9.213972396333755 25.162485022422135 3.469903093321605 0.6575615151958023 4.77266862540336 14.295731697416139 31.626807924369775 0.5090770009085581 0.035365805690526074 0.42699544159020697
33 7.488828955553423 5.631872107627419 10.884994745891111 2.073230639187033 8.934211000170157 26.345000704378304 2.6162178160509835 0.6331673996597756 5.6531522298089 14.484522564833892 32.93854098960209 0.5092766470435419 0.03513315117281153 0.4258413385297982
35 7.913630831611512 5.422377081672436 10.965739129354386 1.9606575604231704 8.685231373980772 26.347240523740666 2.8696371672028542 0.865480502099787 5.453520341144835 15.313405466867836 33.15517857159106 0.5069806460631363 0.057727591201308215 0.42524008820473397
55 7.412499617474638 5.5846770575436535 10.567117734185207 2.447695681921718 10.151924923897482 24.37139196623285 3.3148391311422056 0.6731244135407412 4.825242723026768 12.896888713729982 29.840732234986596 0.5065540688908079 0.060173118761259754 0.425518120209166
60 7.196200335329927 5.943694322103256 10.854930963920426 2.178157075824246 9.486002380674229 26.175360459785203 2.4918736994035435 0.37727990277549345 6.32418974655077 12.73964256216847 32.3839841484901 0.5088103416336938 0.02938316271189031 0.4284020708141817
43 7.848132870462147 5.794578601885124 11.230858799753774 1.8060625359129134 9.114072164122502 25.763181278250887 3.030561062745745 0.7402052751680639 4.9247219822848445 14.176280839630046 32.61382883514961 0.5101615626132467 0.014964137692572052 0.42812088633902357
45 7.683736309322605 5.3876704530579005 10.660081965178044 2.2247293847204954 8.861678855427124 25.72851600016389 3.118855908202766 0.6616042672488609 5.300419883375212 14.922290135587668 32.69072222811134 0.5053819822106448 0.06719903372234254 0.42462416584408397
65 7.57219729924079 5.750994677403244 10.869445983636885 2.2619176447359823 9.743286069653339 25.613554696901677 2.7070858249466627 0.6488847769922707 5.113766680306305 12.544456570771194 32.20385845599308 0.5088874260014233 0.03748425167472786 0.4271108074462839
129 7.728612551448358 5.634314842547983 11.010106668168287 1.9666565574059238 9.399472238560383 25.25239792230203 3.1656080686988717 0.6972475399124737 5.266201388300546 14.349167457284544 31.4952049073119 0.5086970748260923 0.040389032684383916 0.42718957956690234
130 7.732180862098753 5.754140486998265 10.886218363020687 2.194030877700849 9.719285054274163 25.832609291999894 2.4699330334371097 0.5087703085454446 5.4169137136384204 13.144861012380957 31.943271768382782 0.5099605883549188 0.014685341421874902 0.4285290557558425
154 7.375961021665957 5.7588576581037065 11.149495878194362 1.7972052285408333 8.538610604354796 26.757441541148147 2.6751629086668194 0.6127445961001011 6.211641593390343 14.975897301961686 33.75376001589793 0.5094745042833407 0.030556768624742815 0.42807484470292934
155 7.667095676105294 5.787720617016288 11.054387125758566 2.1507139933505983 9.857242455430384 25.592460881947215 2.538557592889857 0.8639423145314552 4.252676006678344 11.985389486685964 32.7958020492687 0.5088794876319667 0.04134533125654986 0.42667659857323265
69 7.664783151194447 5.728616851474018 11.102189106883442 1.9600789317215683 9.349733437727412 25.592290875808715 3.0572415209839754 0.4868084857113714 5.624595537732925 14.641051164522995 30.99949221573227 0.5078673838435289 0.04974067298196489 0.42519225454209675
70 8.004820575876458 5.609371350178465 11.167523339354432 1.8737267063001253 8.982308129065489 25.62063933575165 3.1013380698349766 0.8822981535539057 5.066393889644247 14.881621575391994 32.864587560015735 0.5090926639954404 0.03226553703157216 0.4279745287531769
190 7.756405416586372 5.7285630297714585 11.08417686827565 2.030859451255876 9.629762151528642 25.941595061781165 2.476163639072506 0.8825946154977383 4.740932668225322 13.012750633045812 32.50111677699541 0.5090388407660545 0.035659946305706534 0.42796400203446594
74 7.448314867310023 5.8623234433103 10.847748175754502 1.9736004128501767 9.022441760347776 26.64060898303445 2.3933825188600073 0.5510456108130731 6.101875984460849 14.05909330563614 32.5555839435352 0.509113433580293 0.03436284487404366 0.4270674633160126
189 7.812621126053203 5.556910458763951 10.898682526222387 2.3268571408541097 10.09508170301729 24.598938759578676 3.1021384038103705 0.6230394133492428 4.695079123365677 14.070103068820133 29.774117191052124 0.5074960094038888 0.05603449142400764 0.42469839654981967
75 7.71881912858493 5.55740064853682 11.142222073157035 1.8173928251605234 8.51503733560898 26.266414093649768 2.8985221052885897 0.7800703451055107 5.9698143432739865 15.7655517476761 33.67107785459465 0.5083123810753922 0.04377427581273065 0.42675125900931654
76 8.072359661296693 5.534822304715402 10.58388361576442 2.292834655928554 9.538642288477746 25.54122793587216 2.850244864704241 0.6225191830721702 4.801774214070506 13.91601134494341 31.52124218966661 0.5094519687698296 0.02596059702561293 0.42860122538387846
77 7.3763020507513675 5.890298324857947 11.10875706582088 1.8692282609060629 8.615292102861005 26.229946660674408 2.964319603203792 0.6847028938335241 5.747153738648454 13.872377591596967 34.446843915093595 0.5095333386532128 0.02997966058086389 0.42817890497107186
78 7.151265847883181 5.78217031971999 11.180004354887458 1.8439019897387432 8.749552375559013 26.127755576841768 2.852621159577367 0.5749206578645394 6.67298910576 14.470523526799374 33.57381080031126 0.508024027540781 0.0417030542903461 0.42771204839282195
86 8.007792868766611 5.641773298276849 10.975264452328764 2.091071688614819 9.556110639475797 24.876202616201017 3.550628245078593 0.5784364754014357 4.9826959344751645 14.323692376866779 30.346149878104598 0.5088640801856199 0.04091253391522602 0.42760052240836327
88 7.696910886737578 5.841189828283312 10.337129441919865 2.5395505543535526 9.423101453463607 25.836419962266348 2.6645359916787967 0.7966834460888187 5.350483018675534 12.419015042095118 32.18936530721709 0.5090952824977006 0.038689082981637916 0.4275275134943708
79 7.756560131454877 5.609296781108067 10.736054277895212 2.274055035177545 8.94331348988818 25.598952310281724 3.0658872287933154 0.93425812027144 5.823729046723792 15.161646926778 32.19980703261664 0.5075545327236292 0.047165015786800775 0.4272300985097574
227 7.385887830980528 5.718544044665593 10.51360953840822 2.6209952122721227 10.174683593053718 24.642299288782574 3.109741153943553 1.0850807597555001 4.382942618376722 11.498234450320261 30.552174852525567 0.5070562901574814 0.06243569180024576 0.4238377642843098
226 7.574396116488002 5.62034848070251 10.967808875872088 2.062231143753001 9.265525396139294 25.513345397077455 3.0584908403162703 0.6789312597596955 5.49273876583845 14.571629096442223 31.66912037668204 0.5079779569909475 0.0465577787628991 0.4262202317159835
87 7.810642405217422 5.482482670962961 10.476253661689617 2.753874041278664 9.702234048033336 24.256827400542296 3.7140672578737437 0.9296534411744662 3.6498515765478388 13.053537237055895 31.31030650790572 0.5067792741623234 0.06135817371144818 0.4251567761617036
96 7.59722654634234 5.805971091326 11.27910379206485 1.8493011793152443 9.358174616264185 25.572592096346593 2.8916712515708847 0.5309817260483132 5.622331360299542 14.782335854837962 31.62619447219772 0.5090693046272934 0.03671822127971539 0.42796338161680186
97 7.347178791339278 5.848105060279833 11.13913657318424 1.7685171632881636 8.461382560925818 27.04897750198129 2.5303620023523 0.5764015917479921 6.286825248084157 14.544581118213626 34.49849028509338 0.5090477259831444 0.03609727359050092 0.42728034314441127
89 7.817598348674044 5.663525611562927 10.730715889795539 2.294197290687382 9.730666910298623 25.22438109335234 2.8834632621452294 0.6395310075328495 5.552747574648775 13.545593471702384 31.002534429413753 0.5080378289909216 0.04540885616549042 0.42649528322815233
202 7.380257777152017 5.926982802554133 10.82820153194516 2.20134572312805 9.600827529696229 25.335904154128635 2.9483974526691834 0.31224581204645624 6.6191047799383895 14.420642270591175 30.062987203353153 0.5069860298804143 0.05641386306954276 0.4258968166001165
201 7.481775714842784 5.6181011997182075 11.087372466024565 1.9586351625070353 9.289376382398677 26.435468819341875 2.3858505934617678 0.4461128940440078 5.822374424734873 13.742100793635737 33.193869842977115 0.5092991179656755 0.036120814514114974 0.42738836422478965
101 7.855624708224885 5.596970711244761 11.453741059353387 1.5542553336109228 8.424909069985985 26.48456911744533 2.8801219508461684 0.6331908380011433 6.213952447238186 16.67760805716301 33.31137544559039 0.5099988904235971 0.02335970745774557 0.4284057997071988
102 7.872118236906568 5.842094509417917 10.823267230578171 2.314426765088681 10.048488358139268 25.02272348532061 2.814147169917289 0.6336631357659966 5.07353643245785 12.652739749434652 30.952666513240285 0.5096240642408262 0.027133142150876664 0.4286421853415212
103 7.526086835659369 5.708146032020882 10.988948278861844 1.8601928427377685 8.578371223916166 26.21395410188307 2.930383185654456 0.6321211703465931 6.301483196844184 15.633238168092104 33.37594217834976 0.5076177730645519 0.056051307171206974 0.42503090494306683
111 7.745319885643902 5.716055936989591 10.978201212732698 1.901971157679368 8.438713384192091 26.28101077910766 3.063609733259523 1.2254873405361248 4.901707076268431 14.382620582222845 34.38886224380431 0.508786893255946 0.03965900202225372 0.4272803344661842
113 8.061478482603173 5.671647172140509 10.709630531584649 2.2080392000305333 9.175650997444476 25.966770210895362 2.759520404510716 0.8081090044736611 4.726708446346025 13.197810938785063 33.51229456745281 0.5093765575614543 0.03459435884332384 0.42769555469815307
104 7.491956314079011 5.749125361618581 10.783227847442507 2.2543179455006443 9.72022085778253 24.90581458666536 3.287660573012124 0.6442320553537998 5.84444276511877 13.931460370851138 30.10566335188817 0.5095136483496412 0.03463110121299467 0.4277127669989059
112 7.5945673205061786 5.7279414598232 10.673656769891517 2.222913722815471 9.173748889616203 24.978159985739655 3.5954255209310433 0.6785723438895863 4.736571087527824 13.77650804012505 31.733579947052032 0.5097434426528962 0.02078919393023312 0.4285574155541767
121 7.594467589222832 5.517273353579626 11.114378340554145 1.82905270903829 8.536225604629534 26.663846877774656 2.7390258344164278 0.4940188183074871 5.726337907923059 15.35621757094267 34.03693615626837 0.5098743247922676 0.02232849413369633 0.4282694474131356
122 7.7566121973783995 5.741536251502064 11.191398696534064 1.881072699848359 8.885275728969596 26.053494680916817 2.7929921763454524 0.7758729214361885 5.456575590091292 14.664301260209871 33.57218330136361 0.5083432735261127 0.0384251983196979 0.42731646253867933
114 7.426032427404006 5.909018232048608 10.850623692157312 2.2457283389061358 9.89761131081938 25.001062227450685 3.0154593482261776 0.8854674224451269 4.445328891496624 11.372404212395576 32.18417148099985 0.5096481057612867 0.02551502544356487 0.42823930737251475
80 7.581485653344532 5.717831848067103 10.644114812520732 2.4667193073069287 10.201511608043317 25.29472881815557 2.6131185571457816 0.7885745779341818 5.1281696918254625 12.00856298536529 30.440162894738414 0.5086121579961045 0.041368998760682466 0.4278134378713013
90 7.571926270853176 5.5896778976231145 10.746084884255074 2.010491918944985 8.972253248102723 25.55074716542763 3.3086060644340813 0.6395253437167168 5.699080533542146 14.835276832193268 31.47717572928628 0.5081973502055023 0.04794914208016521 0.42506470915438566
228 7.282266074638331 5.530900131529648 10.967011696165835 2.0752696301631537 9.454269076199317 25.06738393541308 3.310844409744847 0.6385934343105507 4.847539704623341 13.912524015999214 31.74398770634842 0.5096798803759809 0.028890597622662755 0.4273287964832095
81 7.311983912340981 5.731740765221153 10.993611116868758 2.213393868457273 9.962794017243368 24.82997428627669 3.0035378095228453 1.1375255048483297 3.9356418698583027 12.552455475284352 31.19553684910101 0.5069039498689745 0.05398249870202626 0.4262373479650967
82 7.542088179195309 5.776810022469904 11.253710272438227 1.9507013731997873 9.676189804146196 25.3060344365523 2.9088895115889826 1.0136484877903953 4.773048168206211 13.51940791420511 31.907355675434243 0.5078932482305254 0.05147859079812232 0.42546546898282744
92 7.832318057895211 5.5021814869861005 10.759204366462395 2.3199031533771057 9.66206465462197 25.47953128013821 2.840716569162902 0.7481789255157985 4.733595979146443 13.93660508525906 31.200937661578163 0.5070593743574121 0.058129002382497894 0.4243188368682472
98 7.435889205963388 5.561080854292709 10.713295418552164 2.3102963019157086 9.53323971566227 24.851187658623893 3.146389444431327 1.0954486224780062 5.2229821200167414 14.57546346831437 30.5873670113912 0.5028700163878443 0.08484918958038226 0.42151802930505977
203 6.9281700297961315 5.846635923708597 10.750005552178369 2.3734637652749213 10.255238303938908 24.815317901942382 2.955405013927446 0.8149434560222986 4.349549176537441 11.181848157266474 30.91851722515826 0.5097887527768938 0.023223543584320234 0.42838526268025423
91 7.171591247142996 5.706533109438842 11.100742040439949 2.2856086422168653 10.667063986786836 24.151059682343774 3.1438313902261457 0.4708804333864504 5.3117192476753745 12.961257427868032 28.44278392104636 0.5057850135955722 0.06399411011133545 0.4254870395241094
99 7.835014312713847 5.34965043215963 11.02537704508879 1.8616529952815983 8.879212238569288 26.474949691199168 2.665643940154551 0.9291411239893314 4.133795455593504 14.219021611505621 34.21593240402107 0.5093651119483402 0.026539522273285328 0.428237216392209
105 7.566708645952804 5.473204166664806 10.454748461121536 2.6509555843978134 10.1755774642865 24.840685233013136 2.843220563380389 0.6873115615959854 4.6964779103702865 13.027134928313913 30.38549952777217 0.507459013360142 0.060330822678100623 0.42494583462912655
115 7.2563327139099405 5.920351571912552 11.575855749995037 1.5508854258865847 8.560067215652511 26.682112456700782 2.642247466086024 0.8975435724044585 5.8648261021684025 14.912852069581461 34.04475178511854 0.5093058374867215 0.025772882382714718 0.42844081885541196
106 7.523970182643658 5.48487657122988 10.941182421935613 2.2896987004416185 10.187404563359578 24.613806926805278 3.0238622583894115 0.6925067542425569 4.457330454438729 13.347455773525944 30.484798541513268 0.5084555097212489 0.04557840323391094 0.4262855083300417
107 7.512419476456294 5.567114552366838 11.04262759471842 1.954712040752228 9.475041956217357 26.014013035804606 2.620083788178095 0.600816966510015 5.0850355599817005 13.976187744191678 32.18687747893173 0.5090274885354814 0.029288810126367904 0.4286384577030499
117 7.75209867491506 5.591886672762132 11.368850393101829 1.8133462467328896 9.476625933198685 26.00308198090992 2.559784494208986 1.026800784107773 3.9112872881403224 13.475717799676914 33.04691482767934 0.5089289074714057 0.04019516482324287 0.42695650313031075
123 7.759672852373659 5.533031028255838 11.106026185895546 1.8101202108317498 8.654806954536571 26.730500535664966 2.609835843591052 0.5987385446976026 5.275884957772444 15.34408162045581 33.58638691452082 0.5093624119019773 0.0228552801534735 0.4281343614248837
116 7.282492646272668 5.575279022198049 10.831373489208538 2.3879759436487022 10.53524121813154 24.540929876994724 2.8842019971760653 0.6252731417275382 4.414011770482067 12.05558575715533 30.384871424380815 0.508615443195544 0.041788569788117944 0.4268367484033593
124 7.825471303615089 5.5345938342041805 11.585133313451584 1.5470516696876926 8.949798939719486 26.200588232208162 2.743249374123933 0.5957066679102079 5.251899943957409 16.19968736414656 32.50803488850842 0.5097857205914345 0.0331832748202671 0.427768751889266
229 7.63980820214597 5.58262439670782 11.027057540100536 2.115845796580463 9.799258214659183 25.212167221677202 2.928226964111616 0.7679273264172455 4.789474933683195 13.216660917528674 31.57301163170105 0.5092235002018564 0.03124841432543694 0.42829980746326457
230 7.465003741683885 5.63240546107404 10.97162857564872 1.9847515974234184 9.080036870952721 26.32986425360474 2.722711133129391 0.5281148749443323 5.789141249530935 14.13274458189933 32.72762849125504 0.5091542870410284 0.03531740819918211 0.42724755461085956
83 7.667827483453554 5.7884735545665675 10.938610544480275 2.2614053252685915 10.402767822671393 25.224364338520935 2.4698279743855047 0.9626580185806283 3.8918598205234014 11.071793455423176 31.85802434710583 0.5096086684490915 0.01819380625920484 0.4287872612080304
84 7.746971134040426 5.47854759152583 10.78412741143345 2.2724595527549427 9.788795739494558 25.44454447362986 2.7970896549304927 1.0287929946926047 4.192982343585926 12.516745288190306 32.10743054978977 0.5081616707112611 0.049399474342584015 0.42581313398043097
85 7.322840258365042 5.809833934848474 10.675592888187188 2.278316560556964 9.452946483809303 25.403167817658954 2.98502907342086 0.9578471376103981 4.843664881046053 12.315016830928856 32.87803770104424 0.5093968368465855 0.03426324241813584 0.4278325888360671
94 7.5911775728637005 5.881449541792719 11.225511762568855 1.8964821254570041 9.173909581309251 26.045324483263673 2.6963349494035174 0.534647292933834 6.041201531868749 14.258511490464185 32.455396622481096 0.5097908123035272 0.022524487504579666 0.42771065652228757
205 7.481373813700055 5.80459415560543 11.081530521625652 2.0268756803376173 9.497401746563272 25.673076823359036 2.812554382830388 0.6204174638745131 5.199097735514851 13.671053540032743 32.01371358376933 0.5077385846267983 0.05534272748162802 0.42523535718072636
204 7.598868294762468 5.436934231859253 10.337150732259184 2.7077922025987173 10.354113873334567 24.575164813283347 2.9173488358833057 0.9645745344783297 4.092452142975704 11.961701687452729 30.631304837361736 0.5074913256051107 0.05813558429088465 0.4250565173344242
93 7.572534270355849 5.599905649537907 11.086182782416014 2.1240485921311776 10.118725135856776 24.857924897869015 2.989523090869479 0.5357902170767072 4.933705588175902 13.003920028702673 30.80449185173384 0.5089609264479174 0.03171200331873731 0.4281199997941303
95 7.475453194371069 5.690359700751521 10.990347584374996 2.0675841397405224 9.405166079920816 25.2434699355649 3.1295173449211653 0.5891819758786041 5.439189397392274 14.103218162058495 31.50029567189457 0.5094443643473786 0.03591177311958811 0.4272852285890216
100 7.160570901142582 5.646665281475987 10.850944235684082 2.135974502790775 9.048862789064351 26.36833377029937 2.5124580546967783 0.7012211153174416 6.160454377830675 14.090862617112375 32.65970664348389 0.5082088748019191 0.046065852248469506 0.4269429430151151
108 7.473447427286851 5.740602201478601 11.002063953870215 2.1020100065204206 9.679919583035883 25.300113636729193 2.9534118818853905 0.6689540864146796 5.601402852859177 13.889532796441761 30.875840575948597 0.509456668572123 0.03180422363949702 0.4276764510407374
109 8.045124332484832 5.405283958235817 11.29207363634084 1.7601087360230234 8.989571895183243 25.941577542598658 3.0387464401365842 0.6672087763695758 5.091820953885555 15.507739176485195 32.39143124116636 0.5092703422662361 0.03958148212219999 0.4271775372670977
110 7.700433032251007 5.8310980198147275 11.039988758468716 1.9679718656722247 9.115611301150276 25.924376271241456 2.8950434679941446 0.1721691296490314 7.100183359820315 15.261616765820603 31.495830813800463 0.5093318270997289 0.029584409615022487 0.42815362158515136
119 7.9586524507300345 5.454041339528087 10.898298237063903 2.043884580266224 8.611167656402353 26.012174598122478 2.985371993719002 1.2093654052814526 4.5995082784606245 14.998546438810363 34.320323676737786 0.5069633115610946 0.06328461580309742 0.42427508539632525
118 7.476935951480771 5.860684361456611 10.715353812829413 2.3888257578563272 10.207904984511945 24.559260356443772 3.205404182873843 0.8648291539005726 4.032063413320884 11.699578712144474 30.808225331341152 0.5093332121040591 0.036334075642183106 0.427407127271747
120 7.688953349724869 5.877156877984619 10.831241689869127 2.190105876933108 9.662338584533396 25.749643494514874 2.6119128979009982 0.52370396408595 5.713680440082881 12.79837510122989 31.97568321404424 0.509724056813858 0.025344230826132762 0.4280186269285849
125 7.812360849634394 5.803981768947428 11.335090971113639 1.784513878935603 9.23364739422162 26.06521671175068 2.643957727356136 0.6946656348158684 5.222858116764343 14.343314978852863 32.66651552571036 0.5096543188497178 0.02388165829670829 0.427997759019852
131 7.352185586668412 5.737004344003483 11.122146551328767 2.0290789344833864 9.66256808049498 25.780710236911435 2.611185068821824 0.6344415698093546 5.112762328131647 13.304400732829642 31.989453128097846 0.5086799501305844 0.03932835713446495 0.4275890794761897
132 7.670198414057144 5.541249461927307 11.251104432507425 1.8876088100398867 9.082813893351805 26.21021006702685 2.565512581019057 0.7682603670645334 5.148293975359832 14.724227847882949 33.60448258529011 0.5085629207988808 0.041695157246976124 0.42768638764470146
133 7.645940899288268 5.481682938426246 11.090973724365806 1.9343291817369273 9.278184798273793 26.034551748035906 2.6820353963913033 0.6764766497888506 5.5289298596502325 13.994349891233982 32.454949233149954 0.5092981099162693 0.03649927607679668 0.4276215042371938
156 7.774872419013674 5.647904644451609 11.040057397286093 2.1222028387343888 9.96315919967816 24.92160116147763 3.0276895384167295 0.8779899213308353 4.082845313117296 12.742898140461309 31.670075185321714 0.5093981259662207 0.03712600289194794 0.4278137634332548
158 7.639257295530536 5.741399944906807 10.669056657823594 2.339434818931487 9.964928228225933 25.168931829249182 2.9166373300612385 0.6401464012972383 4.911096003435671 12.434507265194874 31.11928506955836 0.5092876321686172 0.027861558383480946 0.42854599570884894
134 7.379242984008383 5.914648119609509 11.04859236459229 1.8584902376731285 8.194851939132086 26.7887640827367 2.7898977031520094 0.6108203971983078 6.039259248979676 14.829593558180608 35.11923632944146 0.5096692837872194 0.024473050551643658 0.42806360317915404
141 7.422721917680947 5.676060191680923 10.901802863455044 2.1726248457874684 10.11136541510819 24.96445550819581 2.841645763058859 0.6545753690599715 5.185967573763136 13.190906992076718 30.59328081130155 0.5078317254239123 0.04977465117961504 0.4264190776693456
142 8.170582815087341 5.290635650177885 11.132216526357244 2.151490907872543 9.935526986525792 24.465068553711642 3.2890678987814095 0.6949362896645228 4.339408809107395 15.232210248190537 30.078399224841256 0.5081002466028708 0.04787058871779555 0.42681370944148794
143 7.888699020548803 5.481672968926056 11.120923639573679 1.9060038762980664 9.210522425548877 25.197550497626157 3.3826231916885092 0.6109599992283723 5.157241876167508 15.436943337418084 31.291104772007216 0.5086420766686224 0.04453242694576341 0.4270617620703755
166 7.253392500665041 5.634127677333379 10.777290375878296 2.325673623820613 10.352486285257697 25.696306713357913 2.278985389341678 0.9183280676234367 4.869222834356627 11.013873290153072 31.785351338314126 0.5088954810023582 0.033902865351588034 0.42795841278767904
168 7.2274926991773905 5.859040901498636 11.063837781249317 1.9523742826175305 9.465967153947028 25.485580768604166 3.0209696831400983 0.6539673768176968 5.3534461832688605 13.304657439155378 31.859135248848695 0.5092539567627387 0.031673838765072855 0.42807672660223056
144 7.690121339569615 5.821057929847341 10.67369776758823 2.5191370321177766 10.18100396009817 24.865846969786237 2.8645115178091394 0.7120305852955534 4.752963867304796 12.20116470015935 30.47929102741269 0.507581443659733 0.05424565291031852 0.42552523360404004
157 7.761794453927716 5.672249551744271 11.380391245493517 1.7696462416904437 9.32385408284099 26.434079709900423 2.3449559252067433 0.7068844922847565 4.8689528695405615 14.0396775946067 33.02706931637404 0.5091801089477275 0.03547136928854924 0.4281210327239548
176 7.6364558344538 5.675868074530368 10.859380919372619 2.2825997222016445 10.280374368497862 24.633643547901766 2.981849019764324 0.7700253191451801 5.012150551129444 13.668989093663809 29.308197812071676 0.5069765959344437 0.05823957842676584 0.4256257823733161
177 7.421969387362427 5.6744310744244 11.314218135670867 1.902634574707557 9.56722058994427 25.411530053863096 2.9172579721673264 0.8661512381658074 4.5561026073746875 13.08660279857129 32.64730436732936 0.5090752687546048 0.028863121959042674 0.42759742892988456
169 7.469697043216625 5.428613966372953 10.900579293955298 2.009729348894299 8.63909087265497 26.310503907501634 2.7878708412684037 0.6025760814286859 6.26399162527038 15.491467145244831 33.15232486375044 0.5080563432063786 0.049090046027031306 0.4264261189561201
159 7.953607978123852 5.5628130566711755 11.278862732848177 1.9110969609173167 9.266114853313818 25.36526480195905 3.1155871619845565 0.6143477956046518 5.345596045116224 15.212086475342218 31.736316402025608 0.5084965464266047 0.0318536367899188 0.428265805787814
182 7.393896723381676 5.602938076294231 10.80687862639417 2.2305670105320603 9.859367202021348 25.1138327233592 2.9182920181206127 0.49626610769296614 5.085971463611758 13.293539413022382 30.926518478398073 0.5087265367422202 0.046729350479870986 0.4257070063159602
181 7.201840411994365 5.839390936581012 11.015393309030197 2.267497236164422 10.543724405066344 25.278003228836102 2.382644655489446 0.4795518041432952 5.386189859318598 12.055585212319551 29.881909854919233 0.509078020939629 0.03802824437262909 0.42749524073045764
167 7.547871872638708 5.53434300614407 10.862096180826345 2.070349259360712 8.837615433566425 26.655435414810658 2.4081084546337643 1.0743278012418227 5.057096835043881 14.812357117317939 33.38908466826173 0.5065918307136649 0.06223761072653705 0.4248260194392897
191 7.403261860822021 5.646747739123047 11.1841814271408 1.8345096023423177 9.081946535628296 26.54562832952392 2.4978191172576096 0.7582758198410119 5.176392387610372 13.982941907905142 33.40773171091918 0.5092771229429393 0.02631023692190285 0.42820538065351804
192 7.683189981549118 5.7109199005910165 10.99661677075649 2.017729513743478 9.393735177046095 25.615888122009935 2.9159457677642497 0.876289303618106 4.550926598884392 13.373642986554765 32.50569587144069 0.5097443355696745 0.0168279439799414 0.4286203425685914
196 7.587595519466897 5.801085677749296 11.445445068180243 1.6946185912513845 9.067030116750523 26.507631931184484 2.445127643235294 0.5954952471869223 5.971389046945039 14.79085851975793 32.999583328774705 0.5083378918675326 0.03882360193963616 0.42794370988038694
197 7.749842053953035 5.6872786698079185 11.05320044398798 1.8763301661367804 8.714138639256936 26.661060665147232 2.5685128756544167 0.7484052212629673 5.5943974898361155 14.455051256401067 33.92329490836155 0.5099040048662961 0.015953083466871586 0.4290873215978095
135 7.720532516111439 5.723464502426698 11.034702698616524 1.9273810581237565 8.631836520419538 26.04956491213968 3.0270088723119537 0.5196807298165885 5.760021936987653 15.392267918933555 33.37043715469369 0.5097005506322542 0.017428903865768786 0.42901844190148597
160 7.5806047795037905 5.847880235090883 10.867717448216718 2.1748368412083514 9.598298016294889 25.93049919940357 2.514611012835966 0.4043515915581565 6.1624697741691925 12.984801382914366 32.055514137053116 0.5092448181276813 0.029532198669474638 0.4276346188880414
184 7.625118298064153 5.761740866793878 10.81442791579715 2.1771131290168886 9.777486989869056 25.280677756059994 2.8730748284394756 1.0411219691397908 3.962270325468137 12.604242293369527 31.932718673088377 0.5075318853418459 0.05798102289189662 0.42469955761986977
136 7.78590696084923 5.536259642636707 10.873096719597196 2.041516014692295 8.825257934742773 26.552210598574415 2.501619136151682 0.8770527008963168 5.536066306471359 13.752077549620871 34.6933832056361 0.5085074071242827 0.04388988491684233 0.42722132281277647
137 7.097384330468139 5.938494538373466 11.30673938192487 1.754023231537529 8.865947015685016 26.193485024736873 2.721435374366384 0.5459919860738596 6.291518620428658 14.656538988809855 33.128502210565 0.5092921055243157 0.03520066868003865 0.4279480989816319
162 7.565952949984553 5.667076922295962 10.882343265052857 2.274775009107226 9.907043569006184 25.310173880469094 2.699384526093784 0.723670737576444 5.333777760880551 13.064621437031835 31.511538496819103 0.5066933394128457 0.060178163640728685 0.4251770130615335
171 7.609755316249998 5.778957772841899 11.238075841540988 1.9574949127075418 9.689033691279741 25.75632320960383 2.5990588176566676 0.41164773444454583 6.1414101838099535 13.818252366942092 31.299746696478067 0.5082130538944022 0.046869300975554626 0.42659307210277675
145 8.096306474620848 5.737090271040128 11.048086888704857 2.103186514575887 9.560521704448412 24.922932285234904 3.309155874780156 0.8630889867403868 4.562581679987849 13.875082187040373 31.164844063842402 0.5095402044316726 0.03249822264463042 0.42834860450512985
170 7.435364806417342 5.86953617331186 10.821985422817772 2.1344124827781608 8.900189214311805 26.32456358734928 2.6068493246481754 0.7484945063258166 6.0422384191004905 13.685543910468907 33.703846823029934 0.5061246033719912 0.0621253631207434 0.42496729477378664
146 7.752507220044259 5.53773356626693 10.832321727356243 2.2661773846809607 9.465973444607767 25.08877945890439 3.2698867728991234 0.49618366919347695 5.469790626545183 14.467743947000342 31.275146091035136 0.5067958125891965 0.06003332364502116 0.425170583374271
147 7.9553134395031435 5.41228790187503 10.763112559241804 2.2417038965527123 9.610505450608056 25.424837462261138 2.884531724988333 0.700467290102045 4.453432836603427 13.400712886926858 32.31135464709994 0.5093287269220993 0.031082115925431003 0.4280414772405783
172 7.558870834508539 5.500030757645061 10.44191065070652 2.6594248857074474 9.96432280585645 24.65823374270722 3.108023441742338 0.8648256236284327 4.412066846020438 13.1432360472808 30.425692947514765 0.5055191476399884 0.07492734274324628 0.4231475478337392
183 7.785464860895159 5.557585229794862 10.537695002043769 2.3651154069779485 9.110577595194279 25.307023426480335 3.2264878952141123 0.7116744552832573 5.439168402574487 14.688408679682924 31.945761063278788 0.5081831557410816 0.04708335305265469 0.42565797562325103
178 7.509044199393132 5.451929500792182 10.718415684174252 2.3364934241073 9.900355091861293 24.805926163197284 3.23904651501813 1.0516339277281206 4.397190821477392 12.722494897568984 30.590750413587855 0.5071318419529471 0.057031476490454466 0.42584429588307876
161 7.64877972473852 5.759709880626508 10.985540258547152 2.051467586669929 9.335882912541567 26.14204626625871 2.5313680308196513 0.5934425404796323 5.343144907557983 13.376463188320116 32.715332748531566 0.5092001684691979 0.030302172413424817 0.42851060666376295
179 7.614840450916838 5.528206116418137 10.767195559090158 2.1444278195614483 9.188230796325653 25.80147212608421 2.900694358136594 0.8271179838807402 5.302336745559663 14.64521329945573 32.04377354842592 0.5078391547524889 0.05180443964700173 0.4254526641164707
193 7.124238551605668 5.794331673617916 11.149535820150469 1.9811919103292892 9.214470039000345 25.44873485703165 3.160689543614528 0.5971958636403909 5.23895822209057 13.872086663929323 32.34344230519178 0.5099197848418404 0.023797246923198245 0.42821430890851975
198 7.652908220939341 5.743013506136935 10.845647777751168 2.371391731782852 10.116648386544348 24.914425640057658 2.7407371710489 1.1037245612411208 4.123501330405426 12.084755073682569 31.86580493030653 0.508041985588836 0.046198616181230084 0.42697884061197533
185 7.186595011247087 5.775206855043007 11.155766260304155 2.009327216821359 9.923051900024005 25.508574002947032 2.651253859451835 0.5160038738984781 5.452445786684556 13.385911722199555 30.98297482790295 0.5097367855871339 0.023123842762821832 0.4280116130764826
175 7.875968235951002 5.659084828771008 11.481696234526321 1.7025765026449586 9.18159132151231 26.291052284505373 2.5137110348507843 0.8240280727618506 4.790743347408711 14.648152673482866 33.26634247491257 0.5090874563374184 0.03969524545774399 0.4264503788134915
173 7.262016128726605 5.5435209555766 11.00616615548263 2.055064235501507 9.449984773349783 25.931366189374945 2.5565364495467855 0.9468057755934285 5.194550189257974 13.788450489049904 32.31869411067627 0.5075272120432162 0.05451030819668646 0.4252022189402951
138 7.689555430359984 5.696898473661489 11.034611827381932 1.9796741397430502 9.39920657110507 25.82716994456249 2.7882473628973266 0.8360311439467513 4.636544106516948 13.530558096010656 32.61168577152426 0.5097750195846925 0.023118603567155786 0.42784943639517625
139 7.589542183577179 5.615263322769087 10.801181993460247 2.187770735861658 9.321893932907315 26.016626136898026 2.636217428175348 0.8627749765709032 4.275571003274208 12.718884603530702 33.835607062265204 0.5091927528101048 0.03472968990927984 0.4279459501368742
140 7.822345358512249 5.568126138877128 11.181601832674922 1.9864650766225327 9.67876400601199 25.82200509771801 2.5451870086404087 1.0740896795574342 4.4052098861583335 13.30775541839761 32.54077797183065 0.5087226408176614 0.04269251264505609 0.42692657909919846
164 7.847909359578283 5.670870521959218 11.161254716279775 1.9607872610264692 9.620307675437914 25.079281495854527 3.1260743344672615 0.719233060937315 4.533754405916232 13.87496989710301 31.581628344785653 0.5101725607943411 0.018150479493657147 0.42869095480632646
148 7.654991607934469 5.537968589748316 11.239481203784782 1.9335114641087998 9.267578427503558 25.1973665712167 3.351497322300612 0.9607632900077623 3.915071667506767 13.80940309079625 32.672243228303564 0.5096190937830646 0.021309406878026994 0.42829861095095695
149 7.751179866371607 5.5216604319903215 10.653610485336532 2.5212133424438106 10.482811520658803 24.088967479927273 3.292006586084537 1.023701381895038 4.0879002660617525 12.789532973377522 29.130780477171996 0.506662229459716 0.06704807706434697 0.42372257069646907
150 7.8737507690362545 5.503631788758496 10.869177742742224 1.9441283679204593 8.943091954082599 26.073859295912538 2.8474499238498505 0.718251961380887 4.785303464392318 14.690447399536785 32.941567341515785 0.5097564056188084 0.024899055810721504 0.42860695044901037
174 7.664936489853443 5.620132094843213 11.290365859157934 2.019226229025963 10.18847699059332 24.51780736528152 3.178346770348156 0.7631642750582243 4.085632674582066 13.34439599574246 30.509733348449668 0.5095526200834019 0.03166946144682287 0.42737471965076385
163 7.6928898639273395 5.616654197901646 11.292968288983118 1.9592872204673344 9.876860805722659 26.03084141061838 2.2702181322462156 0.6091650155965445 4.77365013143142 13.06108582650382 32.38591153511711 0.5088139780328415 0.034074516162372843 0.4277909409087787
165 7.510028579424647 5.704187731867425 11.511028053369495 1.5467043649588326 8.63562115321815 26.6602956715618 2.5871657706294773 0.4797620617819228 6.635568193079745 16.46336015741289 32.97329388080789 0.5095405185616448 0.029960278913130786 0.4274080686475557
180 7.299118776776581 5.66473847583501 10.882847971618286 2.0519381161624084 9.433985006987074 25.99802597373342 2.66321705982961 0.6952697459276368 5.0263851172492915 12.730544033693585 32.84129538375634 0.5081517984426185 0.050482041791888484 0.42594319230291017
194 7.6517093560476965 5.551811302284095 10.740240481876182 2.249832195141683 9.80345065477307 25.477903222264498 2.698854658327512 0.7727359765103834 5.267062062707751 14.00940361218751 30.60223079986879 0.5070884315631214 0.057544823066544584 0.4250511722104827
195 7.8455586978218035 5.402236414997699 11.34302857580367 1.8815742968569806 9.413481256553547 25.180183511191945 3.119378740729394 0.9317599559206784 4.150086198968908 14.759308532675135 32.0217612102337 0.5090698018401121 0.03927453974222592 0.427355404582567
199 7.724860848757822 5.5509676428948955 11.215803683811432 1.9228013081431268 9.483198852883215 26.161970339062453 2.3622303896922165 0.7039262248929313 5.2790409378013985 14.21863266241009 32.70788747368437 0.5092362609836941 0.026634051943509186 0.4284767254284914
200 7.958173493744278 5.454717630026663 10.833250352607632 2.097208121974451 9.501110435722227 26.00055498519629 2.635043707295515 1.0636409018051152 4.43751275741801 13.49915051275505 32.305068468313074 0.5092578603433235 0.03691595075352439 0.4271921242054478
206 7.941310065342331 5.389041092332903 10.988633350172217 2.1778182340793015 9.958789730600119 24.772925512229797 3.1058566757066477 0.6660203681880023 4.264189801042958 13.87351057541451 30.863873936628348 0.508133540053963 0.04704405952607409 0.42709000554997756
207 7.384553829999721 5.799076555776692 11.061221354449287 2.0913209679858684 9.871636958583863 25.675330965236984 2.4654640143957534 0.9688454762876354 4.590935226943067 12.142355336831482 32.22364476220229 0.5078072852548027 0.045587657535315095 0.42809667230599946
208 7.682560499745554 5.3745303012352155 10.392127955406572 2.389491900365216 9.30406989290078 25.94987733076322 2.688809768939826 0.7214866820954646 5.302450154432314 13.992576560189018 32.17342262408639 0.5077065215310134 0.05264270994587981 0.4260091484144354
209 7.799615387081655 5.912576081590396 10.978476805867798 2.1442541662184706 9.980016850942107 24.933385795344492 3.012749569919498 0.9312133568575812 5.24646541951823 13.301641642547088 29.83877699720809 0.5087873875296017 0.03669805205208847 0.4276591341986182
244 7.496095057226064 5.89302951265554 11.04399781642306 2.0448632360588563 9.456239941333614 25.803465507949788 2.6733043616065726 0.9157057113687521 4.902188156065687 12.645653232906046 33.01069021530431 0.5093349268695663 0.028600196137899152 0.4282567133479153
243 7.7950677368696715 5.302453497292389 10.388776915287933 2.487107848160757 9.59022284083742 25.433851884836674 2.793917670549429 0.9480837760588027 5.156983548191778 13.638345380937542 32.01152587711319 0.5070032769501281 0.0605052203364698 0.42474210290815007
242 7.379999240064623 5.703330441572311 11.235246824326683 1.8687523059564262 9.123179086384042 26.267010566173195 2.5010043719271207 0.6607222592042824 6.235906865295805 15.025351532390099 32.723476914344886 0.5090361371734691 0.03509041430529195 0.428162381455215
234 7.732490206222941 5.576374058003301 10.564779363358795 2.3463758103333254 9.199670485782011 25.449202510707575 3.232634512518027 0.6173153959186615 4.938597354015185 13.580704018110305 32.52583350527311 0.5085604279179817 0.04209669751552546 0.4270714933612783
241 8.024684523089416 4.987616951140222 10.532260108295356 2.4841623062575966 10.02483826357141 25.727393698861746 2.3588799028066063 0.8743334189865386 4.26461347945237 12.387558638165778 32.82808234125378 0.5070193564695381 0.060946644181657565 0.4252136439765509
216 7.633840772248488 5.631480728104326 11.410113517645394 1.8253958265253285 9.693063137287437 24.974692662815634 3.2364806360421468 0.869146594048348 4.0854824825725204 13.4706092463634 31.80776369804556 0.5100648902432734 0.018029765424668484 0.4284314134048921
217 7.327149543381834 5.656457474875163 10.88357223875803 2.0780466082913045 9.204149923266737 25.938808947320055 2.689029798591186 0.24947016545192346 6.931023694864076 15.618190625702264 31.143174897094774 0.507352213297995 0.05374951700861844 0.42680208728791413
218 7.463022023450137 5.744065006112675 10.807124460520928 2.2685938280154962 9.810925224826788 25.185692732874664 2.8625451463877436 0.8191454719053375 4.975637924650631 12.93837378209113 31.511793336290058 0.5078886277323467 0.043810767087616845 0.42723974456875335
233 7.521627369087316 5.877925776650711 11.307907886285895 1.875543244675536 9.20450671098777 26.258651338058982 2.5413729169456545 0.7551616286073477 5.430694581447307 13.475938226588024 33.14719091728997 0.5076234321688344 0.05526298411132961 0.42508027925117525
219 8.085004713049862 5.343515401871505 11.083636680896152 1.9710593225604223 9.046952815771402 25.83596842383945 2.8842921266758825 0.6980025608582138 4.757615846027515 14.698366779828447 33.5080617451915 0.509623947463417 0.02295114894915543 0.42864399392769925
232 7.352939004988077 5.682145332309483 11.360533229086641 1.781335940275934 9.171102724000324 25.832292427293797 2.8745408606629095 0.7727927345002016 4.913752189100228 13.962132309717404 33.06087206709783 0.5088394735461398 0.04160532260101474 0.42798412695932475
231 7.683001478751525 5.42186358915878 11.252416526027446 2.079596053096233 9.78504913779342 25.030528336244586 2.975146110224012 0.9319019681935004 4.874247522807282 14.021726289194877 31.437035335462696 0.5068414157132223 0.057457635343532446 0.4259629316282776
236 7.8560298129391475 5.6839823570710095 11.251261725104541 1.9889230300523706 9.782761477729084 24.980627808715376 3.101797343377523 0.5895058504315408 5.371865047412453 13.89974041788871 31.001968574335535 0.5086407808611915 0.044754449189104234 0.427021228960785
237 7.909064729298913 5.54695065099736 10.668629311739293 2.3629798875230077 9.942916697564117 26.03856635615696 2.277400236812083 0.9068413873385771 4.844968482588862 12.606671047413409 31.59855680459154 0.5073371798946692 0.0577812738893588 0.42556809110402827
247 7.140420148784572 5.775960444939193 11.134891912465436 1.8971624048361226 8.999003610278145 26.237454706663886 2.6847678886318036 0.5641829075931248 6.314768936420088 14.411792956492807 32.99927083873367 0.5087760091412762 0.04597662758844581 0.4269134067254408
210 7.98113485510192 5.515590692543367 11.447895043637361 1.6615430499321702 8.683129219069384 25.717680508352686 3.297389789632127 0.6674645865995272 4.975967320786415 15.733397743898761 33.436434574405304 0.5097056128111631 0.022039469517714922 0.42770041291252087
246 7.911053477103984 5.340271979400307 10.879934845064481 2.190262710103186 9.454866520750079 25.625540563441277 2.798849983376935 0.7806170333455699 4.753590547774378 13.819716779452051 32.827489376713594 0.5085093053229783 0.04555057313502738 0.4263989886199471
245 7.621125282959027 5.775542526141953 11.10497678842056 2.006107051717765 9.27809301737902 25.641973711062732 2.940853987907962 1.03779919124966 4.6125632962631835 12.702977738237571 33.76813152972989 0.5091940216136447 0.03307008234836323 0.4279437912893431
235 7.742093758419566 5.736815275295439 10.610674904700836 2.119731188910241 8.756077640867092 26.29630928806687 2.861483919089717 0.8334225338097009 5.237639460093675 14.302827356797224 32.93797045365543 0.5087742777233376 0.04033814159556225 0.42736311612334027
211 7.71291832014961 5.749464381764287 10.790428688188104 2.212653554145732 9.51500224690395 25.814189658044683 2.6227715415636266 0.6992240698182651 5.485368123428954 13.432335585620118 32.34152123713222 0.5093908172612237 0.02092273727327543 0.42868856171457154
212 7.942327272941245 5.545517537352144 11.154035828683435 1.917340624338818 9.516821756016625 25.84456830646557 2.646002006846211 0.7007676076109107 4.937303358999277 14.433356880374465 31.781516056893153 0.5097572159334507 0.02286988216146361 0.42777604918893625
220 7.785901119002652 5.665861509820216 10.6489162283173 2.559420680159884 10.013803990143721 24.755463058074525 2.9208872973520186 0.9186231695172913 4.05255772930082 12.314364538193372 31.829368519108435 0.507688521485978 0.052774634154169456 0.426157030184527
221 7.944315246622488 5.2351500409688025 11.09333235785027 2.0821452511761236 9.28788389138716 24.76008287060768 3.3995793980828006 0.66751332098823 4.4388639758381 15.585194601775713 32.20864388445179 0.5075678086725022 0.052007513001690577 0.42646550436297115
222 7.41662893803169 5.7614383773023885 11.107256933955227 1.9256963433480763 9.30032568281078 26.158722278914663 2.595002195340389 0.25632919248644764 7.039939877321493 15.426653800463702 31.005489968650704 0.508304209574645 0.050076412641781476 0.4262451866003239
250 7.492500041519812 5.817183128335804 11.206598276200053 1.9208221593582981 9.452428759200567 26.179309211627107 2.410695236284794 0.7030699788027788 5.13219596291614 12.989164609380145 33.29980609940487 0.5091976794494492 0.04029311440776384 0.4282010277094504
249 7.8374938172977195 5.495176075197187 10.97920223242083 2.104076363936321 9.727884267349387 25.208883210576463 2.9340102259389496 1.0925586201359063 4.63054265818972 13.452321464626365 31.91648086038015 0.5086284069647331 0.04258556847855908 0.42680128130620915
248 7.524169279466213 5.563850094357469 10.983101503253312 2.2188357513080086 9.622057191973358 25.82466186137045 2.471607972355207 0.9268260080525856 4.981297782096291 13.210306904176473 32.72799349560625 0.5077517178610603 0.04955373767251382 0.4266175829195811
238 7.675700428385508 5.674056594694367 11.15593520122468 1.9648314395645397 9.398413697363543 26.035419630422286 2.6113385152634843 0.4837914166000116 5.774703905973286 14.454335534829143 31.865408675987624 0.5093651121058026 0.03924717211261201 0.427226611223604
213 7.503754907080671 5.785304389026235 11.272962238914818 1.8257236241197854 9.03887878349879 26.670137587856154 2.374646188781243 0.8199823745919527 5.689615279629283 13.683359520099412 33.85943671127191 0.5087004611727368 0.041061494771559216 0.42781642541927867
214 7.545151512400645 5.755494387082532 11.010353227403817 2.164665615371774 10.158829413266709 24.801021045391657 3.033080492659556 1.237901358434139 4.083939996230373 11.799543640038907 31.244362919374783 0.507876895391485 0.05078717386678472 0.4259543913038001
215 8.269172151422508 5.391720834905702 10.919120687917212 2.5170768736764404 10.806420674705384 23.720617080128036 3.1545707407837074 0.9692267826338867 3.1505805823955786 12.626004635458134 29.85297185281021 0.5079058726639796 0.05064073717314912 0.42666822695066975
239 7.749092753514919 5.620896581283192 11.072094321752795 2.015245007985461 9.36510829309298 25.571547929442808 2.9508763437690106 0.49631601112313745 5.381776927503086 14.435463493762592 31.98964264884178 0.5090156543427475 0.0431971285294005 0.42719414420401036
223 7.5132551934615535 5.6200642209405025 11.296501955133829 1.823267573378517 9.302281892118991 25.923484325958107 2.6856429235980155 0.25022629490715187 6.711758921582169 15.874393030974883 31.119398020856057 0.5094589139657817 0.03112117633172893 0.4282971721140252
240 7.997795134237823 5.403836039261322 11.081590908069984 2.067819638232883 9.766960073195401 25.094664522827852 2.9802513382337055 0.7799606191319627 4.157595579113411 13.862045813525137 31.76102680189462 0.508296052455849 0.04707816880723352 0.4272832325301788
224 7.513872847821338 5.629450290923945 10.768781829034344 2.3149249464914767 9.973589514302013 25.492588107990205 2.584520808497107 0.7486374939251854 4.510560879083117 12.320358706731975 31.87680453096377 0.5094555444854281 0.02828150410757337 0.42831320538094864
225 7.414179873184158 5.757186489170039 11.135623184534506 2.1616969302308635 9.978936793541783 24.72562500818444 3.0707962035784404 0.8899278959430763 3.8080476775514835 12.323544747736664 32.228784885895216 0.5095297974561739 0.028601153852798933 0.42818093970143295
