# timestep 7200
# phase bcc
# id f1 f2 f3 f4 f5 f6 f7 f8 f9 f10 f11 f12 f13 f14
1 8.056303722647874 5.705703383724439 10.99270492208406 2.1940096676918746 10.034929382069038 25.17647357820149 2.708739577892356 0.4141847028080102 5.60255658861991 13.4379113894944 30.716960204829423 0.5097805431792021 0.02975980593120504 0.42809135841054274
2 7.691536515402535 5.531350654715172 10.807888758145161 2.179496750049577 8.936134744719084 25.61946123262301 3.142501018786362 0.8210328404349392 5.283700473331709 14.38188678907108 33.15152036792636 0.5076815738280096 0.05028222731454693 0.4268750226501891
3 7.7594096182398 5.3988683850715855 10.353509531940423 2.7194650969763448 9.870816192123861 24.36853943357186 3.4382613146031464 0.8993355330755091 4.847337656172725 13.599379915957595 30.360337441582953 0.5058552510614411 0.07641151288399753 0.42208487449928167
11 7.531096695885146 5.951173284248117 10.927543024142386 1.9865790939755967 8.796191090821942 26.153435667573238 2.92245358196979 0.41546369294511115 6.719855576954185 14.690301454188685 32.23233925369977 0.5079541410513038 0.05266087902058616 0.42626648074737794
13 7.39807743108818 5.839130610454069 10.886571584419253 2.161869825017374 9.566474142744676 25.195750389066156 3.141680498730491 0.9412996558198516 4.288411320078785 12.304334837160615 32.46543968765033 0.5083460316256662 0.04842938287258382 0.4258143604019309
26 7.447098455088916 5.854271377367771 10.994526269338508 2.2480958470096954 10.251315198049854 24.849753268797123 2.8656542614996927 0.6798495220181169 4.889886304957263 11.966239711980206 30.98836714586782 0.5087274806277555 0.03190800100932761 0.42772803547663235
28 7.769299917011715 5.42565018988361 10.754599275087724 2.6156791589146806 10.391886935366136 24.20275079102492 3.3166904358839018 1.2772632401911073 4.1685020264044175 12.436757149639346 29.713551948000287 0.504616603248115 0.07786449136053232 0.42358103075495196
36 7.416586574282488 5.6062143077656845 10.425720713314659 2.353429058876968 9.06295231777539 25.768125538668013 3.1295418396170476 0.565638509632281 5.562539709196062 14.312238657422279 31.341031325587917 0.5061570251525662 0.056589403634121044 0.4264892806731934
38 7.297160349815704 5.629781697633071 11.019470060157627 1.8204618419115506 8.475603365240962 26.34230636499715 2.9130491488616963 0.5997713054502779 5.772676112180034 15.298201429590844 33.99084065678551 0.5085999652602022 0.0431811257862601 0.4265836038613534
4 7.949093694289259 5.564432831190247 11.048628799630478 2.2418366063499673 10.08302761014778 24.988161737225273 2.902515115759561 0.7808719246051741 4.961010494619547 13.865602058474007 30.435339466545894 0.5075077575758903 0.05533419431376163 0.4250508153062917
12 7.687132625290871 5.433172642263166 10.647061624906973 2.2602522899159116 9.372990618091693 25.950863639141645 2.7164364187172483 0.5691831671915992 6.285880372706069 14.139462887039748 31.645284000048257 0.5076617952984007 0.052500662894387984 0.42578684202434414
21 7.851343740869064 5.589392485418693 10.59579294463732 2.140604425437168 9.231681716110858 26.064364099137055 2.7574529354012483 0.8372865773701579 5.767842690174625 13.56040136440048 32.213420371131825 0.5081546207586419 0.05188951891140321 0.4255516132911704
22 7.559183161335907 5.428302107550304 10.809333932221481 2.2785795799323094 9.39307253466465 25.34673600303203 2.9940901190950155 0.8359581726703272 4.916252793259516 13.810637869349044 32.31875158076745 0.508220037560455 0.052316854912999006 0.42626438685053264
46 8.046272505820475 5.562904226235464 10.892450819974428 2.3255240743221033 9.48308329109684 25.088485619113225 3.0520978551477915 0.6059614011532531 5.155583120815189 15.154753833486012 31.059489108937484 0.5060265998173342 0.06775823684918841 0.4231777666466506
47 7.569135124717238 5.587718730346447 11.146432735785947 2.064709527574246 9.647028446015382 25.02568518603378 2.9975200484196045 0.8079817899424871 4.9887311595785775 14.318713702340384 31.622979879713856 0.5076913362468247 0.05276381614166956 0.4253545155383677
14 7.929866728971281 5.3219062055645745 11.250685344872071 1.8879020237770947 9.476154055710525 25.480600600618825 2.893918270848302 0.8158217551234015 4.313114544632616 14.829534869012639 32.27532808395395 0.5097317922728044 0.015141566077735811 0.42867687639766616
27 7.635722748238562 5.6016262855378125 10.857521427132458 2.27694381307041 9.540759071973318 25.353544645603517 2.949565001891453 0.8696474099752669 4.757660288811199 13.289198960018197 31.996476177710235 0.5090589858044833 0.036020933377278394 0.4265978640801025
51 7.520911994226488 5.855200503936073 10.725816173758986 2.297641686948083 10.01715880482214 25.563450975339883 2.567597091307095 0.45191076717670164 5.609682434213455 12.31908404918145 30.940324216218432 0.5096836657770113 0.025079711990870297 0.42828726163949193
52 7.663064457661468 5.869921845953649 11.011486061343504 2.154948315849976 10.011837072083395 25.312220739371085 2.819238403505979 0.7975556194201595 5.352697733588445 12.64907123809587 30.828563908370768 0.508523646608854 0.038809561921616935 0.4273064907383446
56 7.838903746873281 5.640286208803225 11.141084679281997 1.9060826189919418 9.33585356377534 25.15746404909834 3.4251102417278063 0.8354703386277416 4.7912786155005715 14.353510863243732 31.194574160882773 0.5078019662970399 0.0498608317264771 0.4257179943498763
57 7.660436757568034 5.578837033559673 10.815409997440064 2.1650685108106535 9.44225660030886 25.01072333824991 3.3545284518935876 0.9157113802018974 4.974203300779492 14.25677934265606 31.03352917685701 0.5084058355724357 0.050939454489637534 0.4261771716174319
29 7.617957006598793 5.668246731241209 10.986698258670092 2.116498227221746 9.386165445004782 25.995069915118894 2.6288805885920086 0.7443672982202717 5.5077989740804645 14.082487652674924 32.22912667291838 0.5082488550209101 0.0499449009207267 0.4257236782801532
37 7.199339152162424 5.699377545632919 10.90228195245854 2.0766184232329934 9.291778325123161 25.568439571142612 3.0440966531873004 0.6345645465005046 5.561034374228691 13.622167024544659 32.23355719949194 0.5088758346254487 0.04160591057207292 0.4272317900779245
61 8.00516373434481 5.503995234649926 10.886829030458133 2.048249575253941 9.047440090589818 25.971047698856744 2.8193223235095077 0.9882921051955786 4.321382580743846 13.882675093393495 33.84304955693225 0.50924599224312 0.03578527691348399 0.42617865565951857
62 7.772207277875109 5.486418780914235 10.771204596099972 2.254787274823783 9.624935168876558 25.904223470913944 2.547049499204252 0.7887606399770747 4.378841523672593 12.491883636230515 32.87915135600141 0.5090673132901383 0.03957490037300752 0.4274605032252115
39 7.381116822305567 5.766016737455848 11.08352487801614 1.991255086707009 9.4253947352898 26.212796771497846 2.5235884332722196 1.0145606056267351 5.380130188144292 13.444486167399468 32.282587802955284 0.5089352883944469 0.04227050415178494 0.4273526629307996
126 7.231718893694138 5.816910634439374 11.227011823311617 1.8412907119913444 9.181820049008069 25.87463598028847 2.894382114244336 0.8405098289554176 5.087336496134718 13.098831910858737 33.26590228359255 0.5093174962871563 0.030058126426778325 0.42852516528987417
127 7.531086930468906 5.574470052394902 11.161521066231327 1.909710069649889 9.06931358074964 25.973976904577196 2.95821144949806 0.9605707243318022 4.375610778232513 13.865811725072712 33.16578644373059 0.509756855248732 0.02824550129376795 0.42774487882137724
151 7.782444217614454 5.651958368847407 10.783363093351063 2.2934288624864783 10.10589407192609 25.218337736745834 2.7550810657783393 0.9883097368563338 3.734606834606227 11.798145134727784 31.59552922431702 0.5083718432376476 0.033986187534500584 0.4281453477047023
152 7.996928476564574 5.778680072711471 11.101122486105412 1.9367701058946065 9.496731367744013 25.773974451925426 2.7382234856844656 0.6675335946767004 5.44022670741491 14.418685601027141 31.428465832387076 0.5091368579256209 0.033802253449759616 0.4273912704109241
66 7.556910042174101 5.841986405059234 11.115897842675562 1.9393497610860932 8.874680248695674 25.8726586107249 3.041021088513809 0.9698311099958978 4.820293657871945 13.800845490181233 33.70252807230307 0.5091501412610934 0.03678034367539249 0.4275290460335735
67 7.664004912396261 5.6972917160111365 10.982428306517457 2.11424321959063 9.765518306330739 25.541276050074746 2.675461096913339 0.7223520174226742 5.299789863051028 13.776712714752778 31.2109423469842 0.5088184983560966 0.038557640561181286 0.42758713882907734
71 7.946688740894597 5.6001333721059225 10.616810267685876 2.4918778747814185 10.353063484924416 24.51114126017438 3.0554473808931144 0.6720186781054674 4.706334231564119 12.745167783291993 29.68938661546252 0.5076870101957063 0.049533998272442224 0.4265768124898665
72 7.58875340123928 5.674056834465706 11.062617547410177 2.205724217867082 10.000002950979496 25.009947897314408 2.95950203480626 0.9507585392953616 4.6656095797623225 12.654755962943728 31.335338024871724 0.5081243861889424 0.04700223099778211 0.4266948308111881
187 7.302849016940442 5.503345289732963 10.790049151999998 2.256339383053892 9.246601665824741 25.69854043066561 2.839509741678409 0.7423539346828625 5.569543085669953 14.221537965485824 32.059950144210234 0.5068604627485019 0.06384067553820409 0.424770409077781
186 7.39136910088997 5.719413967653616 11.447566135595382 1.7458855643497437 8.991420953687857 26.094115498217562 2.860612474015889 0.8405004390003501 5.163303341246133 14.53052425040738 32.92577702797429 0.5079280598953796 0.0494726591826953 0.4261004609736439
5 7.393288478999403 5.8305602876317755 10.909141257093692 2.0488601064089322 9.288184936259404 25.509967185294965 3.014863815937318 0.693591931868438 5.644142336930295 14.29333360272267 31.125455908436717 0.5073129246560921 0.053279769469331564 0.42575027377681945
15 7.070829315045335 5.6619674378769105 10.548289688259276 2.3911176658522013 9.787024956271448 26.639057174196406 1.8984503627262181 0.8905485863908144 5.502090990039694 11.889772051022216 32.238808560109646 0.507933163123537 0.04905931577036509 0.4262248910647051
30 7.717964782468909 5.510303427449001 11.149473585488513 1.905007650947556 9.026199074989973 25.872194760358354 2.9442415133038353 1.044428422524728 5.496729824552884 14.777955844957035 32.43568742317788 0.5077333963122591 0.05351020951784191 0.42541494769651605
40 7.892259525577995 5.318605046502155 11.079762448913495 2.234889424509197 10.337676258175739 24.839485326711017 2.667966631911534 0.8229441839501119 4.829188414902601 13.755575949779779 30.552710863653456 0.507695054172888 0.05464610988432494 0.4251676092239247
6 7.2220101771897305 5.743377657263848 10.599034550489089 2.4188937618106054 10.27640884119692 25.32950694661467 2.619465255308814 0.7448161838443537 5.311585455445956 12.044472078429699 29.771199687247286 0.5084533301643965 0.04241250386243553 0.4261427843740644
7 8.073784889984648 5.43876744535986 11.398528846775685 1.8631091029949356 9.535147473710229 24.956319443614262 3.3358548926740497 0.6827627320036095 4.624338611505011 15.437912094940215 30.892968707158865 0.5085699678411463 0.03842692141368974 0.4268238492684526
17 7.556227327339333 5.493509553254603 11.157131465277097 1.8938307790193876 9.39456204197874 25.92588185636429 2.681269183856981 0.7438428980698413 4.685497808488279 14.24119757807082 32.38730079083979 0.5087624226061791 0.02631839221670956 0.4279023779531773
32 7.739458694138073 5.4655951406401195 11.005855180684883 2.153922398227864 9.472852046492559 25.411073064747285 3.1091872080978917 1.2474404268201111 4.402975117838516 13.554975121777897 31.76402222084122 0.5066476059300502 0.052967793501339275 0.4259565258498695
42 7.4531818880155996 5.584324109393949 10.735805467320551 2.379626527272259 10.179177191274002 24.876864826443427 2.906180482614009 0.8134212524181778 4.572941416136737 12.465487276397877 30.161205704106983 0.5076429274842708 0.05551064577312335 0.4257514176636771
23 7.62173930918856 5.4801064021823445 11.244145002765993 1.9009385678767814 9.366360902562114 26.06772273373554 2.614525672803399 0.6314811084384093 4.628199910810697 14.235670605388778 32.88696294385557 0.5094090961703063 0.025500629270496716 0.4282994835092641
48 7.654842070819215 5.766806545994492 11.246848722390814 2.0094009861698905 10.019472475942061 25.429788881580393 2.590113972760197 0.48143158693476584 5.450317026150527 13.504594032044562 30.849260344572652 0.5097772229604051 0.0277657894798003 0.42798789583185515
16 7.370334778542986 5.413899628458766 10.826836540492321 2.135426376034426 9.375156702208075 24.93704051294268 3.4700585915850444 1.4233783422074369 3.822586444879538 13.648744546994486 32.01084811994663 0.5078817297162361 0.055859503494060374 0.42403183859550175
24 7.783317870656958 5.6139655296574436 11.289879782474612 1.7968140671826835 9.050640454695762 25.82637873856105 2.9824406729829596 0.8666852749789846 4.768903052234837 14.830850260630742 32.697375173069865 0.5099061595736599 0.017367172774369586 0.4286790702417056
49 7.860097151823868 5.908794257607893 11.081169022856193 2.2456239600790555 10.188420940778023 24.818231854388493 2.89807368324476 0.5278372862332282 5.365266072010554 13.408201160935466 29.84176220914981 0.508003681387447 0.04565112903210496 0.42700462873381134
53 7.2123118579184124 5.692504645778401 11.211430576578726 1.7841509616145148 8.515775820919378 26.210296472209627 3.0334140837583083 0.8607107185871593 5.038949043058003 14.492751465443911 34.61156541857156 0.5099925165443281 0.02293432652785434 0.4281793579462649
58 7.869559330057073 5.3453494333761045 10.659985958731854 2.3606623285351978 9.80497650814811 25.25143167651608 2.8553027689887824 0.7063395321194907 4.351082081076675 13.598813784462447 31.739209482508446 0.5079776397914056 0.05015567584691961 0.42611640533002293
31 7.459212426389702 5.77608411389535 11.166952244326842 1.946707813584188 9.475925823825728 25.750675832622733 2.7924584667400962 0.7753072720265728 4.9056356140451065 13.265836869366824 32.57596032162516 0.5081179642079563 0.04681179318252125 0.42738525105742037
54 7.528961664335301 5.59050193056665 10.702639837195486 2.4827947389124514 10.171613801583458 24.777782987986992 2.99540974737657 0.43912185253334285 5.495538007889134 13.452865919012448 29.322352469710466 0.5067418174161473 0.05692181743541966 0.4259608729927876
59 7.512308819756756 5.748518668006623 11.256443318974068 1.9318151443581504 9.632873621776026 25.618777438960045 2.6448222636742447 0.6675248839514996 5.196093449429044 13.621382322012067 32.080935680146034 0.509325234454519 0.033757806891509354 0.42779633664521965
63 7.530375248776449 5.944266869035727 11.089071212694817 1.9695259446848101 9.315166355882036 25.410340307048386 3.142410072118102 0.9058370967168284 5.02529738870825 13.44430953244388 32.34424830158653 0.509164148564215 0.032187580567947675 0.42815417676064427
41 7.857350002770612 5.396457821336045 10.830649242421991 2.1495363855502645 9.381844976808296 25.66162215510298 2.9136772901919317 1.0063177613923735 4.377254052760821 13.294522845636592 32.971775115583796 0.5072637334012252 0.05746645250116272 0.42580077620881834
64 7.12309354362257 5.893356178943737 10.768231019019504 2.151698279007804 9.067519515277898 26.347982920045297 2.5183786672230806 0.6271715973946963 5.664228897224327 12.780692044272843 34.03018646639654 0.5087967957136065 0.03294939080434593 0.4285252482713435
128 7.73619223051079 5.5956629903822765 10.533449925140927 2.3884096475557386 9.692968071374867 25.709049032290707 2.6798239997120983 0.8720077626149786 4.400778548037399 12.151929032858439 32.6742713782831 0.5084755294815834 0.04441293986559722 0.42692391124554696
153 7.800583209492731 5.892998931280443 11.231432104465604 1.6696115103382008 8.198554839824645 27.26652770417502 2.4958344982784046 0.49711693984521993 6.626318351512829 15.595946394876053 34.53163426039644 0.5101997255967073 0.019786940125728462 0.42835843832348713
68 7.510689140709221 5.559306038848094 11.083567756155405 2.0267608769285435 9.520266381448836 25.73429170611915 2.865776364101606 0.7043493975171892 4.42141220319736 13.261418574489259 32.47203864732152 0.5097268205101125 0.02972744370795204 0.4276504081109479
73 7.870720260899971 5.43576195039488 11.036283656769557 2.161234193163184 10.004374013179822 24.489622307721202 3.4509924403506766 0.6856996126090062 4.5612295014997395 14.379071539590507 29.54165359541566 0.5082024237352809 0.051942821725510506 0.4255534657272901
188 7.915788742299952 5.661521093601661 10.922638565687267 2.2001414759299984 9.606657566708014 25.18472349577369 3.0267861354983387 0.8630367487766281 4.6086466239818 13.884678077264908 31.55875449553046 0.5083484718657092 0.05221566206165235 0.4245043843471014
8 7.671389323308149 5.404998247168438 10.96785572852708 2.045918217110041 9.32950347879655 26.172429350269695 2.549441998780051 0.5561662891143345 4.9433297488774475 14.16842718487166 32.500502522202076 0.5090069631851977 0.028102953031021373 0.4271280381020418
9 7.512521157455099 5.529080733209632 10.82762189929241 2.227514455951449 9.725060009219327 25.279597374089548 2.8934978821797475 0.4725370238429487 5.823575018218377 14.132649974250754 30.851911906978284 0.5091400306557277 0.03199944118713883 0.42804649370062914
10 7.751540853036271 5.57355102656551 10.62923917339488 2.190255032226919 8.915650335493618 25.63756787624496 2.956569018026622 0.7147613857439301 6.172988351851428 15.681846341092397 32.05132289452982 0.5052172516966875 0.07148046028416202 0.4234611978194872
19 7.577813421199096 5.439757250072502 10.619800963621708 2.3776885810359434 9.639040406325208 25.74278027466799 2.5998441376869694 0.8574862752872778 5.177846443258849 12.667901579856549 32.55473034049958 0.5046372201251046 0.06986353297308388 0.4233652346147173
34 6.86543226646406 5.825312052955864 10.470052828116604 2.610532519321849 10.01572626322977 24.71017834246995 3.1413120470157883 0.9040067758397985 4.981141358668397 11.959429890145756 30.485343748633227 0.505594380544945 0.064103555914465 0.4249915841359244
44 6.9450651926816 5.754674128921214 10.821765129075898 2.0842123246818267 9.149141796316707 25.662158990987294 3.1293671160869443 0.8996415153241366 5.207325761823855 12.769555722087349 32.40361873580594 0.5055535136118835 0.0682229408155474 0.4232637953670496
18 7.658279984076417 5.594637636302479 10.371390543798986 2.629144023314265 10.137246903940708 24.422507023731395 3.2597808435251183 1.0672759866438915 4.7612292209670235 13.49256502380653 28.541127298856 0.5052934232897398 0.0776106415035171 0.4219553214433412
20 7.472902063228414 5.613858556025992 10.632722362697185 2.466551965755489 9.80490334597528 24.683114468765545 3.1734786286140313 0.6138647793814935 5.6630165802979935 13.923305029251352 29.929304680384465 0.5046679900682299 0.0715479271201525 0.42282283535053067
25 7.388163259820363 5.638115550557098 11.053329644771463 1.8273297788286613 8.451009828111124 26.583192802438578 2.8528998986881637 0.7666774869511656 6.119393555790157 15.086023827491248 33.82303594155412 0.5087396051228267 0.03894887814344433 0.42809951205115593
50 7.493237710769304 5.7804960178511156 10.76610009927655 2.2369244205755163 9.287928115964927 25.963719535540754 2.777463404292399 0.7015667488317111 5.197833115929411 13.206608244942654 32.24151754231846 0.5086525720799325 0.036784712210565625 0.4272224211797474
33 7.545337461965454 5.683421675286814 10.998567678315991 2.0409214600969086 9.50019868826651 25.128614508216792 3.2929454925797015 0.9029629879905923 5.2060659599451515 14.373760629613956 30.193709126339048 0.5046691534213061 0.07381537272449014 0.42403787695030254
35 7.966160971987866 5.2471259106572665 10.72134420038056 2.138964311207802 9.040287367046504 26.030863156648635 2.9557704959672972 1.0169556611350519 4.797746771853969 14.29280419549007 32.94606840356714 0.5058372303500368 0.06397410203216027 0.424106087030783
55 7.425141875121507 5.680162974245266 10.92449574403479 2.149894139940052 9.67972741019155 25.658330880194313 2.702342995275646 0.9249360038982902 4.518312224990933 11.92837131302596 32.831959433177275 0.5077509581484548 0.0414323654165324 0.4276280001931525
60 7.940284680505259 5.595721781214501 11.013181883178731 2.038034620644806 9.530842543924766 25.742622921492206 2.689818122308153 0.2485046980825409 6.062825768059924 15.101109161150594 30.807394441234134 0.5089836720733896 0.03309779325547009 0.42753390954281634
43 7.945491848695946 5.476602224286944 10.668355475879869 2.392545519008547 9.80249203675756 25.038388929175518 2.941822654819853 0.9753107686540609 4.626924553827008 13.615756343903977 31.26565988248306 0.5061115653558717 0.06584313497759803 0.4231994792444261
45 7.0193435353074225 5.884476160040815 10.520837874555182 2.197078422012286 9.070880257672457 26.154599470376017 2.866046751632288 0.9379236015377169 5.94187600937184 13.012420830963734 31.95587764262952 0.5061303069185961 0.05813984113861762 0.42479997142269077
65 7.420691122012835 5.669246978461228 10.721416148122918 2.0349193130741154 8.818370680924568 25.561320965568836 3.346589715801163 1.0981245085137021 5.240066047668806 14.731138105712619 32.44354394635463 0.5059959923508163 0.06433735345115921 0.42488761411112175
129 7.326261987504262 5.888270027342607 11.01956644238264 1.8896988214294579 8.88279334398238 26.453655556045344 2.6727753620787755 0.5216663100583492 6.569191913373946 13.930266674727491 33.37245263252835 0.5098476825762841 0.018154180177406515 0.42848842439422746
130 7.163359931930669 5.78770685294058 10.554699244472564 2.4459030484498956 9.577183915285625 25.28649485215499 3.011746864781663 1.0928385711531874 4.015153174837615 11.648142616774829 32.88601683017156 0.50866076264438 0.045425412412699845 0.42697970081571507
154 7.894030110940831 5.528831128078963 10.807393325916914 2.0754821135141825 9.031053995076013 25.77907125489933 2.9592333972500096 0.8120881687193159 5.840519547478573 15.458315960042544 31.98123004243659 0.5078042864396121 0.05455504578535659 0.4252219959368904
155 7.711669259027138 5.707642691780817 10.795472081693907 2.339811139735856 10.352189546106333 24.852979583509303 2.784912086569573 0.45896737982797153 5.188189545593326 12.841825833750221 29.734135809601856 0.5099075545790112 0.029600965394857605 0.4273421125333991
69 7.3222622873433805 5.781560099811353 10.710334147059106 2.135028828805778 8.992138765722574 26.712939255805193 2.4344545065837098 0.6804481485272413 5.369454227936987 12.884085033691889 34.1551215189994 0.5089409961291171 0.04091128794122551 0.4258047738381526
70 7.432551437990617 5.720729843266863 10.855690065296995 2.221596913785729 9.551550433349192 25.436519240925836 3.004865863827128 0.6799910798565596 5.653966848378399 13.612445835059605 30.85030859728948 0.507644005843162 0.05533956692889441 0.42521516389022107
190 7.505148620875799 5.778562619933539 11.31771692916538 1.8679720273186502 9.387415469697622 25.606313235567995 2.7455545718168817 0.8504092971753663 5.281800655646705 14.356375159920823 32.39161107929084 0.508601957742288 0.039766795572590434 0.426943478655149
74 7.428715973630073 5.585067734258659 10.614367808866547 2.182234714957839 9.485157731066039 25.7011869876429 2.883782021292657 0.744324864921413 5.655712493032485 13.633559878216264 31.350081073616188 0.5082032546631767 0.04792700271012657 0.42642644363395377
189 7.954510695767081 5.390403458044735 10.928129148000517 2.1184732744525987 9.345365863768352 26.3555419533731 2.428644966069478 0.7122377237299468 4.703275342124541 13.68000486418979 33.35888109573586 0.5081817757372373 0.04651882820178398 0.4265423180906051
75 7.316638402094686 5.674395487000097 10.958927310523714 2.1609241507060055 9.691192435262654 26.02103761165026 2.354890938114461 0.6493006973898026 5.806916754823891 12.672198787737571 32.38820883115082 0.5077082585050922 0.050647384850164505 0.4262409372070019
76 7.603269954205804 5.752868365025768 10.715805837973047 2.2516096587795826 9.382962527549761 25.783747647321377 2.843841043068145 0.4793351859916908 5.388166550913456 13.503046269723159 31.886692050666237 0.5090644755684537 0.03654630783396027 0.42761057064357605
77 7.431901915710354 5.772261040134291 11.173540252597531 1.7913396934041859 8.571720769685294 25.715306784381838 3.3487890087351575 0.5005951124773165 6.1087432061928935 15.920658593354315 32.591755112167675 0.5096531446321423 0.02426727393828791 0.4284547430297848
78 7.645487338738165 5.681678799815635 11.15749675807921 1.9385467399505973 9.063408210759162 25.790810637566036 2.959936786069325 0.43009284859597646 6.1299678724079 15.01955735554296 32.51640845557263 0.5095402912617141 0.027909801735345303 0.42796409609960834
86 7.614607272737864 5.587535310484871 10.74260080221509 2.0794282522194965 8.592878718129136 26.478578408205255 2.688080095258654 0.8202610847852019 5.1994402597957015 14.109131411675596 35.00206264537384 0.5088611361400428 0.04132247001135066 0.42611725469273254
88 7.7474381929125435 5.61969888607583 10.951074894476836 2.068110359269911 9.091180218886732 26.027846394654446 2.683749564923943 0.6921018090704771 5.2856808025094075 14.059869126350815 33.36981908861186 0.5096394807921892 0.033553695689673896 0.4271679385882799
79 7.55876974503984 5.710971790900076 11.17138110726624 1.9884366315574928 9.50469345922889 25.967282308480314 2.5042528930428065 0.3113996310639004 6.1919273706711815 14.26769550270665 32.05331246493814 0.5093663837091948 0.030466849896487375 0.4277808974790882
227 7.416805331375203 5.774893413836109 11.024908304403288 2.1541308455601684 9.851238400557925 25.196427307415277 2.9625778393891453 0.5304797259751227 5.2113110439589 12.85994327196678 31.324635688125703 0.5086405589603084 0.03935006677988776 0.42727791245861435
226 7.806809774273609 5.808732192206303 11.01142245230202 2.069885394517983 9.78752065771865 25.828563595556233 2.5987860666173392 0.533818901191991 5.481311847380884 13.275658350239436 30.975390969615518 0.5091581460831291 0.03233920939470143 0.4277575148939945
87 7.758105724808219 5.701684504502048 10.890091700674644 2.0786143078604846 9.002408417637396 25.69026287880495 3.0843515525585223 0.6970707536763363 4.830924487336794 14.00734172845534 33.2689431314308 0.507430832668677 0.050100926175570694 0.42670367432353834
96 7.125755081252508 5.495307541679847 10.541876881423377 2.632429685903135 10.011486919338083 24.74910605215633 2.949450800193343 0.649708611471208 5.699533734659109 13.094912654781952 30.220211877533686 0.5035149313929799 0.08670286906630022 0.421020221303929
97 7.861914975586242 5.369022480351622 11.145980419151536 1.9390116666193324 9.42143383418318 25.57415323383033 2.8633635215615265 0.7649476859062546 5.650427225680165 14.54392472461955 32.118025940887335 0.5080874076530378 0.04370245024532059 0.4267313531844244
89 7.193623169821608 5.795463986875197 10.601781128040637 2.3499409660027197 9.808326107325948 25.536703042734672 2.6672673438641428 0.7901117070480281 4.941887742332832 11.587067703085612 32.24321745836353 0.5099165959857015 0.024249729300092813 0.4284509397331484
202 6.99278063933391 5.845632207381642 10.685520670508184 2.2837712458180883 9.682297056811002 25.075118966375523 3.08417686494927 0.5605580186878522 5.338740350169866 12.564830024184305 31.381399549899825 0.5093317943636075 0.021421436010446167 0.42872032015057926
201 8.134623465844214 5.513515906588391 11.031346932187363 1.967023903413472 9.175753420470745 25.83433115296165 2.990948062785501 0.7285734571559466 5.033023188033082 15.078318201927154 31.87677118752163 0.5080906135986787 0.04384825859692536 0.42745376680509056
101 7.568343527195735 5.83436556609108 10.917491825625179 1.99184496369218 8.784638092525888 26.45435746583223 2.718791722728493 0.6386246520181483 6.005314734431347 14.141741392335618 33.29580664625406 0.5091038730815782 0.0397243190715008 0.4272312114677538
102 7.697652016634051 5.623027253933695 10.449883744184172 2.31883385447588 8.912391204914012 25.869662134817133 3.1559012203563883 0.6921616979805039 5.003632716562005 13.634265936630669 33.02348086768956 0.5093059991916851 0.026628147388342023 0.42821158604042436
103 7.081091829028079 5.705901106728608 10.604977285063626 2.421369877852686 9.097703916215254 25.259361850918847 3.148787873466671 1.3463085626890652 5.8263479866234835 14.297708013272157 31.88407214225171 0.5045577478392937 0.07895516386248655 0.42156740233648937
111 7.981145229461676 5.588187430412755 11.09932454160886 1.9864340480378 9.071187985867203 25.20327515605178 3.404348440618169 0.5535463699160743 5.164229213103965 15.223848052634256 32.07178289970877 0.5096451463001231 0.027001820349260266 0.4275723930639088
113 7.961516949901469 5.474617187709127 10.386598595308028 2.541083049940538 9.650319684607352 24.99644015395766 3.211718767358406 0.6788817657440923 4.49224699377369 13.763161860321599 30.80572464223908 0.5076397221078541 0.05710449863822513 0.4240090092106215
104 7.6818470110703085 5.612986900147128 11.06864145312526 2.0208736796696196 9.42111711219399 25.646666114108466 2.8182288105718416 1.1590868473999463 4.598378261419078 13.69020391876967 31.998107079375288 0.5083845662379137 0.039405459514950704 0.42708907797756346
112 7.822729802173201 5.950837912885206 10.90599991275098 2.075830046670452 9.233928038632966 25.890331483330318 2.749956734267888 0.8722045380182808 5.015041311344823 12.765309614598419 33.36852058383734 0.5087698689047282 0.03941621494846111 0.42646097339794165
121 7.305760764041387 5.716146784875779 10.757092395675967 2.26012889846261 9.36992525142226 25.71391782574771 2.7411554665649005 0.5538347353719234 5.916301672491337 13.322554796495403 32.69519979080848 0.5089903463994884 0.035554084506473654 0.4271222640675429
122 7.784154456457451 5.784508435660499 10.543454975449073 2.257009151689153 9.34939703439554 25.602106995985466 2.929104466229916 1.2162340009784591 4.988974351493562 13.366504405206307 31.763702293504103 0.5072991256319602 0.056885080164736326 0.42510411121148417
114 7.64525028511336 5.628918931155804 10.94740138991903 2.171300307608769 10.029265370961205 24.803455343903728 3.077139601026704 1.0534859839796729 5.018023422572187 13.520045681884778 30.083675161141116 0.5082261395416637 0.03918005205880185 0.4276364030716806
80 7.855701692075338 5.522539655368938 10.993351994092393 2.0059004984737276 9.130934781518336 25.52049756868535 3.1320106503037666 0.7550840778092693 4.296987703153459 14.136376903802239 33.13820316527352 0.5085901877548126 0.04477308718791755 0.42679815546243943
90 7.513888305345741 5.718047363950675 11.265169508495072 1.8637665007960158 9.117480377520392 26.458902569748933 2.4259427735924652 1.036797491462076 5.077512687128056 14.068118670400569 33.59014984753719 0.5083551981481419 0.04739837741950642 0.4263540438202489
228 7.278673165898477 5.854969517565231 10.84539226420773 2.3398163127126215 10.572784303713266 24.472039450368953 2.942642804869825 0.6106914600516224 4.795374108460146 11.422511620346464 30.148955909084286 0.5098122327215914 0.03125704702134827 0.42818106637067666
81 7.601352720387832 5.605788919108225 10.87846473387959 2.413344374138644 10.446746580278884 24.35957241594783 3.093910781340317 0.7687980749222446 4.1645758396069406 12.601701938097204 30.067298043675756 0.5076555481322649 0.055274831278284094 0.424561529462001
82 7.541002225698713 5.750425454392444 11.120972318350985 1.9173124781942905 9.375620213253885 25.48256992593713 3.0324784915243868 0.6824596736898265 5.03992295825059 13.993229580194432 31.766289994454702 0.5087960598854968 0.04219470733626642 0.4271396163757977
92 7.744781612355062 5.660222437261292 11.248381422347576 1.904927911512516 9.410456734290015 26.622123732116854 2.1912663319524994 0.44272377278637204 5.645575152688652 14.44461006758495 32.21870578015307 0.5095837890402157 0.03035330245320776 0.4274335090391983
98 7.784099846637829 5.513905793564316 10.716546462108404 2.13542504115028 9.415710683617714 26.012401342769728 2.654106626031066 0.48830769096515686 5.720714160940047 14.846574119932725 30.913326089273102 0.5082121121801288 0.04719238781488914 0.4266721776885735
203 7.365372845331397 5.76900348246374 10.723019609086602 2.4416868529875955 10.552795316629247 24.02435156074759 3.503414480639329 0.5754979451069527 4.624946019188651 12.115886309809824 28.82967293989026 0.5086609214507508 0.03812047505848906 0.4272001234860332
91 7.1728965456021365 5.624150036131508 10.802395442443961 2.3201444413997168 10.131178100973747 24.834312452325833 3.0296805616930085 1.032540002521257 3.751922217216261 11.436058379277476 31.787263057497224 0.5093808049671837 0.03182814906293492 0.42760339168589656
99 7.661282941575669 5.615116095985743 11.185471698213043 1.9353040919408295 9.29873236425386 25.443801902860226 3.1748282747352343 1.105181985671535 4.01545110143723 13.887195403470662 32.393118653749816 0.5098376689458223 0.022788352332482244 0.42846383426327805
105 7.686052223523111 5.606442287204458 10.299114872327374 2.4257353764771077 9.47176111077116 25.586476747221607 2.864527340707198 0.8826586165168836 5.015815681002436 13.541396909454575 31.27119340149088 0.505382210784962 0.07184983790089194 0.423142057287446
115 7.393390132603858 5.82365258298694 11.273000149455987 1.6898631605899186 9.129963082652786 26.356076993188193 2.620671208382677 0.5094933069292457 6.358211566856697 15.092665177040573 31.42460656373548 0.5073318822087938 0.05590374249710232 0.4252607726041882
106 7.1692584643269575 5.7192922081111135 10.901846211876 2.330881426117986 10.148823319131901 25.03180048289404 2.7289518657607736 0.7497657396973589 4.951131753314409 12.76459435736323 30.286468108392683 0.5054568809289025 0.07044048520348543 0.42320805831813035
107 7.453374139555477 5.421641752234993 10.63061094949141 2.3176354390774656 9.573607832089973 25.486254963211746 2.903671633032919 1.413632517694739 4.173250311860072 12.533141596191072 32.371008283867425 0.5057837188018663 0.0691544785648893 0.42366316830098244
117 7.756062427060102 5.556738068276037 11.287353670844123 1.8819067099396563 9.680396657168474 25.707232269129275 2.6534018400925325 0.7308304234780365 4.87561377622579 14.492751890015183 31.02152507406266 0.5081161330005174 0.045504111066243254 0.4266427207856362
123 8.157482408995303 5.472855433548455 11.332950861470579 1.722352012520761 8.822603982778089 26.48191644186542 2.5212663730071503 0.7618559587093372 5.051394389527296 15.99344830465748 33.50319007533533 0.509680845833289 0.030070462536962664 0.4277216896098298
116 7.330438089066904 5.51749675730647 10.891067413650234 2.4391946353745193 10.680140138708527 24.039475282315088 3.277228779050989 0.5962939050988953 4.4444427523698105 12.750528680957403 28.498595297206933 0.5068421740027038 0.05870055693561715 0.4257337959387571
124 7.968178913838784 5.38806407271356 11.186804759729233 1.9291205039353503 8.95323141179551 26.14807344083484 2.830218964431825 1.3585769356827846 3.9393379612893415 14.399521254003036 33.824504309387066 0.5086588541523192 0.03843702629737904 0.42800273879815415
229 7.651519756463288 5.723015981566482 10.499048093942005 2.441273275606083 10.393633979149417 25.35063947759459 2.4346897609151736 0.4619578253597537 6.086802219278235 12.579809024356848 29.6340868438743 0.5085309419790722 0.049073915349571354 0.42631857404050977
230 7.7282485450927805 5.404246880159257 10.929801994861178 2.062568793949131 9.005218108422753 25.59517277433591 3.2923107537021994 0.6980699854855307 4.976455587728827 15.083884127016118 32.43177315781289 0.5067848037109348 0.05855277765898438 0.4254888920026725
83 7.678494236110691 5.597899669082073 10.629688615240884 2.4032931460435547 10.397087369631032 24.174171411666766 3.267959337367289 0.7633918750739911 4.4087000626217545 12.990689706380172 29.029730490819006 0.5067483067832694 0.059666234481188615 0.42527395482257707
84 7.509699568895927 5.607784349387337 10.82669501382522 2.1678164784261105 9.310515724126818 25.142261387542298 3.273422664767752 0.7281797207327788 4.707053406616437 13.970882839736861 31.74440142649657 0.5075283953138398 0.052787871330209075 0.42635653022880654
85 7.886700773628586 5.613307252982843 10.87714953422158 2.2246304122970413 9.877738219902227 25.374234720186603 2.7771083739988423 0.5430304701752064 5.219035865214339 13.375203834464344 31.16358890229661 0.5097991580926691 0.025748657472021517 0.42760517128096565
94 7.7624213177195305 5.761851797391544 11.501036270130077 1.6010471164354614 8.556072406811035 26.601919788837368 2.7242447786844233 0.8607773360962674 5.3150911933940685 15.201567539529085 34.312849357080125 0.5089066008506481 0.03291463470720129 0.4280040279172034
205 8.081055673104661 5.249456230462258 11.438861348282344 1.6863012256986656 8.931520836824387 25.43253339588543 3.4466912418383777 0.822093153708703 4.049450435872737 15.487513591372796 32.60935453449993 0.5094750492953155 0.030629177991045222 0.42807445488981605
204 7.7658557702484075 5.760803706157531 10.787233860969303 2.291488692151481 10.230978271806464 25.217451715099976 2.8251798282047136 0.9352676926943416 4.2387893072145495 11.985285611862603 30.374228109971796 0.5094920349619214 0.028302338963336535 0.4284575564476653
93 7.212547297917494 5.9245138785223075 11.013808461605592 2.1144776402241257 9.99047455433168 25.09385173730683 2.9501983724463483 0.7298042815519342 5.1123743807510555 12.1624228199332 31.24227825134569 0.5094334569206482 0.03150787303389979 0.42762481885076864
95 7.377167649843799 5.765903705317247 10.718705369402105 2.1368397843914546 8.843696839248643 26.217217318244824 2.8250837197999963 0.9112636886630102 5.932798370806318 14.586476474706908 32.31389416764916 0.5085404375384142 0.040760832282054967 0.4275935352066442
100 7.96220512135224 5.474985956097599 10.857604052172777 2.3569715475778525 10.185084944173463 25.023568363495784 2.7290802984038125 0.5910124708966606 4.597492350347559 13.341928336630913 30.705960034126736 0.5086585192087866 0.043240509431649934 0.42731417105613384
108 7.191652327041597 5.78846983706042 11.462429392877324 1.7346978853228654 9.167516472748709 25.816473950930586 2.9488967727981104 0.9338618654149908 4.564294102460924 13.531704336029335 33.357251031702496 0.5099923331070668 0.01536626296380916 0.42815896442646767
109 7.145759654293024 5.856336191860691 11.04169594119376 2.0222876793575923 9.158658605617433 26.161310134811202 2.61940687964303 1.0212815730718643 4.7809503064206655 12.575700394523816 34.129443821923644 0.5095927929628099 0.02460700763579509 0.4276138718560371
110 7.333893098162264 5.929812426222021 10.919689294234038 1.9633989677579413 8.420948863295653 26.579073473610617 2.772051790617591 0.9738718010807463 5.558336671482688 13.719559465435188 35.200349331563 0.5082690930801742 0.04862084485214165 0.4261313586161054
119 8.07702495671701 5.605258895137839 11.143658081593912 2.0234812917711977 9.60065835122468 25.77811357187682 2.580119413547582 0.48283719443832285 5.360811360125725 14.352402150182055 31.739020293397665 0.5094145866849152 0.03043652192323663 0.42783442792367166
118 7.567107381930883 5.657929587579052 10.331378287855218 2.8275455910067886 10.521528467997607 24.70573160563163 2.7942894495771835 0.7758341445587468 4.685882199912342 12.223403537382895 29.38467958747473 0.5061820440126017 0.06839119818774443 0.4236387182488928
120 7.749362937785366 5.637082068478085 10.58444273260418 2.3470520529228964 9.280128492145195 25.43509457827688 3.101605938410883 0.7629829590938073 5.640743335703315 14.2532266429831 31.422433897160186 0.5078491270860716 0.05624899436328874 0.4247781248421691
125 7.3384502023854745 5.797123267004308 11.050313777909622 1.9597278868730084 9.02370867246734 26.148749059812086 2.8154214365802144 1.0127950477616698 5.201545393480913 13.739851357957187 33.0735258455708 0.5088227859602926 0.03892387063421958 0.42798214543702806
131 8.048144054910185 5.196598620555775 10.949861908485897 2.088717731988753 9.585659394550236 25.52520111717845 2.8000444994995837 0.4941750599722457 4.727629154264329 15.128078254514328 31.387299808153312 0.508512434194643 0.04441203862587783 0.4264792420445391
132 7.462098632232079 5.4733423306651305 11.05416799953757 2.0206626457882657 9.627436385409647 25.280911390314866 2.9006414632467195 0.7005836899574149 4.746948009713253 14.373708654777426 31.42667380345151 0.5075109269635827 0.05269709263722664 0.42593688573069394
133 7.484789534040105 5.770072106816736 11.180741048561952 1.832377291496659 9.209308389013867 25.661593246496665 3.006018548794955 0.6774483126837207 5.379129109580372 14.364082645215857 32.14013995960201 0.5089054118625106 0.030593097883627626 0.4274271901115176
156 7.657866542970246 5.85261793578997 11.115019799541887 2.0003983805818693 9.981837906934944 25.587452423214042 2.5635202333496974 0.8927703651312912 4.723376820899701 12.903388067554847 30.9253087027553 0.5084234165792775 0.04311892967800823 0.427424980499711
158 7.485260542870385 5.453622163506161 10.896693766208209 2.3570214284044013 10.215363585451653 25.234745015186192 2.603063046714958 0.6357312132050525 4.718036068305061 12.140513211615954 31.66765644688992 0.5078947588488678 0.04664807089031189 0.4267694447412575
134 7.924057704230396 5.7055860982121285 11.265990658783629 1.8332424416056292 9.235990430041923 25.697412108244365 2.8963405996928198 0.5546742226436335 5.411300187983015 15.084625155057159 31.705165653648358 0.5095077874194663 0.030535419714299464 0.42695700508665835
141 7.505006174625723 5.417535928643691 10.938761222799176 2.178066841731423 9.914946771127516 24.62360954613736 3.331005212974687 1.0241140898550818 4.278521900535442 13.521801210498582 30.229456461854074 0.5076355654753151 0.05076858919269154 0.4264461161127627
142 7.787267718986285 5.4325048860719365 10.773768948817569 2.249490961472895 9.377908565584068 26.55597188674743 2.319091511299936 1.088908295952692 4.123414446074429 12.271751219356066 34.18338416018599 0.5084406222912354 0.045122514441216253 0.42724378882908
143 6.9413115507299 5.7352025040730705 10.445045714130593 2.323042710139975 9.058642516423538 26.050841768694532 2.9633607841903555 0.7691111786164498 5.3486127614098615 12.894415844275306 32.726642646600226 0.5080592677485664 0.05144131916212676 0.42536300569640506
166 7.269246881376635 5.699364520507565 11.050023259498033 2.125185983291673 10.117956157488555 24.844927139189696 3.0191567010739364 0.5548337265322811 5.03358561933273 13.261760733527508 30.165532048389572 0.5097807737659452 0.017783733399320354 0.4284049172553052
168 7.529234060670429 5.662822667345286 11.044650680047685 2.18136440444974 10.228505795953119 24.509919978413762 3.1570639062604915 0.6850194119402143 4.507593683831294 12.689447435125274 30.5775102038529 0.5087889592372788 0.03910721374372193 0.427204277958944
144 7.4091814864061405 5.313186967889159 10.359444691741059 2.3713444580621337 9.271216780343254 25.40076311729485 3.0929323150198282 0.8905763322119341 5.740773598174077 14.031669488837183 31.322050453385646 0.5045788208683464 0.08005651967365995 0.42217699002859704
157 7.826887323652949 5.464630700031526 11.20614184572008 1.889360111431637 9.230963948841953 26.800394315792857 2.144335106907897 0.6806522529561182 5.138889364238022 14.418923992641092 33.446071551494946 0.5081977817007602 0.052272719158363457 0.42544547600333266
176 7.665827023862086 5.662805397195228 10.981666286574045 2.250149670922903 10.342708965739753 24.87947437755357 2.867311333864369 0.790347619788932 4.418765307944458 12.69031360571751 29.99765698140049 0.5082356063355629 0.05008296351096007 0.4259514064318844
177 7.162903584855758 5.384840699352994 10.814736722807593 2.1717158475233216 9.612312169748494 24.5336463731564 3.50598666772107 1.2565458268600693 5.043324167367992 13.934976749581606 30.807558730737398 0.5060074888573353 0.06704365658382061 0.4232464190211435
169 7.952480981592459 5.373033339980056 10.948787319821118 2.0704811182952225 9.435122972815908 25.60396649488477 2.867203229834458 0.7091079585496775 5.33438109349558 14.241392150374763 32.06767854270509 0.5071554566464093 0.055834357282241176 0.4252423249959545
159 7.910735385141601 5.510370756818727 11.018762577223015 1.9400015840206515 8.864826883545707 26.501568187706095 2.5340571320794982 0.9023388413815576 4.983537725824243 14.4575121870121 34.12792164247665 0.5082909083704752 0.045186342034166445 0.4272455233991097
182 7.252051084063019 5.769582468431857 10.750049183312395 2.3806708909282324 10.202313784725991 25.183286413216976 2.695952147889262 0.6962279167695871 4.7099024732585715 11.618053883598824 31.44721476789486 0.509274512373654 0.03569962417517204 0.42792508800332807
181 7.343523026032886 5.551074010142583 10.903690741934012 2.2955299066622428 10.345858438517999 24.450597986940206 3.2139303470407596 0.5499794831962888 4.885664536244885 13.233003890886058 29.479716851548048 0.5088159031791697 0.04065208742762678 0.4276259532264676
167 7.361975506569282 5.711359745426179 11.28546607067811 1.644521901618306 8.553120657069451 25.970138405521983 3.2263190121353302 0.9484444980697688 5.677456444258082 15.785630297446506 32.492585455405624 0.5079835166008174 0.05434382305041684 0.4255427843396173
191 7.728444084894262 5.558272275923008 11.469420358044799 1.7121663944897338 9.404504753721591 25.922864444257176 2.678727583740164 0.6645310735750241 5.303128627423822 15.261436451576184 31.492876307314557 0.5093353617799788 0.03614396899131512 0.4275147886116568
192 7.7649457220990765 5.566159388431512 11.263271280858493 1.8315748541857058 8.820555041926548 25.937111624892452 2.970611177626294 0.7190785829082784 5.2088445606392195 15.359783945327294 33.3711763207879 0.5094074788369259 0.03269629161550711 0.4278656677996217
196 7.966720557767435 5.592552686556327 11.101189432465041 1.9118217726573588 8.798470401502328 26.070419014553817 2.8454197398455676 0.8771450376492813 4.634360878676769 14.835315938913283 34.04434735771729 0.5096870214715307 0.026346482209516398 0.42821649184337335
197 7.988664755858105 5.515862886522077 11.130188512215227 1.8453933672634766 8.747050999543458 26.10540547810592 2.96138790023817 0.7946716060649385 5.280323243709279 15.285983947872449 33.4379775463864 0.5095791811617885 0.027566784501339498 0.42828226239355977
135 7.7636175728128025 5.720890577766361 11.19043865109563 1.829733584449459 8.913170369777081 26.067636917782824 2.8538394395529827 0.801956337868244 5.679680933542561 14.912961298052737 32.879003523276275 0.5080894319371366 0.045328848198899666 0.42701817651854856
160 7.5426289748345425 5.806460211207292 10.855007227556243 2.1741083408704864 9.425395552755038 25.83089273222228 2.675539028777253 0.8237770124253123 5.096056062961232 12.649429858590397 33.03235150597457 0.5096320143600053 0.029937501063633243 0.42797796035797764
184 7.439743096894271 5.923183905514429 10.639983975304858 2.3630710180874597 9.685984983821744 25.86039084713783 2.5308790410113797 0.6586617074362532 5.3148227200933835 11.898641577892027 32.6120025135648 0.5093893571906078 0.032063029901870696 0.4270739758584779
136 7.577184701151718 5.733818883933729 10.628391423022647 2.290432234535824 9.26882998927094 24.977822020708743 3.554287891021373 0.7885909268253083 5.559805231726065 14.415236184576383 30.70901598235017 0.5071058243217245 0.05532969755526473 0.42638803621949706
137 7.900479335823944 5.689689319889552 11.199418843469369 1.8113921784828402 8.347769837928265 26.46080170926745 2.871538352797674 0.8273831935996039 5.238943382382981 15.329219262736897 34.75851403439268 0.5086216169752589 0.04610102780049232 0.42684984659482395
162 7.467429064410441 5.85936312892564 11.218686726498321 1.8395535218735237 8.782848553961836 26.236392988887278 2.848257421212588 0.37603960975760264 6.418554558708677 15.13048523321535 32.95778686720219 0.509279157029927 0.02993980531869795 0.42846058837590534
171 7.688434231261606 5.543574000356792 10.716044795452001 2.181382973789378 9.072083429880507 26.24644900066562 2.68188022517496 0.5062764221767084 5.409957075113483 13.913793948703987 32.852763494428366 0.5091213031412734 0.030220108420731306 0.42743685170636064
145 7.627221551985321 5.7557978127053095 10.980929890217007 1.9295323100173196 8.442884664002229 27.161973212100023 2.4192114650202585 0.741533048741039 6.206115785400489 14.461414427263756 34.75806054206653 0.5085219693820521 0.028373586470304444 0.42807226320691233
170 7.580903548064412 5.7013627950351875 10.778809253135458 2.2210342257769513 9.495296672757702 25.08127444061005 3.2785488363902013 0.542874000172625 6.046231508463146 14.559598837801252 29.854295069682887 0.5077733122187097 0.04976162770414663 0.4263783049107468
146 6.988502119650082 5.8229354634023816 10.92660916992878 2.2244781835619407 9.382097728669544 26.042978775179826 2.56928375419097 0.9046047100510777 5.95953073465915 12.137457400822148 33.348798672000775 0.5059439484124266 0.06245939190347712 0.4244795688081598
147 7.875625828245292 5.688640377074627 10.815613181362814 2.1259311042833766 9.305014305869392 26.185727253162945 2.610268427598908 0.627100988122134 5.426097025414294 13.586385179791572 32.05989787646013 0.5083452132759513 0.04678383345817107 0.4266794042907774
172 7.68013988041978 5.693866517121763 10.709114407083806 2.262490238780475 9.423224386536731 25.22495206183497 3.0686726899376295 0.6645299801147171 5.306227901617706 14.167517683345444 31.429128205205277 0.5072393322297569 0.052689624173314145 0.42666179792031245
183 7.497915549645532 5.828337836212511 10.71167454087802 2.368119742630672 9.705427725787558 25.063902103224475 3.1175131230078548 0.7592408704622671 5.016420412305319 12.58174118463137 31.732997158027462 0.5080926504702308 0.04857306188467542 0.42621249780002124
178 7.7296234811461675 5.744281161448406 10.666646803992483 2.3350468213310873 10.022038817143825 24.81548852796116 3.1347915684745624 0.3796556609943313 5.662737201609062 13.199915101751113 29.946500290640387 0.5099247150340204 0.026660190103199817 0.4283258383822102
161 7.629290851188594 5.680862821436042 11.190949452694213 1.6800891915326615 7.9221139662530105 26.79290138770161 3.1547553587306063 0.9545714865719722 5.337578800421665 15.473085049286599 35.26742330304355 0.509142604583326 0.039598189699664284 0.42748700087470637
179 7.248241280584396 5.885712055904482 10.768130660860727 2.266698948899711 9.831360542749497 25.121509365773125 3.0883455947853684 0.6004918350608672 5.274739131077223 12.511083103833448 30.901034049586055 0.509968918105499 0.019606511011127377 0.4290303993595913
193 8.06312773307087 5.737177999180708 11.088600556980419 1.9553792164668493 9.11185892579739 25.858075492308565 2.899580397300816 0.6604679184521732 5.165348674066738 14.021608283057445 32.94319269258023 0.5098183157397963 0.023134219777160354 0.42838197250525467
198 7.6224402882057145 5.801358056017955 10.930456968913141 2.022018968024523 9.00045941095309 25.746877824028157 3.065876719923035 0.6656431207962386 5.659591442920144 14.781681675697692 31.83554850242945 0.5092169827755276 0.034417145927121945 0.42775779707844586
185 7.485857373484665 5.680912561975216 10.965248080738803 2.262491095705619 10.440543720285383 24.24160244885902 3.2410046651186524 0.7305890774598902 4.118530260364055 12.541813436726654 29.920826368931486 0.5098310364561924 0.027467804979294737 0.4278958974594888
175 8.288945057677054 5.159017394515369 11.0118318114146 1.9064915257259099 8.847201601362084 26.878301162386013 2.3202994655957463 0.6592555343635973 4.865772683810813 15.614553807864521 33.84946892604937 0.5096519954725302 0.03315085460428902 0.42789921614686716
173 7.685464052070211 5.728570460588767 11.35413685904025 1.7466702491931203 9.272791193545977 25.560085704736778 2.979971573870037 0.8601528272356304 5.706437181192644 15.468428681309184 30.657171359665476 0.5084957606238888 0.04033892308541178 0.42749571294308464
138 7.675799903517431 5.682061229443526 10.839663911181432 2.187118573514898 9.6543579959545 25.319206023778573 2.9853062695129844 0.8995552733547204 5.229233186194294 13.610425052968159 30.85574603970179 0.5087483735625942 0.04465551086495244 0.4263208186332229
139 8.036930286871034 5.440645774226059 11.0303232997801 2.1471668670974235 9.578338986800633 25.19041016539408 2.9247462152538626 0.5552973083072595 4.960575443997362 15.176472914909034 31.133431613048128 0.5083960634243533 0.04131942541290545 0.4267801177930589
140 7.527443328131173 5.619179109433352 10.785715958511526 2.2897930817328014 10.328800053043514 24.643867946855167 2.9991462358191914 0.5324387711998204 4.8055038188817125 13.456064934471868 29.01064406326133 0.5075662986066186 0.05255151120052958 0.4250239011092178
164 7.593800452986844 5.725863170112489 11.115838435975396 1.9709349093759707 9.254620618053856 26.18432819582068 2.639529233623636 0.9777581566338818 4.742686691129452 13.311776860481492 33.22457414354026 0.5090602820802093 0.032373380579084704 0.4282633859276681
148 7.596699274264434 5.620935669009817 10.729341756857787 2.134389288368229 9.108958901895948 26.21154787757894 2.634685702612429 1.214186278822694 5.409974956962416 13.861310418594861 32.78854365731617 0.5067491842226942 0.06092294104706356 0.4240745045260806
149 7.204261677991684 5.783271818311054 11.053034682707409 2.062755150939946 9.558147488207664 25.512707735092384 2.80274528505863 1.1486019944507313 4.62125862590444 12.276189489292655 32.87206577020133 0.5073061134997793 0.04917338379660768 0.42648843325799596
150 7.9221393026120595 5.498648684249221 11.013577077678274 1.8622734971537596 9.001692957013283 26.433565539068507 2.5839045013011765 0.8780039180174241 5.0661355718716115 14.560294051401042 32.941974807397195 0.509047115765972 0.036978065433881296 0.42740560019159257
174 7.26013626432066 5.695374239326 10.890231987594449 2.315102842365496 10.283787320346025 24.712128479826088 2.972544107592032 0.7025587694616335 4.431581007180624 11.953582742026988 31.043040202159872 0.5095960301392155 0.029362200451575008 0.4280292427907227
163 8.077381664574423 5.281213827984279 10.915044117671139 2.0324305228159982 8.902466258045537 26.56931083212667 2.5532062745975734 0.681768096910986 4.988902329481137 15.076964516458247 33.77347212555505 0.5094927757448062 0.03782402240986399 0.4271456159430046
165 7.335803652704307 5.919789429833279 11.600071371806248 1.5628440689335663 9.32636295474559 25.971170726645802 2.6499137850288013 1.0357407491000334 5.473211614187369 14.509056124233425 32.142005232953174 0.509180788142799 0.03886324964204984 0.427376699177476
180 7.655347131851211 5.43997364995768 10.923959768012802 2.1697186702334554 9.869096329215475 25.178406408107648 2.950486825751456 0.5929119697114104 4.704540441960253 13.5065651213523 31.343897593625954 0.5094884909131482 0.029163199731037395 0.42802836338469824
194 7.448736448797189 5.714357501902964 10.906221157271261 1.9304209255584173 8.99283408596488 25.969407297434547 2.8564017027486757 1.0338840632936253 5.7001342339528875 14.866204969612033 32.04868444268496 0.5079850669641576 0.05124328120671896 0.4262857291501176
195 7.530790974524045 5.434908853852547 11.041307035617725 2.0144540623277454 9.36745063869363 26.54947849485384 2.229825876424044 0.9611030399997489 4.537340808955808 13.182927257484318 33.873562166931436 0.5077619476798547 0.050016789699584216 0.4264200819798605
199 7.5586722043009305 5.916393554786835 11.387532061331129 1.724621232427736 9.034750204357849 26.597976042233917 2.4764247037615603 0.6839582874535615 5.794080662904644 13.973635436950639 33.42265284909954 0.5091867332469997 0.025421336221845867 0.42765337572565904
200 7.642848074978329 5.552309831155146 10.969287389388409 2.28421516563395 9.76907817185769 25.319655981549467 2.678475780726448 0.851332454453502 4.849926018824147 14.046152141192122 31.473239023866196 0.5071490633498059 0.058183382158056234 0.42564781695833526
206 7.242915279493107 5.886855444723907 10.735348594963002 2.2980443157988497 10.346154102169217 25.410697116463343 2.517040648357883 0.5770223437791117 5.133217987499152 11.609302635774716 30.566928640012456 0.5081107077395508 0.04987030301824092 0.42533005133839086
207 7.754904428240767 5.810039118201592 11.309484831123791 1.8967838624814477 9.580039598989988 25.47241665951982 2.8325902764949857 0.8132369600777195 5.083567236724989 13.667553424968892 31.99241974398182 0.5095304600128124 0.022374820076357247 0.4286036390446847
208 7.566473442142171 5.32770154179333 10.525215666454812 2.3321156621252688 9.27513425066371 25.99852143747857 2.8335207958969617 0.450327215204759 5.3111058083844185 14.248229897959117 31.82410960063693 0.5089642853104309 0.039343323737709684 0.42651472064554014
209 7.287156161850797 5.663706872224642 10.451260469176257 2.4771092333751303 9.515072255051566 25.741045361666675 2.725274246944476 0.6455328868148966 5.641016107715425 12.021861352000402 32.73278006991364 0.5081452197220429 0.04447415692960547 0.4269809038721552
244 7.955605175394738 5.267075465881281 10.609426687276802 2.4469226358025704 9.521709360601195 24.443532227660004 3.8145779380226967 0.5109656831163921 5.0727806693417525 15.459506234992592 29.239456498904712 0.507277648519223 0.05180081386321562 0.4261724279890326
243 7.749470448569478 5.843854289857537 10.71063058766499 2.0697107200458507 8.80575967753727 26.277230970970358 2.7635030557339837 0.7639561306896071 6.121815320803744 14.37736476046716 33.05528500089342 0.5081357736910757 0.047428742306515254 0.42533035239982186
242 7.625355354438824 5.7419389703117645 11.065544108139013 1.9041360016042614 8.869263281997313 25.478507305435212 3.3603009340205388 0.7748750447190179 5.247002816796945 14.684506326473752 32.63918611132829 0.5086297590921737 0.04130855945926291 0.4272169504085691
234 7.755385780515825 5.750271072455594 10.486352509858438 2.478481429724535 10.047438489599584 24.491571374174363 3.3048561753180237 0.7921862548754085 5.287998304945774 13.275342316626611 29.41741245584841 0.5053615792416786 0.0629401383357037 0.4249725382425677
241 8.23268051356567 5.469098544929904 10.759577471362569 2.335201451368424 10.190006424063574 24.423489339942368 3.2635182603190667 0.5788416550453782 4.568550311448331 14.05949812322544 29.07233954311766 0.5078628095461108 0.05238367596044632 0.42591776302669726
216 7.590264249789279 5.694713773626701 10.696822701172595 2.296635611224283 9.84815589355415 25.012296211206813 3.131524186086569 1.278760434565541 4.1035371857896745 12.320578978554222 31.29192591193535 0.5071338477096282 0.056233905843467206 0.4253548889247581
217 7.872214584726998 5.694000040136492 10.540616354699742 2.439944417197573 9.579839526081638 25.923561520881375 2.4777721992129456 0.5677430880041582 5.6434524795985865 13.13184454535692 32.174111366467606 0.5088064544836828 0.040495317379660986 0.42693195572072407
218 7.681449039524224 5.8601928881436285 10.9996537620917 2.091502922107725 9.402011881454506 25.464390791148237 2.9596783729041265 0.813482685976523 4.789151521671609 13.261077513378263 32.810699928995646 0.509705633291678 0.03540244441233296 0.42744153468669027
233 7.161479885933014 5.88820858351176 10.522859317083551 2.2449330577198587 9.012424490513197 25.60249813252885 3.180701308377326 1.0432775124224078 5.601602629446713 14.022202255985219 31.114176822110394 0.5047937046336013 0.07714397291224245 0.4233191127757817
219 7.5035918009462685 5.667485348368313 10.766975690588751 2.2025776024072203 9.056971288399966 25.844498191625565 2.9944175530068504 1.0965379338662147 5.212747865066433 12.937679173210704 33.68944565786117 0.5067780451274425 0.0538231369593946 0.4262366171778325
232 7.037280396262839 5.797220392386793 10.955640981560752 2.1510057592380765 9.512528332810268 26.026655385026935 2.488318183389031 0.5480680381504578 5.848755129686755 13.335585957067314 31.87820426776924 0.5085987815600106 0.04281722960346869 0.4270285072882234
231 7.420602715215862 5.677269648607968 10.807218166592333 2.1336644053602645 9.662738077262562 25.52099640046327 2.829954138509602 0.8097504832369344 5.214588190907743 13.169652290917735 31.6227508414059 0.5066545083527466 0.05723978047428972 0.42539870026050847
236 7.365146757752762 5.781459595493283 10.472167350306837 2.368977738618746 9.281548617557531 25.610939823187127 2.93991843574128 0.7985505089676102 5.238617981489795 12.267906078717072 33.36148209240646 0.5096135342427953 0.030843790030488878 0.4271354832092164
237 7.893721044395887 5.626673523204877 11.43896015628817 1.623798354029399 8.146431144578285 26.91496832563372 2.7088769256613 0.7652611422942457 5.5351765856722235 16.037092073269914 35.35498792311349 0.5097330840941534 0.024219691491865595 0.4284282151226056
247 7.548341342052684 5.543742846208451 11.279179696790862 1.777587362354937 8.583035438330917 26.377319996692385 2.8034438433421647 0.5148652234120533 6.366297450166686 15.708145716155721 33.753096913299046 0.5075664486908709 0.051719810107979665 0.42632511415857993
210 7.753730910489098 5.735148533109861 11.040643130032775 1.7332585675957828 8.296214124118146 26.62719276338169 2.9783216573927307 1.0229948544895997 5.362504143253632 15.164183579845531 34.22985454068231 0.5077997724187531 0.04629060257358453 0.42737045730735584
246 7.57998205438389 5.682317294705404 10.717930974498282 2.291543649332188 9.380637179877402 25.118900481759102 3.2333413651291334 0.8470289238574247 4.431731336800966 12.771991204301873 32.958647669875425 0.5089846204806728 0.035898433531709614 0.4268607151113235
245 8.139535468005501 5.679528319090232 11.065534686078689 1.8700128005403167 8.754982616668192 26.162197427376356 2.914354325517567 0.622122560359321 5.705872021662089 15.348907617505732 32.58096077375454 0.5084958053651497 0.03587518636853789 0.42790795410422583
235 8.093003123979988 5.487192936085634 11.23125075743476 1.7339692946038112 8.317350936207404 26.79674228815105 2.8299073133879182 0.5451006722326068 5.423923861887287 16.370532820483362 33.57055133824109 0.5090990117345194 0.03500825859637225 0.4277687861511987
211 7.2354903299511495 5.633640295336899 10.426506735390124 2.5527905410503635 9.572824279085504 25.068975795103675 3.3054121612617973 0.8613500618623614 5.9576817236763135 12.970329539425656 30.76918174706971 0.5050115995095532 0.07108212892309206 0.4249286245393701
212 7.539955388175536 5.8427718296340165 10.805412233219382 2.089472088347453 9.200909135759224 26.45301308028196 2.4519195074456728 0.5925801370790691 5.533970579620112 13.077095030171108 33.15391985079144 0.5095035514993892 0.029670972447833614 0.4275613490702115
220 8.049177232869718 5.512361876534736 10.444243828337461 2.404247779107221 9.37863619168761 25.16256015278796 3.3169111082761042 0.6678986453763613 6.048107529602098 14.915092775175355 30.071818588129666 0.5044680587361687 0.076974742921351 0.42362479874484044
221 7.406053690558093 5.821858842971641 10.359981165552208 2.5277681525184916 9.732302986207852 25.267513848095003 2.924039873080502 0.9861769044532065 5.507874969090405 12.506259108547216 30.82371654071048 0.5063987294572014 0.06161290235675312 0.4257774264061593
222 7.62649736192508 5.652314162251734 10.957418094783396 2.1289243974416237 9.307073399918803 25.788039272900498 2.7689560707667096 0.915793573827432 5.913365012109423 14.05777494651438 32.30045902936709 0.5085402001933904 0.04534497658143106 0.42617641963183245
250 7.832096593743148 5.7912252953783705 10.324071681836468 2.3783191009906295 9.712616640268235 25.471637955808582 2.7912478939997567 0.49754963509448036 6.063019387753217 14.01544391506458 30.152334002287215 0.5080445481965815 0.047005632655954484 0.426270361328434
249 7.337915538840149 5.59961041835136 10.725223291877658 2.1160309562985993 9.294556912725618 25.876384360195694 2.83259697921035 0.8005154694322989 5.105057437437737 13.571640641581366 32.26691866521416 0.5080339166096709 0.040319117224603324 0.42733592632883816
248 8.048003714626358 5.375836406237771 10.691695283995623 2.3088632277703582 10.01150973565261 24.62994580223638 3.29566008732402 0.6388908909905111 4.638987839633405 14.342444829880987 29.159392370279527 0.5084399924224087 0.041075733452769964 0.4273798253330309
238 7.530343931333179 5.738391431018766 10.872498761520406 2.214824229395478 9.997245051316959 25.21624663856511 2.788708248401181 0.6753296095200301 5.610848766485038 13.0924318196443 30.35694380483208 0.5060754434661433 0.0666696084996027 0.42441586278372967
213 7.449561177760139 5.626461533169565 11.199513064043636 1.776881744637378 8.637174981514251 26.14237516352634 3.0129515512293246 0.743358543715329 5.710646467643068 15.535075386118884 33.43022831971576 0.5092039212857002 0.038336862786219984 0.4269508478693695
214 7.313445816070812 5.821526443162661 10.772868298399999 2.4268661208428397 10.558162981486579 24.4123375772341 3.0278337059685843 0.6435595841167489 5.181018471632452 12.91044409396463 28.190432944462835 0.5070082419280706 0.0567099184843669 0.4259372824748106
215 7.5316621811149895 5.296515888242377 10.442642466480692 2.621639381435113 10.105939227377897 24.60872825735731 3.1042123813719003 1.4287084998648985 3.5497174926815154 12.654530081354467 30.470254255315073 0.5027808450762767 0.08467245691912093 0.4225742625541468
239 7.30164947152822 5.707584078243073 10.870437544140785 2.263976832461819 10.188556195792138 25.60307925009532 2.4907502353930817 0.533659849180139 5.316196592548631 12.38689186836312 30.27031469308275 0.5079742125390189 0.0510295042589631 0.42616083454885556
223 7.988139064723484 5.2726258169459825 10.67256783090153 2.348197549659348 9.86057257123755 25.60327894760986 2.618098592924214 0.8308531353166705 4.695704231959224 13.667250167837615 31.17774918570197 0.5081531206869503 0.04711887819404739 0.4267933437610477
240 7.09273969482234 5.7661541059855494 10.895140499680748 2.1034833026933404 9.489465711904629 25.8616225863737 2.7102733946930826 1.2124268701227996 4.212371259341735 12.17784618965105 32.99969427497781 0.5085042378269155 0.048655871129619624 0.4251023577592466
224 7.777848736107357 5.349698951898113 11.045927385242406 2.256112985706229 10.192855733307841 24.524443415722196 3.156625848421833 0.5580324228228756 4.261257856969889 13.974047768005915 29.897599302131034 0.5070775119880863 0.060313158379027954 0.4261565703777558
225 7.365668806515124 5.752653999628181 11.282214848786078 1.8845485633023087 9.364970917633222 25.30521010363661 3.018369861011698 0.8835677479246057 5.731529593639965 14.313534827836333 31.793452710338762 0.5087625060069617 0.04023292337280446 0.42735779615508884
