# timestep 2150
# phase bcc
# id f1 f2 f3 f4 f5 f6 f7 f8 f9 f10 f11 f12 f13 f14
1 8.126289067796026 5.6087226256333444 11.1552170014873 2.0321322521622642 9.897265731293317 25.19483223190526 2.8527931947942924 0.631341161574529 4.948659655630643 13.948356011994434 30.872167328193967 0.509670324667645 0.029596201510443294 0.42789086942942844
2 7.648935970843384 5.55390287041451 11.032404294940061 1.9694022313165465 9.204954343225866 25.7376994212174 2.9367046502278193 0.6458491967686394 5.335643545620177 14.31341577685314 32.52145463447725 0.5096477151141497 0.023036492994074717 0.42844844528865167
3 8.086695471825024 5.494474142772668 10.750822517350931 2.4113873999212503 10.516043398206993 24.636918241801006 2.8905233033623356 0.5670237425486097 4.27100565789657 12.863290883839717 29.535481076851127 0.5078422181178862 0.0489926694896358 0.4265963591938547
11 7.714666184900196 5.84186152228492 11.047019753903577 2.0583596181119947 9.33018218954625 25.718062259303704 2.7715617495069242 0.5005891060729615 5.530706636370414 14.040506059825423 32.4513408947339 0.5088688568073023 0.0358274175111369 0.42781324344587185
13 7.194897437127857 5.839587215346904 10.912385322042198 2.003269179205861 9.186313107888125 25.951167144487094 2.8132671604793624 0.671066536268538 5.349562202854138 13.361649429447692 32.82949820891908 0.508667511019361 0.038783032124894395 0.427635901020617
26 7.761958519757456 5.788855207623167 10.912130453771171 2.154998758934595 9.65250843513815 25.52211604233273 2.724378624915576 0.8592204853889449 4.579838191871372 12.972599426049795 32.16307327198026 0.5098392607585297 0.028312316756878626 0.4283031832324013
28 7.689935569525755 5.650028455555147 11.073186795655639 2.1300137142954374 9.885415396744994 25.13726943528685 2.9220154566446297 0.9353792193142211 3.503112026614862 12.282056752860038 32.627931832350384 0.509604113740314 0.02523495184367443 0.42878909763720807
36 7.512574202692777 5.836443341149066 11.18315079273922 1.8897583340407387 8.85203589714643 26.037245406755844 2.980191468969563 0.4569479758029563 5.999577233299769 14.924786264152813 32.75530165633213 0.5092611612959109 0.037149488170560456 0.4272938516147435
38 7.097224070703814 5.728976434185196 11.205823137922314 1.740555362442912 8.342055248327437 26.836440459409907 2.730559846081314 0.6663893496928023 5.75469913981804 14.641856981917694 34.97811171792248 0.5097079758707216 0.027989561290448977 0.42809270995306725
4 7.672155488518506 5.6269600411820635 11.255133059710076 1.9227094678888603 9.834079354241249 25.542216328772568 2.6585999338375395 0.6677178634903758 5.052794052429216 13.973651023377345 31.18819805141593 0.5080370056813618 0.04669374760700035 0.4261986568548911
12 7.480817816670077 5.63295847803346 10.75103771862677 2.2389836769243883 9.63224660224035 25.512721716222302 2.7791194295541195 0.3841777497289871 6.423423070342059 14.432974625243363 30.113184613572457 0.5061901542245473 0.06297326264341235 0.42532738899223466
21 7.648880414807111 5.701140723580703 11.055215776385486 2.0888332596507198 9.41454839273546 25.197071535709906 3.133591588811286 0.7633187038882481 4.7635833006600805 14.040046235969834 31.74038431635521 0.5085014122214822 0.0407475991182867 0.42782991816103066
22 7.180452734330737 5.88451997552883 11.100635078514395 2.0103524500849974 9.356268234665185 26.00080051169329 2.6272412710318043 0.6223450695929125 5.469725147990981 13.128950568197558 32.79856625803513 0.5092665172628078 0.026530966060300854 0.42781713420940426
46 7.806508786181253 5.74575249863481 11.067340392621274 2.075077146363169 9.370666266992322 25.83889480439431 2.6989625359283247 0.5991060033693988 5.1059942661800335 13.883676235063726 32.4793955744712 0.5084923641154483 0.038867077574768524 0.42762218811554786
47 7.891152961384242 5.789580032284082 11.183987276674992 1.9739440091892686 9.757656976070402 25.504854065647244 2.6313553565506798 0.5822101457426461 5.653673430734615 14.232873242817227 30.844273798691297 0.5078658395107604 0.046609615426512596 0.42700658907225897
14 7.867201678288177 5.447400960499698 11.222088933151074 1.9423609844186458 9.605297695684541 25.837922838830256 2.7428378321875084 0.7955363746987649 4.956432797023639 14.458449296531281 31.182413913862096 0.5096078902470131 0.027168174184659555 0.4278667694439695
27 7.783270867662491 5.527870683176847 10.781018208325344 2.1405017945680433 9.295646660921502 25.714849375667317 2.8851729241439092 0.6355556021539215 5.073448871203166 13.991347313744788 32.53739086404047 0.5103190493074135 0.015102482573544686 0.42908590351480763
51 7.862421841314058 5.767535126009548 11.048106533029438 1.9907293956522185 9.60373449295718 26.038538966767756 2.4491405107354303 0.48778876108741764 5.694011317424812 13.711626063945475 31.89457642098427 0.5101218604243157 0.015769139615872712 0.4285739365069625
52 7.522922664321125 5.806793276509858 11.26376167370069 1.8969816520942806 9.31504892907884 26.10103494354041 2.626559447390659 0.5109164692554204 5.750456945442097 13.98401431694167 32.64654528602267 0.5102747994022563 0.01862437963640813 0.429075137320615
56 8.160920351997085 5.7447620768860945 11.318287218162547 1.771802211920478 9.121050810835744 25.889187877731167 2.869484874529895 0.5670560458372654 5.521924785158522 15.17165249313459 32.023813905495274 0.5100693990641334 0.02573500232333342 0.4277705602501996
57 7.7861045187486795 5.608459955885067 11.114546798521417 2.0002092544411636 9.263167319098711 25.459145744919578 2.9873388906408485 0.700528286490722 5.0618813990195415 14.987527075378889 32.173372020239405 0.5081710281414262 0.04840294604855324 0.42687128326138896
29 7.703805919974105 5.677507668851083 11.19345564885713 1.9474750309903488 9.993651781732384 25.693806601424352 2.520936536894562 0.45175393416527077 5.362840618044025 13.554615337615543 30.62402777099654 0.5098377181322791 0.030212573786723294 0.42776801741690634
37 7.344610313351279 5.779840145263556 11.108739877664478 1.8863094010443187 8.99046957256285 26.25427703811458 2.7437580478146657 0.642530621074209 5.922586047431589 13.488219421059489 33.59943970006852 0.5090877855158702 0.037727705765188434 0.4275722125297222
61 7.569697501419617 5.841944700650762 11.005878416312024 1.9545011755935822 8.906478011883605 26.026991322116718 2.9165474226536947 0.8571730951686362 4.786990768359203 13.667299370213545 33.807040775558846 0.5079381427516532 0.04628624645284699 0.42690282030295357
62 7.804989878726496 5.578126694581117 10.87090551048746 2.1691153578020197 9.494024656823417 25.538826259938993 2.8368890915576728 0.5739967179752188 4.757486296971457 13.782331074319377 32.185791753490975 0.5092751844259473 0.03427419274644878 0.4277268027549454
39 7.5345110120413175 5.828788139083585 10.969385960566816 2.0692999229044977 9.548677174473623 25.97879182235338 2.5170986119908796 0.8849513888936803 5.330090889148376 13.385469170965237 32.15078267032534 0.5086262824325878 0.042764524362736714 0.4266803795426164
126 7.2872744817857775 5.743834265267323 10.930114943047155 2.0559937536083623 9.250635475354665 25.684140675998815 2.9151997235597893 1.035878117462276 4.911996046725409 12.666910453351157 33.27044390149682 0.5094584763825604 0.027282852943043764 0.42647776209350297
127 6.969396567623219 5.624817466892001 10.248029811524416 2.4553103432422603 9.276468290257888 25.27257062101049 3.3312467340625598 0.9307332624500742 5.253818056281793 13.415452066586308 30.55006332513098 0.5047063673008704 0.0798998318177078 0.42116249885857243
151 7.661871972898352 5.455391275211361 9.853528329698255 2.7635213011020836 9.871642116837469 25.06688509447519 3.109442583796892 0.9142857259518099 4.864156811279322 12.589878253129422 30.354920684565908 0.5065143085879534 0.0678646854988126 0.423318035725823
152 7.535925193580352 5.7015720174117215 11.052416980896808 2.061497263876444 9.38525848580903 25.60394895344918 2.7444155251404236 0.7618847296179369 5.363792152726105 14.130947305809082 32.339252448713225 0.5087939066629459 0.04552752647726466 0.4257472708062725
66 7.341198594691402 5.8422017172111556 10.986745798256386 1.9799598823887992 8.873641419221952 25.751313576612546 3.1467431661535654 0.7631692435685491 5.591278567410259 14.04798321658631 33.2232760677915 0.5093472819888171 0.03680370788939973 0.4270998808364274
67 7.907089072724913 5.457032406707782 10.701052710171371 2.24783598902443 9.659166836258327 25.99464997658784 2.4719656237619354 0.7689173630648215 4.5686718699672415 13.237337343657499 32.36639556007282 0.5097072465980952 0.0301818013466408 0.42809518548376563
71 7.7610017838463925 5.579672073045598 10.284732923055405 2.6416754013724746 9.88407128885742 25.14573152653017 2.962305586297482 0.7080171698335014 4.847223431317151 12.302538980735921 31.20598672475334 0.5069963139024332 0.05854737419019885 0.42533496730656056
72 7.343067052803045 5.644447271330287 11.314334346759717 1.8167075463572402 9.36690933982699 25.392158782812075 3.2927422209721544 0.9442015301214254 4.820977489666154 13.719663474669591 31.984988309847502 0.5097967361319602 0.02987680343397346 0.4271899980980979
187 7.5042070617192635 5.751975773569249 10.91350290557334 2.145895085100516 9.378272406140185 25.794606185389277 2.770182980056429 0.6282119781740119 5.863244415508276 14.745603921415043 30.953457104968177 0.5080278181427207 0.04853420063743046 0.42541056361357055
186 8.059582910554958 5.635871380240428 11.35694150345602 1.8015551891268193 9.302362200639335 25.776305687351464 2.8928415304764172 0.6332975384638727 4.825421984020492 14.553114658756627 32.298278349701924 0.5087919172826961 0.04399616769686613 0.4254740401028387
5 7.180163987527313 5.780501856721647 11.007109119321603 1.9772013096476881 9.196221313324434 25.62492764389175 2.9857643569497405 0.701549504538011 5.324071086447031 14.133323744960624 32.21991150686841 0.5079089504797377 0.05313252476187813 0.4254416747455986
15 7.537776151520151 5.659095090414198 10.926188464890021 2.283399808841607 10.238032269721268 25.437321136227048 2.397746014991768 0.7498204818223677 4.594044649142029 12.336869974497715 31.394342724287174 0.5094445139962074 0.03520184452036889 0.4275317411141021
30 7.542152304497382 5.608620719088696 11.117594563027177 2.069680971807065 9.509447130050695 25.341024777751112 3.0239614941137467 0.546324459492518 5.196467941028611 14.410368117854262 31.376649349560566 0.5073100258136544 0.06177362689409683 0.4241048265644373
40 7.782075286044797 5.420280155523527 11.084476993900363 2.1400288928158693 10.158303740410899 24.66443128318381 3.0992316027998474 0.9377021828535707 3.3498131084633775 12.54438515040628 31.457400043558607 0.5094430997310555 0.03210893423184732 0.42720747700873096
6 7.796572800784001 5.472490193742012 10.874572437180055 2.14311026489277 9.475086950608732 25.764558920617432 2.7619590400393315 0.655863819012078 4.5148671076422495 13.616059338177386 32.55683149706492 0.5078168614597175 0.05053503550965776 0.4257478157177963
7 7.446083782277474 5.7638140747673825 11.190733529197121 1.9339461569921716 9.058565043096205 26.053611766804487 2.7296308880479065 0.7923717368999559 6.238395878074063 14.526179558611075 32.950847753260604 0.5077327795279979 0.04624239663530772 0.4276044304031374
17 7.760237001358739 5.758646126303396 11.046687068524015 1.9732637755164613 9.516282255121173 25.770412572741368 2.684310413208964 0.8499982106362676 4.940355131436777 13.408316895778484 32.26593039549111 0.5085862152389289 0.03974642907577796 0.4276878295230715
32 7.543373722906342 5.594103041690742 10.690788796565128 2.130755943120293 9.3603770270511 25.81407408716686 2.748066422942853 0.6476836586427602 5.876154649408406 13.845080177322151 31.724206675055694 0.5064801755158774 0.05823561554330535 0.42543134365465773
42 7.636041233909725 5.5644252938384495 10.856315482512723 2.3123985748201097 9.9767854017689 25.164540857526813 2.785921927122815 0.4892841449605929 5.54287085927564 13.843504001950329 30.230519020161164 0.5088101802362255 0.04390041694295321 0.4267961780792994
23 7.43578593835308 5.658731095431545 11.075463934639451 1.9860779999943534 9.34302022225227 25.62657871510155 2.8412976095174884 0.5970099143128847 5.4028920744421525 14.30755582486704 32.128347368007034 0.5078760688805277 0.04598496808655699 0.4267001865780863
48 7.749754483872223 5.599213869961684 10.903206286915296 2.2823991324040493 10.01171831292424 25.159693990469272 2.795222419772718 0.5215774581881837 5.032820065644729 13.391474065047165 30.637953661213547 0.5096583971523119 0.02871812674042051 0.42766746695105473
16 7.404845086229897 5.718610194805023 11.211584104613282 1.8804811660331548 8.955565180791929 25.290233957851513 3.3751830530964497 1.1611696565644207 4.0369472147201675 13.763530605503147 33.80887422214082 0.509295907346751 0.03701480769449455 0.42770662489379246
24 7.859867087275326 5.682847149309396 11.12220551086883 1.9703094182899643 9.206812113193372 25.736711678059443 2.8774987192594192 0.6830516746795272 5.0324351962710425 14.227892202982243 32.71308560454388 0.5099191883192881 0.030524835401007287 0.427917910665219
49 7.664681614153958 5.866779141651342 11.068359050498147 2.129147003806079 9.657345683901866 25.490056047707107 2.7499961398320876 0.7259422854261752 5.487079940161396 13.403488330571141 31.789853915124727 0.5088850455946319 0.04162211887269989 0.4272090086214926
53 7.763220308622678 5.631912977827356 11.26883190577535 1.8022067740693581 8.93569460043846 26.122750570390068 2.8462005652374405 0.9979284927934621 5.091296451819761 14.51558054967325 33.45848938910002 0.5094446057646933 0.028267557996030215 0.4280310293347406
58 7.69425337943801 5.628417039985941 10.776788990914888 2.4132116432212336 10.133291980366842 25.259863618231655 2.658968723276024 0.9123800024234079 4.267597284961183 12.41334260391453 31.405976422525832 0.5076638241271331 0.05089028115532053 0.4265238098359537
31 7.138994219072396 5.786524324688599 10.743111136408388 2.232748485400551 9.390526806602583 25.356879814745763 3.0675848879720626 0.8641291980023721 5.117407235462964 13.443354807428497 31.56603378628152 0.5074631340006588 0.056782179018091544 0.42543353921895505
54 8.089719948024523 5.553606256354323 10.631443290264095 2.3406803974644546 9.803531699093247 25.722180924603617 2.615632003655639 0.5744959343679704 5.037394626256082 13.434439857554239 31.136574986871672 0.508640610537842 0.04236537026674292 0.4266179890622533
59 7.362914896815715 5.902765018511008 11.435388801692927 1.7333075422083275 9.103804611439601 25.883570273461388 2.9202964964808262 0.6110550402592476 5.586863449378578 14.22103351010093 32.73704930519408 0.5093641116767006 0.027700625441549387 0.4272302364051457
63 7.163629293697259 5.780249195488085 11.055605446763924 1.9449024815495004 9.131638323331076 25.420762270759695 3.2099415491331476 0.8528208535801256 5.09417237310861 13.70994571825474 32.46622475377805 0.5093465567735506 0.03208098661759344 0.42787104769103845
41 8.182568867615863 5.300014457821771 10.958990034308288 2.0644110143029213 9.472262325636976 25.56752734814341 3.0199852840001236 0.9795358342324201 3.61279619667818 13.078247468969929 33.22528430063325 0.5088299473779817 0.03821343124408033 0.4273156711948297
64 7.317394210936902 5.779567227890244 10.396813997091353 2.517293342905205 9.70553343202729 25.420193680779928 2.9336381574092902 0.5733208882312846 5.4957010301182185 12.531955949134083 30.94174976325921 0.5054968662681217 0.06897655926764258 0.42354367897573136
128 7.518273996588975 5.724092195045018 10.638130516089843 2.2411254629303388 9.126976005248427 26.16121205337976 2.7580331547701746 0.7018747898803619 5.169706701852022 12.864165623046112 33.36687357361885 0.5090087237076996 0.0317930281547201 0.42719512563458645
153 7.7882347471862 5.711231893203077 10.964481742415844 1.9988671625646974 9.120326451366749 25.964406227593958 2.915987821004412 0.4582403957533051 6.031891609790849 15.060122593280314 31.15940831127492 0.5081261124199381 0.04747409671635258 0.42640192030585505
68 7.575450613562092 5.818701368778292 11.224322786139114 1.9950091598692998 10.083056680538652 25.18130845097605 2.7482508616194026 0.7376470568851702 4.721690032310918 12.817752162941526 30.859133446714612 0.5094520069051087 0.035082444007537704 0.42699947520288445
73 7.736568518095613 5.1755733533445385 10.197200593063245 2.846055400410868 10.259383396446337 24.21581636835152 3.358958067235954 0.9681295421569848 4.244707413361928 13.033168411028493 29.185957693380377 0.5016445874948013 0.098209235101174 0.4181884446421209
188 7.74733449472746 5.7301624353047576 11.040895761355971 1.9713297564678434 9.079579281213164 26.027192812926113 2.7870539812005184 0.761695408719671 5.121224256904881 14.23185242100041 32.973218024538646 0.5088465215803871 0.037685887215388354 0.4263129794454387
8 7.862157402387175 5.4533053118166555 10.678015215110747 2.3809842180754996 9.353452768557789 25.347884528866967 3.0995286192137135 0.8168678815972246 5.128323375746268 14.875488106126951 31.29836375380646 0.5048028957472717 0.08031793859334795 0.42220573307058007
9 7.406098491668622 5.61542297049079 11.005700038114021 2.0960445055034755 9.002955526785813 25.74405986249257 2.957864387475069 0.739011255775986 5.217568605292676 14.492919939788111 33.279446511302446 0.5092706139327946 0.03781174370822374 0.42758237250798303
10 7.6137425966068415 5.841431654713025 11.290377646654205 1.8041332994529906 8.922426061028009 26.311415620788253 2.6313921127160116 0.5552667360018015 5.795190719693887 14.49778385907527 33.585755521656765 0.509775045297219 0.01852168340196761 0.42821470225199565
19 7.569924723073832 5.854142613734773 11.03543647661869 2.10191774808791 9.874788905987506 25.372253146705564 2.717769235668432 0.5320831219417204 5.167845814319462 12.817344697046474 31.464697650105446 0.5088128720262899 0.03732129766984756 0.42751615732982656
34 7.334830258509319 5.572965634041236 11.021067876624512 2.0505839852198773 9.35463033024212 25.852955076702344 2.7169538326264013 0.6003013194644506 5.864488237528386 13.500160497156273 32.945086696761166 0.508835673654566 0.04085494892544555 0.42721804639125666
44 7.412368954913379 5.677661892015679 11.01215292810118 2.0674306526948816 9.32543543021541 25.469288896012806 3.0545981987475987 0.9104195736708595 4.5696459493040456 13.011200882212542 32.972861579706695 0.509266570647493 0.03515613194651173 0.4276812481525041
18 7.710517430625128 5.77982383696179 10.768348064486544 2.146437866551949 9.329346037711222 25.92274902147183 2.800972931408898 0.6738229013986264 5.326219473279368 13.55463816301777 32.102036445525385 0.5086370390590551 0.04747174026299754 0.4261111730857518
20 7.818171149136699 5.619716707031474 10.819679502717952 2.0970138636048987 9.268578296796168 25.937401804474288 2.75590366775702 0.6981471929591466 5.455181311237323 14.06215755061043 32.22538320722198 0.5094018402399801 0.030786103113654553 0.4269768267491148
25 7.369803308905746 5.663541792682185 11.0360164211971 1.9299425792932332 8.707882598903117 25.945347147908993 3.114375123673272 0.6424502266085591 5.510552531973604 14.870629569859341 33.26848792681685 0.5096245659115004 0.025263090865550782 0.42838808448527677
50 7.524568392077467 5.681016306646562 10.918388319423444 2.1158463634721025 9.07538618601747 26.07240298487603 2.6744070249577474 0.7757771143666226 4.855751360604424 13.448977633168845 34.131291832201406 0.5092709250116028 0.030378119583845592 0.4276856145925473
33 7.60208052075214 5.602600565917076 11.231306621902492 1.7895442668782973 8.731960359158347 25.997689730240847 3.008169246137303 0.6789005262035177 5.598061298974007 15.448183344104947 33.22390104890032 0.5084732219008222 0.03685610838275567 0.42764600507834327
35 7.627717774667298 5.736409250534384 10.98675570369801 2.0401582832136467 9.407956735552126 25.719628282628932 3.003140310015673 0.8972594240720506 4.62521438003376 12.921233526724244 32.31268507690197 0.5091324254784381 0.03235738753429316 0.4285202726861956
55 7.275724422249124 5.514380851630684 10.484786947434788 2.4779798931686243 9.834039153527197 24.95992740323524 3.216982714224553 1.2957692689194429 5.156976166743877 12.983520866872427 29.979638313530444 0.5041708495243865 0.08135134822738879 0.42133251511877523
60 8.03369939289627 5.368116311289259 10.896457864521027 2.1212170557971946 9.187843509883168 25.706740050377014 2.9586400585664427 0.6862737345935722 4.4930614450347965 14.407823605118113 33.02010835552153 0.5086517657620002 0.036868327638650354 0.4280178437766619
43 7.8506390973827065 5.674008412819654 10.683954180682692 2.1550687992487707 9.283338118560867 26.231629585659334 2.463941476075032 0.5989568279736369 5.612302461994456 13.96686528565269 32.48169866084578 0.5098024840084528 0.024264146137752404 0.428119090417752
45 7.638573151575458 5.734281350882284 10.670900821705256 2.3231449343315513 9.740484437183001 25.104026259322243 3.035805673706182 0.7418466609355927 5.011872905577214 13.084520526004194 30.991320979391723 0.5081322338305496 0.04773903005731553 0.42661826065642433
65 7.591712338281627 5.625057065519525 11.033352433093539 2.1132765390770882 9.537761996060816 24.677393750433552 3.3900858143933195 0.9278785281324248 4.557366086413577 14.228891950880502 31.262813842849432 0.5070494495014392 0.06047986261729614 0.4250030057648942
129 7.584660028139075 5.681167169141473 11.286601742074463 1.8040335762910418 9.042210068080054 26.411118082797437 2.5938043708050147 0.46679962788915863 6.3302424496836736 14.45706086807742 33.05175401671308 0.5097603132321454 0.02400473382120558 0.4280137915151207
130 7.58735653779013 5.479676028222079 10.677567575489725 2.2629968002711642 9.650526381400397 25.14084753169316 3.3548929489964663 0.9376378629944048 4.125522439429068 13.05962511153179 30.953800996298348 0.5093420061102607 0.03379585052967754 0.42759226641672343
154 7.422795904347312 5.937616416625442 11.323165599290194 1.6934288278169773 8.893771515042788 26.439713153962945 2.6162910869117093 0.5209634378143724 6.654138617979699 15.00665019120036 32.439826667972405 0.5094484953308167 0.02616118881604405 0.4280311487503406
155 7.9095530342358735 5.272349136250089 10.718497955440062 2.372454140005926 9.986327639916242 25.053612920288252 2.9291926702677977 0.9276871015344074 4.118604556977074 12.746399170412024 31.704563214914423 0.5084592826187645 0.050015519437815736 0.4254201499487083
69 7.471088150495592 5.702759985455723 11.06484280864212 2.081746241000304 9.755252213668404 25.882689071719213 2.466205941057469 0.5064519103801594 5.500835560505535 13.247149062717243 31.834224566603737 0.5090435496311086 0.037700921621852096 0.42720898107475236
70 7.134693899353675 5.842622166574779 10.731019579607459 2.1818131652893626 9.380636180208462 25.889529902898754 2.6757401000406302 0.7674687313669717 5.700904856464936 12.917572477403043 32.50577095013432 0.5087494458578048 0.03905681844915161 0.42779549967867747
190 7.331006018317417 5.559386159010932 10.453157990470253 2.8033093696353686 10.236478522859356 23.849520369287163 3.225446439587067 0.9940710967594548 4.706732595315243 13.885628776068465 29.088639283245833 0.5027667825105973 0.08891065781491599 0.4196493323318188
74 7.6703824704444115 5.809024801157023 11.088776818858346 2.0067074830424407 9.530406309000217 25.443255159693724 2.8626317511607864 0.6037978816962412 5.312340777606888 13.973946854600511 31.905339159853526 0.508321357010819 0.04243898155223017 0.4265813548733755
189 6.9573658727719465 5.815328994696436 10.607388523652409 2.294233772052327 9.308316034753558 25.793698192025843 2.871291234363392 1.026534269031003 4.548108713526263 12.417646622411564 32.351132097363646 0.5078394722538344 0.05606849484921855 0.423879519982151
75 7.537916022866969 5.671386619270874 11.072124130730606 2.070359516423884 9.44597909559677 25.501121644295413 2.881253267244411 0.6102171767926623 5.607615335376321 13.721871395727357 32.30313850773919 0.5079952941918785 0.04643782422846851 0.426373952627602
76 7.929482690576357 5.483303075104489 10.849714744733038 2.1347757584650426 9.224354212397913 26.010953394314846 2.7586585032810857 0.6146337452294569 5.394361290150794 14.208807245205222 32.68373208384913 0.5094921070442535 0.03378032649010901 0.4278626053484457
77 7.744906220958568 5.724982995932033 11.042559508021183 2.0190331781607465 9.200905400145224 25.43827784587648 3.2100389706365653 0.5653818638329821 5.892148063773622 14.612643997412329 31.57458659910072 0.5068901287951088 0.0629445862195178 0.4246764897117192
78 7.355990852717045 5.883949921783155 11.117707226658705 1.7770845472634265 8.476170681806643 26.55770813698688 2.7656234617471824 0.595706998586578 6.30403716559745 14.784365095249552 34.193038372772996 0.5103064417914055 0.011277177610147078 0.4290359141169054
86 7.692468893976843 5.575461743391125 10.265774897541887 2.5897390650730685 9.251365000074548 25.067422200854686 3.2295912912758746 0.9490616745022811 5.111391474689099 14.017172657135054 31.576232598694993 0.5021179487554307 0.09135799688579725 0.42046007596542867
88 7.706256024478467 5.705529778998055 11.132164980513117 2.0310933412184045 9.43953834656275 25.52964507206798 2.889547384988056 0.6864948133104081 4.7125996952584535 13.823494001488584 32.257691972495074 0.5099470535835252 0.02592860628506404 0.42755112769318104
79 7.7342175433489135 5.66819295671523 11.065735418912826 1.947119423294361 9.260151489528326 26.02163074405252 2.84956973194238 0.39902715801009914 5.764206732118854 14.759583117227866 31.681541619126193 0.5092941658837923 0.033616191042051165 0.4272128002501258
227 8.084225278482979 5.305812706329865 10.92105277322066 2.1347897197465526 9.627444390671712 25.258584386671643 2.9782477738094424 0.5242765332840872 4.901924741428443 14.315245854315146 31.7496451634208 0.5093047038921952 0.03375755213069261 0.4279284377503021
226 7.695795232170231 5.590643407098329 10.348007689834606 2.5504895704918633 9.999268351109315 25.39138180748716 2.5555621723900863 0.7924941932657454 5.212593916809112 12.641648326207381 30.736905038950084 0.5055044670248672 0.06919815719823967 0.4241075456523743
87 7.8946581198788115 5.574076366092217 10.856840805461335 2.143152167639461 9.252974818569381 25.61682309748581 2.95428734711765 0.9032183145827296 5.063927286839227 13.504691238268723 32.90037529574325 0.5076730794144797 0.050445677526362594 0.42502229371217404
96 7.364102142285319 5.734756939786933 11.006983163353688 1.9906539400017758 9.114796675010831 26.22511207374456 2.666857984517845 0.39245019052650515 6.553874742179231 13.868580199650806 32.579544112078416 0.5092627807284467 0.031871345091080194 0.4274646741396174
97 7.433591312909468 5.673930656338032 10.708834523156987 2.250962625328449 9.510338118982325 24.931406852247225 3.434205201764136 1.1285047038952825 4.6203134912501325 13.457726444329953 30.78355266806267 0.5065341303082597 0.05919583625491191 0.4246053198212107
89 7.261349501417694 5.676739860205522 10.272100344157971 2.7229208068640216 10.178604087254518 24.881868186615986 3.0083508360292996 1.0516801650771905 4.81243051345478 12.198869179829165 29.4335964484195 0.504175363871897 0.08419410199909738 0.4205799110982849
202 7.210395346721064 5.823028468398432 10.820383805251398 2.078461549693839 9.175408034433291 25.944940340634766 2.965379399904676 0.8077440105845393 5.128821106108966 13.080799620432778 32.42504075256607 0.5082921489600289 0.04345943597000956 0.4264903826872155
201 7.703336524847903 5.675899714771978 10.732610129685545 2.221740990556907 9.380587073908714 25.304075609893154 3.076179843461123 0.6494804707351318 5.246825460198347 14.510149692973883 31.119423691260064 0.506998555504046 0.061147311550937535 0.42425839298191764
101 7.397799068979646 5.799762798891296 11.2186896618582 1.978347294611841 9.082083034312944 25.61401548712193 2.987641968684576 0.7944391219415381 5.876399606839399 14.252728999392765 33.09019822480163 0.5079751688047794 0.050920155173764026 0.42655703422298585
102 7.718165737982977 5.535317176821091 10.514789101263391 2.2907175437793517 8.848871465696483 26.15683535389172 2.887227645576782 1.0583892944118853 4.780305088127788 13.314259774857899 34.13110071385875 0.5083373349213179 0.04954018548166413 0.42593632473627274
103 7.602917950121352 5.829195080735058 10.697893613842576 2.1918744945063295 9.243916612997664 25.666433215993415 2.8393581532974235 0.6982860724330723 5.776005912053329 13.853968713036334 32.07154875310786 0.508064697030483 0.05283794580742184 0.426225219272001
111 7.81177881560812 5.690912298265601 10.788238260328223 2.2184906817682064 9.375562512069873 25.44739585861032 2.996980444638912 0.5468245316115279 5.477197710701862 13.709566342896336 32.2998063283286 0.5083270997194971 0.0488946016660826 0.4261415001503428
113 7.68051741724275 5.7010842412104985 10.954089904921386 2.1278933040286097 9.532274241034886 25.471341635887207 2.8829202015335635 0.585106165870887 5.076551494729419 13.494554636628251 32.08424626652203 0.5097195316370055 0.021718174053955343 0.42847715024740485
104 7.33437739414244 5.883199256410016 11.271200646864072 1.8085953487416178 9.181059733585206 26.327293421570985 2.6194500667447755 0.731453590867879 5.428708576846532 13.610609851336244 32.79819458750104 0.5095373371597947 0.03608680765820444 0.4271406902028945
112 7.836718307017823 5.643370455545374 11.04579714451127 1.905282967524718 8.828949208499308 26.213990152973913 2.94940615121977 0.7493105513532311 5.014045445745605 14.282006233837881 33.46722851841621 0.5093176265392233 0.03186683117590786 0.42781506412306075
121 7.862292583377249 5.749744922365599 10.722982174717462 2.4638263203406976 9.929365964220295 24.847562396387378 3.0584064151573105 0.6025695948156689 5.108841505930491 13.491450213689188 30.367705786336717 0.509310326925102 0.03413616048136675 0.42748513821275175
122 7.432849428176562 5.741048683576704 10.747385569827063 2.2736275863953863 9.444785216987086 25.390552797130002 3.0125772438782077 0.9494429668922671 4.288690101629454 12.426847195895693 32.92603464719333 0.507429067973661 0.049368904805900886 0.42668684111203586
114 8.062982292127414 5.4414472885379945 10.963778842309875 1.9782240482675324 9.40588765900684 25.632075136493803 2.9211749406233625 0.6633597112189628 5.0503976706919955 15.199781891944701 31.23793802697591 0.5091408331095466 0.03742679203764229 0.42743140251775896
80 7.481398425972956 5.695309617704946 11.13726524859598 2.011999298730154 9.121554030128076 25.477374043537022 3.0934034967289543 0.8093548713473074 5.126452116029881 14.66890753623007 32.66926958057956 0.5089519978206156 0.03839750200090282 0.42748184402815365
90 7.323117757973328 5.750459552621408 11.353288967603591 1.7969636224096834 9.409187779086766 26.225597866376987 2.4039399049027406 0.6357784486488057 5.4922923037738585 14.04531812264415 32.30128398011984 0.5086187847439687 0.04343131305688742 0.4274220674734315
228 7.535280902619515 5.837390313561606 10.753657596165004 2.2737711812553107 9.952401224346781 25.14854086974741 2.912754454799811 0.709049852068588 4.990502623692481 12.309485497027326 31.06647554024204 0.5083050935249901 0.04615546997853514 0.4268401052891275
81 7.530221322326405 5.400882550582123 10.70232056930298 2.3998843065396596 10.000896645417473 24.770591756165057 3.2412433734264194 0.6630327760292556 4.551619775233654 13.120056467821364 30.765407674764745 0.5070533676936366 0.05706844525894196 0.4256363707411647
82 7.706383125441226 5.590144588626206 11.02280525082059 2.032201968878753 9.313091661331784 25.670862770914923 2.886644315675844 0.9684213720832189 4.53064839412166 13.780342721405608 32.66132829474866 0.50827761282785 0.04386330523905899 0.4265039702245521
92 7.365626399633153 5.703979602074638 11.032235746759198 2.080873976137101 9.661328663086001 26.021741277961365 2.3850881522231187 0.7255848197733977 5.639212760816323 13.676389861159938 31.390604732564388 0.5070916965834082 0.059311955245235234 0.4254128616899508
98 8.14172124741589 5.349061555140244 11.145184499776013 2.12492862838512 9.896065632362491 25.35874414942385 2.689604851217843 0.5930805836955269 4.729380735237215 14.42264839652419 31.242899232712336 0.5079965847347637 0.03860800687755265 0.4276783195629497
203 7.4965012321696864 5.827205988765422 11.11972386573949 2.0469507288660207 9.77726774025349 25.44790208296408 2.8542132649454017 0.6533689585306552 5.20307875947425 12.92102772706572 31.542048412593193 0.5098208523525728 0.020566846918941787 0.4286206073540277
91 7.2510386623936505 5.361617140588005 10.892693297328783 2.359632824816149 9.820767087791321 24.991803873911337 3.0503988421593355 0.8761199651330847 4.658301670182395 12.74333360824836 32.243700437713876 0.506370835131626 0.06735572444440158 0.4233418506408828
99 7.898059154696286 5.582432555277817 10.993911899982272 2.1611276962849417 10.06658887766585 24.617064381082187 3.1156291921476535 0.935799923148607 4.5050871299407715 13.704924314884005 30.19176288172342 0.5087612091632551 0.0428354207552131 0.4268444139591717
105 7.723780394759392 5.586624921653655 10.898834313957943 2.184783644590642 9.413610461409098 25.61331887866736 2.7459775318997286 0.7443758263753659 4.261581628564919 13.4624414457729 33.131310998565986 0.5096162694528269 0.029735516932581477 0.4276473765203958
115 7.476113957848539 5.800001099062947 11.470959590128809 1.6886017950666476 9.10590715073852 26.14888852328452 2.599049883183681 0.5070013373948818 6.077273434597267 15.424584735973177 32.31785771502999 0.5094894483896134 0.029411302895817854 0.4281716268250712
106 7.610179623365242 5.562932029785012 10.952717676532536 2.0901470082855487 9.81919270650018 25.578231620860684 2.654818681100208 0.7038812022131454 4.976692609731704 12.770495316032822 31.992259309763085 0.5089248276123733 0.03871971393536126 0.42761652242667864
107 8.049392316099508 5.368828500546821 10.853736102470872 2.232040380921548 9.811476710973542 24.8717731247901 3.0791706245208297 1.0435358642585861 4.598439414669651 14.010410132478771 30.795803311711047 0.5083867463481041 0.04996909385342988 0.425981948053138
117 8.022715423801095 5.258331723506607 11.052104317384584 2.088538611175865 9.651142371099043 25.491933364807114 2.816553744497784 0.5918000924369895 4.553996366716442 14.286874261793054 31.793975566153833 0.5092747315560878 0.03356167124451677 0.4283770737607719
123 7.722893075899385 5.70626437097204 11.389800873381098 1.825458084088898 9.389328985415847 25.850182715509607 2.6689168016530482 0.5460873948143606 5.364679639006062 14.564795994157592 32.295109799685505 0.5088889992950044 0.039136683490292035 0.4272931188812018
116 7.42731036467257 5.827512207306251 11.157627574250792 1.950707213111569 9.714520617949175 25.710344730909686 2.6956565976750175 0.6267718803310106 5.202256378754848 13.02548030386614 31.644049518352546 0.510342570495833 0.01346953058138066 0.4283803275174669
124 7.673524052308623 5.353574870603501 10.661926848465889 2.235824992546329 9.159743077700023 25.46891806234826 3.0650773794018074 1.2876000395530613 4.256998286192503 13.432398481063817 33.584274449082805 0.5067447008089855 0.057189943882874426 0.42526606514967025
229 7.918123829982796 5.3626137553651585 10.437519118537704 2.709428822717745 10.5266023366374 24.325392512563592 3.0480402945283585 0.7480935838985506 4.944222313639109 13.162098196633814 28.68201361994166 0.5035961326306138 0.08496956091975601 0.42122620186130466
230 7.488556157803882 5.593698756332524 11.284612267912545 1.7122649199886117 8.820127676021142 26.377385360059876 2.774528755183294 0.7683132241484852 5.674719190323913 14.309374448641037 33.92549326082487 0.5098182154240637 0.024798942269912614 0.42780584186376974
83 7.47871374962751 5.734978704954771 11.185584806981002 2.031134688305814 9.734935589144477 25.085216466322965 3.0842644368916505 0.9431265923089014 4.575628990757428 13.442142159554633 31.478438672588872 0.5096410031969145 0.025722414649246694 0.4276836637927284
84 7.659176458601599 5.459391993483796 11.182084009574714 1.9754529038694506 9.294246336377865 25.229027296218334 3.149302502601501 0.9226909573499484 4.66145653943297 14.886780232456273 32.1930872540469 0.5084706343510222 0.04520040592925108 0.42637335299988177
85 7.812194770545326 5.637379305457502 10.876776981997915 2.1545797556723745 9.624208229772956 25.693868896323174 2.716789889752724 0.34464803185157844 6.053358447110737 14.540240692694503 30.570095880418354 0.5088486768350823 0.04232941328407853 0.4275146263312084
94 7.421134794460618 5.738765652797122 11.076361486678755 1.7909241024321356 8.63959232612224 26.43155398670709 2.7852378560129814 0.6497801377872277 5.800099564311089 14.902404778992283 33.541320734350016 0.5082833974662977 0.044775309597884734 0.42704442115809665
205 7.819178266644567 5.3373189790804725 10.665286050580221 2.203331472598578 9.14700204248104 25.052074627729787 3.2836053100076774 0.8939006836118046 5.417440622399136 15.511296021962258 31.795346254675348 0.5068471618950563 0.06432141543452807 0.42395808980571753
204 8.13417565371257 5.328710610469475 10.495060007787814 2.6106288305828946 10.352790448393984 24.846235351983147 2.9273132283028733 0.7649801257759017 3.912276984837348 12.8366051095272 29.817926989184542 0.5069634913251724 0.06553629652502517 0.4230677479070348
93 7.743879142561017 5.649076060483533 10.955498887885065 2.0968846554460887 9.523533772883637 25.502936942690678 2.9623880496310413 0.8134062754867973 4.624482875223623 13.636712850974895 31.839016130614784 0.5088206530797942 0.043823022316158484 0.4272296723134703
95 7.59698141661113 5.695792949657841 10.752655866959364 2.213216260203141 8.87637421000075 26.107958323026725 2.712870490499133 0.8715880030485794 6.041102271483232 14.849768518287828 32.926053924334816 0.507380192705952 0.05363696979354804 0.42600780227579255
100 7.627084373888573 5.713736055405201 10.806226889751139 2.3214009917606595 10.014482726684124 25.315663143883246 2.6685064930603954 0.5440904210170658 5.427902777500418 13.263359338849066 30.577001474143067 0.5084001812897941 0.038166454875299925 0.42702020314394196
108 7.7018371191559005 5.594683038660857 10.929637910301828 2.1500118009924143 9.471946590361435 25.39296858812937 2.9093961301548377 1.0323116556224934 4.423743797796231 13.209727151673286 32.822419947594355 0.507317183752706 0.05431015174275808 0.425602457153972
109 7.60622972855624 5.633361879869579 10.801814902874694 2.2466721624451385 9.399703652161582 25.7879167597908 2.6687225078838677 1.2200798332649592 4.334470197275762 12.947146850516848 33.43914838960208 0.5083513767346313 0.044299701052637606 0.42635706659581835
110 7.8830414366124195 5.5395428141958005 10.86865061184226 1.980736439056482 8.820484764662288 26.023129128650307 3.053434293119116 1.1627340268346584 4.630589210957777 14.15833480018992 33.53216665200016 0.5091813744423564 0.03762521700326725 0.42779445670065236
119 7.424889726156352 5.74980188507411 11.226619937262031 1.9578692002703266 9.460077088936643 25.695438984370973 2.695029194381982 0.584135991105461 5.8866819034683475 13.92902121232095 32.20875712387441 0.5092234866040911 0.034291858586692696 0.4277209855076815
118 7.727259276296315 5.730158837163422 10.740527731782247 2.208455443159566 9.478566479195006 25.727704299253546 2.798867468605663 0.5802525843460866 5.288997070644995 13.874023709195184 31.457685816467354 0.5081939411904267 0.04519414652338696 0.42619751870132877
120 7.537912942086813 5.800538243349019 11.112029396133032 1.796820674049535 8.441701520080366 26.524546276709998 2.978289521563232 0.6240010580285827 5.915562195186907 15.060474183828108 33.78579641548368 0.5097245562304302 0.02455511260801512 0.42864419997592623
125 7.354680799887635 5.749677981591725 10.98418791277484 2.1343767646465244 9.45448501027815 25.875305186902356 2.6629533081269106 0.6630579037535598 5.419086671158097 13.118123376258428 32.925618526275585 0.5089048925382477 0.03108284589659209 0.4277952324213766
131 7.752349469966996 5.713696528895808 11.18403628112221 2.065847400322642 9.942149533016941 25.10057358005576 2.8952060851784975 0.6912246705503736 4.359824111565318 13.289688848574228 31.01469740871165 0.5091073214214679 0.030912344208166576 0.4277908938578508
132 7.746736313791655 5.486925025716332 11.1090534547665 2.0050697516161784 9.505330946819553 25.709419020177446 2.729866813477075 0.6652332750848894 4.985621620046502 13.89370778077954 32.38326321045548 0.509963564256604 0.024490952269654146 0.4274352293937781
133 7.369621837966828 5.622345985670932 10.934607005252722 2.049897004056161 8.967190868474194 25.74417485939273 3.1080198153766236 0.7417049637724407 4.96956858516756 13.91962191248113 33.15098985844719 0.5073657117122348 0.04768785915880738 0.426717145103317
156 7.803027471267871 5.659844273973898 11.405897067508135 1.9551811820669676 9.795152596660527 25.245352875103567 2.8042941777071655 0.8304273186502676 4.411318497994315 14.012241353386043 31.472701013478403 0.5094591059321963 0.03163766934240451 0.4282467795498345
158 7.69166670468305 5.499247932569595 10.703268363261392 2.476049692429429 9.924194065070225 25.08989942976411 3.0671632870669594 0.622811992822314 4.553752771152603 13.439478429814326 30.25588651136123 0.5074179822914192 0.04969787073581415 0.4266372722017026
134 7.629166038714495 5.809760962851994 11.080651533035983 1.9484713543047976 9.369535143541318 25.72602736048424 2.8727516916875984 0.5617147521373963 6.069684379403994 15.032425596399493 30.705376782093136 0.5081581830437705 0.04553410745959029 0.4258047083460719
141 7.46448635947784 5.684740184783012 11.163058549892854 1.9791024105348638 9.417954633996914 25.670732822639845 2.795769944478089 0.8154774147963357 5.04372082241342 13.8526925664197 32.41173324087209 0.5080282867715121 0.0465486146101407 0.42721058898987696
142 7.652758102843022 5.496713514734302 10.489100937832726 2.5004752017462546 9.80584830311959 25.399960551196962 2.850875736835471 1.3071334113863082 4.1665161061432485 12.211070196255779 31.75590472483722 0.5063212051998167 0.06395319197938491 0.42530924386992847
143 7.058970606338204 5.819570021076244 11.070804452646222 1.9188319483727334 8.86270489111955 26.63546245460088 2.499558085931453 0.6461617326987877 6.0540273442550525 13.607312811328013 33.938416855735724 0.5081161916526113 0.04727106480366301 0.4262983791201181
166 7.863048182005717 5.605900897089518 11.169523233669407 2.020465374916455 9.884902934837486 25.221598949116757 2.8966386549203955 0.649089648530309 4.771124027691091 13.792048884900664 31.02474820437468 0.5089316514720563 0.034106698312085744 0.42836027967720064
168 7.293480278227097 5.78061578097088 11.128479549846977 2.021443965786142 9.646200681981163 25.461826777262548 2.797034608643181 0.6565618853748407 5.210485497194768 12.968488749141907 32.29793084591136 0.5088204023893822 0.04107084218879328 0.4268969819585069
144 7.757616586507421 5.384227822343129 11.045441104158986 1.9868840312555198 9.10131130670878 25.995281246628945 2.8555061001652002 0.7127815371104194 5.049631384395218 14.736358297653352 32.682072635021036 0.5076333198416525 0.05762142713814948 0.42496300334420406
157 7.524970200024988 5.295185659965483 10.681417520555614 2.314456578464548 9.730450623835733 25.156747313248996 3.2205915659843725 1.228470941720397 5.102916549738109 13.901067329758938 30.06294262280216 0.5041256411071536 0.0813932798747058 0.42101535497152487
176 7.545752681769067 5.499785819074961 10.830454365387338 2.205161316826847 9.779688655541591 25.43603857498409 2.743918091345123 0.8307188514490281 4.744015004620221 13.21254585641398 31.643392836081784 0.5082756985208637 0.04110499737304545 0.42771320833447996
177 7.144506755057706 5.817184582730062 11.233394317122324 1.9173527238023953 9.250037929930306 25.39309057706379 3.0832711324648865 0.8803352090050743 4.892056441813143 13.218559728785566 33.33514806042368 0.5097007240625115 0.022478824954094877 0.4282566016102319
169 7.712208965885397 5.747454479187676 11.308972767025544 1.8155345720761484 9.07279096500674 26.2253548369439 2.6761459630724853 0.5884087198985429 5.582916122510821 14.454870369811106 33.10559951668002 0.5098003210636834 0.022497815888185394 0.42841893899470007
159 7.791210191666534 5.497999172237608 10.611004735946489 2.2513146901703385 9.126575725815732 26.182379586578904 2.670846760165104 1.0439509466165204 5.245817216421832 14.369977980262917 32.00548528415624 0.508062122801708 0.049993754498304385 0.4262499405611988
182 7.534937686558222 5.777557190099473 10.79703126274785 2.295012277249966 9.980991457490935 24.977066369117583 2.892604987635489 0.6913702679493492 4.700959138653695 12.599742698232667 31.222438247400387 0.5086847213350406 0.041917421359943266 0.42764241440833284
181 7.6135032385827435 5.523892009810652 11.02832552657154 2.145263287675223 9.546438298320851 25.2949354480582 3.042659272857432 0.7520992609732645 4.569252984798936 13.66390078355951 32.05965158562968 0.5083238524648688 0.04239718998169693 0.4280532056882437
167 7.834016578273958 5.625179225792967 11.237787726459983 1.9527904066853663 9.39336804172931 25.248441765588083 3.1447231673812794 1.120774828493327 3.9385552606273353 13.607369358826363 32.97513060587248 0.508803067502444 0.04473306474829643 0.42618741202322524
191 7.943807235267967 5.579417749623037 10.782663360217049 2.0993109656857554 9.713177834132512 25.70228939503784 2.7031468654379163 0.7299198295877211 4.861410167529394 13.60671749412215 31.343214520409177 0.5083517055016811 0.0509152920951013 0.4258922646875317
192 7.799544775264176 5.355547699624495 10.900109696226494 2.0228795088888405 8.892853766021132 25.946757517383254 3.021334350028682 0.944568386847811 5.244764158747541 14.688292434422243 33.226125703600815 0.5071236226439814 0.05692124471066967 0.42561562288678595
196 7.729378733497512 5.778884405537859 10.820425657606503 2.0835469437915886 9.344693388080527 25.43018293579997 3.0356900938735425 0.7601152179638474 4.656525764607401 13.668863377189815 32.47772450809592 0.5097549224677295 0.030220910068561622 0.4279208424970811
197 7.649258426436223 5.550221874009809 10.974121016696087 2.0240726383626604 9.213168180606806 25.58562825092082 3.042722068656736 0.7231015624926398 5.8510075222106295 14.770897415051566 31.961102496909156 0.5072591432687034 0.05738609988263449 0.4253123868570398
135 7.815517130789388 5.652265542669844 11.140448914908408 2.1196120105748677 9.536181198319317 25.17260041122283 2.9073053666334614 0.7435959169792945 4.773500275834056 14.24311777180161 31.990975611537216 0.5079916975666131 0.04673949424559391 0.4266744960034285
160 7.589436412197316 5.6500960844963535 10.305818652703804 2.557318149878996 9.527465475851391 25.1555760230047 3.137266158648914 0.9076330652118352 4.955092410444996 13.229269708701398 31.335365483663075 0.5061732738678979 0.06320859915179566 0.4239745689442965
184 7.614877438754437 5.798964096616919 10.437380373365084 2.500373427399058 9.915679841475042 24.78130517378603 3.205633082446512 0.7646789377986876 4.8321022149612345 12.7345091688283 30.095453554477388 0.5067109355327872 0.06831727673455722 0.4224712760241664
136 7.453001109160314 5.816636075361527 10.911919721502548 2.1308913832233527 9.483952472226633 25.246083519362685 3.242172187380899 0.6069218892187335 5.212238350586804 12.92254665279888 31.89182806536789 0.5084825770104541 0.04301737643365338 0.42579797914528156
137 7.931488724578944 5.68841986368667 11.312720075560206 1.7528409739054116 8.829452618583234 26.234301236819707 2.7950857707890813 0.6602513451747367 5.180856899185887 14.79167872492434 33.246647414505674 0.509081313882009 0.03456646263318781 0.42748469359191943
162 7.390111258109657 5.819683384092655 10.916868079070687 2.0153308494464857 8.60163635829679 25.805695951053153 3.33765011590547 0.6623914359094049 6.215642446386033 15.507891680598197 32.40948090563947 0.5067628350487622 0.06224765400550852 0.42418921637878537
171 7.17735694180214 5.878182652181263 10.897122818264426 2.151421824353564 9.043708187019199 25.883621966743025 2.8375379105917844 0.6642693160735162 5.557964510629312 13.0252178496334 33.811863851463784 0.5084070555120138 0.03810600364611058 0.4272634335245035
145 7.3933295472434954 5.81581214958627 11.069377501145881 1.8405990764480356 8.596324796865419 26.742524521021394 2.665048060917741 0.5715785804222793 6.331274708814549 14.896543790278663 33.353951441857404 0.5079113717045914 0.04715187481312351 0.426566122977322
170 7.4770375479570435 5.666594298551808 10.596193872451655 2.2230932025508774 9.354094314477267 25.321281968804414 3.113093457001611 0.7807235437068878 5.668931584836309 13.795227978831962 31.3490139838309 0.5050357864420193 0.07439531816407607 0.42317988887169394
146 7.370580236032895 5.666072637283772 9.847193099272694 2.766961620753528 9.810636995314248 24.883035190963582 3.088781943748289 0.9320847122003301 5.974363909387653 13.456232077151848 28.997743820985153 0.5054277186650565 0.06980420562310721 0.42381837244525294
147 7.767510506629504 5.677245921904495 10.674461319311527 2.1741798386254088 9.201164653174052 25.98265061993137 2.8439817798917115 0.8098295691190455 4.693979623289545 13.571841219024314 31.902801108317185 0.5086576319493247 0.0365450297103003 0.4274608040348008
172 7.895122849902643 5.581898438604148 10.549858060516174 2.402423829865588 9.594571828166636 25.202974845356884 3.087087082843694 0.9305364722681767 3.8420132305277006 12.593019737060454 31.957616081439813 0.509049242991286 0.036979853627112515 0.42729839656000557
183 7.739941254569207 5.591892869934455 10.450736121776266 2.514692308408685 9.676327842826733 25.181997429414977 3.0934902106980138 0.6050662965839262 5.566171258276771 13.670485752051407 30.47609261493387 0.5065548300083522 0.0639343938622099 0.423585866656885
178 7.161232028570279 5.890169257552178 10.742250871066874 2.2771005889657756 9.689342728743148 25.576082682430872 2.6133586053694295 0.525988369173765 6.028197427109857 12.487414377858133 32.178997593920954 0.5094970535253135 0.032830649801821356 0.42696324060079527
161 7.880340278478698 5.5974442534993365 11.005659239847603 1.9644990618843607 8.722516332403863 25.75312599902175 3.306576599330511 1.0507454379921668 4.641668501487352 14.39985411796366 33.56384929753764 0.5081853102706214 0.03247003061847049 0.42803223480328007
179 7.601429706938611 5.7111805644764795 10.13399161351525 2.6181039080734148 9.918811018485203 25.00492612971573 2.9684456237489334 0.736027024659663 5.399769756035236 12.951928315569226 29.99568145276388 0.5074077503301845 0.052384400830640415 0.425127770960214
193 7.883108062836887 5.677241024949351 10.923582586079107 2.01355265092604 8.879383782861764 26.193619902407068 2.7771824628215716 0.6243193658725408 5.344690426146081 14.5658343170636 33.13738529261777 0.509700276534057 0.02082464306682079 0.42901473089031184
198 7.499517913016155 5.892532890195988 11.078566778022942 1.9671372563888199 8.998503465420828 26.054290537027086 2.8173454697070794 0.44185319828884634 6.132362814526248 14.486689674021681 32.5786158489319 0.5092052086202742 0.035278918221614435 0.42733234713408924
185 7.0819756690290925 5.746685670169171 10.853827299459722 2.2076985216985165 9.714481286583208 25.36775734021715 2.9684449873092085 0.7043056647619858 5.028756641299527 12.744483136944982 31.323779174024974 0.506992255402793 0.05956330713257123 0.42428615636086475
175 8.094080091859306 5.444484537131497 10.88594836614714 2.190771600914391 9.741448933905396 25.51675850593537 2.7327695744074556 0.5275003988813403 5.128947713693207 14.45515683000129 30.854760967916558 0.5081559572137095 0.05041122634507639 0.42657378860675116
173 8.089271842704784 5.558343542899327 10.707970718022743 2.2316596513096685 9.696302965140593 25.20700795932948 2.997711298147012 1.0194534048272068 4.11173017757403 13.11262127072144 31.496864997048938 0.5081798380302806 0.03842462285179298 0.4272498918138306
138 7.412237292565735 5.48572120084914 10.119923587123461 2.8221189072677424 10.227926871740978 24.34601184815029 3.3307877504119023 1.1069050694458866 4.502601185852752 12.338199808003093 29.32587144468947 0.5043285098010886 0.07949002694359895 0.42198526069894593
139 7.578068608282811 5.801444661242158 11.386059514114761 1.8702880648165248 9.598873964364179 25.77405306194293 2.657483389897357 0.6101389698220452 5.109994701471479 13.907536649133748 31.930838190532718 0.5079864414229426 0.042507991510297084 0.4274103892451229
140 7.458083541137419 5.605218078369269 10.815150964455015 2.43298080127765 10.118986173199678 24.941153950682978 2.789827707452109 0.8246191307370174 4.577785864249684 12.944226157277557 30.854582780474427 0.5066819549846932 0.06730093302020684 0.42325390543797187
164 7.329850666273828 5.817104047157553 11.319120867722791 1.937901885548295 9.356690502210228 26.068747967528736 2.508598299301994 0.5510358897577642 5.80838473856533 14.262197719725751 32.351457792452514 0.5082353560968847 0.047199744960012266 0.42691063800334345
148 7.624120394603805 5.597993132044167 11.085906624378067 2.038775557215527 9.559086818140877 26.21315304542891 2.3783796500522603 0.5023437804444563 6.009314436763484 13.65753531956588 32.060405388927826 0.509927843372628 0.024885081334087455 0.42779379580073673
149 7.630758913274265 5.4326288391515565 11.15934334296613 2.005719750988639 9.140928499514631 25.7245597525236 2.850222690727973 0.6898261943407559 4.844520164159202 14.749821950612313 33.20318887101539 0.5080882110605025 0.04441656040242073 0.42692943779672154
150 7.391994384345746 5.790371011322169 11.485359758593178 1.7329572759436598 9.079461898485015 26.12175998702443 2.591183944134618 0.604370827090534 6.105891093245416 14.96507974607667 33.14502029880178 0.5093696472906097 0.03531217450096305 0.4277686288544301
174 7.474978788747283 5.597374017364761 10.762464646641245 2.233826768645345 9.425236575903039 25.696143241751127 2.787610470063274 0.8774576664067213 4.767975293261764 13.237833854001586 32.67701710005742 0.5085634976998059 0.039544562263287515 0.42749758627811185
163 7.848158271447584 5.3579142632558705 10.844878406657692 2.239586518358353 9.436909149944558 25.407293185096467 2.926955360755926 0.9202630591638128 4.670518715349174 14.048001714518845 32.32239708382111 0.5080895463044448 0.04731490315498853 0.426353663899971
165 7.260339100944932 5.678421746556809 11.085599450853858 1.913164109623452 9.535597490781361 25.883472859562666 2.5593597802214467 0.7089895558077517 6.030771912111497 13.956080555955243 31.806107765007575 0.506849371554012 0.061952462896559486 0.42436892367876483
180 7.733797140346818 5.499203673087967 11.070408357789566 2.109790525358436 10.027793993323009 25.05863828185137 2.8482316936816803 0.46781022178892584 4.908049043266478 14.029012773250466 30.173557608483286 0.5089055534708439 0.03305102631423348 0.42716939780791285
194 7.539027533207248 5.72945237016481 11.08502933035966 2.0308184360573334 9.450541926377863 25.66586849139906 2.8642287079496676 0.9788703673030772 4.871522680319063 13.757787156010174 32.02789382451231 0.5080768675794735 0.044702282490590606 0.4264472191609303
195 7.463735495664802 5.711750641242277 11.199877017664113 1.8632129285224777 9.624054696012903 26.258648930015298 2.350187491092187 0.5889928994091143 5.424691531010106 13.727263852931747 31.896899441255083 0.5091157920544884 0.035593689887812786 0.4267866825857576
199 7.571238287854509 5.628036433830371 10.717286393345404 2.162578272299332 9.504008430661962 25.27378068309059 3.218967870747918 0.7643004631885572 4.5753577241890575 13.526545622665047 30.88244486635787 0.5085652512659817 0.04457266633781261 0.4261783416940174
200 7.71258500876785 5.466445400910934 10.967421518557412 2.0633916337648466 9.4385684256022 25.891859239466825 2.749286758571951 0.7280772113100068 4.575261032902286 13.699252078339878 32.557465976683915 0.5090074782217272 0.035794770260646716 0.42764992091579745
206 7.10725959468097 5.881287167805318 10.84272956152089 2.2860903691199588 10.014924374229896 25.345545525648294 2.698118803380283 0.7104530660302468 5.54582946460391 12.661767914916226 30.7406129127815 0.5075049587046244 0.050935182264152064 0.4260481511681037
207 7.510623253913779 5.499323874409502 10.62113994136056 2.300538834860287 9.23432143719274 25.02684311069318 3.5448919026481676 1.2725169102613072 4.285940451867911 14.07141879831422 31.62824463269572 0.5055327284563407 0.07036995314539644 0.423354644647029
208 7.422352171848855 5.612889068304823 10.728279301133275 2.3946701389589906 10.124253195859664 25.135815634782183 2.770811273247949 0.43657676178742144 5.781732159351477 13.327263623998501 29.657726107097954 0.506743060206811 0.05900004246176618 0.42533911093364146
209 7.158163806455305 5.722986493605057 10.697682678067608 2.2019050010128174 9.013090858229836 26.11306844316093 2.7810014533882574 0.9059880154982173 5.491309994509221 12.998363360618534 33.58988455327511 0.5093375296614502 0.03272812698887567 0.4276839765172529
244 7.585046149710682 5.526063323337434 10.157515666443782 2.4939601604736286 9.43830935997058 25.38091843329143 3.2233295118550203 0.5630343831132828 5.36799726133268 13.840178593325742 30.40874712405565 0.5067599627193373 0.06613752429637455 0.4234611693533839
243 7.7714168712882445 5.566514712706665 10.923732009792989 2.055838121660214 9.20200866631189 25.597042284344003 3.083954745454877 0.7037130812845434 5.153406395916506 14.30125232677042 32.01097443516282 0.5086971448139932 0.04201068215581702 0.42696183781878977
242 7.548281839611846 5.803399650750629 11.21439999721639 1.8390942929644978 8.959459600126747 25.41245150585659 3.3168925481990397 0.8255089955668394 5.3414596076044045 14.64311078741281 32.581487758123615 0.5080696136507074 0.04621329592880102 0.42696459445684465
234 7.605895487147228 5.695558134536672 10.94503512968306 1.9950200303454528 9.479703489763804 26.111500610496744 2.587821199986738 0.5396845209832306 6.052417368715965 13.320131052981294 31.995964177206574 0.5094937797744784 0.027286722352371864 0.4280103316531789
241 7.653928104966186 5.526098362652195 11.047763592638725 2.090574573222693 9.550693470262091 25.554796951918217 2.855651379143311 0.7199196438345892 4.753280135148282 13.62101931731172 32.37239863197777 0.5086814780178393 0.04524844292528382 0.4267198666867294
216 7.5027802968023485 5.704447453182213 11.198203680589655 2.089668801278193 9.940400834313131 25.044777626566862 2.8997824976978506 1.0729519160175625 4.498872653345859 13.232706902444637 31.03206710248467 0.5080561100289651 0.05252220347757408 0.42636886837265203
217 7.874918004009488 5.6971672553757 10.612642826650173 2.3379383706667243 9.484293162814813 26.026129358190286 2.5071944420139496 0.4828925218773154 5.54628335605098 13.474153753466478 32.00117714753646 0.5089809082735154 0.04554499166561945 0.42649025884821
218 8.040502441788357 5.596915036519421 10.826753717014249 2.28106406830661 9.81640410840468 25.073938359075843 2.960072447204785 0.7623571140154275 4.131891360121406 13.137652601316505 31.642966925720216 0.5089265338549668 0.036835267709696536 0.4275536174395511
233 7.849167451405425 5.395763204401284 11.10321543140723 1.9255646116854694 9.062645649084494 25.747072182885802 2.999398299350636 0.7248940812585852 4.946007474786073 14.364434872 33.567597099510024 0.5085233804042183 0.04699608254388582 0.42717581047208875
219 7.765864400922983 5.788811538219456 10.936652783204321 2.079693442296293 9.559331689874622 25.593155355794437 2.876328706183615 0.7508898171156442 4.935637942435264 12.845157785381048 32.14823992747958 0.509638222116563 0.02307193504422253 0.42848190103013256
232 7.855461161159391 5.658705471642778 11.312959171883039 1.9657995258923764 9.829598533435849 25.654076924349788 2.548709635751905 0.3662700024060705 5.9292508864879165 14.446715357629728 30.997889748538654 0.5090459285793979 0.035954547277051795 0.42731451338503373
231 7.50733720403284 5.651869009802255 10.780224428593646 2.354788172959975 10.005633978366859 24.92625279875516 2.9687075318722593 0.75841683907458 4.889186840924301 13.289824521906345 30.378668149677303 0.5071688942344026 0.05422913886695013 0.4265360020182183
236 6.969301587051859 5.783511734087488 10.516948951118545 2.5018637084237385 9.40587075452035 25.26101660128686 3.095038237563699 0.8398545401495289 4.946486417770838 11.831625737494663 32.724733279680294 0.5077251274878517 0.054877890432923446 0.42489597454143097
237 7.573811457022209 5.397901436540064 10.991734356571955 1.841663800804771 8.447399709594947 26.14250078066596 3.1782975052868165 0.8634980156009839 5.438923646193881 15.011243267928137 33.9191682116025 0.506281952633609 0.059917278556689414 0.4255777852771538
247 7.8701943928565905 5.49141713803535 11.315253173275286 1.7721530935496286 8.828747400180143 26.176984444799814 2.767375780041615 0.5524877305014588 6.533544666401668 15.776668043276407 32.97044300543264 0.5080957737297149 0.04321139722854078 0.4274192625740265
210 7.320994241679798 5.86914231837058 11.189040203341504 1.7991911941022343 8.776878015571448 26.47958465254226 2.8296952007090685 0.8176568452586835 6.10469438553052 14.576064651528933 32.73810138113486 0.5088494123910755 0.036178087279718246 0.4272857249070781
246 7.800682539009441 5.343756787155043 10.6117366923276 2.433584926426824 9.785778764957737 24.708240192255555 3.5146190850921952 0.9105849873743196 4.3382061234968825 13.111553892517883 30.814947002610847 0.5078709838202798 0.05192160450881779 0.4249241942983686
245 7.903006257546071 5.715078151313343 11.171632763708665 1.9077408229100772 8.946909781433497 26.106751724378356 2.811941801423027 0.8615471435726351 4.811276236562942 14.171669528464015 33.60694213360352 0.5093779531616262 0.02862618381021492 0.4277314530931263
235 8.0807781385344 5.625359011599998 11.186864912036453 1.9271491816947441 8.986925509298116 26.365265981559702 2.5252492822998867 0.5107470931237781 5.512465203083978 15.154442227838159 33.26143914240477 0.5097907840146113 0.02045953637269755 0.42858294942680136
211 7.736297586099674 5.808813565238191 10.990008310060972 2.1167099326698144 9.5874188523766 25.166519540379138 3.03405620222463 0.2977539768548262 6.210311155866697 14.812391963133777 30.621128796886808 0.5098571697414541 0.022555696484127665 0.4279348037315251
212 7.736162935217782 5.516869905889867 10.769144009516435 2.2485838514750074 9.483179197999998 25.56178711201544 2.867881884258201 0.7935454106003521 4.512501099423863 13.184320806582123 32.69375835866314 0.5094842861409777 0.024928711524577915 0.4275964518187549
220 7.850576618269043 5.582099492697985 10.841863713417652 2.0778527376649665 8.899812788860547 26.040316766991086 2.845978105093919 0.721665559385211 5.657166752051201 14.64239341019098 33.36470386067415 0.5084013250179001 0.04662545909716222 0.42674018609559583
221 7.833653009726825 5.704906155907842 10.86703694207809 2.237965534264977 9.722615703604966 25.380817158684692 2.938364998415384 0.905763898335885 4.027118661579223 12.198178630674537 32.44933782099545 0.509244870599347 0.034663702800325845 0.42772325967423125
222 7.372908448704695 5.958094910603369 10.832858011225518 1.929747378560799 8.644147748597781 26.70459656608155 2.581002314176762 0.48221766541158273 6.5797683155427675 14.514324487135438 33.40761261833511 0.5092929775433824 0.0319388690117214 0.42784511851551477
250 7.916631228312788 5.422472034682235 10.92726061981826 2.1433539621158455 9.72058447022481 25.644399962309258 2.7570965894981363 0.33828909243144606 5.438359588377066 14.459850169553633 31.022713914993226 0.5097845360115462 0.026022172286890195 0.4287257556471136
249 7.787692489645963 5.508737146643581 10.995361090232027 2.174480059426032 9.834677457586228 25.497440568656756 2.603018407975846 0.7594535558994031 4.659739084573436 13.322275987669187 31.934361747066124 0.5082195996369516 0.04930916512689698 0.42627476818748194
248 7.520032321494621 5.683536822422083 10.901521054885203 2.1364224663380673 9.67427588095474 25.083758781230937 3.0846096370049394 0.5667984874426409 5.3502652059452505 13.646603728603633 30.984757474872723 0.5092258700789708 0.036900536628753706 0.4277791200682878
238 7.42083246083726 5.638576460216164 10.607284543614231 2.569700796732602 9.965283721319716 24.603910274107204 3.0821495545300728 0.7796330875224298 4.7072054097878935 12.869444747110855 31.325628992189504 0.5057550055480181 0.0686917385157246 0.4237541672397734
213 7.290098744763814 5.823260328111752 10.833112098956178 2.021591560628263 9.333956699529118 25.25749487197805 3.1568513228584147 0.8175910680422827 5.833885071220851 14.602663262567031 30.81027978107525 0.5070942034137064 0.06211671505060189 0.42525101263001036
214 7.295135426246967 5.5312688345569745 10.516702232277815 2.466249522071399 10.2363432866937 24.713081693118262 3.0331135642053297 0.9779588007793091 4.389029452833023 12.637143849663476 29.484479091638256 0.5061813278857172 0.06809427248667856 0.42370533435393115
215 7.804933017960891 5.148601698841139 10.55294936746921 2.578321734425377 10.233630437898736 25.119885591413485 2.733956080762102 0.9132088284347172 4.278719756642181 12.79177623586841 30.807621997359938 0.5051686846648932 0.07367706105893544 0.42293944392484933
239 7.391277471307989 5.645576885869952 11.071715905006586 2.1705431790232885 9.993757260120129 25.10007632889194 2.837845442036182 0.7463189086783589 5.099796687053026 13.361121291757891 30.778156020779974 0.5063522183923376 0.06603965632527475 0.42578693599963185
223 7.439862705468062 5.756244585211234 10.808795068512513 2.2339964910201 9.675596187461418 25.998056253621808 2.407916919616027 0.6331216875583165 5.59860247759169 12.654320284734771 32.01358703149552 0.5088548653642236 0.03699038942462676 0.4272464715205796
240 7.526856756285336 5.5019943803860185 10.660573818697527 2.436461091581532 9.95586080585198 25.046531306284574 2.9793533744093494 1.2431804790292469 3.8139838584561616 12.40153487588522 31.412200008670155 0.5066778661722102 0.06813880148594258 0.4234636948599392
224 7.763984882521254 5.613623607657329 11.22134145076772 2.08312353564301 10.12329523368226 25.191542157323752 2.705804050343515 0.520910287455148 4.9782477490454795 13.81687853933709 30.526668416734395 0.5089516004578585 0.03620961181060397 0.4267534376056992
225 7.496192529042541 5.8922161444024725 11.326817904368975 1.750327048209422 9.283945947627663 25.847063363209728 2.8243929599044857 0.9910858862640697 5.2901419928654105 13.851842617242049 32.419982421050236 0.5097602569610588 0.025418822760118316 0.4280816053159991
